rs7533831 rs3789679 rs17017537 rs17340143 rs12476897 rs3732633 rs8298 rs2929855 rs6931749 rs1823375 rs2141368 rs10996832 rs10762109 rs10823020 rs3782116 rs11564250 rs659413 rs6575433 rs16958356 rs16961694 rs12462651 rs6089475
2 0 0 1 2 0 2 0 2 2 0 1 1 0 2 2 0 1 0 2 0 1
2 0 0 1 2 1 1 0 1 2 1 0 2 0 1 2 0 1 0 2 0 0
2 0 0 0 0 0 2 0 2 1 2 1 2 0 2 2 0 0 0 2 0 0
2 1 0 2 1 0 1 0 2 1 1 0 1 0 1 2 0 0 0 2 0 1
1 0 0 2 2 0 1 0 2 1 2 0 0 0 1 2 0 1 0 2 0 0
2 1 1 1 0 0 1 0 2 1 2 0 1 0 2 2 0 2 0 2 0 2
1 0 0 0 1 1 1 0 2 1 2 1 1 0 2 2 0 1 0 2 0 1
1 0 0 1 0 1 2 0 2 1 1 1 2 0 1 2 1 2 0 2 1 1
2 0 0 1 1 0 1 0 1 1 1 0 1 0 1 2 0 1 0 2 0 2
0 0 0 2 1 0 1 0 2 2 1 1 2 0 0 2 0 1 0 2 0 2
2 0 0 1 1 0 2 0 2 1 2 0 2 1 2 2 0 1 0 2 0 1
1 1 1 0 0 1 0 0 2 1 1 1 2 1 2 2 0 0 0 2 0 0
2 0 0 0 1 0 2 0 2 0 1 0 2 0 2 2 0 1 0 2 0 0
0 0 0 2 0 1 1 0 2 1 2 1 2 0 1 2 0 1 0 2 0 0
2 0 0 1 0 0 1 0 2 2 1 1 1 0 2 2 1 2 0 2 1 2
2 0 0 1 1 1 2 0 2 1 1 0 1 0 1 2 0 1 0 2 0 1
2 0 0 2 2 0 1 0 2 2 2 1 2 0 2 2 0 1 0 2 1 1
1 0 0 2 1 0 2 0 2 0 2 0 1 1 1 1 0 0 0 2 0 1
2 0 0 1 1 1 1 0 2 2 2 1 1 2 2 2 0 0 0 2 1 0
1 0 0 1 1 1 2 0 1 0 1 0 2 0 1 2 0 0 0 2 1 1
2 1 0 2 0 1 1 0 1 1 2 0 2 1 1 2 0 0 0 2 0 2
1 0 0 1 2 1 1 0 2 2 1 0 2 0 2 2 1 1 0 2 0 2
1 1 1 1 0 0 2 0 2 1 1 0 2 0 0 2 0 2 0 2 0 1
1 0 0 0 1 1 2 0 2 1 1 0 1 1 1 2 0 1 0 2 0 0
2 1 0 1 1 0 1 0 2 1 1 0 2 0 2 2 0 1 0 2 0 1
2 0 0 0 1 1 2 0 2 2 1 0 2 0 1 2 0 1 0 2 1 2
2 1 0 0 1 1 1 0 1 1 1 0 2 0 1 2 0 1 0 2 1 0
1 0 0 2 0 0 1 0 2 2 2 1 2 0 1 2 0 1 0 2 0 1
2 1 1 1 1 1 2 0 1 2 2 1 1 0 1 2 0 2 0 2 1 2
2 0 0 2 0 0 0 0 2 2 1 0 2 0 2 2 0 0 0 2 1 1
2 0 1 1 1 1 2 0 2 2 2 2 2 0 1 2 0 1 0 2 0 1
2 0 1 1 0 0 2 0 2 1 2 0 0 0 1 2 0 0 0 2 0 2
1 1 0 1 1 1 2 0 2 2 2 0 2 0 1 2 0 2 0 2 0 0
0 0 0 0 0 0 1 0 2 0 2 1 1 1 1 2 1 0 0 2 0 0
2 0 1 1 1 1 1 0 2 2 2 0 2 0 1 2 0 2 0 2 0 1
2 1 0 1 1 0 1 0 2 2 2 0 1 0 1 2 0 2 0 2 0 1
2 0 0 1 1 0 0 0 2 1 0 0 1 0 2 2 1 0 0 2 1 1
2 0 0 2 1 1 1 0 2 2 2 0 1 0 2 2 0 1 0 2 0 0
0 0 0 1 1 2 2 0 2 1 1 0 2 0 1 2 0 1 0 2 0 2
1 0 0 0 0 1 1 1 2 1 1 0 2 0 2 2 0 0 0 2 0 1
2 0 0 1 0 0 1 0 2 2 1 0 2 0 1 2 0 0 0 2 0 0
2 0 0 2 0 0 2 0 2 1 1 0 2 1 2 2 0 1 0 2 1 1
2 1 0 0 0 0 1 0 2 1 2 0 2 0 1 2 0 1 0 2 0 0
2 0 0 0 1 1 1 0 2 0 1 0 1 0 1 2 0 0 0 2 0 2
2 0 0 1 1 1 1 0 2 2 1 1 1 1 2 2 0 1 0 2 0 2
1 0 1 1 1 0 0 0 2 2 2 0 2 0 1 2 0 2 0 2 0 1
2 0 0 2 1 1 1 0 2 2 2 0 1 1 2 2 0 0 0 2 0 0
1 0 0 0 1 0 1 0 2 1 2 1 1 0 2 2 0 1 0 2 0 0
0 0 0 2 2 1 1 0 2 1 2 1 2 0 1 2 0 1 0 2 0 0
2 0 0 1 0 1 0 0 2 0 2 0 2 0 0 2 0 0 0 2 0 0
1 0 0 2 0 1 2 0 2 1 1 0 2 1 2 2 0 1 0 2 0 2
1 1 0 1 1 0 2 0 1 2 1 0 2 1 2 2 0 2 0 2 0 0
1 1 0 1 1 0 2 0 2 0 1 0 1 2 1 2 0 1 0 2 0 0
1 1 0 0 1 1 2 0 2 2 2 0 0 1 1 2 0 1 0 2 0 2
0 1 1 1 1 1 2 0 2 2 2 0 2 0 1 2 0 0 0 2 0 1
1 0 1 0 0 0 1 0 2 2 1 0 2 0 2 2 0 1 0 2 0 1
0 0 0 1 1 0 1 0 2 1 2 0 2 0 2 2 0 0 0 2 0 0
2 0 0 0 2 1 1 0 2 2 2 1 1 0 1 2 0 1 0 1 1 0
2 0 0 1 2 1 1 0 2 2 2 0 2 1 2 2 0 0 0 2 0 0
2 0 1 1 1 0 1 0 1 1 2 1 2 0 1 2 1 0 0 2 0 2
1 0 0 1 0 0 1 0 2 2 0 1 2 0 2 2 0 1 0 2 1 1
2 0 0 1 1 2 2 0 2 1 2 0 2 0 1 2 1 0 0 2 0 0
2 1 0 1 0 1 1 0 2 2 2 0 2 1 1 2 0 1 0 2 0 0
1 0 1 2 1 1 1 0 2 1 2 0 1 0 1 2 0 1 0 2 0 1
2 1 0 1 1 1 1 0 2 2 2 0 2 0 2 2 0 1 0 2 0 2
1 1 0 1 0 1 2 0 2 2 2 1 2 0 2 2 0 0 0 2 1 2
2 0 0 0 0 2 1 0 2 2 2 0 2 0 1 2 0 1 1 2 0 1
2 0 0 0 0 0 1 0 2 2 1 0 1 0 2 2 0 1 0 2 0 1
1 0 0 1 1 1 0 0 2 0 1 0 2 0 1 2 0 0 0 2 1 0
2 0 0 2 1 0 2 0 2 1 2 0 1 1 1 2 0 1 0 2 1 1
2 0 0 0 1 1 2 0 2 2 1 0 2 1 2 2 0 1 0 2 0 1
2 1 0 1 1 1 0 0 2 2 2 0 0 0 2 2 0 0 0 2 0 1
2 0 0 1 1 0 1 0 2 1 2 2 1 0 2 2 0 2 0 2 0 1
2 0 0 2 1 1 0 0 2 2 2 0 1 1 1 2 0 1 0 2 1 1
2 0 0 1 1 1 0 0 2 1 1 0 1 0 1 2 0 2 1 2 0 0
1 0 0 2 1 1 1 0 1 1 1 0 2 0 2 2 0 0 0 2 0 1
1 0 0 1 1 0 1 0 2 1 2 0 2 1 0 2 0 0 0 2 0 1
2 0 0 0 1 1 2 0 2 2 2 2 1 0 2 2 0 0 0 2 0 1
2 1 0 1 1 0 2 0 2 2 1 0 1 0 0 2 0 1 0 2 0 1
2 1 1 0 1 0 0 0 2 2 1 0 1 1 1 2 1 0 0 2 1 0
1 0 0 0 0 1 2 0 1 0 1 2 2 0 2 2 1 0 0 2 0 2
2 0 0 1 2 2 2 0 1 0 2 0 2 0 2 2 0 2 0 2 0 2
2 0 0 1 0 0 1 0 2 1 1 0 2 0 0 2 0 0 0 2 0 0
0 0 1 0 0 1 1 0 2 2 2 0 1 1 0 1 0 1 0 2 0 0
2 0 0 0 2 0 1 0 2 2 1 1 0 1 0 2 1 2 0 2 0 1
1 0 1 1 2 1 2 0 2 2 1 1 2 1 1 1 0 2 1 2 0 1
1 0 0 1 0 0 1 0 1 2 1 0 2 0 2 2 0 2 0 2 0 1
1 1 0 1 0 1 0 0 2 1 1 0 2 0 2 2 0 0 0 2 0 1
2 1 0 2 1 0 0 0 2 1 1 0 2 0 1 2 1 1 0 2 0 1
0 0 1 1 2 0 1 0 2 0 1 0 1 0 0 2 1 0 0 2 0 0
1 0 0 1 1 0 1 0 2 1 2 2 0 0 1 2 0 1 1 2 0 1
1 0 0 0 0 0 2 0 2 0 2 1 2 1 2 1 0 1 0 2 0 2
2 0 0 1 1 0 0 0 2 2 2 0 2 0 1 2 0 1 0 2 1 0
2 0 0 0 1 0 1 0 2 1 2 0 1 0 2 2 0 1 0 2 0 0
1 0 0 1 1 0 1 0 2 2 2 0 2 0 2 1 0 1 0 2 0 1
2 0 0 1 2 0 2 0 2 1 1 1 2 0 2 2 0 0 0 2 0 2
1 0 0 0 1 1 1 0 2 0 1 1 1 0 1 2 0 1 0 2 0 1
0 0 0 1 2 0 2 0 2 1 1 1 0 2 2 2 0 2 0 2 0 1
1 0 1 2 0 1 1 0 2 1 2 0 1 0 2 2 0 1 0 2 0 1
1 0 0 1 0 1 2 0 2 1 2 0 2 0 1 2 0 1 0 2 0 1
2 0 0 1 1 0 1 0 2 1 2 0 1 0 2 2 0 1 0 2 0 1
2 0 0 1 0 0 2 0 2 1 2 1 2 0 1 1 0 0 0 2 0 0
1 1 0 1 2 1 2 0 2 1 1 0 2 1 1 2 1 2 0 2 0 1
1 0 0 0 0 0 2 0 2 1 2 0 2 0 1 2 0 2 0 2 1 1
2 0 0 0 2 0 1 0 2 2 1 2 2 0 2 2 0 1 1 2 0 0
1 0 0 2 2 0 2 0 2 0 2 0 2 1 2 2 0 0 0 2 0 0
2 0 1 1 0 0 2 0 2 0 2 0 2 1 2 2 0 1 0 2 0 1
1 1 0 2 1 0 1 0 2 0 2 1 2 1 2 2 0 2 0 2 0 2
2 0 0 2 0 0 0 0 2 0 2 1 0 1 1 2 0 1 0 2 1 1
1 1 0 0 0 0 1 1 2 1 2 0 2 0 2 2 0 2 1 2 0 1
1 0 0 0 1 0 2 0 2 2 2 0 2 0 2 2 0 1 0 2 1 1
2 0 0 1 2 0 2 0 2 2 2 1 1 0 1 2 0 0 0 2 1 0
2 1 0 0 0 1 1 0 2 1 2 0 1 0 2 2 0 0 1 2 0 1
2 0 1 2 2 1 0 0 1 0 1 0 1 0 2 2 0 2 0 2 0 1
2 0 0 0 1 1 0 0 2 0 2 0 1 0 1 2 0 0 0 2 0 0
1 0 0 0 0 0 0 0 2 1 1 0 2 0 1 2 0 2 1 2 1 1
2 0 0 1 1 1 2 0 2 2 2 0 2 0 2 2 0 2 0 2 0 1
2 0 0 0 2 0 1 0 2 1 2 0 1 0 2 2 1 0 0 2 0 2
1 1 0 1 2 0 1 0 2 1 1 0 2 0 1 2 1 1 0 2 0 0
2 0 0 1 0 0 1 0 1 1 1 1 0 1 0 2 0 2 0 2 1 1
1 0 0 0 1 0 1 0 2 1 2 0 1 0 2 2 0 1 0 2 0 1
2 0 0 2 0 0 1 0 2 2 2 0 1 1 0 2 0 1 0 2 0 0
2 1 0 1 0 1 0 0 2 2 1 1 2 0 1 2 0 0 0 2 0 1
2 0 0 1 1 1 1 0 2 1 1 0 2 0 2 2 1 1 0 2 0 1
2 0 1 1 1 0 1 0 2 1 2 0 2 1 2 2 0 1 0 2 0 1
0 0 0 2 2 1 1 0 2 1 2 0 2 0 1 2 0 1 0 2 0 0
2 0 0 2 1 0 1 0 2 2 1 0 2 2 1 2 0 1 0 2 0 1
1 1 0 0 1 0 1 0 2 1 2 1 1 0 2 2 0 2 0 2 0 2
2 0 0 0 0 0 2 0 2 0 2 1 2 0 2 2 0 2 0 2 0 1
0 0 0 1 1 1 2 0 2 2 2 1 1 0 2 2 0 2 0 2 0 0
2 0 0 1 2 0 2 0 2 2 2 1 2 0 2 2 0 1 0 2 0 2
1 0 0 1 1 0 1 0 2 1 1 1 2 1 2 2 0 0 0 2 0 0
1 0 2 2 1 0 1 0 2 0 2 0 1 1 1 2 0 2 0 2 0 2
2 0 0 0 1 1 1 0 2 1 2 0 1 0 1 2 0 2 0 2 1 1
2 0 0 2 1 0 2 0 2 1 2 0 2 0 1 2 0 1 0 2 0 1
1 0 0 1 1 1 1 0 2 2 2 2 1 0 2 2 0 2 0 2 0 1
2 1 1 2 1 1 1 0 2 1 2 1 2 0 1 2 0 1 0 2 0 2
1 0 0 0 1 1 2 0 2 2 2 0 2 0 1 2 0 0 0 2 0 2
1 0 0 0 1 0 0 0 2 2 2 1 2 0 1 2 0 0 0 2 0 2
2 0 0 1 0 2 2 0 2 1 2 0 1 0 1 2 0 0 1 2 0 0
1 0 0 0 1 0 0 0 2 1 2 0 2 0 1 2 0 2 0 2 1 0
1 0 0 1 2 0 1 0 2 2 2 0 2 0 2 2 0 1 0 2 0 0
2 0 0 0 0 0 1 0 2 2 1 1 2 0 0 2 0 2 0 2 0 0
2 1 0 1 1 0 1 0 1 2 2 1 2 0 2 2 1 2 0 2 0 1
2 0 0 0 1 0 1 0 2 2 2 0 2 0 2 2 0 1 0 2 0 2
1 0 0 1 1 1 1 0 2 2 1 1 2 0 0 2 0 2 0 2 0 0
1 0 0 0 0 1 0 0 2 1 2 1 1 0 1 2 0 1 0 2 1 1
2 1 1 0 1 1 1 0 2 2 2 0 2 1 1 2 1 0 0 2 0 2
1 0 0 0 0 2 1 0 2 1 2 0 2 0 2 2 0 1 1 2 0 2
2 0 0 1 0 1 2 0 2 1 2 1 2 0 2 2 0 2 0 2 0 1
1 0 0 0 1 1 1 0 2 2 2 1 2 0 0 2 0 2 0 2 0 1
1 0 1 2 1 2 2 0 2 2 2 1 1 0 0 2 0 0 0 2 0 2
1 1 0 0 2 0 1 0 1 1 1 1 2 0 1 1 0 1 0 2 0 0
1 0 1 2 2 0 1 0 2 0 2 0 2 0 1 2 0 0 0 2 0 1
1 0 0 0 0 1 1 0 2 2 1 0 1 0 2 2 0 1 0 2 0 0
2 0 1 2 1 0 2 0 2 2 2 1 2 0 1 2 0 0 0 2 0 1
0 1 0 1 0 1 2 0 2 1 2 1 2 2 2 2 0 1 0 2 0 0
0 1 1 0 2 0 1 0 2 1 2 0 2 0 1 2 0 0 0 2 0 1
1 0 0 2 1 1 1 0 2 0 2 0 2 0 1 2 0 2 0 2 0 0
1 1 0 0 1 0 1 0 1 1 2 1 2 1 2 2 0 1 0 2 0 0
2 0 0 1 2 1 0 0 2 2 2 0 2 0 1 2 0 0 0 2 0 0
2 0 0 2 1 1 1 0 2 2 1 0 2 0 1 2 1 0 0 2 0 1
2 1 0 2 2 0 0 0 2 2 2 0 1 0 2 2 0 0 0 2 0 1
2 0 0 1 1 0 1 0 2 1 1 1 2 1 2 2 0 1 0 2 1 1
1 0 1 1 0 0 2 0 2 1 2 0 2 0 2 2 0 1 0 2 0 0
2 0 0 1 1 1 1 0 2 1 2 0 2 0 1 2 0 0 0 2 0 2
1 0 0 1 1 1 2 0 2 2 2 1 2 0 2 2 0 1 0 2 0 0
1 1 0 0 1 1 1 0 2 1 1 1 1 0 2 2 0 2 0 2 0 1
2 0 0 0 1 1 1 0 2 0 1 0 2 0 2 2 0 1 0 2 1 1
2 0 0 2 0 1 0 0 2 1 0 1 2 1 2 2 0 1 0 2 1 0
2 0 0 1 1 0 1 0 2 2 2 1 2 0 1 2 0 2 0 2 0 2
1 0 0 2 1 1 1 0 2 2 1 1 2 0 2 2 2 0 0 2 0 0
2 0 0 1 2 0 1 0 2 0 2 0 2 0 2 2 0 0 0 2 0 0
2 1 1 0 0 1 1 0 1 0 2 0 1 0 1 2 0 0 0 2 0 0
2 0 0 1 1 0 0 0 2 1 2 0 2 1 1 2 0 1 0 2 1 0
1 0 0 2 0 0 1 0 2 2 1 0 1 0 1 2 0 2 0 2 0 1
2 0 0 0 0 0 0 0 2 2 2 0 1 0 2 2 0 0 0 2 0 2
2 0 0 2 1 1 1 0 2 1 1 0 2 0 0 2 0 1 0 2 0 0
1 0 1 1 2 0 1 0 2 2 2 0 2 0 1 2 0 1 0 2 0 1
2 0 0 2 0 0 1 0 2 1 2 1 2 0 2 2 1 0 0 2 0 0
2 0 1 2 0 1 0 0 2 1 1 0 2 0 2 2 0 1 0 2 0 0
2 0 0 1 1 0 1 0 2 1 0 1 0 0 2 2 0 1 0 2 1 1
1 0 1 0 0 2 1 0 2 2 2 1 2 0 1 2 0 0 0 2 0 0
1 0 0 1 0 1 1 0 2 1 1 1 2 1 1 2 0 0 0 2 0 0
1 0 0 2 0 1 1 0 2 2 2 0 2 0 0 2 0 1 0 2 0 1
2 0 0 0 0 1 2 0 1 1 1 0 2 1 1 2 0 0 0 2 0 1
2 0 0 1 0 0 1 0 2 0 2 1 2 0 1 2 0 0 0 2 1 0
2 0 0 1 2 0 2 0 2 2 1 1 2 0 1 2 0 1 0 2 0 1
2 0 0 0 1 0 1 0 2 1 1 1 2 1 2 2 0 0 0 2 0 0
2 0 0 2 1 1 1 0 2 1 1 0 1 0 2 2 0 2 0 2 0 0
2 0 0 0 1 0 2 0 1 1 1 0 2 0 2 2 0 1 0 2 0 1
2 0 0 1 0 1 1 0 2 2 2 0 1 1 1 2 0 0 0 2 0 1
1 0 0 2 1 0 0 0 2 2 2 0 1 1 2 2 0 0 0 2 0 1
2 1 0 1 1 0 2 0 2 2 2 0 1 0 2 2 0 0 0 2 0 1
2 0 0 1 0 1 2 0 2 2 1 0 1 1 2 2 0 0 0 2 0 2
2 0 0 1 0 0 0 0 1 2 2 1 1 0 2 2 1 0 0 2 0 0
1 0 0 1 1 1 1 0 2 2 2 2 1 0 1 2 0 0 0 2 0 1
1 0 0 1 2 0 2 0 1 1 2 0 1 1 2 2 0 1 0 2 1 0
2 0 0 2 0 0 1 0 2 1 1 1 0 0 2 2 0 1 0 2 2 2
2 0 0 1 0 1 1 0 2 0 1 0 1 0 1 2 0 2 0 2 1 1
1 0 0 0 1 0 1 0 2 1 1 2 2 1 2 2 0 2 0 2 0 0
1 0 0 1 0 1 0 0 2 2 2 0 2 0 2 2 0 0 0 2 0 1
1 0 0 2 1 1 2 0 2 1 1 0 2 0 2 2 0 1 0 2 0 1
0 1 0 2 2 1 1 0 2 1 2 0 2 0 2 2 0 2 0 2 0 0
2 0 0 1 1 1 0 0 2 1 2 0 1 0 1 2 0 1 0 2 0 2
1 0 1 0 0 0 1 0 2 0 1 0 2 0 2 2 0 1 0 2 0 1
2 1 0 0 2 1 2 0 2 2 1 0 2 0 1 2 0 1 0 2 0 0
0 0 0 1 2 1 1 0 2 0 1 0 2 0 2 2 0 0 0 2 1 0
1 0 0 0 2 1 1 0 2 2 2 0 2 0 1 2 0 2 0 2 0 1
2 0 1 1 0 1 1 0 2 1 2 0 1 0 2 2 0 1 0 2 0 1
1 0 0 1 0 0 2 0 2 1 1 0 1 0 2 1 1 0 0 2 0 1
1 0 0 2 0 1 1 0 2 1 1 1 1 0 2 2 0 1 0 2 0 0
2 1 0 0 1 0 1 0 2 1 2 0 1 1 1 2 0 1 0 2 1 1
2 1 0 1 2 0 0 0 2 2 1 1 2 1 2 2 1 0 0 2 0 0
0 0 0 0 1 1 1 0 2 1 2 0 1 0 2 2 0 0 0 2 1 2
1 0 0 0 1 1 1 0 2 0 1 0 1 0 1 2 1 1 0 2 1 2
1 0 0 0 0 1 2 0 2 2 2 0 1 1 2 2 0 0 0 2 0 2
1 0 0 1 0 0 1 0 2 1 2 0 1 0 2 2 1 0 1 2 0 1
2 0 0 0 0 0 0 0 2 1 2 0 2 0 1 2 0 1 0 2 0 1
2 0 0 1 1 1 0 0 2 1 2 1 2 0 1 2 1 1 0 2 0 0
2 0 0 0 1 1 2 0 2 2 2 0 2 0 2 2 1 1 0 2 1 0
2 0 0 0 1 1 1 0 2 1 0 1 2 0 0 2 2 1 0 2 0 1
2 0 0 2 2 2 1 0 2 2 2 2 2 0 0 2 0 1 0 2 0 0
2 0 0 1 1 1 1 0 2 1 2 0 2 1 1 2 0 2 0 2 0 0
1 0 1 1 0 0 1 0 2 1 2 0 1 0 2 2 0 0 0 2 1 0
2 0 0 2 0 0 2 0 2 1 2 1 2 0 1 2 0 1 0 2 0 1
2 0 0 1 1 0 0 0 2 1 2 1 2 1 1 2 0 1 0 2 0 1
1 0 0 0 0 1 1 0 2 1 2 1 1 0 1 2 0 2 0 2 0 1
2 1 0 0 2 0 2 0 2 1 2 0 2 0 1 2 0 1 0 2 0 0
0 0 1 1 1 0 2 0 2 1 1 0 1 1 1 2 0 1 0 2 0 1
2 0 0 0 2 0 1 0 2 1 2 0 2 0 2 2 0 0 0 2 1 1
1 0 0 0 1 2 0 0 2 2 2 0 1 0 2 2 0 2 0 2 0 2
2 1 0 2 0 0 1 0 2 1 2 0 1 0 0 2 0 2 0 2 0 0
2 0 0 0 2 0 0 0 2 1 1 0 2 0 2 2 1 1 0 2 0 0
2 0 0 0 1 1 1 0 2 1 2 0 1 0 2 2 0 1 0 2 0 2
1 0 0 1 1 0 0 0 2 2 2 0 2 0 2 2 0 1 0 2 1 0
1 0 0 1 0 1 1 0 2 1 1 1 1 0 2 2 0 1 0 2 1 1
1 0 1 0 0 1 0 0 2 1 2 1 2 1 2 2 0 1 0 2 0 1
2 1 0 1 0 0 2 0 1 1 2 0 2 0 2 2 0 0 0 2 1 0
0 1 0 2 1 0 0 0 1 0 2 0 2 0 0 2 0 0 0 2 0 1
2 0 0 1 0 0 2 0 1 2 2 2 1 0 1 2 0 1 0 2 0 1
2 0 0 0 0 0 1 0 2 1 2 0 2 0 1 2 0 0 0 2 0 2
2 0 0 0 1 0 2 0 2 1 1 1 2 1 2 2 0 2 0 2 0 1
2 0 1 1 2 0 1 0 2 2 2 0 2 0 1 2 0 1 0 2 0 1
1 0 0 0 0 0 1 0 2 1 2 0 2 0 1 2 0 2 0 2 0 1
2 0 0 1 0 0 0 0 2 2 2 1 2 0 1 2 0 1 0 2 1 0
1 0 0 1 0 0 0 0 2 1 2 0 1 0 1 2 0 1 0 2 0 1
1 0 0 0 2 1 2 0 2 1 1 0 2 1 0 2 0 1 0 2 0 2
1 0 0 2 1 0 1 0 2 2 2 0 1 1 1 2 0 1 0 2 0 2
2 0 0 2 0 0 1 0 1 1 0 0 2 0 2 2 0 1 1 2 1 1
2 0 0 0 1 0 2 0 2 2 1 1 1 1 1 2 0 1 0 2 0 2
2 0 0 1 1 0 0 0 2 1 2 0 2 1 2 2 0 1 0 2 0 0
1 0 1 2 1 1 2 0 2 1 1 0 1 0 1 2 0 0 0 2 1 0
1 0 0 1 0 2 2 0 2 2 0 1 1 0 0 2 0 1 0 2 1 1
2 0 1 1 1 1 2 0 2 1 1 0 2 1 2 2 0 1 0 2 0 1
2 0 0 1 1 1 0 0 2 1 2 1 2 1 2 2 0 1 0 2 1 2
2 0 0 1 0 1 2 0 2 2 2 1 2 0 1 2 0 0 0 2 0 0
2 0 0 0 2 1 2 0 2 2 0 1 2 0 2 2 0 1 0 2 0 1
2 1 0 2 1 1 0 0 2 1 2 1 2 0 1 2 0 0 0 2 0 1
1 0 0 0 2 2 1 0 1 1 2 0 1 0 1 2 0 1 0 2 0 1
2 0 0 0 1 0 1 0 2 2 2 0 1 0 1 2 0 2 0 2 0 2
2 2 1 0 0 0 1 0 1 2 2 0 1 1 2 2 0 1 0 2 0 0
2 0 0 1 1 0 0 0 2 0 1 0 2 1 1 2 0 1 0 2 0 0
2 0 0 1 0 2 1 0 2 1 1 1 2 0 2 2 0 2 0 2 0 1
1 0 0 1 0 0 0 0 1 2 0 0 2 1 1 2 0 1 0 2 1 1
2 0 0 2 1 1 1 0 0 2 2 1 1 0 1 2 0 0 0 2 0 1
1 0 0 2 0 0 1 0 2 1 2 0 2 0 1 2 0 2 0 2 0 2
1 1 1 1 2 0 2 0 2 2 2 2 1 1 1 2 0 0 0 2 0 1
2 0 0 1 2 0 1 0 2 1 2 0 1 1 1 2 0 1 0 2 0 0
1 0 0 0 1 1 1 0 2 1 1 0 2 1 2 2 0 1 0 2 0 0
1 0 0 2 0 0 2 0 2 1 1 0 1 0 2 2 0 2 0 2 0 0
2 1 0 1 2 1 1 0 2 1 0 0 2 0 1 2 0 2 0 2 2 1
2 0 0 2 1 0 2 0 2 1 1 0 1 0 1 2 0 0 0 2 0 2
2 0 0 1 1 1 2 0 2 0 2 1 2 0 2 2 0 1 0 2 1 2
2 0 0 2 1 0 1 0 2 2 2 0 2 0 2 2 0 1 0 2 0 2
2 0 0 1 0 0 2 0 2 2 2 0 2 1 1 2 0 2 0 2 1 1
2 0 0 2 1 1 0 0 2 2 2 0 1 0 2 2 1 2 0 2 0 1
2 1 0 0 2 1 2 0 2 1 2 0 2 0 1 2 0 1 0 2 0 0
1 0 0 0 0 0 1 0 2 2 2 0 2 0 2 2 0 2 0 2 0 0
2 0 0 1 0 0 2 0 2 1 2 0 0 0 2 2 0 2 0 2 0 0
1 0 0 1 0 1 2 0 2 1 1 1 1 0 1 2 0 0 0 2 0 0
2 0 1 0 0 1 1 0 2 1 2 0 2 0 2 2 0 1 0 2 0 1
2 0 0 0 2 2 1 0 2 2 2 0 2 0 0 2 0 1 0 2 0 1
2 0 0 1 1 0 1 0 2 2 2 0 2 0 2 2 0 0 0 2 1 0
1 1 1 1 0 1 1 0 1 1 1 0 1 0 1 2 0 2 0 2 0 1
1 0 1 2 1 1 2 0 2 1 0 0 2 0 1 2 0 2 0 2 0 0
2 0 1 0 1 0 1 0 2 0 2 1 2 1 1 2 0 1 0 2 0 1
1 0 1 1 1 0 2 0 2 1 1 0 1 0 1 2 0 1 0 2 1 0
1 0 0 1 1 0 2 0 2 2 2 0 2 0 1 2 0 2 1 2 0 2
2 0 1 1 1 0 1 0 2 1 2 0 1 2 2 2 0 1 0 2 0 1
2 0 0 0 1 1 1 0 2 2 2 0 2 0 2 2 0 1 0 2 0 1
2 0 0 1 2 0 1 0 2 2 1 0 1 0 2 2 0 1 0 2 0 2
1 0 0 0 1 1 2 0 2 1 1 0 1 0 1 2 0 1 0 2 0 0
2 0 1 1 1 1 1 0 2 2 1 1 1 0 1 2 1 2 0 2 0 1
2 0 0 2 0 0 1 0 2 2 2 0 1 0 2 2 0 1 0 2 0 2
2 0 0 0 2 0 1 0 2 1 2 1 1 0 0 2 0 0 0 2 0 0
1 0 0 1 1 1 1 1 2 2 2 0 1 1 1 2 0 1 0 2 0 2
2 0 0 0 0 1 0 0 2 1 0 0 1 0 2 2 0 1 0 2 1 0
2 0 0 1 1 1 1 0 2 2 2 0 2 0 1 2 0 1 0 2 1 2
2 1 0 0 0 1 2 0 2 2 1 1 2 0 1 2 0 1 0 2 0 0
2 0 0 2 0 1 1 0 2 0 2 0 1 0 1 2 0 1 1 2 0 1
2 0 0 0 0 0 2 0 2 1 2 1 2 0 0 2 0 2 0 2 2 2
2 0 0 0 1 0 2 0 2 2 1 0 2 0 2 2 0 1 0 2 0 1
1 1 0 0 0 0 1 0 2 1 1 1 1 0 1 2 0 2 0 2 0 1
1 0 0 1 0 0 2 0 2 1 2 0 2 1 2 2 0 0 0 2 0 2
1 0 0 0 0 0 0 0 2 1 1 0 1 1 0 2 0 2 0 2 0 1
0 0 0 1 1 0 1 0 2 2 0 1 2 0 0 2 0 1 0 2 0 1
2 0 0 1 2 0 1 0 2 1 1 1 2 0 2 2 0 0 0 2 0 0
1 0 1 0 2 0 1 0 2 2 2 0 1 0 0 2 0 1 0 2 0 0
1 0 0 0 0 1 1 0 2 1 2 0 2 0 2 2 0 1 0 2 0 1
1 0 0 2 1 2 2 0 1 1 1 0 1 0 2 1 0 2 0 2 0 1
1 0 0 1 2 2 0 0 2 2 2 2 2 0 1 2 0 1 0 2 0 2
2 0 0 0 2 2 0 0 2 1 2 0 1 0 2 2 0 0 0 2 0 2
2 0 0 1 1 0 1 0 2 0 2 1 1 0 2 2 0 1 0 2 0 1
2 0 0 0 0 1 1 0 2 0 1 1 2 1 2 2 0 1 1 2 0 0
2 0 1 1 1 0 2 0 2 2 1 0 2 0 1 2 0 0 0 2 0 1
1 0 0 1 0 0 2 0 2 1 1 0 1 1 1 2 0 1 0 2 0 1
2 0 0 1 2 1 2 0 2 1 2 1 1 1 1 2 0 2 0 2 0 1
2 0 0 2 1 0 2 0 2 1 2 1 2 0 2 2 0 1 0 2 0 1
1 0 0 1 0 1 1 0 2 1 1 0 1 1 1 2 0 1 0 2 0 1
2 0 0 1 1 0 1 0 2 2 0 0 1 0 0 2 0 1 0 2 0 1
2 0 0 0 0 1 2 0 2 0 2 0 2 0 2 2 0 0 0 2 0 2
2 0 1 1 1 0 1 0 2 2 1 0 2 0 0 2 0 1 0 2 0 0
1 0 0 0 1 0 0 0 2 2 2 0 1 0 2 2 0 0 0 2 0 0
1 0 0 0 2 1 1 0 2 2 0 0 1 0 1 2 0 0 0 2 0 1
1 0 0 1 2 0 2 0 2 2 2 2 2 1 2 2 0 1 0 2 0 1
2 0 1 2 0 0 2 0 2 2 1 0 1 0 2 2 0 2 0 2 0 2
2 0 1 1 1 1 0 0 2 2 2 0 1 0 2 2 0 1 0 2 0 1
2 0 0 1 1 1 1 0 2 1 2 0 1 0 1 2 0 1 0 2 0 2
1 0 0 1 1 0 2 0 2 1 2 0 2 0 2 2 0 1 0 2 0 1
1 0 0 2 1 1 0 0 2 1 1 0 2 1 1 2 0 0 0 2 0 1
1 0 1 0 1 1 2 0 2 0 2 0 2 1 1 2 0 1 0 2 0 2
2 0 0 2 0 0 2 0 2 2 1 1 2 0 2 2 1 0 0 2 2 1
1 1 0 2 1 1 1 0 2 0 0 0 2 0 2 2 0 1 0 2 0 1
2 0 0 2 0 0 1 0 2 1 2 1 1 0 1 2 0 0 0 2 1 1
2 0 0 2 2 0 1 0 1 2 2 0 2 0 1 2 0 0 0 2 0 1
1 0 0 1 2 0 1 0 1 2 0 0 1 0 0 2 0 0 0 2 0 2
1 0 0 2 1 0 1 0 2 2 2 0 2 0 1 2 0 1 1 2 0 0
1 0 0 0 1 0 1 0 2 2 1 0 2 0 1 2 0 1 0 2 0 2
2 0 0 0 0 0 2 0 2 0 2 1 2 0 2 2 1 0 0 2 0 2
2 0 1 1 1 0 1 0 2 2 1 0 1 0 1 2 1 1 0 2 0 0
2 0 0 1 0 1 1 0 2 1 2 1 2 0 1 2 0 1 1 2 0 0
1 0 0 2 2 0 1 0 2 2 1 0 1 0 1 2 1 1 0 2 0 1
1 1 0 1 0 1 1 0 2 1 0 0 2 0 1 2 0 1 0 2 0 1
1 1 0 1 0 0 1 0 2 1 1 1 1 0 2 2 0 2 0 2 0 1
2 0 0 1 0 1 1 0 2 2 1 0 1 1 0 2 0 2 0 2 1 2
2 0 0 1 1 0 1 0 2 1 1 1 2 0 2 2 0 0 0 2 0 1
2 0 0 0 0 1 1 0 2 2 1 0 2 1 1 2 0 1 0 2 0 1
2 0 0 0 2 0 1 0 2 2 1 0 1 0 1 2 0 1 0 2 0 0
2 0 0 2 1 0 2 0 2 1 2 1 1 0 1 2 1 0 0 2 1 2
2 0 0 1 2 1 2 0 2 1 2 0 1 0 1 2 0 1 0 2 1 2
2 0 0 0 1 1 1 0 2 1 2 0 1 0 2 2 0 1 0 2 1 0
2 0 1 2 0 1 2 0 2 2 2 0 2 0 2 2 1 0 0 2 0 1
1 0 0 1 2 0 1 0 2 1 1 0 2 0 1 1 0 1 0 2 0 1
0 0 0 1 2 1 1 0 2 2 2 1 0 0 2 2 0 2 0 2 0 2
1 1 0 1 1 0 2 0 2 2 1 0 2 0 2 2 1 0 0 2 1 1
2 0 0 0 1 0 1 0 2 1 2 1 2 0 2 2 0 2 0 2 0 1
2 1 0 1 2 0 2 0 2 1 1 1 0 0 1 2 1 2 0 2 0 1
1 0 0 0 2 0 2 0 2 1 2 2 1 1 2 2 0 1 0 2 0 1
1 0 0 2 1 0 1 0 2 1 0 1 2 0 0 2 0 0 0 2 0 1
1 0 0 0 1 0 2 0 2 1 2 1 1 0 1 2 0 1 0 2 0 1
2 0 1 0 0 1 1 0 2 1 1 0 0 0 1 1 0 1 0 2 0 0
1 0 0 1 1 1 1 0 2 1 2 0 2 0 0 2 0 1 0 2 0 1
2 0 1 1 1 1 2 0 2 1 2 1 1 1 2 2 0 2 0 2 0 1
1 0 1 1 2 1 2 0 2 0 2 0 2 1 1 2 0 0 0 2 0 2
2 0 0 1 1 1 2 0 2 2 2 1 1 0 2 2 0 2 0 2 0 1
1 0 0 1 0 0 2 0 2 1 0 0 2 0 1 2 2 1 0 2 0 1
1 1 0 2 2 2 1 0 2 0 2 2 2 0 2 2 1 0 0 2 0 1
1 0 0 1 1 1 0 0 2 1 2 0 2 0 2 2 0 2 0 2 0 0
2 0 0 2 1 0 1 0 1 1 2 0 0 0 2 2 0 1 0 2 0 1
2 0 0 1 0 2 1 0 2 2 2 0 2 0 2 2 0 1 0 2 0 1
2 0 0 2 0 1 1 0 2 0 2 0 2 1 2 2 0 1 0 2 0 1
2 0 1 0 0 0 0 0 2 2 0 1 2 1 1 2 0 1 0 2 0 1
1 1 0 0 1 1 1 0 2 1 2 0 1 0 2 2 0 1 0 2 0 1
1 0 1 0 1 2 2 0 2 2 2 0 2 0 2 2 1 2 0 2 0 2
0 0 1 0 1 1 2 0 2 2 2 1 1 0 1 2 0 2 0 2 1 1
2 0 0 0 1 1 1 0 2 2 1 0 2 0 1 2 1 1 0 2 0 1
2 0 0 1 0 2 0 0 2 2 2 0 2 0 1 2 1 2 0 2 1 1
2 0 0 1 1 0 1 0 1 1 1 1 2 0 2 2 1 1 0 2 0 0
2 0 0 0 2 0 0 0 2 1 2 1 0 0 2 2 0 0 0 2 0 0
1 0 0 1 0 1 2 0 2 2 1 0 2 0 2 2 0 0 0 2 0 1
1 0 0 1 0 1 2 0 2 1 1 0 2 0 1 2 0 1 0 2 0 1
2 1 0 1 0 1 1 0 2 0 2 0 0 0 2 2 1 2 0 2 0 1
1 0 0 0 0 0 1 0 2 2 2 0 2 0 2 2 0 2 0 2 0 2
2 1 0 0 0 1 1 0 2 1 1 1 1 0 0 2 0 0 0 2 0 0
1 0 0 1 0 0 2 0 2 0 1 1 1 0 1 2 0 2 0 2 0 1
2 0 0 0 0 1 1 0 2 2 1 0 1 0 2 2 1 1 0 2 1 2
2 0 1 0 0 0 0 0 2 1 2 0 1 2 1 2 0 0 0 2 0 1
2 0 1 1 1 1 1 0 2 0 2 0 2 0 2 2 0 0 0 2 1 0
2 0 0 0 1 1 2 0 2 1 1 0 2 0 2 2 0 0 0 2 0 0
2 1 0 0 2 2 2 0 1 0 2 0 2 0 2 2 0 1 0 2 0 1
2 0 1 1 0 0 2 0 1 2 2 0 1 0 1 2 0 0 0 2 0 0
1 0 0 1 1 0 1 0 2 2 1 2 1 1 1 2 1 2 0 2 1 1
2 1 0 1 1 0 0 0 2 1 2 0 0 0 1 2 1 1 0 2 0 2
2 0 0 0 0 0 1 0 2 2 2 1 1 0 2 2 0 0 0 2 0 1
1 1 0 1 0 1 1 0 2 1 2 1 1 0 1 2 1 2 1 2 0 0
1 0 2 1 1 0 1 0 2 1 1 1 2 1 2 2 0 2 0 2 0 2
2 0 1 1 0 0 0 0 2 0 2 0 1 0 2 2 0 1 0 2 0 0
2 0 0 1 2 0 2 0 2 0 1 1 2 0 2 2 0 2 0 2 0 1
2 0 0 1 2 0 1 0 2 2 1 1 2 0 2 2 0 0 0 2 0 0
1 0 0 0 1 1 1 0 2 2 2 0 2 1 2 2 0 2 0 2 1 1
2 1 0 2 1 1 1 0 2 1 1 0 2 0 1 2 2 0 0 2 0 1
2 0 1 2 0 0 1 0 2 2 1 1 2 0 1 2 0 0 0 2 0 0
2 1 0 1 1 2 1 0 2 1 2 2 2 0 1 2 1 0 0 2 0 1
1 0 0 1 2 1 2 0 2 1 1 0 2 0 2 2 0 2 0 2 0 1
2 0 0 0 0 1 2 0 2 1 1 1 1 1 2 2 0 1 0 2 0 2
1 0 0 0 1 0 2 0 2 2 1 0 1 0 1 2 0 1 0 2 0 1
1 0 0 1 1 0 1 0 2 1 2 0 2 0 2 2 0 1 0 2 0 1
2 1 0 1 1 1 2 0 2 0 1 1 2 0 1 2 0 2 0 2 0 1
1 0 0 1 1 1 1 0 2 0 1 1 2 0 1 2 0 1 0 2 0 1
2 0 2 0 0 1 1 0 2 2 2 2 1 0 1 2 0 1 0 2 0 2
1 1 0 1 2 0 2 0 2 1 1 0 2 1 1 2 0 2 0 2 0 0
2 0 0 1 2 1 1 0 2 1 1 0 2 0 2 2 0 0 0 2 0 2
2 0 0 1 1 1 1 0 2 2 1 0 1 1 1 2 0 0 0 2 0 2
2 0 0 1 1 0 2 0 2 1 0 0 2 0 2 2 1 0 0 2 0 0
2 0 0 0 0 1 2 0 2 1 2 1 2 1 2 2 0 1 1 2 0 1
2 0 0 0 0 1 0 0 2 2 2 0 2 0 0 2 0 0 0 2 0 2
2 0 1 1 0 1 2 1 1 2 0 0 2 0 1 2 0 1 0 2 1 0
2 1 0 2 0 0 2 0 2 2 1 0 2 1 1 2 0 2 0 2 0 2
2 0 0 1 0 0 0 0 2 2 2 1 1 2 1 2 0 0 1 2 0 0
2 0 0 1 0 0 0 0 2 1 0 1 2 0 2 2 0 0 0 2 0 2
2 0 0 1 1 1 1 0 1 2 1 1 2 1 2 2 1 0 0 2 0 2
1 0 1 0 0 1 1 0 2 1 2 2 1 0 2 2 0 2 1 2 0 1
2 0 0 1 2 0 1 0 2 0 1 1 1 0 2 2 0 0 0 2 0 2
1 0 1 0 1 0 2 0 2 2 2 0 2 0 2 2 0 0 0 2 0 1
1 0 1 0 1 1 1 0 2 1 1 0 1 0 2 2 0 1 0 2 0 1
2 0 1 0 0 1 1 0 1 1 2 1 2 1 1 2 0 0 0 2 0 0
2 0 0 1 2 0 2 0 2 1 2 1 2 0 2 2 0 0 0 2 0 1
1 1 0 1 0 0 2 0 1 1 2 2 1 0 2 2 0 1 0 2 0 1
0 0 0 2 2 2 1 0 2 2 1 0 2 0 2 2 0 1 0 2 0 0
1 0 0 1 1 1 2 1 2 1 2 0 2 1 2 2 0 0 0 2 0 0
2 0 2 0 0 0 2 0 2 1 1 1 1 0 2 2 0 0 0 2 0 0
2 0 0 1 1 1 1 0 2 2 2 1 2 0 1 2 1 1 0 2 0 0
2 0 2 0 0 1 1 0 2 2 1 0 1 0 1 2 0 2 0 2 0 1
0 1 0 0 1 0 2 0 2 1 2 0 1 0 1 2 0 2 0 2 0 1
2 1 0 1 1 0 1 0 2 0 1 0 2 1 1 2 1 0 0 2 0 1
1 0 0 0 0 0 2 0 2 2 1 1 1 0 1 2 0 1 0 2 0 0
2 0 0 1 1 1 0 0 2 2 1 0 1 0 1 2 0 1 0 2 1 0
2 0 0 1 0 2 2 0 2 1 0 0 2 0 2 2 1 1 0 2 1 1
2 1 0 1 0 1 1 0 2 0 2 0 1 0 2 2 0 2 0 2 1 1
2 0 0 0 0 0 1 0 2 2 1 0 2 0 2 2 0 1 0 2 0 1
1 0 0 1 0 1 1 0 2 2 0 0 1 0 0 2 1 0 0 2 0 1
0 1 0 0 2 0 0 0 2 0 2 0 1 0 0 2 1 1 1 2 0 0
1 0 0 0 1 0 2 0 2 2 1 1 2 0 2 2 0 1 0 2 0 1
1 0 0 0 1 0 2 0 2 2 1 0 2 1 2 2 0 0 0 2 0 1
2 0 0 2 1 1 1 0 2 1 1 1 2 0 1 2 0 1 0 2 0 1
2 1 0 1 1 0 2 0 2 0 1 1 1 1 2 2 0 1 0 2 0 2
2 0 0 1 1 0 1 0 2 2 1 2 2 0 2 2 0 0 0 2 0 0
2 0 0 1 1 0 1 0 2 1 2 0 2 0 1 2 1 0 0 2 1 0
2 0 0 0 1 1 2 0 2 1 1 1 1 1 2 2 0 0 0 2 0 0
1 0 0 0 0 1 2 0 2 1 2 0 2 1 2 2 1 0 0 2 0 1
1 0 0 1 0 0 1 0 2 2 2 0 1 0 1 1 1 2 0 2 0 0
2 1 0 2 1 0 2 0 2 1 2 1 1 1 2 2 0 1 0 2 0 2
2 0 0 1 0 1 1 0 2 2 1 0 2 0 1 2 0 1 0 2 0 1
2 0 0 1 1 0 2 0 2 0 2 0 1 0 1 2 0 1 0 2 0 1
1 1 0 1 2 0 1 0 1 0 1 1 2 0 2 2 1 1 0 2 0 0
2 1 0 0 0 2 1 0 2 0 2 0 2 0 1 2 0 0 0 2 0 1
2 1 0 1 1 1 1 0 2 2 1 2 0 1 1 2 1 0 0 2 0 1
1 0 1 1 1 0 1 0 2 2 1 0 2 0 1 2 1 1 0 2 0 1
1 0 0 1 1 0 2 0 2 0 0 1 2 0 1 2 1 0 0 2 0 2
2 0 0 0 1 0 2 0 2 1 2 1 1 0 2 2 1 1 0 2 0 1
2 0 0 1 0 1 2 0 2 0 0 0 2 0 2 2 0 0 0 2 0 1
2 0 0 1 2 0 1 0 2 1 1 1 1 0 0 2 0 0 0 2 0 0
2 1 0 1 1 1 2 0 1 1 1 0 2 0 2 2 0 2 0 2 0 1
2 0 0 2 1 1 0 1 2 2 0 1 1 0 1 2 0 2 0 2 0 1
1 0 0 1 2 0 2 0 2 1 1 0 1 0 1 2 0 1 0 2 0 0
1 1 1 1 0 0 1 0 2 1 1 1 1 0 2 2 1 1 0 2 0 2
2 0 1 1 0 0 1 0 2 2 2 0 2 0 1 2 1 0 0 2 0 1
2 0 1 2 0 1 1 0 2 1 2 0 1 0 2 2 0 2 0 2 0 0
2 1 0 2 0 0 2 0 2 2 2 0 2 0 2 2 0 1 0 2 0 1
2 0 1 1 0 0 1 0 2 0 2 0 2 0 2 2 1 2 0 2 1 2
2 1 0 0 0 0 0 0 2 2 2 1 0 1 0 2 0 1 0 2 0 1
2 0 0 0 2 1 0 0 2 1 1 1 1 0 2 2 0 0 0 2 0 1
2 0 0 1 2 0 2 0 2 1 1 0 2 0 2 2 0 1 0 2 0 2
1 0 0 0 1 0 0 0 2 1 1 0 2 0 2 2 0 0 0 2 0 0
2 0 0 2 2 1 0 0 2 2 2 0 2 0 1 2 0 0 0 2 1 0
2 1 0 1 2 1 1 0 2 2 2 0 1 0 0 2 0 2 0 2 0 0
2 1 0 1 0 0 0 0 2 0 2 0 2 0 2 2 0 0 0 2 0 1
2 0 0 1 0 0 0 0 1 2 1 0 2 0 1 2 0 0 0 2 0 1
2 0 0 1 0 0 1 0 2 1 2 0 2 0 1 2 0 1 0 2 0 0
1 0 0 1 2 1 1 0 2 2 1 1 1 0 1 2 1 1 0 2 0 0
1 0 0 1 1 0 2 0 2 2 2 0 2 1 2 2 0 1 0 2 0 1
1 0 0 0 2 0 2 0 1 0 1 0 2 0 0 2 0 1 0 2 0 1
2 0 0 1 1 2 1 0 2 1 2 0 2 0 2 2 1 0 0 2 1 0
2 0 0 0 2 0 0 0 2 1 2 0 2 0 0 2 0 0 0 2 0 1
2 0 1 1 1 1 1 0 2 2 1 1 1 0 1 2 0 1 0 2 0 1
2 1 1 1 0 1 1 0 2 1 2 0 2 0 1 2 0 0 0 2 0 2
2 0 0 1 1 0 1 0 2 2 0 1 1 1 2 2 1 1 1 2 0 0
2 1 0 2 0 1 1 0 2 1 1 0 1 0 1 2 0 2 0 2 0 0
2 0 0 1 1 1 0 0 1 2 1 0 2 1 1 2 0 2 0 2 0 2
2 0 1 2 2 0 1 0 2 2 1 0 2 0 1 2 1 0 0 2 0 2
1 0 0 2 2 2 2 0 2 2 2 1 1 1 0 2 0 2 0 2 0 1
1 0 0 2 1 0 2 0 2 2 2 0 2 1 2 2 0 1 0 2 1 1
1 0 0 1 1 1 2 0 2 2 1 0 2 0 1 2 0 0 0 2 0 1
1 1 0 2 2 0 1 0 2 2 1 0 2 0 1 2 0 1 0 2 0 1
2 0 1 1 2 2 0 0 2 1 1 1 2 0 1 2 0 2 0 2 0 0
1 0 0 2 0 1 1 0 2 2 2 0 2 0 1 2 0 1 0 2 0 0
2 2 0 1 1 0 1 0 2 2 2 0 2 0 2 1 0 1 0 2 0 1
1 0 0 1 1 1 2 0 2 1 2 1 2 1 2 2 0 1 0 2 0 1
2 0 0 1 0 0 2 0 2 2 2 2 2 0 1 2 0 0 0 2 0 1
2 0 0 1 1 1 0 0 2 0 2 1 2 0 1 2 0 0 0 2 0 1
1 0 0 0 0 0 1 0 2 0 1 0 2 0 1 2 0 2 0 2 0 1
1 0 0 2 2 0 1 0 2 2 1 0 2 0 1 2 0 0 0 2 0 2
1 0 0 2 1 1 1 0 2 1 2 1 2 0 2 2 0 0 0 2 0 1
2 0 1 2 1 0 1 0 2 1 2 0 2 1 2 2 0 2 0 2 0 0
2 1 0 1 1 1 1 0 2 0 1 0 2 0 1 2 0 1 0 2 0 1
2 0 0 1 0 0 1 0 2 1 2 1 0 1 1 2 0 1 0 2 0 0
2 1 0 2 1 1 2 0 1 2 2 1 2 0 2 2 1 1 0 2 0 1
2 0 0 1 1 0 2 0 2 0 0 0 1 0 2 2 0 1 0 2 0 1
1 0 0 1 0 2 2 0 2 2 2 1 1 1 0 2 0 0 0 2 1 0
1 1 0 1 2 0 0 0 2 1 1 0 1 0 2 2 0 2 0 2 1 2
2 1 0 2 0 0 2 0 2 1 2 0 2 1 1 2 0 0 0 2 0 0
1 0 0 0 0 0 2 0 2 1 2 1 0 0 2 1 0 1 0 2 0 1
2 0 0 2 2 1 0 0 2 2 1 0 2 0 1 2 0 0 0 2 1 2
2 0 0 1 1 0 0 0 2 1 2 0 2 1 2 2 0 1 0 2 1 2
2 0 1 0 1 0 1 0 2 1 2 0 2 0 1 2 0 2 0 2 0 1
1 0 0 0 0 0 1 0 2 1 2 0 2 0 1 2 0 2 1 2 0 0
2 0 1 0 1 0 1 0 2 1 2 0 1 0 2 2 1 1 0 2 0 2
2 0 0 1 0 0 2 0 2 2 2 0 2 0 2 2 0 1 0 2 0 1
0 0 0 1 1 1 2 0 2 0 1 0 2 2 2 2 0 1 0 2 0 1
1 0 0 2 1 0 0 0 2 2 2 1 1 0 1 2 0 0 0 2 0 0
2 1 0 1 1 0 2 0 2 1 2 1 2 0 0 2 0 0 0 2 0 1
2 1 0 1 1 2 2 0 2 0 2 0 2 1 2 2 0 0 0 2 0 2
1 0 0 0 1 0 1 0 2 2 2 1 1 0 1 2 1 1 0 2 0 0
2 0 1 2 0 0 2 0 2 1 1 0 1 1 1 2 0 0 0 2 0 1
2 0 1 0 1 0 2 0 2 2 2 0 2 0 1 2 1 1 0 2 0 1
2 0 0 0 1 1 2 1 2 2 1 0 2 0 2 2 0 0 0 2 0 1
2 0 0 1 1 1 2 0 2 1 2 0 1 0 2 2 0 1 1 2 0 1
2 1 0 1 0 1 1 0 2 1 2 0 0 1 2 2 0 0 0 2 0 1
1 0 1 2 1 0 1 0 1 1 2 0 2 0 2 2 1 1 0 2 0 1
1 0 0 1 2 1 2 0 2 1 2 0 2 1 1 2 1 2 0 2 0 1
1 0 0 1 2 1 0 0 2 1 1 0 2 1 1 2 0 0 0 2 0 0
2 1 0 1 2 1 2 0 2 2 2 0 2 1 2 2 0 1 0 2 0 1
1 1 0 1 1 0 0 0 2 2 2 1 1 0 1 2 0 2 0 2 0 1
1 0 2 2 0 1 1 0 2 1 2 0 1 0 2 2 0 2 0 2 0 0
2 0 0 2 1 0 1 0 2 2 1 0 2 1 1 2 0 2 0 2 0 1
2 0 0 0 1 0 0 0 2 1 2 0 2 0 2 2 0 2 0 2 1 0
1 0 0 2 2 1 2 0 2 1 1 1 1 1 1 2 0 1 0 2 0 1
2 1 0 0 0 0 2 0 2 1 1 0 1 0 2 2 0 0 0 2 1 0
2 0 0 0 0 0 1 0 1 1 2 0 2 1 0 2 1 0 0 2 0 1
2 0 1 2 1 1 2 0 2 1 2 1 2 0 0 2 0 0 0 2 0 1
1 0 0 1 0 0 0 0 2 2 2 0 2 0 2 2 1 0 0 2 0 2
1 0 0 2 1 1 1 0 1 2 1 1 1 1 2 2 0 0 0 2 0 1
2 1 0 2 1 0 1 0 2 1 2 0 2 0 2 2 0 1 0 2 0 2
2 0 0 0 2 2 1 0 2 1 1 0 1 0 2 2 0 1 0 2 0 0
1 0 0 1 1 0 1 0 2 2 1 0 2 1 2 2 0 1 0 2 0 1
2 0 0 2 2 0 0 0 2 2 2 0 2 0 0 2 0 1 0 2 0 1
2 0 0 1 0 0 0 0 2 1 2 0 1 1 2 1 1 1 0 2 0 1
2 0 0 0 1 0 0 0 2 1 2 0 2 0 2 2 0 1 0 2 0 2
2 0 0 0 0 0 1 0 2 2 1 0 1 0 2 2 0 1 0 2 0 1
0 1 1 0 0 1 1 0 2 2 2 0 1 0 1 2 0 0 0 2 0 2
2 0 1 2 0 0 2 0 2 2 2 0 1 0 2 2 0 1 0 2 1 2
2 0 0 0 0 0 1 0 2 1 2 1 2 0 2 2 0 1 0 2 0 0
2 0 0 1 2 1 0 0 2 2 1 0 2 0 2 2 1 1 0 2 1 1
2 0 0 1 1 1 2 0 2 1 1 0 2 0 2 2 0 0 0 2 1 0
2 0 0 0 1 0 2 0 2 1 1 0 2 0 1 2 0 0 0 2 0 1
1 0 0 0 1 0 1 0 2 1 1 0 1 0 2 2 0 1 0 2 0 1
0 0 0 2 2 0 0 0 2 1 2 0 2 0 1 2 0 0 0 2 0 1
0 0 0 1 0 0 2 0 2 1 2 1 1 0 2 2 0 1 0 2 0 2
2 0 1 2 1 0 1 0 2 1 2 0 2 0 1 2 0 0 0 2 0 2
2 0 0 1 0 1 1 0 2 1 2 0 2 0 1 2 0 1 0 2 0 0
2 2 0 0 1 1 1 0 2 0 1 0 1 0 2 2 0 1 0 2 0 1
1 0 0 1 1 0 1 0 2 2 2 1 2 1 1 2 1 1 0 2 0 1
2 1 1 0 0 0 0 0 2 1 2 1 2 0 1 2 0 0 0 2 0 2
0 0 0 0 1 1 0 0 2 2 0 0 1 0 0 2 0 0 0 2 0 2
2 0 0 0 2 0 2 0 2 1 1 1 2 1 1 2 0 0 0 2 0 1
1 0 0 1 0 0 1 0 2 0 2 0 2 0 2 2 0 2 0 2 0 1
1 0 0 1 1 1 1 0 2 1 2 0 2 1 1 2 0 2 0 2 0 2
1 0 0 1 1 0 0 0 2 2 2 0 1 0 2 2 0 0 1 2 0 1
1 0 0 1 0 0 1 0 2 1 1 1 2 0 2 2 1 2 0 2 0 1
1 0 0 2 1 0 1 0 1 0 1 1 1 0 2 2 0 1 0 2 0 0
2 1 0 2 0 0 2 0 2 2 1 0 1 0 2 2 1 0 0 2 0 0
2 0 0 1 0 1 1 0 2 2 2 0 0 0 1 2 1 1 0 2 0 0
1 0 0 2 0 0 1 0 2 1 1 0 2 1 2 2 0 0 0 2 0 1
2 0 0 0 1 1 1 0 2 0 1 1 2 0 1 2 1 2 0 2 1 1
2 0 1 2 1 0 1 0 2 2 1 0 2 0 1 2 0 1 0 2 0 1
2 0 0 2 1 0 1 0 2 1 1 1 2 0 2 2 0 0 0 2 0 1
2 0 0 0 0 0 1 0 2 2 1 1 2 0 2 2 0 1 0 2 0 2
2 0 0 1 1 1 1 0 2 1 2 0 2 0 1 2 0 1 0 2 0 1
2 0 0 1 2 1 2 0 2 1 2 0 1 0 1 2 0 0 0 2 0 0
2 0 0 1 0 0 2 0 2 2 1 0 2 1 2 2 0 1 0 2 0 1
2 0 0 2 1 0 0 0 1 2 1 1 1 0 0 2 0 0 0 2 0 0
2 0 0 2 1 2 2 0 2 2 2 0 2 0 1 2 0 2 0 2 0 0
2 0 0 0 2 0 2 0 2 1 2 0 1 0 2 2 0 0 0 2 0 1
2 0 0 1 2 0 1 0 2 1 2 0 2 1 1 2 0 0 0 2 0 2
2 0 0 0 1 0 1 0 2 0 2 0 2 0 2 2 1 1 0 2 0 1
2 0 1 2 1 2 1 0 2 0 2 0 1 0 2 2 0 1 0 2 0 2
2 0 0 1 2 0 1 0 2 0 2 0 2 0 1 2 0 0 0 2 0 2
2 0 0 1 1 0 1 0 2 1 2 0 2 0 1 2 0 2 0 2 0 1
1 0 1 2 1 0 0 0 2 2 2 0 2 0 1 2 0 0 0 2 1 2
1 0 0 0 1 0 2 0 2 0 1 0 2 0 2 2 1 2 0 2 0 2
2 0 0 0 0 0 2 0 2 2 1 1 2 0 2 2 1 0 0 2 0 2
2 0 0 0 2 0 1 0 2 1 0 0 2 0 0 2 0 1 0 2 0 1
2 0 0 1 0 0 2 0 2 1 2 0 2 0 2 1 0 1 0 2 1 0
1 0 0 2 2 0 1 0 2 2 1 0 2 0 2 2 0 1 0 2 0 2
2 1 0 0 1 0 1 0 2 2 1 0 2 0 1 2 0 0 0 2 0 1
2 0 0 2 2 1 1 0 2 2 2 0 2 0 1 2 1 1 1 2 0 0
1 0 0 1 0 1 2 0 1 0 2 0 2 1 1 2 0 1 0 2 0 1
1 0 0 1 1 1 2 0 2 2 2 1 2 1 2 2 0 0 0 2 2 0
1 0 0 1 1 1 2 0 2 1 2 1 2 0 2 2 0 1 0 2 0 1
0 0 0 2 1 0 1 0 2 1 1 0 2 1 1 2 0 0 0 2 0 0
1 0 0 0 2 0 0 0 2 1 2 0 2 0 1 2 0 1 0 2 0 0
1 1 0 0 2 0 0 0 2 1 1 1 0 0 1 2 0 1 0 2 0 0
1 0 0 0 1 1 2 0 2 1 1 2 2 0 2 1 1 0 0 2 1 0
2 1 0 1 1 0 1 0 2 2 0 1 2 0 1 2 1 2 0 2 0 1
2 0 0 1 0 1 1 0 2 1 2 1 1 0 2 2 2 1 0 2 0 1
2 0 0 1 1 0 1 0 2 2 2 0 1 2 1 1 0 1 0 2 1 2
1 0 0 0 2 1 2 0 2 1 2 0 2 0 2 2 1 0 0 2 1 0
1 0 1 1 1 0 0 0 2 1 2 0 2 1 1 2 0 0 0 2 0 0
1 0 0 2 0 0 2 0 2 2 1 0 2 0 2 2 0 2 0 2 1 1
2 1 0 2 0 0 2 0 2 2 2 0 2 0 1 2 0 0 1 2 0 1
1 1 0 0 1 1 1 0 2 1 2 0 1 0 1 2 0 1 0 2 0 0
1 0 0 1 0 0 1 0 2 0 1 0 0 1 2 2 1 2 0 2 0 0
1 0 0 1 0 0 1 0 2 2 1 1 2 0 2 2 1 1 0 2 1 0
1 0 0 1 0 0 2 1 2 1 2 0 2 0 0 2 0 0 0 2 0 1
2 1 0 0 0 2 0 0 2 1 2 0 2 0 0 2 1 1 0 2 0 1
1 0 0 1 1 0 2 0 1 0 2 1 1 0 1 2 0 2 0 2 0 1
2 0 0 0 0 1 1 0 2 2 2 1 2 1 2 2 0 1 0 2 0 1
2 0 0 1 0 0 1 0 2 0 2 1 1 0 2 2 0 0 0 2 0 2
2 0 0 1 0 1 2 0 2 1 2 1 2 0 2 2 1 1 0 2 0 0
2 0 0 0 1 0 1 0 1 2 2 0 1 1 2 2 0 0 0 2 0 1
1 1 1 1 1 0 1 0 2 0 2 0 2 0 2 2 0 2 0 2 0 0
1 0 0 2 0 2 2 0 2 2 2 1 1 0 2 2 1 2 0 2 0 1
1 0 0 0 1 0 2 0 2 1 1 0 2 0 1 2 0 0 0 2 0 1
1 1 0 1 1 0 2 0 2 1 1 2 1 1 0 2 0 1 0 2 0 0
1 0 1 0 1 1 0 0 1 2 1 0 1 0 2 2 1 1 0 2 1 0
2 0 0 0 0 0 2 1 2 1 2 0 2 0 2 2 0 2 0 2 0 0
1 0 0 1 2 2 2 0 2 1 1 0 0 0 2 2 1 0 0 2 1 1
2 0 0 1 0 0 2 0 2 2 1 1 2 1 2 2 1 1 0 2 0 0
1 0 0 1 0 1 1 0 2 1 1 0 2 0 1 2 0 2 0 2 0 1
1 0 1 0 0 1 0 0 2 0 2 1 2 0 1 2 0 0 0 2 1 2
2 0 1 1 1 1 1 0 2 1 2 1 2 1 2 2 0 0 0 2 0 1
2 0 1 1 0 0 2 0 2 2 2 0 1 0 2 2 0 2 0 2 0 1
2 0 0 0 1 0 1 0 2 2 1 0 2 0 2 2 0 1 0 2 0 2
2 1 0 0 2 0 1 0 1 1 0 0 2 1 2 2 0 0 0 2 0 1
2 0 1 0 2 2 1 0 2 1 2 0 1 0 1 2 1 1 0 2 0 1
1 0 0 0 0 0 2 0 2 0 1 1 2 0 1 2 0 2 0 2 0 1
2 0 0 1 0 0 1 0 2 1 1 0 2 0 1 2 0 2 0 2 1 2
2 0 0 2 1 0 1 0 2 1 2 0 2 0 1 2 0 0 0 2 0 1
0 0 0 2 2 0 1 0 2 1 2 1 2 0 0 2 0 1 0 2 0 1
1 0 0 1 0 0 2 0 2 2 1 0 2 0 1 2 0 0 0 2 0 1
2 0 0 1 1 0 1 0 1 1 2 1 2 0 2 2 0 0 0 2 0 1
2 0 0 1 1 0 1 0 1 1 2 0 2 0 2 2 0 1 0 2 0 1
2 1 0 2 1 1 1 0 2 2 1 1 1 0 1 2 0 0 0 2 0 1
1 0 0 1 1 0 0 0 2 1 2 1 0 1 2 2 1 2 1 2 0 1
1 0 0 1 1 1 2 0 2 1 2 0 2 0 1 2 0 1 0 2 1 2
1 0 0 1 1 1 2 0 2 2 2 1 1 1 1 1 0 0 0 2 1 2
1 0 0 0 1 0 1 0 2 2 2 0 2 1 1 2 0 1 0 2 0 2
1 0 0 0 0 1 1 0 2 2 2 1 1 0 1 2 0 2 0 2 1 0
2 0 0 2 1 0 2 0 2 0 2 0 2 1 1 2 0 1 0 2 0 0
2 0 0 0 0 1 1 0 2 0 2 0 1 0 1 2 0 0 0 2 0 1
1 1 0 2 0 0 0 0 2 1 0 2 2 0 2 2 0 0 0 2 1 0
2 1 0 1 0 0 1 0 2 0 2 0 2 0 0 2 0 1 0 2 0 1
1 0 0 0 0 0 1 0 2 2 1 1 1 1 2 2 0 2 0 2 0 1
1 1 0 0 2 1 0 0 2 2 2 1 0 0 2 2 0 0 0 2 0 1
1 0 0 2 1 0 1 0 2 2 2 1 2 1 2 2 0 2 0 2 0 1
0 0 0 1 1 1 1 0 2 2 1 1 0 0 0 2 0 2 0 2 0 0
2 0 0 1 2 0 1 0 2 0 1 1 1 1 2 2 0 2 0 2 0 1
2 0 0 1 1 0 1 0 2 2 2 0 2 0 1 2 0 0 0 2 0 1
1 0 0 2 2 1 1 0 2 1 2 1 0 0 2 2 0 1 0 2 0 0
1 0 0 1 2 1 2 1 1 1 1 2 2 0 2 2 0 1 0 2 0 1
0 0 0 1 0 0 1 0 2 0 1 0 1 0 1 2 0 0 0 2 0 2
1 0 1 1 1 0 1 0 2 1 1 1 1 0 2 2 0 0 0 2 0 0
1 0 0 1 0 0 0 0 2 2 2 1 1 0 2 2 0 1 0 2 0 1
2 0 0 0 1 1 2 0 2 1 1 0 2 0 2 2 0 0 0 2 0 1
1 0 0 1 1 0 1 0 2 1 1 0 2 0 2 2 0 1 1 2 0 1
2 0 0 2 0 1 1 0 2 1 2 0 2 0 2 2 0 1 0 2 0 0
2 0 1 2 0 2 2 0 2 1 1 1 2 1 2 2 0 2 0 2 0 1
1 0 1 0 0 0 0 0 2 1 2 2 2 0 2 2 0 1 0 2 0 0
1 0 0 2 1 1 0 0 2 2 2 0 1 1 1 1 0 1 0 2 0 2
2 1 1 0 0 1 1 0 2 1 2 0 2 0 2 2 1 2 0 2 0 1
2 0 0 1 1 0 2 0 2 2 2 0 2 0 2 2 0 0 0 2 0 2
2 0 0 2 1 0 2 0 2 1 1 0 2 0 1 2 0 1 0 2 0 1
2 0 0 0 0 0 2 0 2 1 2 2 1 0 1 2 0 1 0 2 0 2
1 0 1 1 2 1 0 0 2 1 1 1 1 1 2 2 0 2 0 2 0 1
1 0 0 0 1 0 1 0 2 2 2 0 1 0 1 2 0 1 0 2 0 0
2 1 0 1 0 0 2 0 2 1 2 0 1 0 1 1 0 1 0 2 0 0
1 0 0 2 1 1 1 0 2 1 1 1 2 0 2 2 0 2 0 2 0 0
0 0 0 1 1 0 1 0 2 0 2 1 2 0 2 2 0 1 0 2 0 0
1 0 1 1 0 0 1 0 2 2 2 1 1 0 1 2 0 1 0 2 1 1
1 0 0 1 1 0 2 0 1 2 2 0 2 0 2 2 0 2 0 2 0 1
2 1 0 1 0 1 1 0 2 0 2 0 2 0 2 2 0 0 0 2 0 0
1 0 0 0 1 0 2 0 2 0 2 1 2 0 2 2 0 1 0 2 0 1
0 0 0 0 0 2 1 0 2 0 2 0 1 0 1 2 0 1 0 2 0 0
2 0 0 1 1 2 1 0 2 2 2 1 2 0 1 2 1 2 0 2 0 1
2 0 0 2 0 1 1 0 2 2 1 0 1 1 1 2 1 1 0 2 0 0
2 1 0 0 2 1 1 0 1 2 2 0 2 0 1 2 0 0 0 2 0 0
1 1 0 2 2 1 0 0 2 2 2 0 2 0 1 2 0 1 0 2 0 1
1 0 0 1 2 1 1 0 2 2 1 1 2 0 2 2 0 2 0 2 0 0
2 0 1 2 0 0 1 0 1 0 2 0 1 0 2 2 0 0 0 2 0 1
2 1 0 0 0 0 1 0 2 1 1 0 2 0 1 2 0 1 0 2 0 1
2 0 0 0 1 1 1 0 2 0 1 0 2 0 0 2 1 1 0 2 0 2
2 0 0 2 0 1 2 0 2 2 2 0 2 2 2 2 0 0 0 2 0 0
1 0 0 2 1 0 2 0 2 2 2 0 1 0 2 2 0 1 0 2 0 2
2 0 0 2 1 1 1 0 2 1 2 0 2 0 2 2 0 1 0 2 0 1
1 0 0 1 2 1 2 0 2 2 2 0 2 0 1 2 1 0 0 2 1 0
2 0 0 0 0 2 2 0 1 2 2 0 1 0 2 2 0 1 0 2 0 1
2 0 0 1 1 0 2 0 2 1 2 2 1 0 0 2 0 2 0 2 0 2
2 0 0 1 0 0 2 0 2 1 1 0 1 0 2 2 0 1 0 2 0 1
0 1 0 0 1 0 1 0 2 2 2 1 2 1 1 2 0 2 0 2 0 1
1 0 0 0 2 0 1 0 2 2 2 0 2 0 1 2 0 2 0 2 0 0
1 1 0 0 0 1 2 1 2 1 2 0 2 0 0 2 0 0 0 2 0 1
2 1 0 1 1 1 2 0 2 1 1 1 2 0 1 2 0 1 1 2 0 1
1 0 0 1 1 1 1 0 2 2 2 1 2 1 2 2 0 0 0 2 0 1
2 0 0 2 1 1 1 0 2 2 2 0 1 0 2 2 0 0 0 2 0 1
1 0 0 0 2 0 1 0 2 2 1 0 2 0 2 0 1 1 0 2 0 0
1 0 0 1 1 1 0 0 2 0 2 1 1 1 2 2 1 1 0 2 1 0
1 1 0 1 1 0 1 0 2 0 1 0 2 0 1 2 0 1 0 2 0 1
2 1 0 2 1 0 1 0 2 2 1 1 1 1 2 2 0 1 0 2 0 1
1 0 1 2 2 0 0 0 2 1 2 1 2 1 1 2 0 0 0 2 0 0
1 1 0 2 2 0 2 0 2 1 1 0 2 1 2 2 0 0 0 2 0 2
1 0 0 0 0 0 0 0 2 2 2 0 1 1 0 2 0 0 0 2 1 2
2 1 0 1 0 0 1 0 2 1 2 1 1 0 2 2 0 1 0 2 0 2
2 1 0 1 1 1 1 0 1 2 1 0 2 0 2 2 0 2 0 2 0 1
1 0 0 0 1 2 1 0 2 1 2 0 1 1 1 2 1 0 0 2 0 1
2 0 0 0 0 1 0 0 2 2 2 0 2 0 1 2 0 2 0 2 1 2
0 0 0 1 1 0 1 0 2 1 2 1 0 0 2 2 0 1 0 2 0 2
2 0 0 0 1 0 1 0 2 2 2 1 2 0 1 2 0 1 0 2 0 0
1 0 0 1 0 0 2 0 2 0 2 0 1 0 1 2 1 1 0 2 1 1
2 0 0 1 1 1 1 0 2 1 1 0 2 0 1 2 1 1 0 2 0 1
2 0 0 1 1 0 1 0 2 2 2 0 2 0 2 2 1 1 0 2 0 0
1 0 0 1 0 0 0 0 2 2 2 2 1 0 2 2 0 1 0 2 0 0
1 0 1 1 1 0 2 0 2 1 2 1 2 1 2 2 1 0 0 2 0 2
1 0 1 0 1 0 0 0 1 2 2 1 2 0 0 2 0 2 0 2 0 2
2 0 0 1 0 0 2 0 2 0 0 0 2 0 1 2 0 0 0 2 0 1
1 0 0 1 2 1 0 0 2 1 1 0 2 0 2 2 0 2 0 2 0 1
2 0 0 1 1 0 2 0 2 2 2 0 2 0 2 2 0 2 0 2 0 0
2 0 0 2 2 1 0 0 2 2 1 0 2 0 1 2 0 2 0 2 0 0
2 0 0 2 2 0 1 0 2 2 2 0 1 2 2 2 0 1 0 2 1 0
2 0 0 1 2 1 0 0 2 1 1 1 1 0 1 2 0 1 0 2 0 1
2 1 0 2 1 0 1 0 2 2 1 0 2 0 2 2 0 0 0 2 0 1
2 1 0 0 1 1 2 0 2 1 1 1 2 0 2 2 0 0 0 2 0 1
2 0 0 0 1 0 0 0 2 2 2 1 2 0 2 2 0 1 0 2 1 1
2 0 0 0 1 0 1 0 2 1 1 1 2 0 2 2 0 2 0 2 0 1
1 0 0 1 2 1 2 0 2 1 2 1 1 0 2 2 0 1 0 2 0 1
2 1 0 1 0 2 2 0 2 1 2 0 2 0 2 2 0 1 0 2 0 1
2 0 0 1 1 0 1 0 2 1 1 1 2 0 2 2 0 2 0 2 0 0
1 0 0 1 1 0 0 0 2 2 1 1 1 0 1 2 0 0 0 2 0 0
1 0 0 2 1 0 1 0 2 2 2 2 1 0 1 2 0 1 0 2 0 0
2 0 0 1 1 0 2 0 2 1 0 0 1 1 2 2 1 1 0 2 1 0
1 0 0 0 1 0 0 0 2 1 1 0 1 0 1 2 1 1 1 2 0 1
2 0 0 1 0 1 1 0 1 2 1 1 1 0 1 2 0 0 0 2 1 2
1 0 0 1 1 0 0 0 2 1 2 1 1 0 2 2 0 2 0 2 0 2
1 0 0 0 1 0 2 0 2 0 2 0 1 1 2 2 0 1 0 2 0 1
1 0 1 1 0 0 0 0 2 1 1 0 2 0 2 2 0 1 0 2 0 1
2 0 0 0 1 0 2 0 2 1 2 0 2 1 2 2 0 2 0 2 0 1
2 0 0 0 1 1 2 0 2 2 2 1 2 0 1 2 0 1 0 2 0 1
2 0 0 0 2 0 0 0 2 2 1 0 1 1 2 2 0 1 0 2 0 0
1 0 1 0 1 0 2 0 2 0 2 0 2 1 1 2 0 1 0 2 1 2
2 1 0 2 1 0 2 0 2 0 1 1 2 0 0 2 0 1 0 2 0 0
2 0 0 1 1 1 1 0 2 2 1 0 2 1 2 2 0 1 0 2 0 0
2 0 0 1 0 0 2 0 2 2 2 1 2 1 2 2 0 2 0 2 0 1
1 0 0 1 1 0 1 0 1 2 1 0 2 0 2 2 0 1 0 2 2 1
1 0 0 1 0 2 1 0 2 1 2 0 2 0 2 2 1 1 1 2 0 1
2 0 0 1 2 0 1 0 2 1 2 0 1 1 2 1 0 1 0 2 0 0
1 0 0 1 1 1 2 0 2 1 2 1 1 0 0 2 0 1 0 2 0 1
0 0 1 0 1 0 2 0 2 1 1 1 1 1 1 2 0 1 0 2 0 1
0 0 0 0 1 1 2 0 2 1 2 0 1 0 2 2 0 0 0 2 0 0
1 0 0 0 2 0 1 0 1 2 2 1 1 0 1 2 0 1 0 2 0 1
1 0 1 1 1 1 1 0 2 1 1 0 2 0 1 2 0 1 0 2 0 0
1 0 0 1 0 0 1 0 2 1 1 0 1 0 1 2 0 1 0 2 0 0
2 1 0 2 1 1 1 0 2 1 1 2 2 0 2 2 1 0 0 2 0 0
2 0 0 1 1 1 1 0 2 2 1 0 2 0 2 2 0 1 0 2 0 1
1 0 1 0 0 0 0 0 2 1 2 1 2 0 1 2 0 1 0 2 0 1
2 0 0 2 1 0 0 0 2 2 2 0 2 0 1 2 0 0 0 2 0 1
2 0 0 0 1 0 1 0 2 2 1 0 2 0 1 2 1 0 1 2 0 1
1 0 0 1 0 0 1 0 2 1 2 1 2 0 2 2 1 1 0 2 0 0
1 0 0 2 1 1 1 0 2 2 1 0 2 0 2 2 0 0 0 2 0 0
2 0 1 2 0 0 2 0 2 2 2 0 2 0 2 2 1 1 1 2 0 2
1 0 0 0 1 1 0 0 2 2 2 0 2 0 1 1 0 1 0 2 0 1
1 0 0 1 0 1 2 0 2 1 2 1 1 1 1 2 0 2 0 2 0 1
2 1 0 0 1 0 2 0 2 0 2 0 1 1 1 2 0 1 0 2 0 1
2 0 1 1 1 1 1 0 2 2 0 0 2 0 2 2 0 1 0 2 0 0
2 0 0 0 1 0 1 0 2 2 2 1 2 0 1 2 0 0 0 2 0 1
1 0 1 1 1 1 2 0 0 1 1 0 1 0 0 2 0 0 0 2 1 1
1 0 0 1 2 0 2 0 2 0 2 1 2 1 1 2 0 0 0 2 0 0
2 0 0 1 1 1 2 0 2 1 2 0 2 0 1 1 1 0 0 2 0 1
2 0 0 0 1 0 1 0 2 1 2 0 1 1 0 2 0 1 0 2 0 1
1 0 0 0 1 1 1 0 2 2 2 0 2 1 1 2 0 2 0 2 0 1
2 0 0 0 1 1 1 0 2 1 2 0 2 0 1 2 0 2 0 2 0 2
2 0 0 1 0 1 1 1 2 1 2 0 2 0 1 2 0 2 0 2 1 2
1 0 0 0 1 1 2 0 2 1 1 1 2 1 2 2 0 0 0 2 0 0
2 0 0 2 0 0 1 0 2 1 0 0 2 0 2 2 0 0 0 2 0 0
2 0 0 2 0 0 0 0 2 1 2 1 2 2 2 2 0 2 0 2 1 1
2 0 1 2 2 0 0 0 1 1 2 0 1 0 2 2 0 1 0 2 1 0
1 0 2 0 2 0 2 1 2 1 1 0 2 0 2 2 0 1 0 2 0 1
2 0 0 1 1 0 2 0 2 2 0 0 2 0 2 2 0 0 0 2 1 1
0 0 0 1 0 0 2 0 2 0 2 0 2 0 0 2 0 0 1 2 0 1
1 0 0 1 0 0 1 0 2 1 2 1 0 0 1 2 0 2 0 2 0 1
2 1 0 0 2 1 1 0 2 1 1 0 2 0 0 2 0 1 0 2 0 1
2 0 0 1 0 0 0 0 2 1 2 0 2 1 2 2 0 0 0 2 0 0
2 0 0 1 1 1 1 0 2 2 1 0 2 1 2 2 0 0 0 2 0 1
2 0 0 1 1 0 1 0 2 1 1 0 2 0 2 2 0 1 0 2 0 1
1 0 0 0 0 1 2 0 2 1 2 0 2 0 2 2 0 2 0 2 0 1
2 0 0 1 1 2 2 0 2 2 0 1 1 1 0 2 0 2 0 2 0 1
2 0 0 0 2 0 1 0 2 0 2 2 2 1 1 2 0 1 0 2 0 1
0 0 0 0 1 1 1 0 2 1 2 0 1 0 0 2 0 2 0 2 1 1
2 0 0 0 2 0 1 0 2 2 2 1 1 1 1 2 0 1 0 2 0 1
1 2 0 2 0 0 0 0 2 2 2 0 2 0 1 2 0 2 1 2 0 2
1 1 0 1 0 1 2 0 2 2 2 0 1 1 2 2 1 1 0 2 0 1
1 0 0 1 1 1 1 0 1 1 2 0 2 0 1 2 0 1 0 2 1 1
2 0 0 1 1 1 2 0 2 1 1 0 2 0 1 2 0 2 0 2 0 2
1 0 0 1 2 1 1 1 2 2 2 0 2 0 1 2 0 0 1 2 0 1
1 1 0 0 0 0 2 0 2 2 1 0 1 0 2 2 0 2 0 2 0 1
2 0 0 0 1 2 0 0 2 2 2 0 1 0 1 2 0 1 0 2 0 1
2 0 0 1 2 0 1 0 1 1 1 1 1 0 2 2 1 2 0 2 1 0
1 0 0 2 0 0 1 0 2 1 2 0 2 0 1 2 0 0 0 2 1 1
2 0 0 1 1 0 1 0 2 2 2 0 1 0 2 2 0 2 0 2 0 0
2 0 0 1 0 1 0 0 1 2 2 0 1 0 2 2 0 0 0 2 0 1
2 0 1 2 2 1 2 0 2 0 1 0 1 0 1 2 0 1 0 2 0 1
1 0 1 0 1 0 2 0 2 1 2 1 2 0 2 2 0 1 0 2 0 0
2 0 1 1 2 0 2 0 2 2 2 0 2 0 2 2 1 1 0 2 0 0
1 0 0 1 1 1 1 0 2 2 2 0 2 0 1 2 0 1 0 2 0 2
2 0 0 0 1 1 1 0 2 2 2 0 1 0 1 2 1 1 1 2 0 1
2 0 0 1 2 0 0 0 2 2 2 1 2 0 2 2 0 2 0 2 0 0
2 0 0 1 1 1 0 0 2 1 1 1 2 0 2 2 0 1 0 2 0 1
2 1 0 0 1 0 0 0 2 1 1 0 1 1 1 2 0 2 0 2 0 1
1 0 0 2 0 0 2 0 2 1 2 1 1 0 2 2 0 2 0 2 0 0
1 0 0 2 1 2 1 0 1 1 1 1 2 0 1 2 0 1 0 2 0 0
1 0 0 1 2 0 1 0 2 1 1 1 1 0 2 2 0 1 0 2 0 1
1 0 1 0 1 0 1 0 2 2 2 0 2 0 1 2 0 2 0 2 0 2
2 0 0 0 1 1 2 0 2 2 2 0 2 1 2 2 0 0 0 2 0 1
2 1 0 1 1 0 1 0 2 1 2 0 2 1 2 2 0 2 0 2 0 0
2 0 0 2 1 0 1 0 2 1 2 0 2 1 1 2 0 1 0 2 0 1
2 0 0 2 1 0 2 0 2 1 2 0 1 0 1 2 0 1 0 2 0 0
1 0 0 1 2 2 1 0 2 1 2 0 1 1 2 2 0 0 0 2 0 0
1 0 0 2 1 0 2 0 2 2 1 2 2 1 0 2 0 1 0 2 1 1
2 0 1 1 1 0 1 0 1 0 2 1 2 0 1 2 0 1 0 2 0 0
2 0 0 1 2 0 2 0 1 2 2 1 2 1 1 2 0 1 0 2 0 0
2 0 1 1 2 0 1 0 2 2 1 0 2 1 2 2 1 0 0 2 0 1
1 0 0 2 1 0 1 0 2 2 1 0 2 1 2 2 0 0 0 2 0 1
2 0 1 2 2 0 0 0 2 2 1 0 2 1 2 2 0 0 0 2 1 1
0 0 0 0 1 0 0 0 2 1 2 1 1 0 1 2 0 2 0 2 0 2
2 0 0 2 1 0 1 0 2 1 2 0 2 0 2 2 1 0 0 2 0 1
1 0 1 1 0 0 2 0 2 1 1 0 2 0 2 2 0 0 1 2 1 0
2 0 0 0 1 0 2 0 2 1 2 1 2 1 2 2 0 1 0 2 0 1
1 0 0 0 2 1 0 0 2 1 2 0 2 1 1 2 2 1 0 2 0 0
1 0 0 1 2 2 2 0 2 2 2 0 2 0 1 2 0 1 0 2 0 1
1 0 0 0 0 0 0 0 2 1 1 0 2 0 1 2 0 0 0 2 0 1
2 0 0 1 1 2 0 0 2 0 2 0 2 1 2 2 1 0 0 2 0 1
2 0 0 2 1 0 1 0 2 2 1 0 1 0 2 2 0 1 0 2 0 0
2 0 0 0 1 1 1 0 2 1 1 1 2 1 2 2 1 1 0 2 0 1
1 0 0 0 1 1 1 0 1 0 0 1 1 0 1 2 0 2 0 2 0 1
2 1 1 2 1 1 1 0 2 1 2 1 1 0 1 2 0 0 0 2 0 1
0 1 1 0 1 0 2 0 2 1 2 0 2 0 2 2 0 2 0 2 0 1
2 0 1 1 2 2 1 0 2 0 1 0 2 0 1 2 0 1 0 2 0 1
2 0 0 0 0 0 1 0 2 1 2 0 2 0 2 2 0 1 0 2 0 1
1 0 0 2 1 1 2 0 2 2 1 0 2 0 2 2 1 2 0 2 0 0
2 0 0 1 0 0 1 0 2 1 1 0 2 1 2 2 0 2 0 2 0 1
2 0 0 1 2 0 1 0 2 2 2 1 2 0 2 1 0 1 0 2 0 1
2 0 0 2 0 0 2 0 2 2 1 0 2 0 2 2 1 2 0 2 0 0
2 0 0 0 0 0 1 0 2 0 1 0 2 0 1 2 0 1 0 2 0 0
2 0 0 2 1 0 2 0 2 2 1 1 2 1 1 2 0 1 0 2 1 0
2 0 1 1 1 1 2 0 2 0 2 0 1 0 2 2 0 0 0 2 1 1
1 0 1 1 1 1 2 0 2 0 2 0 2 1 2 2 0 1 0 2 0 1
1 0 1 0 2 0 1 0 2 2 2 0 2 1 2 2 0 1 0 2 0 1
1 0 0 0 1 0 1 0 2 0 2 0 2 0 0 2 0 1 0 2 0 1
2 1 0 0 2 0 1 0 2 1 2 0 2 0 0 1 0 1 0 2 0 1
1 0 0 1 1 2 1 0 2 0 2 1 1 0 1 2 0 0 0 2 0 1
2 0 0 1 0 0 1 0 2 0 2 0 2 0 1 1 0 1 0 2 0 1
1 0 0 1 2 0 1 0 2 0 1 0 2 0 2 2 1 2 0 2 2 2
1 0 0 0 1 0 0 0 2 2 2 1 2 0 1 2 0 1 0 2 0 0
2 1 1 2 1 1 0 0 2 1 1 0 1 1 1 2 0 1 0 2 0 0
1 0 0 1 0 0 1 0 2 2 2 0 2 0 1 2 0 1 0 2 0 2
2 0 0 2 1 1 1 0 2 1 1 1 2 1 2 2 0 0 0 2 0 1
2 0 0 2 0 1 2 0 2 1 1 0 2 0 1 1 0 2 0 2 0 1
1 0 0 0 1 0 2 0 2 2 1 1 2 0 2 2 0 0 0 2 0 0
1 0 0 1 1 0 2 0 2 2 2 0 2 0 2 2 1 1 0 2 0 0
1 0 0 2 1 1 2 0 2 1 2 0 2 2 0 2 0 1 0 2 1 0
2 0 0 0 1 0 2 0 2 1 1 1 1 0 1 2 0 2 0 2 0 0
2 0 0 0 2 0 0 0 2 1 1 1 1 0 1 2 0 1 0 2 0 2
2 0 0 1 2 1 1 0 2 1 2 0 2 0 2 2 0 1 0 2 0 0
2 0 0 1 1 0 1 0 2 1 2 0 1 0 2 2 0 0 0 2 1 1
1 0 0 0 1 0 0 0 2 1 1 1 2 0 2 2 0 1 0 2 1 1
0 0 1 1 1 0 2 0 1 2 1 1 1 1 2 2 0 1 0 2 0 1
2 0 0 0 0 1 2 0 2 1 2 0 1 0 2 2 0 1 0 2 0 0
2 0 0 1 1 0 2 0 2 1 2 1 2 0 2 2 0 0 0 2 0 0
2 1 1 1 0 0 2 0 2 1 2 0 2 0 1 2 0 0 0 2 0 1
1 0 0 1 1 0 0 0 2 0 2 1 0 0 0 2 0 1 0 2 0 0
0 1 0 1 1 1 1 0 2 1 1 0 2 0 2 2 0 1 0 2 0 0
2 0 1 1 1 1 2 0 1 2 0 1 2 1 2 2 1 1 0 2 0 0
2 0 0 1 1 0 1 0 2 1 1 0 2 0 2 2 0 1 0 2 0 2
2 1 0 1 1 1 2 0 2 0 2 2 2 1 1 2 0 2 0 2 0 1
1 1 0 0 1 1 1 0 1 2 2 0 2 0 1 2 0 2 0 2 0 0
2 0 1 1 2 0 1 0 2 1 2 0 2 1 1 1 0 2 0 2 0 1
2 0 0 1 0 1 1 0 1 1 1 0 2 0 1 2 0 0 0 2 1 1
0 0 0 1 2 0 2 0 2 2 1 1 1 0 1 2 0 0 0 2 0 1
1 0 1 1 2 0 1 0 2 1 1 0 2 0 2 2 0 1 0 2 0 0
1 0 0 2 1 2 0 0 2 2 2 0 2 1 0 2 1 2 0 2 0 2
2 0 0 0 0 0 0 0 2 2 2 0 2 0 2 2 0 1 0 2 0 1
2 0 0 2 1 0 1 0 2 0 2 0 2 0 2 2 1 0 0 2 0 1
2 1 0 1 1 1 2 0 2 1 1 0 1 1 0 2 0 0 0 2 1 1
2 0 0 0 1 1 1 0 2 0 0 1 1 1 2 2 0 2 0 2 0 1
1 0 0 0 0 0 1 0 2 2 2 0 1 0 2 2 0 1 0 2 0 0
1 1 1 1 1 1 2 0 2 1 2 0 2 0 1 2 1 0 0 2 0 0
1 0 0 1 2 0 2 0 2 1 2 1 1 0 1 2 0 1 0 2 1 1
1 0 0 0 2 0 2 0 2 1 2 1 2 0 1 2 0 1 0 2 0 2
2 1 0 2 0 0 2 0 1 1 1 0 2 1 1 2 0 1 0 2 0 0
1 0 0 1 1 0 1 0 2 0 0 0 2 0 1 2 0 2 0 2 0 1
2 0 0 1 1 1 2 0 2 1 2 0 1 0 2 1 0 1 0 2 0 1
1 0 0 2 0 1 1 0 2 1 2 0 2 1 2 2 0 1 0 2 2 1
2 0 1 1 1 0 0 0 2 2 2 0 2 0 2 2 0 1 0 2 0 1
2 1 0 1 0 0 1 0 2 0 2 0 1 0 0 2 0 2 0 2 0 1
2 0 0 1 0 1 1 0 2 1 1 1 1 0 2 2 0 0 0 2 0 1
1 0 0 2 0 0 1 0 2 2 1 0 2 0 1 2 1 1 0 2 0 0
2 1 0 1 0 0 1 0 2 1 2 0 1 1 1 2 0 2 0 2 0 0
2 1 1 1 2 0 2 0 2 2 1 0 0 0 2 2 0 0 0 2 0 1
1 0 0 1 0 0 1 0 2 2 2 0 2 0 2 2 0 1 0 2 0 1
1 0 1 2 1 0 2 0 2 1 2 1 1 0 1 2 0 2 0 2 0 2
2 0 0 1 0 2 2 0 2 2 1 0 2 1 2 2 0 0 0 2 0 0
2 0 0 0 1 1 2 0 1 1 2 0 1 0 1 2 1 2 0 2 0 1
2 0 0 1 0 1 2 0 2 2 2 0 2 0 1 2 0 1 0 2 0 1
2 0 0 1 1 0 1 0 2 1 2 1 1 0 1 2 0 2 0 2 0 1
2 0 0 0 0 0 1 0 1 0 2 1 2 0 2 2 0 1 0 2 0 1
2 0 0 0 1 1 2 0 2 1 2 0 2 0 1 2 0 2 0 2 0 0
2 0 0 1 2 1 1 0 2 1 1 0 2 1 2 2 0 0 0 2 0 0
0 0 0 2 0 0 2 0 2 1 2 0 2 0 2 1 0 2 0 2 0 0
1 0 0 0 0 0 1 0 1 2 2 0 2 0 1 2 1 0 0 2 0 2
1 0 0 2 1 1 2 0 2 2 2 0 1 0 1 2 0 0 0 2 0 1
1 0 0 2 0 1 2 0 2 1 2 0 2 2 1 2 0 1 0 2 0 0
2 0 0 1 0 1 0 0 2 0 1 0 1 0 0 2 0 1 0 2 1 1
1 0 0 1 0 1 1 0 2 0 1 0 2 0 1 2 0 2 0 2 0 0
2 0 0 1 2 1 1 0 2 1 2 1 1 0 1 2 0 1 0 2 0 1
0 0 0 2 0 1 1 0 1 2 1 0 2 0 2 2 0 0 0 2 0 1
2 1 0 1 1 1 2 0 2 2 2 0 2 0 1 2 0 2 1 2 0 2
2 0 0 2 0 1 1 0 2 1 2 0 2 2 2 2 0 1 0 2 1 0
2 1 1 2 0 0 1 0 2 0 1 0 1 0 1 2 0 0 0 2 0 0
1 0 1 2 2 0 0 0 2 2 2 0 0 0 1 2 0 1 0 2 0 0
2 0 0 0 2 0 2 0 2 2 1 1 1 0 1 2 0 0 0 2 0 0
1 0 0 1 1 1 1 0 2 2 2 0 2 0 1 2 0 1 0 2 0 1
1 0 0 1 1 2 1 0 2 0 1 0 2 1 2 2 1 1 0 2 0 1
2 0 0 0 2 1 0 1 1 1 2 1 2 0 1 2 0 0 0 2 0 0
2 0 0 1 1 0 0 0 2 0 1 1 1 0 2 2 0 1 0 2 0 1
2 0 0 0 0 0 2 0 2 2 2 1 1 0 2 2 0 1 0 2 0 1
2 0 0 1 1 1 1 0 2 1 2 1 1 0 0 2 0 0 0 2 0 0
2 0 1 1 1 0 1 0 2 2 2 0 2 0 2 2 0 1 0 2 0 2
2 0 0 1 2 1 2 0 2 2 2 0 0 0 2 2 1 1 0 2 0 0
2 0 0 0 1 0 1 0 2 2 1 0 1 0 1 2 0 1 0 2 0 0
1 1 0 0 1 0 0 0 2 0 2 1 2 0 1 2 0 0 0 2 0 0
2 0 0 0 1 1 1 0 2 2 2 0 2 0 1 2 0 0 0 2 0 1
2 0 0 1 0 1 2 0 2 2 0 1 2 0 0 2 0 0 0 2 0 2
1 0 0 0 2 0 0 0 2 0 1 1 2 1 1 2 0 1 0 2 0 0
1 0 0 0 2 0 1 0 2 2 1 1 1 0 2 2 0 1 0 2 0 1
1 0 0 0 1 1 2 0 2 2 2 0 1 0 0 2 0 1 0 2 0 0
2 0 1 0 1 0 2 0 2 2 2 1 2 0 2 2 1 0 0 2 1 2
1 0 0 0 0 1 1 0 2 2 2 1 1 0 1 2 0 1 0 2 1 2
1 0 0 0 1 0 2 0 2 2 2 1 2 0 2 2 0 0 0 2 1 0
0 0 0 0 1 0 2 0 2 1 1 1 1 0 1 2 1 2 0 2 0 1
2 0 0 1 1 1 0 0 2 0 1 0 1 0 2 2 0 1 0 2 0 1
1 0 0 1 0 0 1 0 2 1 2 0 1 0 1 2 0 0 0 2 0 1
2 0 0 1 1 1 1 0 2 1 1 0 1 0 1 2 1 1 1 2 0 0
2 0 0 1 2 0 2 0 2 1 2 0 2 1 2 1 2 2 0 2 0 2
0 0 0 2 2 0 1 0 2 2 1 0 1 1 2 2 0 1 0 2 0 1
2 0 0 1 2 0 1 0 2 1 2 1 2 1 2 2 1 1 0 2 0 1
2 0 0 1 0 0 2 0 2 1 2 0 2 0 2 2 0 1 0 2 0 0
0 0 0 1 0 1 1 0 2 1 2 0 2 0 1 2 0 0 0 2 0 0
1 0 0 1 0 0 0 0 2 2 2 0 2 0 1 2 0 2 0 2 0 2
0 0 0 0 1 1 2 0 2 2 1 0 2 0 0 2 1 1 0 2 1 1
2 0 0 0 1 0 0 0 2 1 2 0 2 0 1 2 0 2 0 2 0 1
2 0 0 1 1 0 1 0 2 2 2 0 2 0 2 2 0 1 0 2 0 2
2 0 1 0 0 0 1 0 2 2 2 1 2 0 2 2 0 1 1 2 2 1
1 0 0 1 1 1 1 0 2 2 2 0 1 0 1 2 1 0 0 2 0 1
2 0 0 2 1 0 1 0 2 1 2 0 2 0 0 2 0 0 0 2 0 0
2 0 0 1 0 0 1 0 2 2 2 1 1 1 0 2 0 0 0 2 0 1
1 0 0 0 1 1 0 0 2 1 2 2 2 0 2 2 1 1 0 2 0 0
2 0 1 2 2 0 1 0 2 1 2 0 1 0 0 2 1 1 0 2 0 0
2 0 0 1 1 2 2 0 2 0 1 0 1 0 2 2 0 1 0 2 0 0
2 0 0 0 2 0 1 0 2 1 2 1 2 0 2 2 0 0 0 2 1 1
2 0 0 0 0 0 2 0 1 2 2 0 2 0 1 2 0 1 0 2 0 2
2 0 0 2 1 1 0 0 2 2 2 1 1 0 1 2 0 1 0 2 0 1
2 0 0 1 2 0 1 0 2 1 2 0 2 2 1 2 0 0 0 2 2 0
1 0 0 0 2 0 1 0 2 0 2 0 2 0 1 2 0 1 0 2 1 1
2 0 0 1 1 1 1 0 1 1 2 1 2 0 2 2 0 1 0 2 0 0
1 0 0 1 0 1 1 0 2 2 1 0 2 0 2 2 0 2 0 2 0 0
1 0 0 1 0 0 2 0 2 1 2 0 2 0 2 1 0 1 0 2 1 0
2 0 0 1 1 0 2 0 2 1 2 0 2 0 2 2 0 1 0 2 0 2
2 0 0 1 1 0 0 0 1 1 2 0 2 0 1 2 0 1 0 2 0 2
1 1 0 2 2 1 0 0 2 2 0 0 2 0 2 2 0 2 0 2 0 0
1 0 0 1 0 0 2 0 2 2 1 0 2 0 2 2 0 0 0 2 0 1
2 0 0 0 1 1 2 0 2 1 2 0 0 0 1 2 0 0 0 2 0 0
1 0 1 1 1 0 1 0 2 2 2 1 1 0 2 2 0 1 0 2 0 0
0 0 0 1 1 1 1 0 2 1 2 0 2 0 2 2 0 1 0 2 0 0
2 0 1 2 2 0 0 0 2 2 1 0 2 0 2 2 1 1 0 2 0 2
1 0 0 1 1 0 0 0 2 1 2 1 1 1 2 2 0 1 0 2 0 0
2 0 0 0 0 0 1 0 1 2 1 0 2 1 1 2 0 0 0 2 0 0
2 0 0 0 1 1 1 1 2 2 0 0 2 1 1 2 0 0 0 2 0 2
2 0 0 1 0 1 1 0 2 2 1 0 2 0 1 2 0 0 0 2 0 1
0 1 0 1 1 0 2 0 2 1 1 1 2 1 1 2 0 0 0 2 0 1
2 0 1 0 0 1 1 0 2 1 1 2 1 0 2 2 0 1 0 2 0 1
0 0 0 1 0 1 1 0 2 1 1 0 2 0 1 2 2 1 0 2 0 0
1 0 0 0 1 2 0 0 1 2 1 0 2 0 2 2 0 1 0 2 0 0
0 0 0 2 2 0 2 0 2 2 2 0 2 0 2 2 0 1 0 2 0 0
1 1 0 1 1 1 2 0 2 1 2 0 1 1 1 2 1 0 0 2 0 0
1 0 0 1 2 1 1 0 2 1 2 0 2 0 2 2 0 1 0 2 0 0
2 0 0 2 0 0 0 0 2 2 2 0 2 1 2 2 0 2 0 2 1 0
1 0 0 1 0 0 2 0 2 1 1 1 1 0 1 2 0 0 0 2 0 0
2 0 0 1 1 0 1 0 2 1 1 1 2 0 2 2 0 1 0 2 0 1
1 0 0 1 0 1 2 0 2 2 0 0 1 0 2 2 0 2 0 2 0 0
2 0 0 0 0 0 1 0 2 2 2 1 2 0 1 2 1 1 0 2 0 0
2 0 0 0 2 1 1 0 2 1 1 1 1 1 1 2 0 1 0 2 0 0
0 0 0 1 1 0 0 0 2 1 2 0 2 0 2 2 0 1 0 2 0 0
1 0 0 2 1 0 2 0 1 2 1 0 1 0 2 2 0 1 0 2 0 1
1 0 0 2 1 1 2 0 2 1 2 0 2 1 0 2 1 1 0 2 0 1
2 0 0 1 2 0 0 0 2 0 2 1 2 1 1 2 0 2 0 2 0 1
2 0 0 1 1 0 2 0 2 0 2 1 1 1 1 2 1 1 0 2 0 1
2 0 1 1 2 1 0 0 2 0 2 0 2 1 2 2 0 0 1 2 1 0
1 1 1 1 2 0 1 0 2 1 2 0 2 2 0 2 1 1 0 2 0 0
1 0 1 0 2 0 1 0 2 1 2 0 1 0 2 2 1 2 0 2 1 1
1 0 0 0 1 0 1 0 2 1 1 0 2 0 2 2 1 0 0 2 0 0
2 0 0 1 1 0 1 0 2 1 2 1 2 0 2 2 0 1 0 2 0 2
2 0 0 0 1 1 1 0 2 1 2 1 2 0 0 2 0 1 0 2 0 0
1 0 0 2 0 1 1 0 2 0 2 1 2 1 2 2 0 2 0 2 0 1
2 1 0 1 0 1 1 0 2 1 0 0 1 1 1 2 0 0 0 2 0 0
2 0 0 0 0 0 2 0 2 2 1 0 2 0 1 2 0 1 0 2 0 1
0 0 0 1 1 0 1 0 2 0 0 0 1 1 1 2 0 2 0 2 0 1
2 0 0 1 1 1 1 0 2 0 1 0 2 0 1 2 0 1 0 2 0 2
2 0 0 0 1 0 2 0 2 1 2 0 1 0 1 2 1 1 0 2 0 1
2 0 0 1 2 1 1 0 2 2 1 0 1 1 1 2 0 1 0 2 0 0
2 0 0 1 1 0 0 0 2 2 1 1 2 0 2 1 0 0 0 2 0 0
1 0 0 1 1 2 1 0 2 2 2 0 2 0 1 2 1 1 0 2 0 2
0 1 0 0 1 0 1 0 2 1 2 1 1 0 2 2 1 1 0 2 1 1
1 0 0 0 1 0 2 0 2 2 1 0 2 0 0 1 0 1 0 2 0 2
2 0 1 1 0 1 1 0 2 0 2 0 2 0 2 2 0 2 0 2 1 1
1 0 0 2 1 1 2 0 1 2 1 0 2 1 0 2 0 0 0 2 0 0
2 0 0 0 1 1 2 0 2 1 2 1 2 0 2 2 0 1 0 2 0 1
2 0 0 0 2 1 1 0 2 2 1 0 2 0 2 2 1 1 0 2 0 1
1 0 0 0 2 1 2 0 2 1 2 0 1 0 2 2 1 1 0 2 0 1
2 0 0 0 2 0 2 0 2 0 2 0 1 0 2 2 0 1 0 2 0 2
1 0 0 0 1 2 2 0 2 2 1 0 2 0 2 2 0 1 0 2 0 0
1 0 1 2 1 1 2 0 2 1 2 0 2 0 2 2 0 1 0 2 1 1
2 0 1 2 0 1 2 0 2 1 2 0 1 0 2 2 1 2 0 2 0 1
2 1 0 1 0 0 2 0 2 0 2 0 2 1 1 2 1 0 0 2 0 2
2 0 0 1 0 0 0 1 2 1 2 1 1 0 2 2 0 0 0 2 0 1
2 0 0 0 0 1 1 0 2 2 1 1 1 0 2 2 0 0 0 2 0 0
1 0 0 0 1 0 1 0 2 1 2 1 2 0 1 2 0 0 2 2 0 2
2 0 0 1 1 0 0 0 2 1 2 2 0 1 1 2 0 0 0 2 1 1
2 0 0 1 2 2 2 0 2 2 2 0 1 0 2 2 0 1 0 2 0 1
2 1 0 0 1 0 0 0 2 1 2 0 2 2 2 2 0 2 0 2 1 2
2 0 0 1 1 0 1 1 2 2 1 1 2 0 1 2 0 2 0 2 0 1
2 0 0 1 0 2 2 0 2 2 0 1 1 0 1 2 0 1 0 2 0 1
1 0 0 0 1 1 0 0 2 1 2 1 2 0 1 2 0 0 0 2 0 0
0 0 0 0 0 1 2 0 2 2 2 0 1 0 2 2 0 2 1 2 0 1
1 0 0 1 1 2 1 0 2 1 2 0 1 0 1 2 1 1 0 2 0 2
1 0 0 1 2 1 0 0 2 2 2 1 1 1 1 2 0 2 0 2 0 2
2 0 1 0 0 0 2 0 2 2 2 0 2 0 2 2 0 2 0 2 0 2
1 0 0 1 1 1 1 0 2 2 1 1 1 1 0 2 0 1 0 2 0 1
1 0 0 0 1 1 0 0 2 2 2 1 2 0 2 2 0 0 0 2 0 0
1 0 0 2 1 1 1 0 2 2 0 0 2 0 1 2 1 0 0 2 0 2
1 0 0 1 1 1 1 0 2 2 2 1 1 0 2 2 0 2 0 2 0 0
1 0 0 0 2 1 1 0 2 1 2 0 1 0 2 2 0 1 0 2 0 1
2 0 0 1 2 0 1 0 1 2 1 1 2 1 1 2 0 1 0 2 0 1
2 1 0 1 2 1 2 0 2 1 2 0 2 0 2 2 0 1 0 2 0 2
2 0 0 1 0 0 2 0 1 2 2 0 2 0 2 2 0 0 0 2 0 1
2 0 0 0 1 0 1 0 1 1 2 0 2 0 2 2 0 2 0 2 0 2
2 0 0 1 1 0 0 0 2 1 1 0 2 0 2 2 0 1 0 2 0 2
0 0 0 2 1 0 1 0 2 1 2 0 0 0 1 2 1 1 0 2 0 2
0 0 0 0 0 1 1 0 2 2 1 0 1 0 2 2 0 1 0 2 0 1
2 0 2 2 0 1 0 0 2 1 2 1 1 0 2 2 0 0 0 2 0 1
1 0 0 1 2 1 1 0 2 1 1 0 2 0 2 2 0 2 0 2 0 0
0 0 0 0 0 1 2 0 2 1 2 1 2 0 0 2 0 2 0 2 0 1
1 0 0 1 1 0 2 0 2 2 1 1 2 1 1 2 0 0 0 2 0 0
2 0 0 1 1 0 2 0 2 2 1 0 2 0 2 2 1 1 0 2 1 1
2 0 0 1 0 0 1 0 2 2 2 1 2 0 1 2 0 0 0 2 0 1
2 0 0 2 0 0 2 0 2 2 2 0 1 0 2 2 0 1 0 2 0 0
2 0 0 0 1 0 1 0 2 1 2 0 2 0 2 2 0 0 0 2 1 0
2 0 0 1 0 1 0 0 2 1 2 0 1 1 2 2 1 2 0 2 0 0
1 0 0 2 1 0 2 0 2 0 2 1 2 1 0 2 0 2 0 2 0 1
1 0 0 0 1 2 0 0 2 1 1 0 1 0 2 2 0 1 0 2 1 1
0 0 0 1 1 1 2 0 2 0 2 1 0 0 2 2 0 2 0 2 0 0
1 0 0 1 0 1 1 0 2 2 2 1 2 0 1 2 0 1 0 2 1 2
1 0 1 1 1 1 1 0 2 2 1 2 1 0 1 2 0 1 0 2 0 0
1 0 0 1 1 1 2 0 2 2 2 1 2 0 2 2 0 1 0 2 0 0
2 0 1 1 0 1 1 0 1 1 1 0 2 1 1 1 0 1 0 2 0 1
1 1 0 0 1 2 0 0 1 1 2 0 1 1 0 2 0 0 0 2 0 1
2 0 0 1 1 0 1 0 2 0 1 0 1 0 1 2 0 2 0 2 0 0
2 0 0 0 1 1 2 0 1 1 1 1 1 0 0 2 0 1 0 2 1 1
2 0 1 2 2 0 2 0 2 0 1 0 2 1 1 2 0 0 0 2 0 1
2 1 0 1 0 2 2 0 2 2 1 0 2 0 0 2 0 1 0 2 0 1
1 0 0 0 0 0 2 0 2 1 2 0 2 1 2 2 0 1 0 2 0 1
1 0 0 1 1 1 2 0 2 2 2 1 2 0 1 2 0 1 0 2 0 2
2 0 1 1 1 0 2 0 2 0 2 1 2 0 1 2 0 0 0 2 0 1
2 0 0 0 2 0 2 0 2 1 1 0 2 1 2 2 0 1 0 2 0 2
2 0 0 0 0 0 1 0 2 1 2 0 2 0 1 2 0 1 0 2 0 1
2 0 0 1 2 0 0 0 2 2 1 1 0 1 2 1 0 1 0 2 1 0
2 0 0 0 2 1 1 0 2 2 2 0 1 0 2 2 1 2 0 2 0 1
1 0 0 0 0 1 1 0 2 1 2 0 2 0 2 2 0 1 0 2 0 2
2 0 0 0 2 0 1 0 2 1 1 1 1 0 2 2 0 1 1 2 0 1
2 0 0 1 2 1 2 0 1 2 2 1 1 0 1 2 0 2 0 2 0 0
1 0 0 1 1 1 0 0 2 2 2 0 1 0 0 2 0 1 0 2 0 1
2 0 1 0 1 1 1 0 2 2 2 0 2 0 2 2 0 0 2 2 0 2
1 0 0 1 1 0 0 0 1 2 2 1 1 0 1 2 1 1 0 2 0 0
1 0 0 0 2 0 2 0 2 2 2 1 1 0 1 2 0 0 0 2 0 2
2 0 1 0 0 1 1 0 2 2 2 0 1 1 2 2 0 2 1 2 0 1
1 0 0 0 0 0 1 0 2 1 2 1 1 0 2 2 0 1 0 2 1 1
2 0 0 0 1 1 1 0 2 1 2 0 2 0 2 2 0 2 0 2 1 2
2 0 0 0 0 1 2 0 2 2 1 0 2 1 1 2 0 2 0 2 0 0
1 0 0 1 0 1 0 0 2 2 2 1 1 0 0 2 1 1 0 2 0 0
1 0 0 2 2 1 0 0 2 1 1 0 1 1 1 2 0 0 0 2 0 1
2 0 0 0 0 0 1 0 2 1 2 0 2 0 2 2 1 0 0 2 0 1
2 0 0 0 1 0 2 1 2 2 1 1 2 0 2 2 1 1 0 2 0 2
2 0 1 0 0 1 1 0 2 2 2 0 2 1 2 2 1 1 0 2 0 0
2 0 0 1 0 0 2 0 2 1 1 0 2 0 1 1 0 1 1 2 0 0
2 0 0 0 1 0 2 0 2 2 2 0 2 0 0 2 0 0 0 2 1 2
1 0 0 0 1 0 0 0 2 0 2 1 0 1 2 2 0 1 0 2 0 0
1 0 1 1 0 0 2 0 2 2 2 1 1 0 0 2 0 2 0 2 0 2
2 1 0 1 1 2 1 0 2 1 1 2 2 0 1 2 0 2 0 2 0 0
2 0 0 0 1 1 2 0 2 1 2 1 2 0 0 2 0 2 1 2 0 2
2 0 0 1 1 0 2 0 2 2 1 0 2 1 0 2 0 1 0 2 0 2
1 1 1 0 1 0 2 0 2 1 2 0 2 0 2 2 0 2 0 2 0 2
2 0 1 1 1 1 1 0 2 1 1 0 2 0 2 2 0 0 0 2 0 0
2 0 0 2 0 1 1 0 2 1 2 0 2 1 1 2 0 2 0 2 0 1
2 0 1 2 2 1 2 0 2 2 2 1 1 0 2 2 1 1 0 2 0 0
1 0 1 0 0 0 0 0 2 1 2 0 2 0 1 2 0 2 0 2 1 1
2 0 1 0 1 0 2 0 1 2 2 1 1 0 2 2 0 1 0 2 0 2
2 0 0 0 2 1 0 0 2 1 2 0 2 0 2 2 0 0 0 2 0 0
2 0 1 0 0 0 0 0 2 1 2 0 2 1 2 2 0 0 0 2 0 2
2 1 0 1 0 0 1 0 2 1 2 0 2 1 0 2 0 1 0 2 0 0
2 1 0 1 1 0 0 0 2 1 0 0 2 1 2 2 0 0 0 2 0 1
2 1 0 1 1 1 0 0 2 1 2 0 1 0 2 2 0 1 0 2 0 1
2 0 0 1 1 1 1 0 2 1 1 1 1 0 2 2 0 0 0 2 0 1
2 0 0 0 1 0 1 0 2 2 1 1 1 0 0 2 0 0 0 2 0 1
2 0 0 0 0 1 2 0 2 1 2 1 2 1 1 2 0 1 0 2 1 2
1 1 0 1 1 1 2 0 2 1 0 0 2 0 2 2 0 1 0 2 1 1
1 0 1 1 0 0 2 0 2 2 2 1 1 0 1 2 0 1 0 2 0 2
1 0 1 1 1 0 1 0 2 2 2 2 0 0 1 2 0 1 0 2 0 2
1 0 0 1 1 2 1 0 2 2 0 0 1 0 0 2 1 1 1 2 1 1
1 0 0 0 2 0 1 0 2 1 1 0 2 0 1 2 0 1 0 2 0 2
2 0 1 0 1 1 2 0 2 2 1 0 2 1 1 2 0 1 0 2 0 0
1 0 1 1 2 1 0 0 2 2 2 1 1 0 2 2 0 2 0 2 0 1
2 0 1 1 1 0 2 0 2 2 2 1 1 0 1 2 0 1 0 2 0 0
0 0 0 1 1 0 2 0 2 2 2 1 1 0 1 2 0 1 0 2 0 1
2 0 0 1 0 0 2 0 1 1 1 1 1 0 1 2 0 0 0 2 0 1
2 1 0 0 1 1 0 0 2 2 2 0 1 1 1 2 0 2 0 2 0 2
2 0 0 1 2 0 1 0 2 0 2 1 1 0 2 2 0 2 0 2 1 1
1 0 0 0 1 1 2 0 2 2 2 1 1 0 1 2 0 1 0 2 0 1
2 1 0 0 2 0 1 0 2 0 1 0 1 1 2 2 0 2 0 2 1 0
1 0 0 0 2 1 2 0 2 0 2 0 2 1 1 2 0 2 0 2 0 1
2 0 1 0 1 0 1 0 2 1 2 0 1 0 2 2 0 0 0 2 1 1
1 0 0 0 0 1 1 0 2 2 1 0 2 1 1 2 0 1 0 2 0 1
2 0 0 1 0 0 2 0 2 1 1 1 2 0 2 2 0 2 0 2 2 0
1 0 0 1 1 1 0 0 2 2 1 0 2 0 1 2 1 1 0 2 1 1
1 0 0 2 0 0 0 0 2 1 2 2 2 0 0 2 1 0 0 2 0 1
2 0 0 0 1 0 0 0 2 2 1 0 2 1 0 2 0 0 0 2 0 1
2 0 0 0 2 0 1 0 2 2 1 0 1 0 2 2 1 1 0 2 0 1
1 0 0 2 1 0 2 0 2 2 2 0 2 0 1 1 0 2 0 2 0 1
2 0 0 2 1 2 1 0 2 2 2 1 1 0 2 2 0 1 0 2 0 1
2 0 1 0 0 0 1 0 2 1 2 0 1 1 0 2 0 0 0 2 0 1
2 1 0 1 1 1 1 0 2 2 1 2 1 0 1 2 0 2 0 2 0 2
2 0 0 0 2 1 1 0 2 1 2 0 2 0 1 2 0 2 0 2 0 1
2 0 0 1 1 1 1 0 1 2 2 0 1 0 2 2 0 2 0 2 0 1
2 0 0 0 2 1 2 0 2 2 2 0 2 0 2 2 1 2 1 2 0 1
1 0 0 0 2 1 1 0 2 1 2 0 1 0 1 2 0 1 0 2 0 1
1 0 0 1 2 2 2 0 2 1 2 0 1 0 1 2 0 1 0 2 0 0
2 0 0 0 0 2 2 0 1 2 1 0 1 0 1 2 0 1 0 2 1 1
2 0 0 0 1 0 1 0 2 1 2 0 1 0 1 2 0 2 0 2 0 1
2 1 2 0 0 0 2 0 2 1 1 1 2 0 1 2 1 1 0 2 0 1
2 0 0 0 1 1 2 0 1 1 2 0 2 0 2 2 0 1 0 2 0 2
2 0 0 0 2 0 2 0 2 2 1 0 2 0 1 2 0 2 1 2 0 2
0 0 0 1 0 1 1 0 2 0 1 0 1 0 1 2 0 1 0 2 1 1
2 0 0 0 1 1 0 0 2 1 2 1 2 0 2 2 0 0 0 2 0 1
2 0 0 0 0 0 2 0 2 2 2 0 2 0 1 2 2 1 0 2 0 2
1 1 0 0 0 1 1 0 2 1 1 1 0 0 2 2 0 1 2 2 0 0
2 0 0 0 1 0 2 0 2 2 2 0 2 0 1 1 1 2 0 2 0 1
2 0 0 2 1 1 1 0 2 1 2 1 2 0 1 2 0 1 0 2 1 1
2 0 0 1 1 1 2 0 2 2 2 0 2 0 1 2 0 0 0 2 0 0
2 1 0 0 1 1 2 0 1 1 2 1 2 0 1 1 0 1 0 2 0 0
2 0 2 0 2 0 0 0 1 2 1 0 2 0 2 2 0 2 0 2 1 1
2 0 0 2 1 0 1 0 2 2 1 0 2 0 1 2 0 1 0 2 0 1
2 1 0 2 1 1 2 0 2 1 2 0 2 0 1 2 0 1 0 2 0 1
1 0 0 0 0 0 0 0 2 0 2 0 2 0 1 2 0 1 0 2 0 0
2 0 0 0 2 1 0 0 2 2 2 0 2 0 2 2 0 2 0 2 0 1
2 0 0 1 1 2 1 0 2 2 2 0 1 0 2 2 0 2 0 2 0 1
2 0 0 0 1 0 0 0 2 0 2 0 2 0 2 2 0 1 0 2 1 1
0 0 1 1 1 1 1 0 2 2 2 1 1 0 2 2 0 2 0 2 0 1
1 0 0 1 1 0 1 0 2 1 2 1 1 0 1 2 0 2 0 2 0 2
2 0 0 1 0 0 1 0 2 2 2 2 1 0 0 2 0 1 0 2 0 0
2 0 0 0 2 1 2 0 2 1 2 0 2 0 2 2 0 0 0 2 0 1
1 0 0 2 1 1 2 0 2 1 2 0 2 0 2 2 0 2 0 2 0 2
1 0 0 2 1 0 1 0 2 1 1 1 2 1 1 2 0 1 0 2 0 1
1 0 1 0 1 1 2 0 1 2 2 0 2 0 2 2 0 1 0 2 0 1
2 0 0 1 2 2 1 0 2 2 2 2 1 1 0 2 0 1 0 2 0 1
1 0 0 0 1 1 1 0 2 1 0 0 2 0 1 2 0 2 0 2 0 0
1 1 0 2 2 0 2 0 2 2 1 2 2 0 0 2 0 1 0 2 0 1
1 0 0 0 0 0 1 0 2 1 1 0 2 0 2 2 0 0 0 2 0 1
1 0 0 1 2 0 2 0 2 1 2 0 0 0 1 2 0 2 0 2 0 1
1 0 0 0 2 0 1 0 2 1 2 1 1 1 1 2 0 2 0 2 0 1
2 0 0 1 0 0 1 0 2 1 2 0 2 0 1 2 1 0 0 2 0 1
2 0 1 1 0 0 2 0 2 2 2 0 2 0 2 2 0 1 0 2 0 0
2 1 0 2 0 1 0 0 2 2 2 0 1 0 1 2 0 0 0 2 0 1
2 0 0 0 1 2 2 0 2 1 1 0 2 0 0 2 0 1 0 2 0 1
2 0 0 1 1 0 1 0 2 1 2 0 1 0 2 1 0 1 0 2 0 1
2 0 0 0 1 1 2 0 2 1 2 1 1 0 1 2 0 0 0 2 0 1
2 0 0 1 2 0 0 0 2 2 2 1 1 0 1 1 0 1 0 2 0 1
2 0 0 1 1 0 1 0 2 0 2 0 1 0 2 2 1 0 0 2 0 2
1 0 0 0 1 1 2 0 2 2 2 1 1 0 1 2 1 1 0 2 0 1
1 0 0 0 2 0 1 0 1 1 2 1 1 0 1 2 0 0 0 2 0 1
2 0 0 2 1 1 1 0 2 2 2 0 2 0 2 2 0 1 0 2 0 2
1 0 0 2 1 0 1 0 2 1 2 1 1 0 1 2 1 1 0 2 0 1
1 0 0 1 2 0 1 0 2 1 2 0 2 0 1 2 0 1 0 2 0 2
2 0 0 0 0 0 2 0 2 1 2 0 2 1 2 2 0 1 0 2 0 0
1 0 0 1 1 1 2 0 2 2 2 0 1 0 2 2 0 1 2 2 0 0
2 0 0 2 0 0 2 0 2 2 2 0 0 0 2 2 0 0 0 2 0 0
2 0 1 2 0 1 2 0 2 2 2 1 1 0 0 2 1 0 0 2 0 0
2 1 0 0 1 0 1 0 2 1 2 0 1 0 1 2 0 2 1 2 1 0
1 0 0 0 1 0 1 0 2 1 1 1 1 0 2 2 0 1 0 2 0 1
2 0 0 0 2 1 2 0 2 0 1 1 1 0 2 2 0 1 0 2 0 1
0 0 0 0 1 0 1 0 2 2 2 1 1 0 1 2 0 0 0 2 0 0
2 0 1 0 0 1 2 0 2 1 1 1 2 0 1 2 1 1 0 2 0 2
1 0 0 0 0 0 2 0 2 1 2 0 2 0 1 2 0 2 0 2 1 1
2 1 0 1 1 1 2 0 2 1 2 0 2 0 0 2 0 1 0 2 0 1
2 0 1 1 1 1 1 0 2 2 2 0 1 0 2 1 0 2 0 2 1 2
1 1 0 0 1 1 2 0 2 1 1 1 2 0 2 2 0 1 0 2 0 1
1 0 1 1 1 0 2 0 2 1 2 0 1 0 0 2 1 1 0 2 0 2
2 0 1 1 1 1 1 0 2 0 2 1 2 1 1 2 0 2 0 2 0 1
0 2 0 1 2 0 2 0 2 2 2 0 2 0 1 2 0 1 0 2 0 1
2 0 0 0 2 0 1 0 1 1 2 1 1 0 1 2 0 2 0 2 0 1
2 0 0 0 2 1 1 0 2 2 0 2 0 1 2 2 0 1 0 2 0 2
2 0 0 1 1 0 2 0 1 0 2 1 2 0 1 2 0 0 0 2 0 0
2 0 0 1 1 2 0 0 2 1 1 0 2 0 1 2 0 1 0 2 0 1
2 0 1 1 1 0 2 0 2 2 2 1 1 0 0 2 0 1 0 2 0 0
2 1 1 0 1 0 1 0 2 2 0 0 2 1 0 2 0 2 0 2 0 0
2 0 0 1 0 1 1 0 2 0 2 2 2 0 2 2 0 1 0 2 0 2
2 0 0 2 1 0 0 0 2 2 2 2 1 0 1 2 1 1 0 2 0 2
2 0 0 1 1 0 0 0 2 1 2 0 2 0 2 2 0 0 0 2 0 0
0 0 0 0 1 1 1 0 2 2 0 1 2 1 1 1 0 2 0 2 0 2
2 0 0 1 2 0 1 0 2 1 2 0 2 0 1 2 0 2 0 2 0 0
0 0 0 1 0 1 1 0 2 1 2 0 1 0 2 2 0 2 0 2 0 0
2 0 1 1 2 0 1 0 2 1 2 1 1 0 1 1 0 1 0 2 0 1
2 0 1 1 0 0 1 0 2 2 1 0 2 0 1 2 0 0 0 2 0 0
2 0 0 0 1 1 1 0 2 2 2 0 1 0 2 2 0 1 0 2 0 0
1 0 0 1 1 1 2 0 2 2 2 2 1 0 1 2 0 0 1 2 0 1
2 0 0 1 2 1 2 0 2 1 1 1 0 0 2 2 0 1 0 2 0 2
2 1 0 0 2 1 2 0 2 1 2 0 2 0 1 2 1 0 0 2 0 0
2 0 0 1 1 0 2 0 2 0 2 0 0 1 2 2 0 0 0 2 0 1
2 0 1 0 0 0 1 0 2 2 2 2 2 0 1 2 0 1 0 2 0 0
1 0 0 0 1 0 0 0 2 2 2 0 2 0 2 2 0 2 0 2 0 1
2 0 0 1 1 0 1 0 2 1 2 0 0 1 2 2 1 2 0 2 0 1
1 0 0 1 0 0 1 0 2 1 0 0 2 0 1 2 1 1 0 2 0 0
2 0 0 2 2 0 1 1 1 1 2 1 2 0 1 2 0 1 0 2 0 2
1 0 1 1 1 1 2 0 2 2 2 1 1 0 1 2 0 1 0 2 0 1
1 0 0 0 0 1 1 0 2 2 1 0 1 0 2 2 0 1 0 2 1 1
1 0 0 2 1 0 2 0 2 2 1 0 2 0 2 2 0 0 1 2 0 1
2 0 0 1 0 2 1 0 2 0 1 0 2 1 1 2 0 1 0 2 0 0
1 0 0 1 1 0 1 0 1 1 2 1 2 0 1 2 1 1 0 2 0 2
1 0 0 0 1 1 1 0 2 2 1 1 2 0 0 2 1 1 0 2 0 2
2 0 0 1 0 0 0 0 2 2 2 0 2 0 2 2 0 0 0 2 0 2
2 0 1 1 0 0 1 0 1 1 2 0 1 1 2 2 0 2 0 2 0 2
2 0 1 1 0 1 1 0 2 2 1 0 2 0 1 2 0 0 0 2 0 1
1 0 0 1 0 1 2 0 2 1 1 0 0 0 1 2 0 0 0 2 0 2
1 0 1 2 1 0 2 0 2 1 1 0 2 0 1 2 0 1 0 2 0 2
1 1 0 2 0 0 2 0 2 2 2 1 1 1 1 2 0 1 0 2 0 1
1 0 0 0 0 0 1 0 2 2 1 1 2 1 1 2 1 2 0 2 0 0
2 0 0 1 1 0 1 0 2 2 2 0 1 0 0 2 0 2 0 2 0 1
2 0 1 1 2 1 2 0 2 2 1 0 2 0 1 1 0 0 0 2 1 1
1 0 1 1 0 0 1 0 2 2 2 0 2 1 2 2 0 0 0 2 0 1
0 0 0 1 1 1 1 0 1 1 1 0 2 1 2 2 0 1 0 2 1 0
2 0 0 0 1 0 1 0 2 1 2 1 1 0 1 2 0 2 0 2 0 1
1 0 0 0 0 1 1 0 2 2 1 2 1 0 1 2 0 0 0 2 0 2
1 0 2 1 0 0 1 0 2 1 1 1 1 0 2 2 0 0 0 2 0 1
2 0 0 0 1 2 1 0 2 1 1 0 2 0 2 2 0 1 0 2 0 0
2 0 0 1 0 1 2 0 2 1 1 0 1 0 0 1 0 1 0 2 0 2
2 1 0 0 1 0 2 0 1 1 2 0 2 1 1 2 0 2 0 2 0 2
0 0 0 2 1 0 2 0 2 1 2 0 2 0 0 2 0 1 0 2 0 1
2 0 0 0 2 0 1 0 2 2 2 1 1 0 2 2 0 2 0 2 0 1
2 0 0 2 1 1 1 0 2 1 2 1 1 0 1 2 0 2 1 2 0 1
1 0 0 2 2 0 1 0 2 2 2 0 2 0 1 2 1 1 0 2 0 0
1 0 1 2 0 0 1 0 2 2 1 0 2 0 2 2 0 0 0 2 0 1
2 0 0 0 1 1 0 0 1 0 2 0 2 0 1 2 0 1 0 2 0 1
2 0 0 1 1 2 1 0 2 1 2 1 2 0 1 2 0 0 0 2 0 0
2 0 0 1 2 0 2 0 2 2 2 1 2 0 1 2 0 2 1 2 0 1
1 0 1 0 2 0 1 0 2 1 2 0 2 1 1 2 0 1 0 2 0 1
2 0 0 1 1 1 1 0 2 2 2 0 1 0 2 2 0 0 0 2 0 0
0 1 0 0 2 2 0 0 2 1 2 0 2 0 1 2 0 1 0 2 0 1
0 1 0 1 1 1 0 0 2 2 1 0 2 1 2 2 0 2 0 2 0 0
1 0 0 0 1 0 2 0 2 2 1 0 2 0 2 2 0 1 0 2 0 1
2 0 0 0 1 1 0 0 2 2 2 0 2 0 1 2 0 0 0 2 1 1
2 0 0 1 1 1 1 1 2 2 2 0 1 0 0 2 0 1 0 2 0 2
2 0 0 1 0 0 1 0 2 1 2 0 1 0 2 1 1 0 0 2 0 0
0 0 1 0 0 0 2 0 1 1 2 0 1 0 1 2 1 1 0 2 0 1
1 0 0 0 2 0 2 0 2 0 1 2 2 0 2 2 2 0 0 2 0 0
2 0 0 1 0 2 0 0 2 2 1 0 2 0 1 2 0 2 0 2 0 1
1 0 1 1 0 1 1 0 2 2 2 0 2 0 1 2 0 1 0 2 0 1
2 0 0 1 2 0 0 1 2 1 1 0 2 0 2 2 0 2 1 2 0 0
2 0 0 0 0 0 0 0 2 1 2 0 2 1 0 1 0 1 0 2 0 2
1 0 0 1 1 1 2 0 1 1 1 2 1 0 2 2 1 1 0 2 0 0
2 0 0 1 2 1 0 0 2 1 2 1 1 0 2 2 0 2 0 2 1 1
1 1 0 1 1 0 1 0 2 2 2 0 1 1 1 2 0 2 0 2 0 1
2 1 0 0 1 1 1 0 2 1 2 1 2 0 1 2 0 0 0 2 0 1
1 0 0 1 1 1 1 0 2 2 2 0 2 0 2 2 0 0 0 2 0 0
2 0 0 0 1 0 2 0 2 2 2 1 1 1 2 2 0 1 0 2 0 1
1 0 0 0 1 1 2 0 2 2 2 0 2 0 1 2 0 2 0 2 1 1
2 0 0 1 0 0 1 0 2 2 2 0 1 0 2 2 0 0 0 2 1 0
0 0 0 0 1 1 1 0 1 2 2 0 2 0 2 2 0 0 0 2 0 2
2 0 0 1 1 0 1 0 2 1 2 2 2 0 2 2 1 2 0 2 0 1
2 0 0 0 2 0 2 0 2 1 1 0 2 0 1 2 1 0 0 2 0 0
2 0 0 0 0 1 0 0 2 0 2 0 2 1 2 2 1 1 0 2 0 0
1 0 0 1 1 0 0 0 2 1 2 1 1 2 1 2 0 0 0 2 0 2
1 0 0 0 0 0 1 0 2 0 0 1 2 0 1 2 0 0 1 2 0 1
2 0 0 1 1 0 1 0 2 1 2 1 0 0 0 2 1 0 0 2 0 1
2 0 0 0 2 0 1 0 2 1 2 0 1 0 2 2 1 0 0 2 1 0
2 0 1 1 2 0 1 0 2 0 0 0 2 0 1 2 0 1 0 2 0 0
1 0 1 0 0 1 2 1 2 2 2 2 2 1 2 2 0 0 0 2 0 1
1 1 0 1 1 0 1 0 2 2 1 0 2 1 0 2 0 2 0 2 0 0
2 0 0 1 0 1 1 0 2 1 1 1 1 0 1 2 0 1 0 2 1 2
2 0 0 1 1 1 1 0 2 2 2 0 2 0 1 2 1 0 0 2 0 1
2 0 0 0 0 0 1 0 2 1 1 0 1 0 2 1 0 0 0 2 2 2
2 0 0 2 1 0 0 0 2 2 2 0 1 0 1 2 1 1 0 2 1 1
2 1 0 1 1 0 1 0 2 1 1 0 2 0 2 2 0 0 0 2 0 2
2 0 1 0 1 0 2 0 2 2 2 1 2 0 2 2 0 1 0 2 0 1
2 0 0 1 1 1 2 0 2 1 2 1 2 1 2 2 0 2 0 2 1 1
1 0 0 1 2 2 2 0 2 1 2 0 2 0 1 2 0 1 1 2 0 1
2 0 0 1 0 1 2 0 2 1 2 0 1 0 2 2 0 1 0 2 0 0
1 0 0 1 2 0 2 0 2 1 2 0 2 0 0 2 0 1 0 2 0 0
2 0 0 1 1 0 1 0 2 2 0 0 2 0 1 2 0 1 0 2 0 1
2 1 0 0 0 0 2 0 2 0 0 0 2 0 1 2 0 0 0 2 0 1
2 0 0 1 0 0 2 0 2 2 1 1 2 0 2 2 0 1 1 2 0 0
1 1 0 0 0 0 2 0 2 0 2 0 1 0 2 2 0 1 1 2 0 1
1 0 1 0 1 1 1 0 2 2 2 0 2 1 2 2 0 1 0 2 0 1
2 0 0 1 0 0 2 0 2 0 2 0 1 0 1 2 0 1 0 2 1 1
2 0 1 1 0 0 1 0 2 2 1 2 2 0 1 2 0 1 0 2 0 2
2 0 0 1 1 0 0 0 2 2 2 0 2 0 2 2 0 0 0 2 1 0
2 0 0 0 0 1 2 0 2 2 1 1 2 0 1 2 1 1 0 2 0 1
2 0 0 0 0 0 1 0 2 0 1 1 2 1 2 2 0 0 0 2 0 0
2 0 0 0 1 0 2 0 2 1 2 0 2 0 2 2 0 0 0 2 0 1
1 0 0 1 1 0 2 0 2 1 2 1 2 0 2 2 1 0 0 2 0 2
2 1 0 0 1 1 1 0 2 0 1 0 1 1 2 2 0 0 0 2 1 1
2 0 0 1 2 2 1 0 2 1 2 0 2 0 1 2 0 1 0 2 0 0
1 0 0 0 1 1 2 0 2 1 1 0 1 0 2 2 0 2 0 2 0 1
0 0 0 1 1 1 2 0 1 0 2 1 1 0 2 2 0 2 0 2 0 0
2 0 1 0 2 0 0 0 2 1 1 0 1 0 1 2 0 2 0 2 0 2
1 0 0 0 1 1 1 1 2 1 2 1 2 0 1 1 0 0 0 2 0 1
1 0 0 1 2 1 2 0 1 2 1 0 2 0 2 2 0 2 0 2 0 1
2 1 0 1 1 1 2 0 2 2 2 0 1 0 2 2 1 0 0 2 0 1
1 0 1 0 1 0 1 0 2 2 2 0 2 0 2 2 0 2 0 2 0 1
1 0 0 1 2 1 1 0 2 1 2 1 2 1 0 2 0 1 0 2 0 0
2 0 0 2 0 0 1 1 2 1 2 0 0 1 2 2 0 0 0 2 1 1
2 0 0 1 1 0 1 0 2 2 1 1 1 0 1 2 1 2 0 2 0 1
1 1 0 1 0 1 1 0 2 2 2 0 2 0 1 2 0 0 0 2 0 2
2 0 0 1 0 0 1 1 2 2 2 0 1 0 2 1 0 1 0 2 0 1
1 0 0 1 2 0 2 0 2 0 2 0 2 0 2 2 0 0 0 2 0 1
2 0 0 1 0 1 1 0 2 1 2 0 2 0 2 2 0 2 0 2 0 2
2 0 0 1 1 1 1 0 1 1 2 1 2 0 0 2 0 1 0 2 0 0
2 0 0 1 1 0 1 0 2 2 1 0 2 0 1 2 0 1 0 2 0 0
1 0 0 1 1 1 1 0 2 1 2 1 2 0 2 2 0 0 0 2 0 1
2 0 0 1 2 0 1 0 2 2 2 1 1 0 1 2 1 1 0 2 0 0
1 0 0 1 0 2 1 0 2 1 2 0 1 0 1 2 0 1 0 2 0 1
2 0 0 2 1 2 0 0 2 1 1 2 1 0 2 2 0 2 0 2 0 0
0 0 0 0 0 1 0 0 2 1 0 0 1 0 2 2 0 1 1 2 0 0
2 1 0 1 1 1 0 0 2 0 2 1 2 0 1 2 0 1 0 2 0 1
1 0 0 0 0 1 1 0 2 1 1 0 1 0 1 2 0 1 0 2 0 1
1 0 0 2 1 1 1 1 1 0 2 1 2 0 2 2 0 1 0 2 0 2
1 0 0 0 1 2 1 0 2 2 2 0 2 0 1 2 1 1 0 2 1 0
1 1 0 0 2 1 0 0 2 0 2 0 2 1 1 2 1 1 0 2 0 2
1 0 0 1 1 0 0 0 2 0 1 1 2 0 1 1 0 2 0 2 0 1
1 0 0 0 1 0 1 0 2 1 2 1 1 1 0 2 0 0 0 2 0 1
2 0 1 0 0 1 2 0 2 2 2 0 1 0 2 2 0 0 0 2 0 2
1 0 0 1 0 1 0 0 2 2 1 0 1 0 2 2 0 1 0 2 0 1
1 0 0 2 1 1 2 0 2 2 2 1 2 0 2 2 0 1 1 2 0 0
2 0 0 2 0 0 1 0 2 2 2 0 2 0 2 2 0 1 0 2 0 0
0 0 0 0 1 0 2 0 2 1 2 0 2 0 2 2 0 0 1 2 0 1
2 0 0 0 1 1 2 0 2 2 2 1 1 0 2 1 0 2 0 2 0 2
2 0 0 2 0 1 1 0 2 2 2 1 2 0 2 2 0 0 0 2 0 0
2 0 0 1 1 0 2 0 2 2 2 1 1 1 1 2 0 2 0 2 0 1
2 0 0 2 1 0 1 0 2 1 2 0 2 0 1 2 0 1 0 2 0 2
2 0 0 1 0 0 1 0 2 1 2 0 2 0 1 2 0 0 0 2 0 1
2 0 0 1 1 0 2 0 1 1 2 1 2 1 1 2 0 2 0 2 1 0
1 0 0 1 0 0 2 0 2 2 2 2 2 0 2 2 0 0 0 2 0 1
2 0 0 2 2 2 2 0 2 0 2 0 2 0 1 1 0 1 0 2 0 0
2 0 0 1 0 1 1 0 2 1 2 1 1 0 1 2 0 1 0 2 0 2
2 0 0 2 1 2 1 0 2 1 2 2 2 0 0 2 0 1 0 2 0 1
1 0 1 1 2 0 1 0 2 2 2 0 2 0 1 2 0 1 0 2 0 0
1 0 0 2 1 0 1 0 2 1 2 1 1 0 1 2 0 0 0 2 0 0
0 0 0 1 2 1 0 0 2 2 2 0 2 0 2 1 0 1 0 2 0 0
2 0 1 1 0 0 2 0 2 0 2 1 1 0 1 2 0 1 0 2 1 0
1 0 1 0 2 0 2 0 2 1 2 0 2 0 1 2 1 1 0 2 2 0
2 0 0 1 0 0 2 0 2 1 1 0 2 0 0 2 0 1 0 2 1 1
1 0 0 1 2 0 2 0 2 2 1 1 1 0 1 2 1 0 0 2 0 0
2 0 1 0 1 0 2 0 1 0 1 0 1 0 2 2 0 1 0 2 0 2
1 0 1 1 0 0 2 0 1 2 2 0 2 1 1 2 0 1 0 2 0 1
2 0 0 1 1 2 2 0 2 2 2 0 2 0 2 2 0 0 0 2 0 1
1 0 0 1 0 1 1 0 2 1 2 1 2 0 1 2 0 0 0 2 0 1
2 0 0 0 0 2 2 0 2 0 2 1 2 0 2 2 0 1 0 2 0 1
1 0 0 0 0 1 1 0 2 1 1 0 2 0 1 2 1 0 0 2 1 1
2 0 0 1 1 0 1 0 2 1 1 0 2 0 1 2 1 0 0 2 0 0
2 0 1 1 2 0 1 0 2 1 1 0 2 0 1 2 0 2 0 2 0 2
1 0 0 0 1 0 1 0 2 1 2 1 1 1 1 2 1 2 1 2 0 1
2 1 0 0 2 0 1 0 2 2 1 2 2 0 1 2 0 1 0 2 1 2
0 0 1 1 0 0 1 0 2 2 2 0 2 0 2 2 0 2 0 2 0 2
2 0 0 1 1 1 2 0 2 2 2 1 2 0 2 2 0 1 0 2 0 1
1 0 0 0 0 0 1 0 2 2 1 0 1 0 0 2 0 1 0 2 0 1
1 1 0 1 0 0 0 0 2 2 2 2 2 0 2 2 0 0 0 2 0 0
1 0 0 1 1 0 2 0 2 2 2 2 2 0 2 2 0 0 0 2 0 1
2 0 0 0 2 0 2 0 2 1 2 1 2 0 2 2 0 1 0 2 0 1
2 0 0 2 1 2 0 0 2 2 1 0 2 1 2 2 0 2 0 2 0 0
1 0 0 1 1 0 0 0 2 0 2 0 2 0 1 2 0 1 0 2 0 1
1 0 0 2 1 1 1 0 2 2 2 0 2 0 1 2 0 1 0 2 1 1
1 0 0 1 0 0 1 0 2 2 1 0 1 1 2 2 0 1 0 2 0 1
2 0 0 1 1 0 1 0 2 2 2 0 2 1 1 2 0 1 0 2 0 0
0 0 0 1 2 0 1 0 2 1 2 0 2 0 2 2 1 1 0 2 0 0
2 0 0 1 2 1 2 0 2 0 2 0 2 1 2 2 0 1 0 2 0 2
2 0 0 1 1 0 1 0 2 2 2 0 1 1 1 2 0 0 0 2 0 2
1 0 0 1 0 0 2 0 2 1 2 0 1 1 2 2 0 1 1 2 0 1
0 0 0 1 1 1 2 0 2 2 2 1 1 0 2 2 0 2 0 2 0 1
1 1 0 1 0 0 1 0 2 2 0 0 1 0 2 2 0 1 0 2 0 1
2 0 0 2 0 0 2 0 2 1 2 0 2 0 1 1 1 1 0 2 0 0
2 0 0 1 2 1 1 0 2 0 2 0 2 1 0 2 0 1 0 2 1 1
1 1 0 1 2 2 2 0 2 2 1 0 2 0 1 2 0 1 0 2 0 1
2 0 0 0 1 0 0 0 2 2 1 1 2 0 2 2 0 1 1 2 1 0
2 1 0 2 1 0 1 0 2 1 0 0 1 1 1 2 0 0 0 2 0 1
1 0 1 0 1 1 1 0 2 2 1 0 2 0 2 2 0 0 0 2 0 2
1 0 0 2 0 1 1 0 2 2 2 0 2 0 0 2 0 2 0 2 0 1
2 0 0 1 0 0 2 0 2 1 2 0 2 1 2 2 0 2 0 2 0 1
2 0 0 0 1 0 2 0 1 2 2 0 2 0 1 2 0 1 0 2 0 1
2 0 1 2 2 0 2 0 2 2 2 2 2 0 2 2 0 1 0 2 0 0
2 1 1 0 2 0 1 0 2 2 2 1 2 0 2 2 1 2 1 2 0 0
1 0 1 0 1 0 2 0 2 0 2 0 2 0 2 2 2 1 0 2 0 1
2 0 0 0 2 0 1 0 2 2 1 0 1 0 2 1 0 1 0 2 0 1
1 0 0 1 0 0 0 0 2 2 2 0 0 0 2 2 0 0 0 2 0 1
2 0 0 0 1 0 1 0 2 2 0 1 2 0 1 2 0 1 0 2 0 0
2 0 0 1 0 2 2 0 2 2 2 0 1 0 2 2 0 1 0 2 0 0
1 0 0 1 1 0 1 0 2 2 2 0 2 0 2 2 0 0 1 2 0 0
2 0 0 1 1 1 1 0 2 2 2 1 2 0 0 2 0 0 0 2 0 0
2 0 0 0 1 0 1 0 1 2 0 0 1 0 1 2 2 1 0 2 0 1
1 0 0 0 2 0 0 0 2 2 1 0 1 0 0 2 0 1 0 2 0 0
1 0 0 1 2 0 1 0 2 1 2 0 1 0 1 2 0 2 0 2 0 1
0 2 1 0 1 2 1 0 2 0 2 0 2 0 1 1 0 0 0 2 0 1
2 0 0 0 2 0 1 0 2 2 2 0 2 0 1 2 0 2 0 2 0 0
1 0 1 1 2 1 1 0 2 2 2 1 2 1 1 2 0 1 0 2 0 1
2 0 1 0 0 0 1 0 2 2 2 0 2 1 1 2 0 1 0 2 0 1
2 0 1 0 1 0 0 0 2 0 2 0 2 0 2 2 0 1 0 2 0 1
1 0 1 0 1 0 0 0 2 1 2 0 1 0 2 2 0 1 0 2 0 1
2 0 0 1 2 0 1 0 2 1 2 0 1 0 1 2 0 1 0 2 0 0
1 0 0 0 0 1 2 0 1 1 1 1 0 1 1 2 0 1 0 2 0 2
2 0 0 2 0 0 1 0 2 1 2 0 2 2 1 2 0 1 0 2 1 1
1 0 0 2 1 1 2 0 2 2 2 0 1 0 0 2 0 2 0 2 0 1
2 0 0 1 2 0 1 0 2 1 2 0 1 0 2 2 0 1 0 2 1 2
0 1 0 1 1 0 1 0 2 2 2 1 2 1 1 2 0 0 0 2 0 1
2 1 1 1 0 0 1 0 2 0 2 0 1 1 2 2 0 0 0 2 1 1
1 0 0 0 2 0 1 0 2 1 2 0 1 0 1 2 0 0 0 2 0 1
2 1 0 1 1 0 1 0 2 0 0 1 2 0 2 2 0 1 0 2 0 0
2 0 1 1 0 0 1 0 2 1 1 0 2 0 1 2 0 1 0 2 0 0
1 1 0 2 0 0 0 0 2 1 2 0 2 0 2 2 0 2 0 2 0 2
1 0 0 1 1 0 0 0 2 1 1 1 2 1 1 2 0 0 0 2 1 0
1 0 0 1 0 0 2 0 2 1 1 0 2 0 2 2 0 0 0 2 0 2
1 0 0 0 0 1 1 0 2 1 1 0 2 0 2 2 0 2 0 2 0 1
1 0 0 1 1 0 1 0 2 2 2 0 1 0 1 1 0 0 0 2 0 0
1 0 0 0 1 0 1 0 2 2 1 0 2 0 2 2 0 2 0 2 0 0
2 1 0 1 2 0 0 0 2 2 1 0 1 0 2 2 0 1 0 2 0 1
2 0 0 1 2 1 1 0 1 1 1 1 2 0 2 2 0 0 0 2 0 2
2 0 0 1 0 0 1 0 2 2 2 1 2 0 2 2 0 2 0 2 1 1
2 0 0 0 1 1 2 0 2 2 2 0 2 0 0 2 0 1 0 2 0 0
2 1 0 1 1 0 1 0 1 1 2 0 2 2 1 1 0 0 0 2 0 0
2 0 0 0 0 1 1 0 1 2 1 1 2 0 2 2 0 0 0 2 0 1
2 0 1 0 2 1 2 0 2 2 2 1 2 1 2 2 0 2 1 2 0 1
2 0 0 0 1 1 1 0 2 1 2 0 2 0 1 2 0 1 0 2 0 2
2 0 0 1 0 1 2 0 2 1 1 1 2 0 0 2 0 1 0 2 0 2
2 0 0 1 1 1 1 0 2 1 2 0 2 0 2 2 0 0 0 2 0 2
1 0 1 2 1 0 1 0 2 0 2 0 2 0 2 2 0 1 0 2 0 1
2 0 1 1 1 1 1 0 2 2 2 1 2 0 0 2 0 1 0 2 0 2
2 0 0 0 0 0 1 0 2 1 2 0 2 0 0 2 0 2 0 2 0 0
2 0 0 1 2 0 1 0 2 0 2 1 1 0 2 2 0 0 0 2 0 1
0 0 0 1 2 1 2 0 1 1 2 0 2 0 2 1 0 1 0 2 0 1
0 0 0 2 0 1 2 0 2 1 2 0 2 0 2 2 1 0 0 2 0 1
1 0 0 0 0 2 1 0 2 1 2 1 2 0 1 2 0 0 0 2 0 1
2 0 1 0 0 0 1 0 2 1 2 0 1 0 0 2 0 0 0 2 0 1
1 0 0 1 0 0 2 0 2 2 1 2 2 0 1 2 0 1 0 2 0 0
1 0 0 0 1 1 2 0 2 2 1 0 2 1 1 2 0 0 0 2 0 0
2 0 0 0 0 0 2 0 2 1 2 0 1 1 1 2 0 0 0 2 0 1
2 0 0 1 2 0 1 0 2 2 1 0 2 0 2 2 0 1 0 2 0 1
1 1 0 1 1 0 0 0 2 1 2 0 1 0 1 2 0 1 0 2 0 1
1 0 0 2 0 1 1 0 2 0 2 0 1 0 0 2 0 0 0 2 0 2
2 0 0 1 0 0 2 0 2 1 1 0 1 0 2 2 0 0 0 2 0 1
1 0 0 2 1 0 2 0 2 1 2 1 2 0 1 2 0 1 0 2 0 1
1 0 0 1 1 1 1 0 2 2 2 1 1 0 1 1 0 1 0 2 0 2
2 0 1 1 0 0 0 0 2 2 1 1 2 1 1 2 0 0 0 2 0 1
2 0 0 1 0 0 2 0 2 0 1 0 2 0 2 2 0 1 0 2 0 1
2 0 1 0 1 0 1 0 2 2 2 0 1 0 1 2 0 0 0 2 0 2
0 0 0 0 2 0 2 0 1 2 2 0 2 0 1 2 2 1 1 2 0 1
1 0 1 1 2 1 1 0 2 2 2 0 2 0 0 2 0 0 0 2 0 1
1 0 0 2 1 1 0 0 2 0 2 0 1 0 1 2 0 0 0 2 0 0
1 0 0 1 1 0 1 0 2 2 1 0 2 0 1 2 0 1 0 2 0 0
2 1 0 1 2 1 1 0 2 0 2 0 2 0 2 2 0 1 0 2 0 0
1 0 0 1 0 0 1 0 2 2 2 1 1 0 1 2 0 2 0 2 1 2
2 0 0 0 1 0 1 0 2 2 2 0 2 0 2 2 0 1 0 2 0 1
1 0 0 2 1 1 0 0 2 1 1 0 1 0 2 2 0 1 0 2 0 1
1 0 0 0 1 0 1 0 1 2 2 0 2 0 2 2 0 0 0 2 0 1
2 0 0 0 1 0 1 0 2 2 2 0 1 1 1 2 0 2 0 2 0 1
1 0 0 1 0 0 2 0 2 1 2 0 2 0 1 2 0 0 0 2 0 1
2 0 0 0 0 1 1 0 2 2 1 0 2 1 2 2 0 1 0 2 0 0
2 0 0 1 1 0 0 0 2 1 1 0 2 0 0 2 1 1 0 2 0 0
2 1 0 0 0 0 2 0 2 0 2 1 2 1 0 2 0 0 0 2 1 1
1 0 0 1 1 1 1 0 2 1 1 1 2 0 1 2 0 2 0 2 0 0
1 0 2 2 0 0 2 0 2 2 2 1 1 1 1 1 0 1 0 2 0 1
1 0 0 1 2 1 0 0 2 1 1 1 2 0 1 2 0 1 0 2 0 1
1 0 0 0 1 1 1 0 2 1 1 1 1 1 2 2 1 2 0 2 0 1
2 0 0 0 1 2 2 1 2 2 1 0 2 0 2 2 0 1 0 2 0 1
2 0 0 1 0 1 1 0 1 1 2 1 1 0 1 2 0 0 0 2 0 0
2 1 0 0 0 0 2 0 2 2 1 0 2 0 2 2 0 1 0 2 0 1
2 0 0 0 1 1 2 0 2 1 2 0 2 0 2 2 0 1 0 2 0 0
2 0 0 1 1 0 1 0 2 1 2 0 2 0 0 2 0 1 0 2 0 1
2 0 0 0 0 1 2 0 2 1 2 0 2 1 2 2 0 0 0 2 0 2
2 0 1 0 1 0 0 0 2 1 1 0 1 0 1 2 0 1 0 2 0 1
1 0 0 1 1 0 0 0 2 1 2 0 2 1 1 2 0 1 0 2 0 2
2 0 0 1 1 2 2 0 2 2 2 0 2 0 2 2 0 0 0 2 0 2
2 0 0 0 0 0 2 0 2 1 2 0 2 0 1 2 0 1 0 2 1 1
1 0 0 0 1 0 2 0 2 1 2 0 1 1 2 2 0 1 0 2 0 0
2 0 0 1 1 0 0 0 1 1 1 0 1 1 1 2 0 2 0 2 0 1
2 0 0 1 2 0 1 0 2 1 2 1 1 1 2 2 0 2 0 2 0 0
0 0 0 1 0 1 1 0 2 0 2 0 2 0 1 1 0 1 0 2 1 1
1 0 0 2 2 0 2 0 2 1 2 0 2 1 2 2 0 0 0 2 0 1
1 1 0 0 1 1 1 0 1 2 2 0 1 0 2 2 0 0 0 2 0 1
1 0 1 0 1 0 1 0 2 2 2 1 2 0 2 2 0 0 0 2 0 1
1 0 0 1 0 0 2 0 2 1 2 1 1 0 2 2 0 1 0 2 0 0
1 1 0 1 2 0 0 0 2 1 2 0 2 0 2 2 0 2 0 2 1 2
1 0 1 1 0 2 1 0 2 0 2 0 2 0 0 2 0 2 0 2 0 1
2 0 0 1 1 1 2 0 2 0 1 0 2 0 2 2 0 1 0 2 1 1
2 0 0 1 1 0 2 0 2 1 1 0 2 0 1 2 0 1 0 2 1 0
2 0 0 0 0 1 1 0 2 1 2 1 1 1 2 2 0 0 0 2 0 0
2 0 0 1 0 0 1 0 2 2 1 0 1 0 2 2 0 1 0 2 0 1
1 1 1 0 1 1 1 0 2 1 2 1 1 0 2 2 1 2 0 2 0 2
1 0 0 1 1 1 0 0 2 1 1 0 2 0 2 2 0 0 0 2 0 0
1 0 0 0 1 1 1 0 2 2 1 0 1 0 2 2 0 0 0 2 0 1
1 0 1 1 0 0 1 0 1 1 2 0 0 0 2 2 1 0 0 2 1 1
2 0 0 2 2 0 2 0 2 2 1 0 2 0 2 2 0 1 0 2 0 2
2 0 0 2 1 1 1 0 2 1 2 0 2 1 2 2 0 1 0 2 1 1
1 0 0 0 1 0 1 0 2 0 2 1 2 0 1 2 0 2 0 2 0 0
1 0 0 0 1 0 1 0 2 1 2 0 1 0 1 2 0 1 0 2 0 1
2 0 0 0 1 1 1 0 2 1 2 0 2 0 1 2 0 2 0 2 0 0
2 0 0 1 1 0 1 0 2 1 2 0 2 0 1 2 0 2 0 2 0 0
1 0 0 2 1 0 2 0 2 2 0 1 1 0 1 2 0 1 0 2 0 0
1 0 1 0 0 0 1 0 2 0 1 1 2 0 1 2 1 1 0 2 0 1
2 0 0 1 1 0 2 0 2 1 2 0 1 0 2 2 0 0 1 2 0 0
2 0 1 1 1 1 2 0 2 2 1 0 1 0 2 2 0 0 0 2 1 1
1 0 0 2 2 1 2 0 2 1 2 0 1 0 2 2 0 0 0 2 1 2
1 0 1 0 1 0 2 0 2 1 2 0 2 1 1 2 0 1 0 2 0 0
2 0 0 1 0 1 1 0 2 1 2 0 1 0 2 2 0 0 0 2 0 1
1 0 0 1 1 0 2 0 2 1 1 0 2 2 2 2 0 1 0 2 0 0
2 0 0 0 0 0 1 0 2 1 2 1 2 0 1 2 0 1 0 2 0 1
2 0 0 2 0 1 0 0 2 2 2 0 2 0 1 2 1 1 1 2 0 2
2 0 1 0 1 0 2 0 1 2 2 0 1 0 2 1 0 2 0 2 0 2
2 0 0 1 1 0 0 0 2 0 2 1 2 1 2 2 0 1 0 2 0 2
1 0 0 1 2 0 1 0 2 2 1 1 2 1 2 2 0 2 0 2 0 1
2 0 0 1 1 1 0 0 2 1 2 1 2 0 2 2 0 2 0 2 1 1
1 1 0 0 1 0 1 0 2 1 2 1 1 0 2 2 0 1 0 2 0 0
0 0 0 1 1 0 2 0 2 2 2 1 0 0 0 2 0 1 0 2 0 2
1 0 0 2 1 1 2 0 2 2 1 0 2 0 1 2 0 0 0 2 0 0
1 1 0 0 1 0 1 0 2 1 1 0 1 0 2 2 1 2 0 2 0 2
1 0 0 1 0 1 2 0 2 1 2 0 2 1 2 2 0 1 0 2 0 1
1 0 1 0 0 1 2 0 2 2 2 0 2 2 0 2 0 2 1 2 0 1
1 0 0 1 0 1 1 0 2 2 2 0 1 0 2 2 0 1 0 2 0 0
2 0 0 2 2 1 1 0 2 2 2 1 2 1 1 2 0 1 0 2 0 1
1 0 0 1 1 0 2 0 1 0 1 1 2 0 1 2 0 2 1 2 0 1
0 0 0 0 1 1 1 0 2 2 2 1 2 0 0 2 0 2 0 2 0 2
2 0 0 0 0 0 1 0 2 0 2 1 2 0 1 2 0 0 0 2 0 1
1 1 0 1 1 1 2 0 2 2 1 1 2 0 1 2 0 2 0 2 1 2
2 0 0 1 0 2 0 0 2 1 2 0 2 0 0 2 0 2 0 2 0 1
2 0 0 1 0 0 1 0 2 2 2 1 1 0 1 1 0 1 0 2 1 0
2 0 0 0 1 2 0 0 2 1 2 1 1 0 0 2 0 1 0 2 0 0
0 0 0 1 0 0 1 0 2 0 2 1 2 1 1 2 0 0 0 2 0 1
1 0 0 0 0 0 2 0 2 2 2 1 2 0 2 2 0 0 0 2 0 2
2 0 0 2 1 0 2 0 2 0 1 0 2 0 2 2 0 0 0 2 1 2
2 1 0 1 1 1 1 0 1 2 1 0 2 0 2 2 0 1 0 2 0 0
2 0 0 0 2 0 1 0 2 1 1 0 2 0 1 2 0 1 1 2 0 2
0 0 0 0 1 0 0 0 2 2 1 0 2 1 1 2 0 0 0 2 0 0
2 0 1 0 0 0 1 0 2 2 2 0 2 0 2 2 0 2 0 2 0 2
2 0 0 0 1 1 1 0 2 0 2 0 1 2 1 2 0 1 0 2 0 1
2 0 0 0 1 0 2 0 2 2 2 1 2 0 2 2 0 2 0 2 0 1
2 0 0 0 1 0 1 0 2 0 2 1 2 0 2 2 0 1 0 2 0 1
2 0 1 2 0 0 2 0 2 0 1 1 0 1 2 2 0 0 0 2 1 1
1 0 0 1 2 2 2 0 2 2 1 0 2 0 1 2 1 1 0 2 0 0
1 0 0 1 2 0 1 0 2 1 1 0 1 0 2 2 1 0 0 2 0 1
1 0 0 1 2 0 1 0 2 2 1 0 2 0 1 2 0 2 0 2 0 1
0 0 0 0 0 0 1 0 1 1 2 2 0 0 1 2 1 0 0 2 1 1
1 0 0 2 0 0 1 0 2 1 2 1 2 0 2 2 0 1 0 2 0 1
2 0 0 1 1 1 1 0 2 2 2 1 1 0 2 2 1 2 0 2 0 2
1 0 0 0 1 0 1 0 1 2 2 0 2 0 1 2 1 1 0 2 1 0
1 0 0 1 1 0 2 0 2 2 1 0 2 1 1 2 0 1 0 2 0 0
1 0 0 1 0 1 1 0 2 2 1 0 1 0 2 2 0 1 0 2 0 2
1 1 0 1 0 1 2 0 2 2 1 1 2 1 1 2 1 1 1 2 0 2
1 1 0 0 1 0 2 0 2 1 1 0 2 0 2 2 0 1 0 2 1 2
2 1 0 0 1 0 2 0 2 2 2 0 2 0 1 2 0 1 0 2 0 1
2 0 0 1 0 2 1 0 2 2 2 0 2 0 1 2 0 1 0 2 0 2
2 0 0 0 2 1 1 0 2 1 2 1 2 0 2 2 0 2 0 2 0 0
2 0 0 1 1 0 0 0 2 1 2 1 2 0 2 2 0 1 0 2 1 0
2 0 0 1 0 0 1 0 2 2 2 0 2 0 0 2 0 1 0 2 0 0
1 0 0 1 0 1 2 0 2 1 1 0 2 1 2 2 0 1 0 2 0 2
2 0 0 2 0 0 0 0 2 1 2 0 2 1 2 2 0 2 0 2 0 2
1 0 0 1 2 0 2 0 2 0 1 1 2 0 1 1 0 1 0 2 0 2
2 0 0 2 0 0 2 0 2 1 2 1 0 0 2 2 0 1 0 2 0 1
2 0 0 0 2 2 1 0 1 2 1 1 2 1 1 2 0 0 0 2 0 0
2 0 0 0 0 0 2 0 2 2 2 0 2 2 1 2 1 1 0 2 0 1
1 0 0 0 2 0 2 0 2 1 2 0 2 0 2 2 0 0 0 2 0 1
2 0 0 2 2 2 0 0 2 1 2 0 2 0 1 2 0 1 0 2 0 0
2 0 0 1 2 0 1 0 2 2 1 1 2 0 0 2 0 0 0 2 0 1
1 0 0 2 0 1 1 0 2 2 0 1 1 0 0 2 0 1 0 2 0 0
1 0 0 0 1 1 2 0 2 2 2 1 2 0 2 2 0 2 0 2 0 1
0 1 0 2 0 1 1 0 2 2 2 0 2 1 2 2 0 1 0 2 0 1
1 0 1 2 2 0 1 0 2 1 2 1 1 1 2 2 0 1 0 2 0 0
2 0 0 1 0 0 0 0 2 2 1 0 1 1 1 2 0 1 0 2 0 1
1 0 0 1 0 0 1 0 2 1 1 0 2 0 1 2 0 0 0 2 0 1
2 0 0 1 0 0 1 0 1 2 2 1 0 0 0 2 0 1 0 2 0 1
1 0 0 0 2 0 2 0 1 1 2 0 2 2 0 2 0 0 1 2 1 0
1 0 1 1 1 0 2 0 2 0 1 0 2 0 2 2 0 1 0 2 0 1
1 0 0 0 0 1 1 0 2 1 1 0 1 1 2 2 0 0 0 2 0 0
1 0 0 1 1 2 1 0 2 2 2 0 2 0 1 2 0 0 0 2 0 2
2 0 1 1 1 0 1 0 1 1 2 1 2 0 1 2 0 0 0 2 1 2
2 0 0 2 1 0 2 0 2 1 2 0 1 0 2 2 0 0 0 2 1 1
2 0 0 1 2 0 0 0 2 2 2 0 2 1 2 2 0 0 0 2 0 0
1 0 0 1 1 2 1 0 2 2 2 2 2 0 1 2 0 2 0 2 0 0
2 1 1 0 0 2 1 0 2 2 2 1 2 0 2 1 0 2 0 2 0 0
2 0 0 0 2 1 1 0 2 0 2 1 2 0 2 2 0 1 0 2 0 0
1 0 1 1 2 1 1 0 2 2 2 0 2 0 1 2 1 2 0 2 0 1
2 1 0 0 1 1 2 0 2 2 1 1 2 0 1 2 1 1 0 2 0 0
1 0 0 0 1 0 1 0 1 0 0 2 1 0 2 2 1 0 0 2 0 0
1 0 0 1 0 1 0 0 2 2 2 1 1 0 0 2 0 2 0 2 0 1
2 0 0 2 1 0 2 0 2 1 2 0 2 1 2 2 0 1 0 2 0 1
1 0 1 1 1 1 2 0 1 1 1 0 2 0 1 2 0 0 0 2 0 1
1 0 1 2 1 1 2 0 2 1 2 0 2 0 2 2 0 1 1 2 0 1
0 0 0 0 1 1 0 0 2 0 2 0 2 0 1 2 0 1 0 2 0 2
1 1 0 1 0 0 2 1 2 0 2 1 1 0 2 2 0 1 0 2 0 1
2 0 0 0 2 1 0 0 1 2 1 0 1 0 1 2 1 1 0 2 0 0
2 0 0 1 0 1 0 0 2 2 2 0 2 0 1 2 0 0 0 2 0 1
1 0 0 0 0 0 0 0 2 2 2 0 2 1 1 2 0 1 0 2 1 2
2 0 0 1 1 1 2 0 2 1 2 0 2 0 1 2 0 1 0 2 1 0
1 0 0 0 1 0 2 0 2 1 1 0 1 0 2 2 0 2 0 2 0 1
1 0 1 1 0 1 1 0 2 2 1 0 2 0 2 2 0 2 0 2 1 1
2 0 0 1 2 2 1 0 2 0 2 0 2 0 0 2 0 1 0 2 0 1
2 0 0 0 1 0 2 0 2 1 2 0 1 1 2 1 1 0 0 2 0 0
2 0 1 0 1 0 1 0 2 2 2 1 1 1 2 2 0 2 0 2 1 0
2 0 0 0 1 1 2 0 2 2 2 0 1 0 0 2 1 0 0 2 0 1
1 0 0 1 1 0 2 0 2 1 2 2 2 0 1 2 0 2 0 2 0 0
2 1 0 1 1 0 0 0 2 2 1 0 2 0 2 2 1 0 1 2 0 1
2 0 0 0 1 1 2 0 2 1 2 0 2 1 1 2 0 2 0 2 0 1
2 0 0 0 0 1 1 1 1 2 2 0 2 0 1 2 0 1 0 2 0 1
1 0 0 0 0 0 1 0 1 2 2 0 2 2 1 2 0 1 0 2 1 1
1 0 0 0 1 1 2 0 2 0 1 0 1 1 0 2 0 1 0 2 1 2
1 0 1 0 0 1 2 0 1 1 2 1 2 0 2 2 0 1 1 2 0 2
1 0 1 2 2 1 2 0 2 1 1 0 1 0 1 2 0 2 0 2 0 2
2 0 0 0 1 2 2 0 2 2 1 0 1 0 1 2 0 2 0 2 0 0
1 0 0 1 1 1 2 0 2 2 2 1 1 0 1 2 0 2 0 2 0 0
1 0 0 2 1 1 1 0 2 1 1 2 1 0 2 2 0 0 0 2 0 1
1 0 0 1 1 0 2 0 2 2 2 0 2 0 2 2 0 2 0 2 1 1
1 0 0 1 0 0 1 0 2 0 1 1 2 1 2 2 0 0 0 2 1 2
2 0 1 1 0 0 1 0 2 0 2 0 2 0 0 2 1 0 0 2 0 0
2 0 0 1 1 1 0 0 2 1 2 1 1 0 1 2 0 1 0 2 1 0
2 0 0 1 1 1 1 0 2 2 1 1 1 0 2 2 0 2 0 2 0 1
2 1 0 2 0 0 1 0 2 2 2 0 2 0 2 2 0 2 0 2 0 1
2 0 0 0 2 1 2 0 2 1 0 1 2 0 2 2 0 1 0 2 0 0
1 0 0 1 2 1 1 0 1 1 2 1 2 0 1 2 1 0 0 2 0 1
2 0 1 1 0 0 1 0 2 2 2 0 2 0 2 2 0 1 0 2 0 1
2 0 0 1 2 0 0 0 2 1 0 2 2 0 1 2 1 2 0 2 0 0
1 1 1 1 1 0 1 0 2 2 1 1 1 0 1 2 1 2 0 2 0 1
1 0 0 1 1 1 1 0 2 2 1 1 2 0 2 2 0 2 0 2 0 2
0 0 0 0 1 0 1 0 2 2 2 0 2 0 1 2 0 0 0 2 0 0
0 0 1 0 0 0 1 0 2 2 1 1 1 1 2 2 0 2 0 2 0 1
2 0 0 1 1 1 0 1 2 2 2 0 1 1 0 1 0 2 0 2 0 1
1 0 0 1 1 0 0 0 2 0 2 0 2 0 1 2 0 2 0 2 0 2
2 0 0 2 0 1 2 0 2 1 2 0 1 0 1 2 0 2 0 2 0 0
1 0 0 0 0 1 2 0 2 2 2 1 1 0 2 2 0 1 0 2 0 0
2 0 0 0 0 0 0 0 1 1 2 0 2 0 1 2 1 0 0 2 1 1
1 0 0 2 1 1 2 0 2 1 2 0 1 0 1 2 0 2 0 2 0 1
1 0 0 0 0 1 2 0 2 2 1 0 2 0 1 2 0 0 0 2 0 1
