rs6588083 rs16857295 rs11886038 rs2042075 rs929936 rs6785050 rs7695991 rs11960332 rs17083633 rs10464909 rs17368876 rs7919781 rs7904842 rs10997748 rs12577616 rs17128213 rs3092899 rs2030039 rs880970 rs1667212 rs732135 rs734062
1 2 0 1 2 0 0 0 0 2 2 0 2 2 2 0 2 2 1 0 2 2
2 2 0 0 1 0 0 0 0 2 2 0 1 2 2 0 2 1 1 1 2 2
0 2 0 2 1 0 0 0 0 2 2 0 2 2 2 0 2 2 2 0 2 2
2 2 0 1 1 1 0 0 0 2 2 1 1 2 2 0 2 1 1 0 2 1
0 2 0 1 0 0 0 1 0 1 2 0 0 2 2 0 2 1 2 0 1 2
0 2 1 1 2 0 0 0 0 1 2 0 1 2 2 0 2 2 2 0 1 2
0 2 0 2 1 0 0 0 0 2 2 0 1 2 2 0 2 0 2 2 2 2
0 2 0 2 1 1 1 0 0 2 1 1 2 2 2 0 2 2 2 0 2 1
0 2 0 1 2 0 0 0 0 2 2 0 1 2 2 0 2 2 2 0 1 2
0 2 0 1 1 0 1 0 0 2 1 0 2 2 2 0 2 1 2 0 2 2
0 2 1 1 1 0 0 0 0 2 2 1 2 2 2 0 1 1 2 0 2 2
0 2 0 0 2 0 0 1 0 2 2 0 2 2 2 0 2 2 1 1 2 2
0 2 0 2 2 0 0 0 0 2 1 0 2 2 2 0 1 2 1 1 2 1
0 2 0 1 2 0 0 0 0 2 2 0 1 2 2 0 2 1 2 1 2 2
1 2 0 1 2 0 0 0 0 2 1 1 1 2 2 0 2 2 2 1 2 2
0 2 0 0 1 0 0 1 0 2 2 0 2 2 2 0 2 2 2 0 2 2
0 2 0 1 2 0 0 1 0 2 2 1 2 2 2 0 1 2 2 1 1 2
1 2 0 0 1 0 0 0 0 2 2 1 2 1 2 0 2 2 2 1 2 2
1 2 0 2 2 0 1 0 0 2 0 0 1 2 2 0 2 2 2 0 1 2
0 2 0 1 2 0 0 1 0 2 2 0 2 2 2 0 2 2 1 1 2 0
0 2 0 1 0 0 0 0 0 2 1 0 2 1 2 0 2 1 2 1 2 2
0 2 1 0 1 0 0 0 0 2 2 0 1 2 2 0 2 1 2 0 2 2
0 2 0 0 1 1 1 0 0 2 2 0 2 2 2 0 2 1 1 0 2 2
0 2 0 2 2 0 1 0 0 2 2 1 1 2 2 0 1 1 2 1 2 2
0 2 0 1 2 0 0 0 0 2 1 0 2 2 2 0 2 1 2 0 2 2
0 2 0 2 1 0 0 0 0 2 2 0 2 2 2 0 2 2 0 1 1 2
0 2 0 0 2 1 0 0 0 2 1 2 2 2 1 0 2 2 1 0 2 2
0 2 0 0 2 1 0 0 0 2 2 0 2 2 2 0 2 2 0 0 2 2
0 2 0 1 1 0 0 2 0 1 2 1 2 2 2 0 2 1 1 0 2 2
0 2 0 1 1 1 0 1 0 2 2 0 2 2 2 0 2 2 2 0 2 2
0 2 0 1 2 0 0 1 0 2 1 0 1 2 2 0 2 2 2 0 2 2
2 2 0 0 1 0 0 1 1 2 2 0 2 1 2 0 2 1 1 0 2 2
0 2 0 1 2 0 1 0 0 2 2 1 2 2 2 0 2 2 2 0 2 2
0 2 0 1 2 0 0 0 0 2 1 0 1 2 2 0 2 2 2 0 2 2
0 2 0 1 2 1 0 1 0 2 1 2 1 2 2 0 2 1 0 0 2 2
0 2 0 1 1 0 0 1 0 2 2 0 2 2 2 0 2 0 0 0 2 2
0 2 0 1 1 0 0 0 0 2 1 1 2 2 2 0 2 2 2 1 2 2
0 2 0 1 2 0 0 0 0 2 2 0 2 2 2 0 2 2 1 0 1 2
1 2 0 1 2 0 0 0 0 2 2 0 2 2 2 0 2 2 2 0 2 2
1 2 0 1 2 0 0 0 1 2 2 0 2 2 2 0 2 2 2 0 2 2
0 2 0 1 2 0 1 0 0 2 1 0 2 2 2 0 2 2 2 1 2 2
0 2 0 0 2 0 1 1 0 2 2 0 2 2 2 0 2 1 1 1 2 2
0 2 0 2 1 0 0 1 0 2 1 1 2 2 2 0 2 2 2 0 2 2
0 2 1 2 2 0 0 1 0 1 2 1 1 2 2 0 2 1 2 0 2 2
1 2 0 1 2 1 0 0 0 2 1 0 2 2 2 0 2 2 2 1 2 2
0 2 0 0 2 0 0 1 0 2 2 1 2 2 2 0 2 1 1 0 2 2
0 2 0 0 2 0 0 2 0 2 0 0 2 2 2 1 2 1 2 0 2 1
1 2 0 1 2 0 0 1 0 2 1 0 2 2 2 0 1 1 2 0 2 2
1 2 0 1 1 0 1 1 0 2 2 1 2 2 2 0 2 1 0 0 2 2
1 2 0 2 2 0 1 0 0 2 2 1 2 2 2 0 2 2 2 0 2 2
0 2 0 0 2 0 0 0 0 2 1 2 2 1 2 0 2 1 2 0 1 2
0 2 0 0 1 0 0 0 0 2 2 0 2 1 2 0 2 1 2 0 2 2
0 2 0 0 1 0 0 0 0 2 1 0 2 1 2 0 2 2 2 0 1 2
2 2 0 2 1 0 1 1 1 2 2 1 1 1 2 0 2 1 2 0 2 2
0 2 0 1 1 1 0 1 0 2 2 0 2 2 2 0 1 0 1 0 2 2
0 2 0 2 2 0 0 0 0 2 1 1 2 2 2 0 2 1 2 0 2 2
0 2 0 0 1 0 0 0 0 2 1 0 2 2 2 0 2 2 2 0 2 2
0 2 0 2 1 0 0 0 0 2 2 1 1 2 2 0 2 1 2 0 2 2
1 2 0 1 2 0 1 0 0 2 1 1 2 2 2 0 2 1 2 0 2 1
0 2 0 1 0 0 0 0 0 2 2 0 2 2 2 0 2 1 1 0 1 2
0 2 0 0 1 0 0 1 0 2 2 0 2 2 2 0 2 0 1 0 2 2
1 2 0 0 0 0 0 0 0 2 1 1 2 2 2 0 2 2 2 0 2 2
0 2 0 1 1 0 0 0 0 2 2 0 2 1 2 0 1 1 2 1 2 2
1 2 0 0 2 1 1 0 0 2 1 0 2 1 2 0 2 1 2 1 2 2
0 2 1 2 2 0 0 1 0 2 1 1 1 2 2 0 2 1 1 0 2 1
0 2 0 2 1 0 0 0 0 2 2 0 2 2 2 0 2 2 1 0 2 2
0 2 0 2 2 0 1 0 0 2 2 1 2 2 2 0 2 1 2 0 2 2
1 2 0 2 1 0 0 0 0 2 2 0 2 2 2 0 2 1 2 0 2 2
1 2 0 1 2 0 1 0 0 2 1 1 2 2 2 0 2 2 2 0 2 2
1 2 0 1 2 0 0 0 0 2 0 0 2 1 2 0 2 2 0 1 2 2
0 2 1 2 2 0 0 0 0 2 2 2 2 2 2 0 2 2 2 0 2 2
0 2 0 0 2 1 0 1 0 2 1 0 2 2 2 0 2 2 2 2 2 2
0 2 1 1 2 0 0 0 0 1 2 1 1 2 2 0 2 1 2 0 2 2
0 2 0 0 2 1 0 0 0 2 2 0 1 1 2 0 2 1 2 0 2 1
1 2 0 1 0 1 0 1 0 1 2 1 2 2 2 0 2 2 2 0 1 2
0 2 0 0 2 1 1 2 0 2 1 1 2 2 2 0 2 1 2 0 1 2
0 2 0 1 1 0 0 1 0 2 1 0 1 1 2 0 2 2 1 0 2 2
0 2 1 2 1 1 0 0 0 2 2 0 2 2 2 0 2 2 2 1 2 1
0 2 0 1 2 0 0 0 0 2 2 0 2 2 2 0 1 1 2 1 2 2
1 2 0 1 2 0 0 0 0 2 2 0 0 2 2 0 2 2 1 0 2 2
1 2 0 2 1 0 1 0 0 2 2 0 1 2 2 0 2 2 2 1 2 2
1 2 0 1 2 0 0 0 0 2 1 0 2 2 2 0 2 2 1 0 2 1
0 2 0 1 2 0 1 0 0 2 2 1 2 2 2 0 2 1 2 0 2 2
0 2 1 2 2 0 0 0 0 2 1 1 2 1 2 0 2 1 1 0 2 2
1 2 0 2 1 0 0 0 0 2 1 1 1 2 2 0 2 2 1 1 2 2
0 2 0 1 1 1 0 0 0 2 2 0 2 2 2 0 2 1 1 0 2 2
0 2 1 0 2 0 0 0 0 2 0 1 2 2 2 0 2 2 2 0 2 2
1 2 0 1 1 0 1 0 0 2 1 1 2 2 2 0 2 0 1 1 2 1
1 2 0 1 1 0 0 1 0 2 2 1 2 2 2 0 2 2 0 1 1 2
0 2 0 1 2 0 0 0 0 2 2 0 1 2 2 0 2 1 2 0 2 2
0 2 0 1 1 0 0 0 0 2 2 0 1 2 2 0 2 1 2 1 2 2
0 2 0 0 0 0 0 2 0 2 1 0 2 2 2 0 2 2 1 0 2 2
0 2 0 1 1 1 1 1 0 1 2 0 2 2 2 0 2 1 2 0 2 2
0 2 0 1 2 0 0 1 0 2 1 1 1 2 2 0 2 2 2 0 2 2
0 2 0 1 2 0 1 0 0 2 1 1 2 2 2 0 2 2 2 0 2 2
0 2 0 2 1 0 1 1 0 2 2 0 2 2 2 0 2 1 2 0 2 2
0 2 0 1 2 0 1 1 0 2 0 1 1 2 2 0 2 2 0 0 1 2
0 2 2 1 1 0 0 0 0 2 2 0 1 0 2 0 2 1 2 0 2 2
1 2 0 1 2 0 0 0 0 2 1 0 2 2 2 0 2 1 2 1 2 1
0 2 0 2 1 0 0 0 0 2 1 0 1 2 2 0 2 1 2 0 1 2
0 2 0 1 2 0 0 1 0 2 2 0 2 2 2 0 2 0 1 0 2 2
0 2 0 2 1 0 0 0 0 1 2 1 2 2 2 0 2 2 2 0 2 2
0 2 0 0 2 0 1 0 0 1 2 1 1 2 2 0 2 2 1 0 2 2
0 2 0 2 2 0 0 0 0 2 1 2 2 2 2 0 2 0 1 1 2 2
0 2 0 1 2 0 0 1 0 2 2 1 2 2 2 0 2 0 2 1 2 2
0 2 0 1 1 0 0 0 0 2 1 0 2 2 2 0 2 1 1 0 1 2
0 2 0 2 1 0 1 0 0 2 2 0 1 1 2 0 2 1 2 0 2 2
0 2 0 1 2 0 0 0 0 2 2 1 2 2 2 0 1 2 2 0 2 2
0 2 0 1 0 0 1 0 0 2 2 1 1 2 2 0 2 1 2 0 2 1
0 2 0 1 0 0 0 0 0 2 1 0 2 2 2 0 2 1 2 0 2 2
1 2 0 1 2 0 2 1 0 2 2 1 2 2 2 0 2 2 2 0 2 2
0 2 0 1 1 0 1 0 0 2 2 0 1 2 2 0 2 2 0 0 2 1
0 2 1 1 2 0 0 0 0 2 2 1 1 2 2 0 2 1 2 0 1 2
0 2 1 1 1 1 0 1 0 2 2 0 2 2 2 0 2 2 2 0 1 2
0 2 0 1 1 1 0 1 0 2 2 0 1 2 2 0 2 2 1 1 2 2
1 2 0 1 1 0 0 0 0 2 1 0 1 2 2 0 2 2 1 0 2 2
0 2 0 1 2 1 0 0 0 2 0 1 2 2 2 0 2 2 2 0 2 1
0 2 0 1 1 1 0 0 0 2 1 0 2 2 2 0 2 2 2 0 1 2
0 2 1 1 2 1 0 1 0 2 1 0 2 2 2 0 1 2 2 1 2 2
0 2 0 2 2 0 1 0 0 2 2 1 1 2 2 0 2 2 2 0 2 2
0 2 0 1 1 0 0 0 0 2 2 0 1 2 2 0 2 1 2 0 2 2
0 2 1 0 2 0 1 0 0 2 2 1 1 2 2 0 2 2 2 0 2 2
0 2 0 2 1 0 0 0 0 2 2 1 2 2 2 0 2 1 2 0 2 2
2 2 0 2 2 0 0 1 0 2 1 0 1 2 2 0 2 2 2 0 2 2
0 2 0 2 0 1 0 2 0 2 2 1 1 2 2 0 2 1 1 0 2 2
1 2 0 1 1 0 0 0 0 2 2 0 2 2 2 0 2 2 2 0 2 2
0 2 0 1 2 0 1 0 0 2 2 0 2 1 1 0 1 1 1 1 2 2
0 2 0 2 2 0 0 0 0 2 2 1 2 2 2 0 2 2 2 1 2 2
0 2 0 2 1 0 0 0 0 2 2 0 1 2 2 0 2 2 1 0 2 2
0 2 0 1 1 0 0 0 0 2 2 0 2 2 2 0 2 1 1 1 2 2
1 2 0 1 1 0 0 0 0 2 2 0 2 2 2 0 2 2 2 0 2 2
0 2 0 2 1 0 0 0 0 2 2 0 2 2 2 0 2 1 2 0 2 2
0 2 0 0 1 0 1 0 0 2 1 0 1 2 2 0 2 1 2 0 2 1
0 2 0 2 1 0 0 0 0 2 2 0 1 2 2 0 2 1 2 0 2 2
1 2 0 1 1 0 0 0 0 2 2 0 1 2 2 0 2 0 2 0 2 2
0 2 0 1 1 0 0 0 0 2 2 0 1 2 2 0 2 1 2 1 2 2
0 2 0 2 2 0 0 0 0 2 2 0 2 2 2 0 2 1 1 0 2 2
0 2 0 1 1 1 0 0 0 2 1 0 2 2 2 0 2 1 1 1 2 2
1 2 0 1 1 0 0 0 0 1 2 1 2 2 2 0 2 2 1 0 2 2
0 2 0 1 2 0 0 1 0 2 1 1 1 2 2 0 2 2 2 0 2 2
1 2 0 1 1 0 1 0 0 2 2 1 2 2 2 0 2 1 2 0 2 2
0 2 1 0 1 0 0 0 0 2 1 0 2 2 2 0 2 1 1 0 2 2
1 2 2 2 1 1 0 0 0 2 2 0 2 2 2 0 2 1 2 0 2 2
1 2 0 0 1 0 1 0 0 2 2 0 2 2 2 0 2 2 0 1 2 2
0 2 0 1 2 0 0 0 0 2 2 0 2 2 2 0 2 2 1 0 2 2
1 2 0 2 1 0 0 1 0 2 1 0 2 1 2 0 2 2 2 0 2 2
0 2 0 2 2 0 1 1 0 2 1 0 2 2 2 0 2 1 2 1 2 2
1 2 0 2 1 0 0 0 0 2 2 0 2 1 2 0 2 0 1 0 2 2
0 2 0 2 0 0 0 0 0 2 1 0 1 2 2 0 2 2 2 0 2 2
0 2 0 0 2 0 0 0 0 2 1 0 2 2 2 0 2 1 2 0 2 2
0 2 0 1 2 0 0 1 0 2 1 0 2 2 2 0 2 0 2 0 2 2
0 2 0 2 2 0 0 0 0 2 2 0 2 2 2 0 2 1 1 0 2 1
0 2 1 2 1 0 0 0 0 2 1 1 2 2 2 0 2 0 2 0 2 2
0 2 0 2 2 1 0 1 0 2 1 1 1 2 2 0 2 1 2 0 2 2
0 2 0 2 0 0 0 0 0 2 2 0 1 2 2 0 1 0 1 0 2 2
1 2 1 2 1 0 0 0 0 2 1 0 2 2 2 0 2 2 2 0 2 2
0 2 0 2 2 1 0 1 0 2 2 0 2 1 2 0 2 2 2 0 2 2
1 2 1 0 1 0 0 0 1 2 2 0 2 2 2 0 2 1 2 0 2 2
1 2 0 0 2 0 0 0 0 2 2 0 2 2 2 0 2 1 1 0 2 2
0 2 0 2 1 0 1 0 0 2 2 0 2 1 2 0 2 2 2 1 2 2
0 2 0 0 2 0 0 1 0 2 2 1 1 2 2 0 2 1 2 0 2 2
0 2 0 1 1 0 0 1 0 2 0 1 2 2 2 0 2 2 2 1 2 2
0 2 0 0 2 0 0 0 0 2 1 1 1 2 2 0 2 1 1 0 2 1
0 2 0 1 2 0 1 1 0 2 2 1 2 1 2 0 2 0 2 0 2 2
1 2 2 0 2 0 0 0 0 2 1 0 2 2 2 0 2 0 0 0 2 2
1 2 0 0 2 0 0 1 0 2 1 0 2 2 2 0 2 0 2 0 2 2
1 2 0 1 2 0 1 0 0 2 2 0 2 2 2 0 2 1 2 0 2 2
1 2 0 2 1 0 0 0 0 1 1 1 1 2 2 0 2 1 1 1 1 2
0 2 0 2 2 0 0 1 0 2 1 0 1 2 2 0 2 1 2 0 2 2
1 2 0 1 2 0 1 0 0 2 1 1 2 1 2 0 1 1 2 0 1 2
1 2 0 2 0 0 0 0 0 2 2 1 1 2 2 0 2 2 2 0 2 2
0 2 0 2 1 1 0 0 1 2 2 0 1 2 2 0 2 2 2 0 2 2
0 2 0 1 2 1 1 0 0 2 2 0 2 2 2 0 2 1 1 0 2 2
0 2 1 1 2 0 0 1 0 0 2 2 2 2 2 0 2 1 2 0 2 2
0 2 1 1 2 0 0 0 0 2 2 0 2 2 2 0 2 2 0 0 2 2
1 2 0 2 1 0 0 0 0 2 1 0 1 2 2 0 2 1 2 0 2 2
1 2 0 2 2 1 0 0 0 1 2 1 2 2 2 0 2 1 2 0 1 2
0 2 0 1 2 1 0 0 0 2 1 0 2 2 2 0 2 2 1 0 1 1
0 2 0 2 1 0 1 0 0 2 2 0 1 2 2 0 2 1 2 1 2 2
0 2 0 1 1 0 0 1 0 2 2 0 2 2 2 0 2 1 1 0 2 2
1 2 0 1 0 0 0 0 0 2 2 0 2 2 2 0 2 2 1 0 2 2
0 2 0 1 2 1 0 0 0 2 2 1 1 2 2 0 2 1 1 0 1 2
0 2 0 1 2 0 0 0 0 2 2 0 2 2 2 0 2 2 1 0 2 2
1 2 0 1 2 0 0 0 0 2 2 0 2 1 2 0 2 1 2 0 2 2
0 2 0 1 1 0 0 0 0 2 2 0 2 2 2 0 2 2 2 1 2 2
0 2 0 2 2 0 0 0 0 2 2 1 2 2 2 0 2 2 1 0 2 2
2 2 0 1 2 1 0 0 1 2 2 0 2 2 2 0 2 2 1 0 2 2
0 2 0 1 1 0 1 0 0 2 2 1 2 2 2 0 2 2 2 0 1 2
0 2 0 1 2 1 0 0 0 2 2 1 2 2 2 0 1 1 2 0 2 2
0 2 1 2 1 0 0 0 0 2 1 1 1 2 2 0 2 0 1 0 2 2
0 2 0 1 1 0 0 1 0 2 1 1 2 2 2 0 2 2 0 1 2 2
0 2 0 1 1 0 1 0 0 2 2 1 1 2 2 0 2 1 2 0 2 2
0 2 0 1 1 1 1 0 0 2 2 1 1 1 2 0 2 1 1 0 2 2
1 2 1 1 1 0 0 0 0 2 1 1 1 2 2 0 2 2 2 0 2 2
0 2 0 1 2 0 0 0 0 2 2 0 2 1 2 0 1 2 1 0 1 2
0 2 0 1 2 0 0 0 0 2 2 0 2 2 2 0 2 1 1 0 2 2
0 2 0 1 1 0 0 0 0 2 1 1 1 2 2 0 2 1 2 0 2 1
0 2 0 1 1 0 0 1 0 2 1 0 2 2 2 0 2 1 1 0 2 2
0 2 0 1 2 0 0 1 0 2 2 1 2 2 2 0 2 2 2 0 2 2
0 2 0 1 2 1 0 0 0 2 2 0 1 2 2 0 2 1 2 0 2 2
0 2 0 2 1 0 0 0 0 2 1 0 2 2 2 0 2 2 2 1 2 2
0 2 0 1 1 0 1 0 0 2 2 2 2 2 2 0 2 0 2 1 2 2
0 2 0 0 2 0 0 0 0 2 2 0 2 2 2 0 2 2 2 1 2 2
0 2 0 1 2 0 0 0 0 2 1 0 1 2 2 0 2 1 2 0 1 1
0 2 0 1 1 0 0 0 0 2 1 1 1 2 2 0 2 1 2 0 2 2
1 2 0 1 1 0 0 0 0 1 2 1 2 2 2 0 2 2 1 0 2 2
1 2 0 0 1 0 0 1 0 2 2 0 2 2 2 0 2 2 1 0 2 2
0 2 0 1 2 0 2 1 0 2 2 0 2 2 2 0 2 0 1 0 2 2
0 2 1 1 1 0 0 0 0 2 2 0 2 2 2 0 2 2 2 1 2 2
0 2 0 1 2 0 0 1 0 2 2 0 2 2 2 0 2 2 2 0 2 2
0 2 0 2 2 0 0 0 0 2 2 0 1 2 2 0 2 2 1 0 2 2
0 2 1 1 2 0 0 0 0 2 2 0 2 2 2 0 2 2 2 0 2 2
0 2 0 2 1 1 0 1 0 2 1 0 2 1 2 0 2 1 1 0 2 2
0 2 0 0 2 0 0 1 0 2 2 1 1 2 2 0 2 1 0 0 2 2
1 2 0 2 1 0 0 0 0 2 1 0 1 2 2 0 2 1 1 0 2 2
0 2 0 1 2 1 0 0 0 1 2 0 2 2 2 0 2 1 1 0 2 2
0 2 0 1 2 0 0 0 0 2 2 2 2 1 2 0 1 0 1 0 1 2
0 2 0 1 0 0 0 1 0 2 2 0 1 2 2 0 2 1 1 0 2 2
1 2 0 1 1 0 1 0 1 1 2 0 2 2 2 0 2 1 2 0 2 2
0 2 0 1 1 0 1 0 0 2 2 1 2 2 2 0 2 2 2 0 2 2
1 2 0 0 2 0 0 1 0 2 2 0 2 2 2 0 1 1 2 2 2 2
1 2 0 2 1 0 0 0 0 2 2 1 2 2 2 0 1 2 2 0 1 1
1 2 0 1 1 0 0 1 0 2 1 0 1 2 2 0 2 2 2 0 2 1
0 2 0 2 1 0 0 0 0 2 2 0 1 2 2 0 2 2 2 0 1 2
1 2 1 1 2 0 0 0 0 2 2 0 2 2 2 0 2 1 2 0 2 2
0 2 0 0 2 0 0 0 0 1 2 0 2 1 2 0 2 0 2 0 2 2
1 2 0 2 1 1 1 0 0 2 1 1 2 1 2 0 2 1 2 0 1 2
0 2 0 1 1 1 0 0 0 2 2 1 2 2 2 0 2 2 1 0 2 2
1 2 0 0 0 0 0 1 0 2 2 0 2 2 2 0 2 2 0 0 2 2
0 2 0 1 2 0 0 0 0 2 2 0 1 2 2 0 2 2 0 0 2 2
1 2 0 1 2 0 0 1 0 2 1 0 2 2 2 0 2 1 1 0 2 1
1 2 0 2 1 1 0 0 0 2 2 0 1 2 2 0 2 2 1 0 1 2
1 2 0 0 2 1 0 0 0 2 2 0 1 2 2 0 2 2 1 0 2 2
0 2 0 1 1 0 0 1 0 2 2 1 1 2 2 0 2 1 1 1 2 2
0 2 0 1 1 0 1 1 0 2 1 0 2 2 2 0 2 2 1 0 2 2
0 2 0 0 1 0 1 1 0 2 2 0 2 2 2 0 2 2 1 0 2 2
0 2 0 1 2 0 0 1 0 2 1 0 1 2 2 0 2 1 2 1 2 2
0 2 0 2 2 0 0 0 0 2 1 0 2 2 2 0 1 1 1 1 1 1
0 2 0 1 1 1 0 1 0 2 1 2 2 2 1 0 2 1 2 0 2 2
0 2 0 0 2 1 0 0 1 2 1 0 1 2 2 0 2 2 2 0 2 2
1 2 0 1 1 1 0 1 0 2 2 0 1 2 2 0 2 1 2 0 1 2
0 2 0 2 2 0 1 0 0 2 2 0 2 2 2 0 2 2 1 0 2 2
0 2 0 0 1 0 0 0 0 2 1 2 2 2 2 0 2 1 1 1 2 2
0 2 0 1 1 1 0 0 0 2 1 1 2 2 2 0 2 2 2 1 2 2
0 2 0 2 2 0 0 1 0 2 2 1 2 2 2 0 2 2 0 0 2 2
0 2 0 1 1 1 1 1 0 2 2 0 1 2 2 0 2 0 2 1 2 2
1 2 0 0 2 1 1 0 0 2 1 0 2 2 2 0 2 1 1 1 2 1
2 2 0 0 2 0 1 2 1 2 2 0 2 2 2 0 2 0 2 0 2 2
0 2 0 2 2 0 1 0 0 2 1 0 1 2 2 0 2 2 1 0 1 2
0 2 0 1 1 0 0 0 0 2 2 1 2 2 2 0 2 1 1 0 1 2
0 2 0 1 2 0 0 0 0 2 1 1 1 1 2 0 2 2 2 0 2 2
0 2 0 0 1 0 0 0 0 2 2 0 2 1 2 0 2 1 2 0 2 2
0 2 1 0 1 0 0 0 1 2 1 1 1 2 2 0 2 2 1 0 2 2
0 2 0 1 1 0 0 0 0 2 2 1 1 2 2 0 2 2 2 0 2 2
0 2 0 2 1 0 0 0 0 1 2 0 2 2 2 0 2 1 1 0 2 2
1 2 0 0 2 0 0 0 0 2 1 0 2 1 2 0 2 1 1 0 2 2
0 2 1 2 2 0 0 0 0 2 2 0 2 2 2 0 2 1 2 0 2 2
0 2 1 2 1 1 0 0 0 2 2 1 2 2 2 0 2 1 1 0 1 2
1 2 0 0 1 0 0 0 0 2 2 0 2 2 1 0 2 0 2 1 2 2
1 2 1 0 1 0 0 0 0 2 1 0 1 2 2 0 2 1 1 0 1 2
0 2 0 2 2 0 0 1 0 2 1 0 2 2 2 0 2 2 2 0 2 2
0 2 0 2 1 0 0 0 0 2 1 0 1 2 2 0 2 1 1 0 2 2
1 2 0 2 2 1 1 0 0 2 1 2 2 1 2 0 2 2 2 0 2 2
1 2 1 0 2 0 0 1 0 2 2 0 2 2 2 0 2 2 1 0 1 2
0 2 0 1 1 0 0 0 0 2 2 0 1 1 2 0 2 2 0 1 2 2
1 2 0 0 1 0 0 0 0 0 1 0 2 2 2 0 1 1 0 0 2 2
0 2 0 0 0 0 0 1 0 2 1 1 2 2 2 0 2 0 2 0 1 2
1 2 0 1 2 0 0 0 0 2 2 0 2 1 2 0 2 2 1 0 2 2
1 2 0 1 2 0 0 0 0 2 1 0 0 2 2 0 2 2 1 0 2 2
1 2 0 1 0 0 0 1 0 2 2 0 2 1 2 0 2 0 0 0 2 2
0 2 0 0 2 0 0 0 0 1 2 0 2 2 2 0 2 1 1 0 1 2
1 2 0 1 1 1 0 2 0 2 1 0 2 2 2 0 2 1 1 0 2 2
0 2 0 1 0 0 0 1 0 2 1 0 1 2 2 0 2 2 2 0 2 1
0 2 1 2 2 0 0 0 0 2 1 0 2 2 2 0 2 1 2 0 2 2
0 2 0 0 2 0 0 1 0 2 2 0 2 2 2 0 2 2 1 0 2 2
0 2 1 2 2 0 0 1 0 2 2 1 2 1 2 0 2 1 1 0 2 2
0 2 0 1 2 0 1 1 0 2 2 0 2 2 2 0 2 2 2 0 1 2
0 2 0 1 1 0 0 1 0 2 2 0 2 2 2 0 2 1 2 0 2 2
0 2 0 2 1 0 0 0 0 2 2 0 2 2 2 0 2 1 2 0 2 2
0 2 0 1 2 0 0 1 0 2 2 1 1 2 2 0 2 1 1 0 2 2
0 2 0 0 1 0 0 0 0 2 1 0 1 2 2 0 2 1 1 0 2 2
0 2 0 1 2 1 0 0 0 2 0 1 2 2 2 0 2 0 2 1 2 2
0 2 0 2 0 0 1 0 0 2 2 0 2 1 2 0 2 2 2 0 1 2
0 2 0 1 2 0 0 1 0 2 1 0 1 2 2 0 2 2 2 0 2 2
1 2 0 0 1 0 0 0 0 1 2 1 1 2 2 0 2 1 1 1 2 1
1 2 1 1 2 0 0 0 0 2 2 1 2 2 2 0 2 1 2 0 2 2
0 2 0 2 1 0 0 1 0 2 1 0 2 2 2 0 2 1 1 2 2 2
0 2 1 1 2 0 0 1 0 2 2 0 2 2 2 0 2 2 2 0 2 2
1 2 0 2 1 0 0 0 0 2 2 1 2 2 2 0 2 2 2 1 2 2
0 2 0 1 2 0 0 1 0 2 2 0 2 0 2 0 2 0 2 0 2 2
0 2 0 1 2 0 1 0 0 2 1 0 2 2 2 0 2 2 2 2 2 2
0 2 0 0 1 0 0 0 0 2 2 1 1 2 2 0 2 1 1 0 1 2
0 2 0 1 2 0 0 0 0 2 1 1 1 2 2 0 2 1 1 0 2 2
1 2 0 1 0 0 0 0 0 2 1 0 2 2 2 0 2 1 2 0 2 2
0 2 0 1 2 0 0 0 0 1 2 1 2 2 2 0 2 1 2 0 2 2
1 2 0 0 1 0 0 0 0 2 0 0 1 2 2 0 2 1 2 0 2 2
0 2 0 2 1 1 0 1 0 2 2 1 2 2 2 0 2 2 2 0 2 2
1 2 0 1 1 0 0 0 0 2 2 2 2 2 2 0 2 2 2 0 2 2
2 2 0 2 1 0 0 1 0 2 0 0 2 2 2 0 1 1 2 1 2 2
1 2 0 1 2 0 0 0 0 2 2 0 2 2 2 0 2 2 1 0 2 1
0 2 0 1 2 1 0 0 0 2 2 1 2 2 2 0 2 1 1 0 1 1
0 2 1 1 1 1 1 1 1 2 2 1 1 2 2 0 2 2 2 0 2 2
0 2 0 2 1 1 0 1 0 2 2 0 2 2 2 0 2 0 2 0 2 2
0 2 1 1 2 0 0 1 0 2 1 0 1 2 2 0 2 0 2 0 2 2
0 2 1 1 2 0 0 0 0 1 2 0 1 1 2 0 2 2 1 0 2 2
0 2 0 2 1 0 1 0 1 2 2 0 2 1 2 0 2 1 0 1 2 2
1 2 0 0 1 0 0 1 0 2 1 1 0 2 2 0 2 1 2 0 2 2
1 2 1 1 2 1 1 1 0 1 2 1 2 2 2 0 2 2 2 0 2 1
0 2 1 2 1 0 0 1 0 2 2 1 2 2 2 0 2 1 1 0 2 2
0 2 0 1 0 1 0 0 0 2 2 0 2 1 2 0 2 2 2 0 2 2
1 2 0 1 2 0 0 0 0 2 2 1 1 2 2 0 2 2 1 0 2 2
0 2 0 0 1 1 0 0 0 2 1 1 2 2 2 0 2 2 2 1 2 2
2 2 0 2 1 0 1 0 0 2 2 0 2 2 2 0 2 1 2 0 2 2
0 2 0 1 1 0 0 0 0 2 1 0 1 2 2 0 2 2 2 0 1 2
1 2 0 0 2 0 0 0 0 2 2 0 1 1 2 0 2 2 2 0 1 2
0 2 0 2 0 1 2 1 0 2 1 1 2 2 2 0 2 2 2 0 1 2
0 2 0 1 1 1 0 0 0 2 2 0 1 1 2 0 1 1 2 0 2 2
0 2 1 1 2 0 1 0 0 2 0 1 2 1 2 0 2 1 1 0 2 2
0 2 0 1 2 0 0 0 0 2 2 0 1 2 2 0 2 2 2 0 2 2
1 2 0 1 2 0 0 1 0 2 2 0 1 1 2 0 2 2 2 0 2 2
0 2 1 1 1 0 0 0 0 1 2 0 1 2 2 0 2 2 1 0 1 2
0 2 0 2 2 0 0 0 0 2 2 0 2 2 2 0 2 2 1 1 2 2
0 2 0 1 2 0 1 1 0 2 2 0 1 2 2 0 2 2 2 0 2 2
0 2 0 2 1 0 0 1 0 2 2 1 2 2 2 0 2 1 2 1 2 2
0 2 0 2 1 0 1 0 0 2 2 0 1 2 2 0 2 1 1 2 2 2
0 2 0 1 2 0 0 1 0 2 1 0 2 1 2 0 2 1 0 0 2 2
0 2 0 2 2 0 0 1 0 2 1 1 1 2 2 0 2 2 1 0 1 2
0 2 0 1 2 0 1 0 0 2 2 0 1 2 2 0 2 1 2 0 2 2
0 2 1 0 2 1 0 0 0 1 1 0 1 2 2 0 2 2 1 0 2 2
0 2 0 1 1 0 0 0 0 2 0 0 2 2 2 0 2 1 0 0 2 2
0 2 0 1 0 0 0 0 0 2 0 0 2 2 2 0 2 2 2 0 2 2
0 2 0 1 2 0 0 1 0 2 1 1 2 1 2 0 2 2 2 1 2 2
0 2 0 0 2 0 0 1 0 1 2 1 2 2 2 0 2 0 2 0 2 2
0 2 1 0 2 0 0 0 0 2 2 0 0 1 2 0 1 1 0 0 2 2
0 2 0 0 1 0 0 1 0 2 2 1 1 2 2 0 2 2 1 0 2 2
1 2 0 0 1 0 0 0 0 1 2 0 2 2 2 0 2 0 1 1 2 2
0 2 0 1 1 0 0 0 0 2 0 1 2 1 2 0 2 2 1 0 2 2
0 2 0 1 2 0 0 1 0 2 1 0 2 2 2 0 2 2 1 0 2 2
0 2 1 2 1 0 0 1 0 2 2 0 2 2 2 0 2 2 1 0 1 1
0 2 0 2 2 0 0 0 0 2 0 0 2 2 2 0 2 2 2 0 2 2
1 2 0 2 1 0 0 0 0 2 2 1 2 2 2 0 2 0 1 0 2 2
0 2 0 1 2 0 0 0 0 1 2 0 2 2 2 0 2 0 1 0 2 2
0 2 0 1 1 0 0 0 0 1 1 0 1 2 2 0 2 1 1 0 2 2
1 2 0 2 2 0 0 0 0 2 2 0 2 2 2 0 2 1 1 0 2 2
1 2 0 0 1 0 0 1 0 2 2 0 1 2 2 0 2 2 2 0 1 1
0 2 0 1 1 0 0 0 0 2 2 0 1 1 2 0 1 0 1 0 1 2
1 2 0 1 2 0 0 0 0 2 2 1 2 2 2 0 2 1 1 0 2 2
2 2 1 1 2 0 0 1 0 1 2 0 2 1 2 0 2 1 1 1 2 2
0 2 0 2 1 0 0 0 1 2 2 0 2 2 2 0 2 0 1 0 2 1
0 2 0 2 1 0 0 1 0 2 0 0 2 2 2 0 2 2 1 0 2 1
1 2 0 2 2 0 0 0 0 2 2 0 0 2 2 0 2 1 2 1 2 2
0 2 1 0 2 0 0 0 0 2 2 1 2 2 2 0 2 1 2 0 2 2
0 2 1 2 2 1 0 1 0 2 2 1 2 2 2 0 2 2 2 2 2 2
0 2 0 1 2 1 0 0 0 2 2 0 2 2 2 0 2 1 2 0 2 2
0 2 0 1 1 1 0 0 0 2 2 2 1 2 2 0 2 2 2 0 2 2
1 2 0 1 2 0 1 0 0 2 2 0 2 2 2 0 2 2 2 0 2 2
1 2 0 2 2 0 1 0 0 2 1 0 2 2 2 0 2 2 2 0 2 2
0 2 0 2 2 0 1 0 0 2 2 1 0 2 2 0 2 2 2 1 2 2
0 2 0 1 2 0 0 0 0 2 2 0 2 1 2 0 1 2 1 0 2 2
0 2 0 1 1 0 0 0 0 2 1 1 2 2 2 0 2 1 1 0 2 1
0 2 0 0 2 0 0 0 0 2 2 0 2 2 2 0 2 1 2 0 0 2
0 2 0 1 2 0 0 0 0 2 1 2 0 2 2 0 2 0 2 0 2 2
1 2 1 1 2 0 0 1 0 2 2 0 2 2 2 0 2 2 2 0 2 2
2 2 1 0 1 0 1 0 0 2 2 0 2 1 2 0 2 0 1 0 2 2
0 2 0 1 2 0 0 0 0 2 2 1 2 1 2 0 2 2 2 0 2 2
1 2 0 2 1 1 0 0 0 2 1 1 2 2 2 0 2 2 1 0 2 2
0 2 1 2 1 0 0 0 0 2 2 0 2 2 2 0 2 2 2 1 2 2
1 2 0 1 2 0 0 0 0 2 1 0 2 2 2 0 2 2 1 0 2 2
1 2 0 1 1 0 0 0 0 1 2 0 2 2 2 0 2 2 1 1 2 2
1 2 0 1 2 0 0 0 0 2 2 0 0 2 2 0 2 2 2 1 2 2
0 2 0 0 2 0 0 0 0 2 2 0 2 2 2 0 2 1 0 0 2 2
0 2 0 2 0 0 0 0 1 1 2 0 2 2 2 0 2 1 1 0 2 2
0 2 0 1 1 0 0 1 0 1 2 0 2 1 2 0 2 0 2 0 2 2
0 2 0 1 1 0 0 0 0 2 2 1 1 2 2 0 2 2 2 1 2 2
0 2 0 1 2 0 0 1 0 2 1 0 2 2 2 0 2 1 2 0 1 2
0 2 0 2 2 1 1 2 0 2 2 1 1 2 2 0 2 1 1 0 1 2
0 2 2 1 2 0 0 0 0 2 2 1 2 2 2 0 2 2 1 0 2 1
0 2 1 1 2 0 0 1 0 2 2 0 2 2 2 0 2 1 1 0 2 2
1 2 0 2 2 0 0 0 0 2 1 0 2 2 2 0 2 1 1 0 2 2
0 2 0 2 0 1 0 0 0 2 1 1 0 2 2 0 2 1 2 0 2 2
1 2 0 2 1 0 0 1 0 2 1 0 2 2 2 0 2 1 0 0 2 2
0 2 0 0 1 0 0 0 0 2 1 0 2 2 2 0 2 1 1 0 2 2
0 2 0 2 2 0 0 1 0 2 1 1 0 2 2 0 2 1 2 0 2 2
0 2 0 2 2 0 0 1 0 2 1 0 1 2 2 0 1 0 2 0 2 2
0 2 0 1 2 0 0 1 0 2 2 1 2 2 2 0 2 1 2 0 2 1
0 2 0 1 1 0 0 1 0 2 1 0 1 2 2 0 1 2 1 0 2 2
1 2 0 2 2 0 0 0 1 2 2 1 2 2 2 0 2 2 2 0 2 2
0 2 0 2 1 0 0 0 0 2 2 1 1 1 2 0 1 0 1 0 2 2
0 2 1 1 2 0 0 0 0 2 2 0 1 2 2 0 2 0 2 0 2 2
0 2 0 2 2 1 0 1 0 2 1 0 1 1 2 0 2 2 2 1 2 2
0 2 0 1 0 0 0 0 0 2 2 0 2 2 2 0 2 0 2 0 1 2
0 2 0 1 2 1 0 1 0 2 2 0 1 2 2 0 2 1 2 0 1 2
2 2 0 1 2 1 0 0 0 2 2 0 2 1 2 0 2 1 2 0 2 2
0 2 0 1 2 0 0 0 0 1 2 0 2 2 2 0 2 1 0 0 2 2
0 2 0 1 2 0 0 1 0 2 2 1 1 2 2 0 2 0 1 1 2 2
0 2 0 0 2 0 1 1 0 2 0 0 1 2 2 0 2 2 1 1 2 2
0 2 0 1 2 0 0 1 0 2 0 1 1 1 2 0 2 2 2 1 2 2
1 2 0 1 1 0 0 0 0 1 1 1 2 2 2 0 2 1 2 0 2 1
1 2 0 2 2 0 1 1 0 2 1 0 2 2 2 0 2 2 2 0 2 2
0 2 0 0 1 0 0 1 0 1 2 0 2 2 2 0 2 1 1 0 2 2
1 2 1 2 2 0 0 0 0 2 1 1 2 1 2 0 2 2 1 1 2 2
0 2 1 1 2 0 0 0 0 2 1 0 2 2 2 0 2 2 2 0 2 2
0 2 1 1 1 0 0 0 0 2 2 0 2 2 2 0 1 1 1 0 2 2
0 2 0 1 1 0 0 0 0 2 0 0 1 2 2 0 2 2 2 0 2 2
1 2 0 0 1 0 0 0 0 2 2 0 1 2 2 0 2 0 2 0 2 1
0 2 1 2 1 0 0 0 0 1 1 1 2 2 2 0 2 2 2 0 1 2
1 2 0 1 2 1 0 1 0 2 2 0 1 2 2 0 2 1 0 0 2 2
1 2 0 2 1 0 0 1 0 2 1 1 2 2 2 0 2 0 0 1 2 2
0 2 0 1 2 0 0 0 0 2 2 1 2 2 2 0 2 1 2 1 2 2
1 2 0 1 1 0 0 0 0 2 2 0 2 2 2 0 2 2 2 0 2 2
1 2 0 1 1 0 1 0 0 2 1 0 1 2 2 0 2 2 1 0 2 2
0 2 0 1 1 0 1 0 0 2 2 1 2 2 2 0 2 1 2 0 2 2
0 2 0 2 1 0 1 0 0 2 1 1 2 2 2 0 2 2 2 1 1 2
0 2 0 0 1 0 0 0 0 2 2 0 2 2 2 0 2 1 1 0 2 2
0 2 0 1 1 0 0 0 0 2 1 0 2 2 2 0 2 2 1 0 2 2
1 2 1 2 0 0 0 1 0 2 1 1 2 2 2 0 2 2 2 0 2 2
1 2 0 2 2 0 0 1 0 1 2 0 2 2 2 0 2 1 2 0 2 2
1 2 0 1 2 1 0 2 0 0 2 1 2 2 2 0 2 0 2 0 2 2
0 2 0 0 2 0 1 1 1 2 1 0 1 2 2 0 2 1 1 0 2 2
0 2 0 2 2 0 0 0 0 2 1 0 1 1 2 0 2 2 1 0 2 2
0 2 1 2 1 0 1 0 0 2 1 1 2 2 2 0 2 2 1 0 2 2
0 2 0 1 2 0 0 1 0 2 2 0 2 2 2 0 2 0 0 0 2 2
0 2 1 2 2 0 0 1 0 2 2 0 2 2 2 0 2 1 2 0 2 2
0 2 0 1 0 0 0 0 1 2 1 0 2 1 2 0 2 0 2 0 2 1
1 2 0 1 2 0 0 1 0 2 2 0 2 2 2 0 2 2 2 1 2 2
0 2 0 1 1 0 0 1 0 2 2 0 1 2 2 0 2 2 2 0 2 2
0 2 1 2 1 0 0 0 0 2 2 0 1 1 2 0 2 1 1 0 2 2
0 2 0 1 1 0 0 0 1 2 2 0 2 2 2 0 2 0 1 0 2 2
0 2 1 1 2 0 0 0 0 2 1 1 1 2 2 0 2 1 2 0 2 1
0 2 0 0 1 0 0 0 0 2 2 2 2 2 2 0 2 2 2 0 2 2
0 2 0 1 2 0 0 1 0 2 2 1 2 2 2 0 2 2 1 0 2 2
0 2 0 1 2 0 0 0 0 2 2 0 1 2 2 0 2 1 2 0 2 2
0 2 0 1 2 0 0 0 0 2 2 0 2 2 2 0 2 1 1 0 2 2
1 2 2 2 2 0 0 0 0 2 2 0 2 2 2 0 2 2 2 0 2 2
0 2 0 2 2 0 0 1 1 2 1 0 2 1 2 0 2 2 1 0 2 2
1 2 0 1 2 0 0 1 0 2 2 0 2 2 2 0 2 2 1 0 2 2
1 2 0 2 2 0 0 0 0 2 1 1 2 2 2 0 2 2 1 0 1 2
1 2 0 2 2 0 0 1 0 2 2 0 2 2 2 0 2 2 1 0 2 1
0 2 0 0 1 0 0 1 0 2 2 0 2 2 2 0 2 1 1 0 2 2
2 2 0 2 1 1 1 0 0 2 2 1 0 2 2 0 2 2 2 0 2 1
1 2 0 1 2 0 0 0 0 2 2 0 2 2 2 0 2 2 2 0 2 2
0 2 0 0 1 0 1 0 0 2 2 0 2 1 2 0 2 0 2 0 2 2
0 2 0 2 2 0 0 0 0 2 1 0 1 2 2 0 2 2 0 0 2 2
1 2 0 2 1 0 0 0 0 2 1 0 2 2 2 0 2 2 2 0 2 2
0 2 1 2 2 0 0 0 0 2 2 0 2 2 2 0 2 0 1 0 2 2
0 2 0 0 2 0 0 0 0 2 1 0 1 2 2 0 2 1 1 0 2 2
0 2 0 1 2 0 0 0 0 2 2 0 1 2 2 0 2 1 1 0 2 2
1 2 0 1 2 0 0 0 0 2 2 0 2 2 2 0 2 2 1 1 2 2
0 2 0 1 1 0 0 0 0 2 2 0 2 2 2 0 2 2 2 0 2 2
0 2 0 1 1 0 0 0 0 1 2 1 2 2 2 0 2 1 2 0 2 2
0 2 0 2 1 0 0 0 1 2 2 0 2 2 2 0 2 2 1 1 2 2
0 2 0 1 2 0 0 1 0 2 1 0 2 2 2 0 2 2 2 1 1 2
0 2 0 1 1 0 0 1 0 2 2 0 1 2 2 0 2 1 2 0 2 2
0 2 0 2 2 0 0 1 0 1 2 1 2 2 2 0 2 2 2 1 2 2
1 2 0 0 0 0 0 0 0 2 2 1 2 2 2 0 2 1 2 0 2 2
1 2 0 1 1 0 0 0 0 2 2 1 2 2 2 0 2 2 2 0 2 1
0 2 0 1 2 0 0 1 0 2 2 1 1 2 2 0 2 1 2 0 2 2
0 2 0 0 1 0 0 0 0 2 2 0 0 2 2 0 2 1 1 0 2 2
0 2 0 1 0 0 1 1 0 2 2 1 1 2 2 0 2 1 1 0 2 2
0 2 0 1 1 0 2 1 0 2 1 0 1 2 2 0 2 1 0 0 2 1
0 2 0 1 2 0 0 0 0 2 2 0 2 2 2 0 2 2 1 0 2 2
1 2 0 1 0 0 0 1 0 2 2 0 2 2 2 0 2 0 2 0 2 2
1 2 0 0 2 0 1 1 0 2 2 1 2 2 2 0 2 2 1 0 2 2
0 2 0 1 1 0 0 1 0 2 1 0 2 2 2 0 2 2 2 0 2 2
2 2 1 0 2 0 1 0 0 2 2 1 2 2 2 0 2 0 2 0 2 2
1 2 0 1 0 0 1 0 0 2 2 0 2 2 2 0 2 2 1 0 2 2
0 2 0 1 1 2 0 0 0 2 2 1 2 2 2 0 2 2 2 0 2 2
0 2 0 2 2 1 0 0 0 2 2 0 2 2 2 0 2 2 1 0 2 2
0 2 1 2 2 0 1 0 0 2 1 1 2 2 2 0 2 2 1 0 2 1
1 2 0 0 2 0 1 0 0 2 2 1 2 2 2 0 2 1 1 0 2 2
0 2 0 2 1 0 0 0 0 2 1 0 2 2 2 0 2 1 2 1 2 2
1 2 1 2 0 0 0 0 1 1 1 1 0 2 2 0 2 2 2 0 1 2
0 2 0 2 0 0 0 0 0 2 1 1 1 2 2 0 2 1 0 0 2 2
0 2 1 1 2 0 1 1 0 2 1 0 2 2 2 0 2 1 2 0 2 2
2 2 0 2 2 0 0 0 0 1 2 1 2 2 2 0 2 2 2 0 2 2
1 2 0 0 2 0 0 1 0 2 1 2 2 2 2 0 2 2 2 0 2 2
0 2 0 2 2 0 0 0 0 2 1 1 0 2 2 0 2 0 2 1 2 2
0 2 0 1 1 0 1 0 0 2 1 0 2 2 2 0 2 1 2 0 2 2
1 2 0 2 2 0 0 0 0 2 1 0 2 2 2 0 2 2 1 0 2 2
0 2 0 1 1 0 0 2 0 2 2 1 1 2 2 0 2 2 2 0 2 2
1 2 0 1 2 0 0 0 0 2 1 0 2 2 2 0 2 1 2 1 2 2
0 2 0 1 2 1 1 0 0 2 1 0 2 1 2 0 2 2 1 0 2 2
0 2 0 2 0 0 0 1 0 2 1 0 2 2 2 0 2 1 2 2 1 1
1 2 0 1 2 0 0 0 0 2 2 1 2 2 2 0 2 2 2 0 2 2
0 2 0 2 1 0 0 0 0 2 2 1 2 2 2 0 2 2 1 0 2 2
0 2 0 2 1 0 0 0 1 1 2 0 1 2 2 0 2 2 0 0 2 2
0 2 1 1 1 0 0 0 0 2 2 1 2 2 2 0 2 1 2 0 2 2
1 2 0 1 2 0 0 1 0 2 1 0 0 2 2 0 2 1 1 0 2 2
0 2 0 0 1 0 0 0 0 2 1 1 2 2 2 0 2 1 0 0 2 2
1 2 0 0 2 1 0 0 0 2 1 0 2 1 2 0 2 2 1 0 2 2
1 2 0 0 0 0 0 0 0 2 2 0 2 2 2 0 2 1 1 0 2 2
0 2 0 0 2 0 0 0 0 2 2 0 1 2 2 0 2 1 1 1 2 2
1 2 1 0 1 0 1 0 0 1 1 0 2 1 2 0 2 1 1 0 1 1
0 2 0 1 2 1 0 1 0 2 2 0 2 2 2 0 2 2 2 0 2 2
0 2 0 1 2 0 1 1 0 2 1 0 1 2 2 0 2 1 1 0 2 2
0 2 0 1 2 1 0 0 0 2 2 0 2 2 2 0 2 1 1 0 2 2
1 2 0 1 1 0 0 0 1 2 2 1 2 2 2 0 2 1 1 0 2 2
0 2 0 1 2 0 0 1 0 2 1 0 2 2 2 0 2 2 2 0 2 2
0 2 0 2 1 0 0 0 0 2 2 0 2 2 2 0 2 2 1 0 2 2
1 2 0 1 2 1 1 0 0 2 2 0 2 2 2 0 2 1 2 0 2 2
1 2 1 1 2 1 0 0 0 2 1 1 2 2 2 0 2 2 2 0 2 2
1 2 0 2 1 0 0 0 0 2 1 1 1 2 2 0 2 1 2 0 2 2
0 2 0 1 1 0 0 1 0 2 1 0 2 2 2 0 2 1 1 0 1 2
0 2 0 0 1 0 0 1 0 2 2 0 1 2 2 0 2 1 2 0 1 2
0 2 0 1 1 1 0 1 0 2 1 1 1 2 2 0 2 0 1 0 2 2
0 2 1 1 2 0 1 0 0 2 2 0 2 2 2 0 2 2 2 1 2 2
0 2 0 1 1 0 0 0 0 1 2 0 1 2 2 0 2 1 1 1 2 2
0 2 0 0 2 0 0 1 0 1 1 0 2 2 2 0 1 1 2 0 2 2
1 2 0 1 2 0 0 2 0 2 2 0 1 2 2 0 2 1 1 0 2 2
0 2 0 0 1 0 0 0 0 2 0 1 2 1 2 0 2 1 1 0 2 2
2 2 0 2 2 0 0 0 1 2 2 0 2 2 2 0 2 1 2 1 1 2
1 2 1 0 1 0 0 0 0 2 2 0 2 1 2 0 2 2 1 0 2 2
1 2 1 2 2 1 0 1 1 2 2 1 1 2 2 0 2 1 1 0 2 2
1 2 0 2 2 0 0 0 0 2 2 2 2 2 2 0 2 1 2 0 2 2
1 2 0 2 2 0 0 1 0 2 1 0 1 2 2 0 2 1 1 0 2 2
1 2 0 1 1 0 0 0 0 2 1 0 2 2 2 0 2 2 2 0 2 2
0 2 0 2 1 0 0 0 0 2 2 0 2 2 2 0 2 2 2 0 2 2
0 2 0 1 2 0 1 1 0 2 1 0 2 1 2 0 2 1 2 0 2 1
2 2 0 0 1 0 0 0 0 2 2 0 1 2 2 0 2 0 1 0 2 2
0 2 0 2 2 0 0 0 0 2 2 0 2 1 2 0 2 1 1 0 2 2
1 2 0 1 2 0 0 1 0 2 2 0 1 2 2 0 2 1 1 0 2 2
0 2 0 2 1 0 0 0 0 2 1 0 2 2 2 0 2 2 2 1 1 2
1 2 0 1 2 0 0 1 1 2 1 0 2 1 2 0 2 0 1 1 2 2
0 2 0 1 1 0 0 0 0 2 2 0 2 2 2 0 2 2 2 0 2 2
1 2 0 0 2 0 0 1 0 2 1 0 2 1 2 0 2 2 2 0 2 2
1 2 0 1 2 0 0 0 0 1 2 0 2 2 2 0 2 1 2 0 2 2
0 2 0 2 1 0 0 1 0 2 1 1 2 2 2 0 2 2 1 0 2 2
1 2 0 1 1 0 1 0 0 1 2 0 2 2 2 0 2 2 2 0 2 2
1 2 0 1 2 1 0 0 0 2 1 1 0 2 2 0 2 2 2 0 2 2
0 2 1 1 0 1 0 0 0 2 2 0 2 2 2 0 2 1 2 0 2 2
0 2 0 1 2 0 0 0 0 2 2 0 2 1 2 0 2 2 2 2 2 2
0 2 0 1 1 0 0 1 0 2 1 1 2 1 2 0 2 2 2 0 2 2
1 2 0 2 2 0 1 0 1 2 2 0 1 2 2 0 2 1 1 0 2 2
0 2 0 1 1 0 0 1 0 2 0 1 1 2 2 0 2 1 2 0 2 2
0 2 0 0 1 1 1 1 0 2 2 0 1 2 2 0 2 1 1 0 2 2
0 2 0 1 1 1 1 1 0 2 2 0 2 2 2 0 2 2 1 0 1 2
1 2 0 2 1 0 1 0 0 2 1 0 2 2 2 0 2 1 2 1 2 1
0 2 0 0 2 0 0 0 0 2 2 0 2 2 2 0 2 1 2 0 2 2
0 2 0 2 1 0 0 0 0 2 2 0 1 2 2 0 2 0 2 0 2 2
1 2 0 1 1 0 0 0 0 2 2 0 2 2 2 0 2 2 2 0 2 2
0 2 0 1 2 0 0 0 1 2 1 0 2 2 2 0 2 2 2 0 2 2
0 2 0 1 2 0 0 0 1 2 1 1 2 2 2 0 2 1 2 0 2 2
0 2 0 1 1 0 0 0 0 2 2 0 2 2 2 0 2 2 2 0 2 2
0 2 0 2 2 0 0 1 0 2 2 0 2 2 2 0 2 1 2 0 2 2
1 2 0 1 2 0 0 0 0 2 2 1 2 2 2 0 2 1 2 0 2 2
0 2 0 1 1 0 0 1 0 2 2 1 2 2 2 0 2 2 2 0 2 1
1 2 0 1 2 0 0 0 0 2 2 0 2 2 2 0 2 2 0 0 2 2
0 2 1 2 1 0 0 0 0 2 2 1 2 2 2 0 1 2 1 0 2 2
1 2 0 1 0 0 0 0 0 1 2 2 1 2 2 0 2 2 1 1 1 1
1 2 0 1 1 0 0 0 0 1 2 1 2 2 2 0 2 2 1 0 2 2
0 2 0 1 1 1 0 0 0 2 2 0 2 2 2 0 2 2 2 0 2 2
0 2 0 1 1 0 0 0 0 2 1 1 0 2 2 0 2 0 1 0 2 2
0 2 0 2 1 1 0 0 0 2 2 0 0 2 2 0 2 2 1 0 2 2
0 2 0 2 1 0 0 0 0 2 2 0 2 2 2 0 2 2 2 0 2 2
2 2 0 0 2 1 0 1 0 2 2 0 2 2 2 0 2 1 1 0 2 2
0 2 0 1 1 0 0 0 0 1 2 0 2 2 2 0 2 1 1 0 2 2
0 2 0 0 1 0 0 1 0 2 2 1 2 2 2 0 2 2 2 1 2 1
0 2 0 1 1 0 1 0 0 2 1 0 2 2 2 0 2 2 1 1 2 2
0 2 0 2 2 0 0 1 0 2 2 0 2 2 2 0 2 2 1 0 2 2
0 2 0 1 2 0 0 0 0 2 2 0 2 2 2 0 2 2 2 0 2 2
0 2 0 1 2 0 0 0 0 1 1 0 2 2 2 0 2 2 2 0 2 2
1 2 1 1 2 1 0 1 0 0 1 0 2 2 2 0 2 0 1 0 2 2
0 2 0 0 1 0 0 0 0 2 2 0 2 2 2 0 2 2 1 0 2 2
1 2 0 0 1 0 1 1 0 2 2 1 2 2 2 0 2 0 1 0 2 2
0 2 0 2 1 0 0 0 0 2 2 0 1 2 2 0 2 2 2 1 1 2
0 2 0 2 1 0 0 0 0 2 2 0 2 1 2 0 2 2 2 0 2 2
0 2 0 0 2 1 0 0 0 2 2 1 2 2 2 0 2 2 2 1 2 2
0 2 0 1 2 0 0 0 0 1 1 0 2 2 2 0 2 1 2 0 2 2
0 2 1 0 2 0 0 2 0 2 1 0 2 2 2 0 2 2 1 1 2 2
1 2 2 2 2 0 0 0 0 2 2 0 2 2 2 0 2 2 2 0 2 2
0 2 2 1 1 0 0 0 0 2 1 2 1 2 2 0 2 2 1 0 2 2
1 2 0 2 1 0 0 1 0 2 2 0 2 2 2 0 2 1 0 0 2 1
1 2 0 1 2 0 0 1 0 1 1 0 2 2 2 0 2 1 2 0 2 2
0 2 0 1 1 0 1 0 0 2 2 0 2 2 2 0 2 1 2 0 2 2
0 2 0 1 1 0 0 0 0 2 2 1 1 2 2 0 2 1 1 0 2 2
0 2 0 0 2 0 0 0 0 2 2 2 2 2 2 0 2 1 2 0 2 2
0 2 0 1 1 0 0 1 0 2 2 0 2 2 2 0 2 1 1 0 2 2
0 2 0 1 2 0 0 0 0 2 2 0 2 2 2 0 2 2 2 0 2 2
0 2 0 1 1 0 0 0 0 2 2 0 2 2 2 0 1 1 2 0 2 2
0 2 1 0 2 0 0 0 0 2 1 1 1 2 2 0 2 1 2 0 2 2
2 2 0 1 1 0 1 1 0 2 2 1 2 1 2 0 2 2 2 0 2 1
0 2 1 1 1 0 0 1 0 2 1 0 0 2 2 0 2 2 2 1 2 1
0 2 0 0 2 0 0 0 0 2 2 1 2 2 2 0 2 1 2 1 2 1
1 2 0 2 2 0 0 0 0 2 0 0 1 2 2 0 2 1 1 0 2 2
0 2 0 0 2 0 1 0 1 2 0 0 2 1 2 0 2 1 2 0 2 2
1 2 0 2 1 0 0 0 0 2 1 1 2 2 2 0 2 1 2 0 1 2
1 2 1 1 2 0 0 0 0 2 2 1 1 2 2 0 2 1 1 1 2 2
0 2 0 1 2 1 0 0 0 2 1 0 2 2 2 0 1 2 2 0 2 2
1 2 0 2 1 0 1 0 0 1 2 0 1 2 2 0 2 2 1 0 2 2
0 2 0 1 1 0 0 0 1 2 2 1 2 2 2 0 2 1 1 0 2 2
0 2 0 1 2 0 0 1 0 2 2 0 2 2 2 0 2 1 1 0 2 2
0 2 0 1 2 0 0 1 0 2 1 0 1 2 1 0 2 1 1 0 2 2
1 2 0 2 1 0 1 0 0 2 1 1 2 2 2 0 2 2 1 0 2 2
0 2 0 1 2 0 0 0 0 2 1 0 2 2 2 0 2 0 2 0 2 2
1 2 0 0 2 0 0 0 0 2 1 0 2 2 2 0 2 0 2 0 2 2
0 2 0 2 2 0 0 0 1 2 1 1 2 2 2 0 2 2 2 1 2 2
0 2 0 2 2 1 1 0 0 2 1 0 2 2 2 0 2 2 2 0 2 2
0 2 1 2 2 0 1 0 0 2 1 1 2 1 2 0 2 2 2 0 2 2
0 2 1 1 2 0 0 0 0 2 2 0 2 2 2 0 2 1 1 1 2 2
0 2 0 0 1 0 0 2 0 2 2 0 2 2 2 0 1 1 1 0 2 2
1 2 1 1 2 0 0 0 0 2 1 0 2 2 2 0 2 1 1 0 2 2
1 2 0 2 1 0 0 1 0 2 2 0 2 2 2 0 2 2 1 0 2 2
0 2 0 2 2 0 1 0 0 2 2 0 1 2 2 0 2 2 2 1 2 1
0 2 1 2 1 0 0 1 0 2 2 0 2 2 2 0 2 1 2 0 2 2
0 2 0 1 1 0 1 0 0 2 0 0 2 2 2 0 2 1 2 0 2 2
0 2 0 2 2 0 0 0 0 2 2 0 1 2 2 0 2 1 0 0 2 2
1 2 0 1 2 0 0 0 0 2 2 1 1 1 2 0 2 1 2 0 2 2
0 2 0 1 2 1 0 0 0 2 2 1 2 2 2 0 2 2 2 0 2 2
0 2 0 0 2 0 0 0 0 2 2 0 2 1 2 0 2 1 2 1 2 2
1 2 0 1 1 0 0 1 0 2 1 0 2 2 2 0 2 2 1 0 2 2
0 2 0 0 1 0 0 0 0 1 2 0 2 2 2 0 2 1 2 0 2 2
0 2 0 2 2 0 0 0 0 2 2 0 2 2 2 0 2 0 2 0 2 2
0 2 0 0 2 0 0 1 0 2 2 0 2 2 2 0 2 1 2 1 1 2
0 2 0 1 2 0 0 0 0 2 2 0 1 2 2 0 2 0 2 0 2 2
0 2 0 1 2 0 2 0 0 2 1 0 1 2 2 0 2 1 2 0 2 2
0 2 1 1 2 0 0 0 0 2 1 0 1 2 2 0 2 2 2 1 2 1
1 2 0 0 0 0 0 1 0 2 2 1 1 2 2 0 2 1 2 1 2 2
0 2 1 1 1 0 0 0 0 1 2 0 2 2 2 0 2 2 2 0 2 2
0 2 0 2 1 1 0 0 0 2 2 1 2 2 2 0 2 1 2 0 2 1
1 2 1 1 2 0 0 0 1 2 1 1 0 2 2 0 2 1 1 1 2 2
1 2 0 2 2 0 0 0 0 2 0 0 2 2 2 0 2 2 2 1 2 2
0 2 0 1 0 0 0 0 0 2 1 0 2 2 2 0 2 0 2 0 2 2
0 2 0 0 2 0 0 1 0 2 2 0 2 2 2 0 2 2 2 1 2 2
0 2 0 2 2 1 1 0 0 2 1 0 1 2 2 0 2 1 1 0 1 2
1 2 0 2 2 0 0 0 0 2 2 0 1 1 2 0 2 0 1 0 2 1
1 2 0 0 2 0 0 0 0 2 1 0 1 2 2 0 2 0 2 0 2 1
0 2 0 0 2 0 0 1 0 2 0 0 2 2 2 0 2 0 2 1 2 2
0 2 0 2 1 0 0 0 0 2 2 0 0 2 2 0 2 2 2 1 2 2
0 2 0 0 1 0 0 0 0 2 2 0 2 2 2 0 2 2 1 0 2 2
1 2 1 1 2 0 0 1 0 2 2 0 2 2 2 0 2 2 1 0 2 2
0 2 1 2 1 1 0 0 1 2 1 0 2 2 2 0 2 2 2 0 2 2
0 2 2 1 1 0 0 0 0 2 2 0 2 2 2 0 2 1 2 0 2 2
0 2 0 1 2 0 0 0 0 2 2 1 2 2 2 0 2 2 2 0 2 2
1 2 0 2 2 0 1 1 0 2 1 0 2 2 2 0 2 2 2 0 2 2
0 2 0 2 1 0 0 0 0 2 2 0 2 2 2 0 2 2 2 1 2 2
0 2 0 1 1 0 0 0 0 2 2 0 1 2 2 0 2 1 2 0 2 1
0 2 0 1 1 0 1 0 0 2 1 0 2 2 2 0 2 1 1 0 2 2
1 2 0 2 1 0 0 0 0 2 2 1 2 2 2 0 2 2 1 0 2 2
0 2 0 1 2 1 0 0 1 2 0 0 2 2 2 0 2 1 2 2 2 2
0 2 0 1 2 0 0 0 0 2 2 0 2 2 2 0 2 1 1 0 2 2
0 2 1 1 1 0 1 0 0 2 1 2 1 2 2 0 2 1 1 0 2 2
1 2 0 1 1 1 1 0 0 2 1 0 2 2 2 0 2 2 1 1 2 2
1 2 0 1 2 0 1 1 0 2 1 1 2 2 2 0 2 0 1 0 2 2
1 2 0 0 2 0 0 0 0 2 2 0 2 1 2 0 2 1 2 1 2 2
0 2 0 1 2 0 0 0 0 2 2 0 1 2 2 0 2 0 0 0 2 2
0 2 0 2 0 0 0 1 0 1 0 0 2 2 2 0 2 1 2 0 2 2
1 2 0 0 0 0 0 0 1 1 2 0 1 2 2 0 2 2 2 1 2 1
1 2 0 1 1 1 0 0 0 2 2 1 2 2 2 0 2 1 0 0 2 2
1 2 0 2 2 0 1 0 0 2 2 0 2 2 2 0 2 2 1 0 2 2
0 2 0 0 1 1 0 0 0 2 2 0 2 1 2 0 2 2 2 0 2 2
1 2 0 2 2 0 0 1 0 2 2 0 1 2 2 0 2 2 2 0 2 2
0 2 0 1 1 0 0 0 0 2 2 0 2 2 2 0 2 1 1 0 2 2
0 2 0 2 2 0 0 0 0 2 2 0 2 2 2 0 2 2 2 1 2 2
0 2 0 1 2 0 0 0 0 2 2 0 1 2 2 0 2 2 2 0 2 2
1 2 0 0 2 0 0 0 0 2 1 0 1 2 2 0 2 1 1 0 2 2
1 2 1 0 2 0 0 1 0 1 1 0 2 1 2 0 2 1 2 0 1 2
0 2 0 1 2 1 0 0 0 2 1 0 0 2 2 0 2 1 2 0 2 2
0 2 0 1 1 0 0 0 0 2 2 1 2 2 2 0 2 1 1 0 2 2
0 2 0 1 2 1 0 0 0 2 1 0 2 2 2 0 2 2 1 0 2 2
0 2 0 2 2 0 0 0 0 2 2 0 1 2 2 0 2 2 1 0 2 2
0 2 1 1 2 0 0 0 0 2 2 0 2 2 2 0 2 2 2 1 1 2
0 2 0 1 0 0 0 0 0 2 1 0 2 2 2 0 2 2 2 0 2 2
0 2 1 1 2 0 0 0 0 2 2 0 2 2 2 0 2 2 1 1 2 2
0 2 0 0 2 0 0 0 0 2 2 0 1 2 2 0 2 1 2 1 2 2
0 2 0 2 1 0 0 0 1 2 1 0 2 2 2 0 2 2 0 0 2 2
0 2 0 2 2 0 1 0 0 2 1 1 2 2 2 0 2 2 2 0 2 1
0 2 0 0 1 1 0 0 0 2 0 0 0 2 2 0 2 2 2 0 2 2
0 2 2 2 1 1 0 2 0 2 2 0 2 1 2 0 2 1 1 0 2 2
1 2 0 2 1 1 0 0 0 2 1 0 0 2 2 0 2 1 1 0 2 2
0 2 0 1 2 1 1 1 0 2 1 2 1 2 2 0 2 2 2 0 1 2
0 2 0 2 2 0 0 0 0 2 1 0 2 2 2 0 2 1 0 0 1 1
0 2 1 0 1 0 1 0 0 2 2 1 2 2 2 0 2 1 2 1 2 2
1 2 0 0 1 0 1 0 0 2 2 0 2 2 2 0 2 1 2 0 2 2
1 2 0 1 1 0 0 0 0 2 2 0 2 2 2 0 2 1 2 0 1 1
0 2 0 0 2 0 0 0 0 2 2 0 2 2 2 0 2 1 1 1 2 2
1 2 0 1 1 0 0 0 0 2 1 0 2 2 2 0 2 2 2 0 2 2
0 2 0 1 1 1 0 0 0 2 2 0 2 2 2 0 2 2 2 0 2 1
0 2 0 1 1 1 0 0 1 2 2 0 2 2 2 0 2 2 1 0 2 2
0 2 0 0 2 0 0 1 0 1 1 1 2 2 2 0 2 1 1 0 2 2
1 2 0 1 1 0 0 0 0 1 2 0 2 2 2 0 2 2 2 0 2 2
0 2 1 2 2 0 0 0 0 2 2 1 2 2 2 0 2 2 1 0 2 2
1 2 0 1 2 0 0 0 0 2 1 0 2 2 2 0 2 2 2 0 2 1
0 2 0 1 1 0 0 0 0 2 1 1 2 2 2 0 2 1 1 2 2 2
0 2 0 0 1 1 1 0 0 1 1 0 1 1 2 0 2 2 1 0 2 2
1 2 0 0 2 0 0 0 1 2 1 0 2 2 2 0 2 0 1 0 2 2
0 2 0 2 1 0 0 0 0 2 2 0 2 1 2 0 2 2 1 0 2 2
1 2 0 1 2 0 1 1 0 2 2 0 2 2 2 0 2 2 1 0 2 2
0 2 0 1 1 0 0 0 0 2 0 0 2 2 2 0 2 2 2 1 2 2
0 2 0 2 1 0 0 0 0 2 2 1 2 2 2 0 2 2 2 1 1 2
0 2 0 1 1 0 0 0 0 2 2 2 1 2 2 0 2 1 2 0 2 2
0 2 0 1 2 0 0 0 0 2 2 1 2 2 2 0 2 1 2 1 2 2
1 2 0 2 1 1 0 0 0 2 1 0 2 2 2 0 2 2 2 1 2 2
0 2 0 1 2 0 0 0 0 2 2 0 2 1 2 0 2 1 1 0 2 2
0 2 0 1 2 1 0 0 0 2 2 1 2 2 2 0 2 2 1 0 1 2
1 2 0 0 0 0 0 1 0 2 2 1 2 2 2 0 2 1 1 1 1 2
0 2 0 1 0 0 0 0 0 2 2 0 1 2 2 0 2 1 1 1 2 1
0 2 0 2 1 1 0 0 0 2 2 0 2 2 2 0 2 1 0 0 2 2
0 2 2 1 1 0 0 0 0 2 1 0 1 2 2 0 2 2 2 0 1 2
0 2 0 1 2 0 0 0 0 2 2 0 1 2 2 0 2 2 2 0 2 2
0 2 0 1 1 0 0 0 0 2 1 1 2 2 2 0 2 1 1 0 1 2
1 2 0 1 1 0 0 0 0 2 2 1 2 2 2 0 2 2 2 0 2 2
1 2 0 2 0 0 1 1 0 2 2 1 2 2 2 0 2 1 2 0 1 2
1 2 1 1 2 0 0 1 0 2 2 0 2 2 2 0 2 2 2 0 2 2
1 2 1 2 0 0 0 1 0 2 1 0 2 2 2 0 2 2 2 0 2 2
0 2 0 2 2 1 0 1 0 2 2 1 2 2 2 0 1 2 2 0 2 2
0 2 0 1 0 0 1 1 0 2 2 1 2 2 2 0 2 0 1 0 2 2
1 2 0 1 0 0 0 0 0 2 0 1 2 2 2 0 2 2 2 0 1 2
0 2 1 1 0 0 0 0 0 2 2 1 2 2 2 0 2 1 1 0 2 2
0 2 0 2 1 0 0 0 0 2 0 0 2 2 2 0 2 1 2 0 1 2
0 2 0 0 2 0 0 0 0 2 1 1 2 2 2 0 2 1 1 1 2 2
0 2 1 1 1 0 0 0 0 2 2 1 2 1 2 0 2 1 2 0 2 2
0 2 0 2 2 0 0 0 0 2 2 1 1 2 2 0 2 2 2 0 1 2
0 2 0 2 1 0 0 0 0 2 2 0 2 2 2 0 2 2 1 0 2 2
0 2 0 1 2 1 0 1 0 2 2 1 2 2 2 0 2 1 2 0 2 2
0 2 0 2 1 1 0 1 0 2 1 1 1 2 2 0 2 2 1 0 2 2
0 2 0 1 2 1 0 0 0 2 1 1 2 2 2 0 2 2 2 0 2 2
1 2 0 1 2 0 0 1 0 2 2 0 0 2 2 0 2 1 2 1 2 2
0 2 0 2 2 0 0 0 0 2 2 0 2 2 2 0 2 2 0 0 2 2
1 2 0 2 0 0 0 0 0 2 2 0 1 2 2 0 1 2 0 1 2 2
0 2 0 2 2 0 0 0 0 2 2 0 2 2 2 0 2 2 1 0 2 2
0 2 0 2 1 0 0 0 0 2 1 0 2 2 2 0 2 2 1 1 2 2
0 2 0 0 1 1 0 1 0 2 2 0 2 2 2 0 2 1 0 0 1 2
0 2 0 1 1 0 0 0 0 2 2 1 2 2 2 0 2 1 2 0 2 1
0 2 0 2 1 0 1 0 0 2 0 0 2 2 2 0 2 1 2 0 2 2
1 2 0 0 1 0 0 0 0 2 2 1 2 2 2 0 2 2 1 0 2 2
0 2 0 2 1 0 0 0 0 2 1 1 2 2 2 0 2 1 2 0 1 2
0 2 2 0 1 0 0 0 0 2 2 1 2 2 2 0 2 2 2 1 2 2
1 2 0 1 2 0 0 0 0 2 1 1 2 2 2 0 2 1 1 0 2 2
1 2 1 1 0 1 0 1 0 2 2 0 2 2 2 0 2 2 2 0 2 2
1 2 0 2 1 0 0 0 0 2 2 0 2 2 2 0 2 2 2 1 2 2
0 2 0 0 2 1 0 0 0 2 1 0 2 2 2 0 2 2 1 0 2 2
0 2 0 1 2 0 0 1 0 2 1 0 2 2 2 0 2 1 2 1 2 2
0 2 0 1 2 0 0 0 0 2 2 0 2 2 2 0 2 2 2 0 2 2
0 2 0 2 2 0 0 0 0 2 2 0 2 2 2 0 2 2 2 0 2 2
0 2 0 1 2 0 0 0 0 2 1 0 0 2 2 0 2 1 1 0 2 2
1 2 0 1 1 0 0 1 0 2 2 0 2 2 2 0 2 0 2 0 2 2
0 2 0 2 2 0 0 0 0 1 1 0 2 2 2 0 2 0 2 0 1 2
2 2 0 1 2 1 1 0 0 2 2 1 1 2 2 0 2 2 1 0 2 2
0 2 0 2 2 0 0 1 0 1 0 0 2 2 2 0 2 2 2 0 2 2
1 2 0 2 2 0 0 0 0 2 1 1 2 1 2 0 2 2 2 0 1 2
1 2 0 1 2 0 0 0 0 2 2 1 2 2 2 0 2 1 1 0 2 2
1 2 0 1 2 0 0 0 0 2 1 0 1 2 2 0 2 1 2 0 2 2
0 2 0 2 1 0 1 0 0 2 0 0 2 2 2 0 2 1 1 0 2 2
0 2 0 2 2 0 0 1 0 2 1 1 1 2 2 0 2 2 1 0 2 2
0 2 0 2 0 0 0 1 0 2 2 0 2 2 2 0 2 0 2 0 2 2
1 2 0 1 2 0 0 0 0 2 2 1 2 2 2 0 2 2 2 0 2 2
0 2 0 2 0 0 0 0 0 2 2 0 2 2 2 0 2 1 2 1 1 2
1 2 0 1 1 0 0 0 0 2 1 1 2 2 2 0 2 2 1 0 2 2
1 2 1 1 1 0 0 0 0 2 2 2 2 2 2 0 2 1 1 1 2 1
0 2 0 0 2 0 0 1 0 2 1 1 2 2 2 0 2 2 1 0 2 2
0 2 0 2 2 0 0 0 0 2 2 2 2 2 2 0 2 2 1 0 2 2
1 2 0 0 1 0 0 0 0 2 0 0 1 2 2 0 2 1 1 0 2 2
0 2 0 1 2 0 1 0 0 2 2 0 2 2 2 0 2 1 1 0 1 2
0 2 0 1 0 0 0 0 0 2 2 0 2 2 2 0 2 1 1 0 2 2
0 2 0 1 1 0 0 0 0 2 2 1 0 1 2 0 2 2 2 0 2 2
1 2 0 2 2 0 0 0 0 2 1 0 2 2 2 0 2 2 2 0 1 2
0 2 0 1 1 0 0 0 0 2 1 0 1 2 2 0 2 0 2 0 2 2
0 2 0 1 1 1 0 0 0 2 1 1 2 2 2 0 2 1 2 0 2 2
0 2 0 0 2 0 0 1 0 2 2 0 2 2 2 0 2 2 2 0 2 2
1 2 0 1 1 0 0 0 0 2 2 1 2 2 2 0 1 2 1 0 2 1
0 2 0 1 2 0 0 1 0 2 1 1 1 2 2 0 2 1 0 0 2 2
1 2 0 1 2 0 1 1 0 2 2 0 2 2 2 0 2 2 1 1 2 2
0 2 0 1 1 0 0 0 0 2 2 0 2 2 2 0 2 1 2 0 2 2
0 2 0 2 0 0 0 0 0 2 2 0 2 2 2 0 2 2 1 1 2 2
0 2 0 2 2 0 0 0 0 2 2 0 1 2 2 0 2 1 2 0 2 1
0 2 0 2 1 0 0 0 0 2 1 0 2 2 2 0 2 1 1 0 2 2
1 2 0 2 2 0 0 0 0 2 2 2 2 2 2 0 2 0 2 0 2 2
0 2 0 1 2 0 1 1 0 2 1 1 2 2 2 0 2 1 2 1 2 2
2 2 0 0 2 0 0 0 0 2 2 0 2 2 2 0 2 2 2 0 2 2
1 2 0 2 1 0 1 0 0 2 2 0 2 2 2 0 2 1 1 0 2 2
0 2 0 1 2 0 0 0 0 2 2 1 1 2 2 0 2 2 2 0 2 2
0 2 0 1 1 0 0 0 0 2 2 1 2 1 2 0 1 2 2 0 2 2
1 2 0 1 1 0 0 0 0 2 2 0 2 2 2 0 2 1 0 0 0 2
0 2 0 1 1 0 0 0 0 1 2 0 2 2 2 0 2 1 2 0 2 2
1 2 0 1 1 0 0 0 0 2 2 0 2 2 2 0 2 2 2 1 2 2
0 2 2 1 2 0 0 1 0 2 1 0 2 2 2 0 2 1 1 0 2 2
0 2 0 1 2 1 0 0 0 2 2 0 2 2 2 0 2 2 2 0 2 2
1 2 0 1 1 0 0 1 0 2 2 0 1 2 2 0 2 1 1 0 2 2
0 2 0 2 2 0 0 0 0 2 2 2 2 1 2 0 2 0 1 0 2 2
0 2 0 1 1 0 0 0 0 2 2 0 1 2 2 0 2 0 1 0 2 2
2 2 0 2 1 0 0 1 0 1 1 0 2 2 2 0 2 2 2 1 2 1
0 2 0 1 1 1 0 0 0 2 1 0 2 1 2 0 2 2 1 1 2 2
1 2 0 1 1 0 0 0 0 2 1 0 2 2 2 0 2 1 2 0 2 2
1 2 0 1 2 0 0 0 0 2 2 0 2 0 2 0 2 1 2 0 2 2
0 2 1 1 2 1 0 1 1 2 2 0 1 2 2 0 1 1 1 0 1 2
0 2 1 1 1 0 0 0 0 2 1 0 1 2 1 0 2 1 2 0 2 2
1 2 0 2 2 0 1 0 0 2 1 2 2 2 2 0 2 2 1 0 2 2
0 2 0 2 1 0 0 1 0 2 2 0 2 2 2 0 2 2 2 1 2 2
0 2 0 2 2 1 1 0 0 2 1 1 1 2 2 0 2 2 1 0 2 2
1 2 0 1 2 0 0 0 0 2 2 0 2 2 2 0 2 0 2 1 2 2
0 2 0 1 1 0 0 0 0 2 1 0 2 2 2 0 2 2 2 0 2 2
0 2 0 0 2 0 0 1 0 2 1 1 2 2 2 0 2 2 2 0 2 2
0 2 0 2 2 0 1 0 0 2 1 1 2 2 2 0 2 2 2 0 2 2
0 2 0 2 2 0 0 1 0 2 1 1 2 2 2 0 2 2 1 0 2 2
0 2 0 1 2 0 0 2 0 2 2 0 2 1 2 0 2 2 0 1 2 2
0 2 0 1 1 1 0 0 0 2 1 0 2 1 2 0 1 2 2 0 2 2
1 2 1 1 1 0 0 1 0 2 2 0 1 2 2 0 2 1 1 0 2 2
1 2 0 1 2 2 0 0 0 2 2 0 1 2 2 0 2 2 1 1 2 2
0 2 0 0 2 1 0 1 1 2 2 1 2 2 2 0 2 1 1 0 2 2
0 2 0 1 2 0 0 0 0 2 1 0 2 1 2 0 2 1 2 0 2 2
0 2 0 0 2 0 0 1 0 2 1 1 2 2 2 0 2 1 0 0 2 2
0 2 0 2 1 0 0 1 0 2 2 0 2 2 2 0 2 2 2 1 2 2
0 2 0 1 2 0 1 1 0 2 2 1 2 2 2 0 1 2 2 1 1 2
0 2 0 2 0 0 0 0 0 2 2 0 1 2 2 0 2 2 1 1 2 2
1 2 0 2 2 0 0 0 0 2 2 0 1 2 2 0 2 1 2 1 2 2
0 2 1 0 2 1 0 0 0 2 2 1 1 2 2 0 2 1 2 0 2 2
0 2 0 1 2 0 0 1 0 2 2 1 2 2 2 0 2 1 1 0 2 2
0 2 0 1 2 0 0 0 0 2 2 0 1 2 2 0 2 2 2 0 2 2
0 2 0 1 0 0 0 0 0 2 1 1 2 2 2 0 2 2 2 0 2 2
0 2 0 1 2 1 0 0 0 2 1 1 1 2 2 0 2 2 2 0 2 2
1 2 0 2 2 0 0 0 0 2 0 0 2 2 2 0 2 1 2 0 1 2
0 2 0 1 0 0 0 1 0 2 2 1 2 2 2 0 2 1 1 0 2 2
0 2 0 2 1 0 0 0 0 1 2 2 2 2 2 0 2 2 1 1 2 2
0 2 0 0 1 0 0 0 1 1 2 2 1 2 2 0 2 2 2 1 2 2
0 2 0 0 1 0 0 0 0 2 1 0 2 2 2 0 2 2 2 0 2 2
0 2 0 2 2 0 1 0 0 2 1 0 2 1 2 0 2 2 1 1 2 2
2 2 0 2 2 0 0 0 0 1 2 1 2 2 2 1 2 0 2 0 2 2
0 2 0 1 2 0 1 0 0 2 2 0 1 2 2 0 1 2 2 0 2 2
0 2 0 1 2 0 0 0 0 2 2 0 2 2 2 0 2 0 2 1 1 2
1 2 0 0 1 1 0 0 0 1 1 1 1 2 2 0 2 2 1 0 2 2
0 2 0 2 1 0 0 0 0 1 1 0 2 2 2 0 2 2 2 0 2 2
0 2 0 2 1 0 1 0 1 2 2 0 2 2 2 0 2 1 1 0 2 2
1 2 0 2 2 1 0 0 0 2 1 1 1 2 2 0 1 2 1 0 2 2
2 2 0 2 2 0 0 1 0 2 2 1 2 2 2 0 2 1 1 0 2 2
2 2 0 0 1 0 0 0 0 1 2 0 2 2 2 0 2 2 2 0 2 2
1 2 0 0 1 0 0 0 0 2 2 0 1 1 2 0 2 1 2 0 2 2
1 2 0 2 2 0 1 0 0 2 1 0 1 2 2 0 2 1 2 0 2 2
1 2 0 0 1 0 0 0 0 2 2 0 2 2 2 0 2 1 2 0 2 2
0 2 0 0 2 0 1 0 0 2 1 1 2 1 2 0 2 2 2 0 2 2
1 2 0 0 1 0 0 0 0 2 1 1 2 1 2 0 2 1 1 0 2 2
0 2 0 1 2 2 0 0 0 2 1 0 2 1 2 0 2 2 2 1 2 2
0 2 0 0 1 0 0 1 1 2 2 0 2 2 2 0 2 2 1 0 2 2
0 2 0 0 2 0 1 0 0 1 2 1 1 2 2 0 2 2 2 0 2 2
0 2 0 1 2 0 0 0 0 2 2 0 2 2 2 0 2 1 2 0 2 1
0 2 0 2 2 0 0 0 0 2 2 0 2 2 2 0 2 1 0 0 2 2
1 2 0 0 0 0 0 1 0 2 1 0 2 2 2 0 2 1 1 0 2 2
0 2 0 2 1 0 1 0 0 2 2 1 2 2 2 0 2 2 2 0 2 2
0 2 0 0 1 1 0 1 0 2 0 0 2 2 2 0 2 2 2 0 2 2
0 2 0 2 1 0 0 0 1 2 2 0 2 2 2 0 2 2 1 0 2 2
0 2 0 1 1 0 0 0 0 2 1 1 1 1 2 0 2 0 2 0 1 2
0 2 0 0 2 0 0 0 0 2 2 0 1 2 2 0 2 1 1 0 2 1
0 2 0 1 1 0 0 0 0 1 2 1 2 2 2 0 2 1 1 0 2 1
0 2 0 2 1 0 0 0 0 2 1 0 1 2 2 0 2 1 1 1 2 2
0 2 0 0 2 0 0 0 0 2 1 0 2 2 2 0 2 2 2 1 2 2
0 2 0 1 1 1 0 0 0 2 1 0 2 2 2 0 2 2 2 0 2 2
1 2 0 1 1 0 0 0 0 2 2 0 2 2 2 0 2 0 1 1 2 2
1 2 0 1 1 0 0 0 0 1 2 0 2 2 2 0 2 1 2 0 2 2
1 2 0 1 0 0 0 0 0 2 1 0 2 2 2 0 2 1 1 1 2 2
1 2 0 2 0 0 0 0 0 2 1 1 2 2 2 0 2 2 2 0 2 1
0 2 0 1 1 0 0 0 0 1 1 0 2 2 2 0 2 0 2 0 2 2
2 2 0 0 2 0 0 0 0 2 2 0 2 2 2 0 2 2 2 0 2 2
1 2 0 0 2 0 0 0 0 2 1 1 2 2 2 0 2 2 2 1 2 2
0 2 0 0 2 0 1 0 0 2 2 0 2 2 2 0 2 2 1 0 2 2
0 2 0 1 2 0 0 1 0 2 1 0 1 2 2 0 2 1 2 1 2 2
0 2 0 0 2 1 1 0 0 2 2 0 1 1 2 0 2 0 1 0 2 2
0 2 0 1 2 0 0 0 0 2 1 1 2 2 2 0 2 2 2 2 2 2
0 2 0 2 1 0 1 0 0 2 2 2 1 2 2 0 2 1 1 0 2 2
1 2 0 0 1 1 0 0 0 2 2 2 2 2 2 0 2 1 0 1 2 2
0 2 1 1 0 0 0 0 0 2 2 0 2 2 2 0 2 2 1 0 2 1
0 2 0 1 2 0 0 0 0 2 2 1 2 2 2 0 2 1 2 0 2 2
0 2 0 1 1 0 0 0 0 2 1 1 2 2 2 0 2 1 2 1 2 2
0 2 0 0 2 0 0 0 0 2 1 0 1 2 2 0 2 0 1 0 2 2
1 2 0 1 1 0 1 0 0 2 1 0 2 2 2 0 2 2 2 2 1 2
1 2 0 1 0 0 0 0 0 2 1 0 2 2 2 0 2 2 2 0 2 2
0 2 0 0 1 1 0 0 0 2 1 0 2 2 2 0 2 1 2 0 2 2
0 2 0 1 1 0 0 0 0 2 1 1 2 2 2 0 2 1 0 1 2 2
1 2 0 2 1 0 0 0 0 2 1 0 2 2 2 0 2 2 2 0 2 2
0 2 0 1 1 0 0 0 0 2 1 0 2 2 2 0 2 2 1 1 2 2
0 2 0 0 1 0 0 0 0 2 2 1 2 2 2 0 2 2 1 1 2 2
1 2 0 1 0 0 0 0 0 1 2 1 1 2 2 0 2 2 2 0 2 2
0 2 1 2 1 0 1 0 0 2 0 0 1 2 2 0 2 2 1 1 2 2
1 2 0 1 2 0 0 0 0 2 2 0 2 2 2 0 2 1 2 0 1 2
0 2 0 1 2 1 0 0 0 2 2 0 2 2 2 0 2 1 2 0 2 2
0 2 1 2 0 1 1 0 0 2 0 0 2 2 2 0 2 1 1 1 2 2
0 2 0 2 0 1 0 1 0 2 1 0 1 2 2 0 2 2 1 0 2 2
2 2 0 0 2 0 0 0 0 1 2 1 2 2 2 0 2 1 1 0 2 2
1 2 0 0 0 1 0 0 0 2 2 0 2 2 2 0 1 2 1 1 2 2
1 2 0 1 1 0 1 1 0 2 2 0 2 2 2 0 2 2 2 1 2 2
0 2 0 1 2 0 0 0 0 2 2 0 2 2 2 0 2 1 2 1 2 2
1 2 0 2 2 0 0 0 0 2 2 1 2 2 2 0 2 1 2 0 1 2
0 2 1 2 2 0 0 0 0 2 2 0 2 1 2 0 2 2 2 0 1 2
0 2 0 2 1 0 1 2 0 2 1 0 2 2 2 0 1 1 2 0 2 1
0 2 0 2 2 0 0 0 0 2 1 1 2 1 2 0 2 2 1 0 2 2
1 2 0 0 2 0 0 0 0 2 2 0 2 2 2 0 2 1 2 0 2 2
2 2 0 1 1 0 0 1 0 2 2 1 2 2 2 0 2 1 1 0 2 2
1 2 0 1 2 0 0 0 0 2 2 0 1 2 2 0 2 2 1 0 2 2
0 2 0 1 2 1 1 1 0 2 1 0 2 2 2 0 2 2 1 0 2 2
0 2 0 1 2 0 0 0 0 2 2 0 2 2 2 0 2 2 2 0 2 2
0 2 0 0 2 0 0 0 0 2 2 0 2 2 2 0 1 1 2 0 2 2
0 2 1 1 1 0 0 0 1 2 2 1 2 2 2 0 2 1 2 0 2 2
1 2 1 1 2 1 0 0 0 2 1 1 2 2 2 0 2 2 1 0 2 2
0 2 0 1 2 1 0 0 0 2 1 0 2 1 2 0 2 1 2 1 2 2
0 2 0 2 1 1 0 2 0 2 1 0 1 2 2 0 2 2 1 0 2 2
0 2 0 2 1 1 0 0 0 2 2 0 2 2 2 0 2 2 1 0 2 2
1 2 0 0 1 0 0 0 0 2 2 0 2 2 2 0 2 2 2 0 2 2
0 2 0 2 1 0 0 1 0 2 2 0 1 2 2 0 2 2 2 0 1 2
0 2 0 1 1 1 0 0 0 2 2 0 2 2 2 0 2 2 1 0 2 2
1 2 1 1 2 0 0 0 0 2 2 1 2 1 2 0 2 1 2 0 1 2
1 2 0 1 1 0 0 0 0 2 2 0 2 2 2 0 2 0 2 0 2 2
0 2 0 1 1 0 0 0 0 2 2 0 2 2 2 0 2 1 2 0 2 2
0 2 0 1 1 0 0 0 0 2 2 1 2 1 2 0 2 1 2 1 2 2
1 2 0 1 2 0 0 1 0 2 1 0 2 2 2 0 2 0 1 0 2 2
0 2 0 1 1 0 0 0 0 2 2 1 1 2 2 0 2 1 2 0 2 2
0 2 0 2 2 0 1 0 0 2 2 0 1 2 2 0 2 2 1 0 2 2
0 2 1 1 2 0 0 0 0 2 2 0 2 2 2 0 2 2 1 0 2 2
0 2 0 1 2 0 0 0 0 2 2 0 1 1 2 0 2 2 1 1 2 2
1 2 0 0 2 0 0 0 0 2 1 2 2 2 2 0 2 2 2 1 2 2
0 2 0 1 2 1 0 0 0 2 1 0 2 2 2 0 2 0 1 0 2 1
0 2 0 1 1 0 0 0 0 2 1 1 1 2 2 0 2 1 1 0 2 2
1 2 0 1 1 0 0 0 0 1 1 2 2 2 2 0 2 2 2 0 2 2
0 2 1 2 1 0 0 0 0 2 2 1 2 2 2 0 2 2 1 0 2 2
0 2 0 0 1 2 0 0 0 2 1 1 1 2 2 0 2 2 2 0 2 2
0 2 0 0 2 0 0 1 0 2 1 0 1 2 1 0 2 1 1 1 2 2
0 2 1 2 0 0 0 0 0 2 1 1 1 2 2 0 2 2 2 0 2 1
1 2 0 1 1 1 0 0 0 2 2 0 2 2 1 0 2 1 1 0 2 2
0 2 0 2 0 1 0 0 0 2 2 0 1 2 2 0 1 1 1 0 2 1
0 2 0 0 2 0 0 0 0 2 2 0 2 2 2 0 2 1 2 0 2 1
0 2 0 1 1 0 1 0 0 2 1 0 2 2 2 0 2 1 2 1 2 0
0 2 0 0 1 0 0 0 0 2 2 0 2 2 2 0 2 0 0 1 2 2
1 2 0 1 1 0 0 0 0 2 1 0 2 2 2 0 2 2 2 1 2 2
1 2 0 2 2 0 0 1 0 2 2 0 2 2 2 0 2 2 1 0 2 1
0 2 0 2 2 0 1 2 0 2 2 1 2 2 2 0 2 2 2 2 2 2
1 2 0 1 2 0 0 1 0 2 1 2 2 2 2 0 2 0 2 0 1 2
0 2 0 2 1 0 0 2 0 2 2 0 2 2 2 0 2 2 1 0 2 2
0 2 0 2 1 0 0 0 0 2 1 1 2 2 2 0 1 2 1 2 2 2
0 2 0 2 2 0 0 1 0 2 1 0 1 0 2 0 2 1 1 0 1 2
0 2 1 1 2 0 0 0 0 1 1 0 1 2 2 0 2 0 1 0 2 2
1 2 0 1 0 0 0 1 0 2 0 1 2 2 2 0 2 0 1 1 1 2
1 2 0 2 1 0 0 0 0 2 1 1 2 2 2 0 2 1 1 0 2 2
0 2 0 1 2 0 0 0 0 2 2 0 1 2 2 0 2 2 2 1 2 2
2 2 0 2 1 0 0 0 0 2 2 1 2 2 2 0 1 1 2 0 2 1
0 2 1 2 2 0 0 2 0 2 1 0 2 2 2 0 2 1 2 0 1 2
0 2 0 0 2 0 0 0 0 1 1 0 1 2 2 0 2 0 2 0 2 2
1 2 0 2 0 0 0 0 0 2 2 1 2 2 2 0 2 1 2 0 2 2
1 2 0 1 2 0 1 1 0 2 1 1 1 2 2 0 2 1 1 0 2 2
0 2 0 1 1 0 0 1 0 2 1 0 2 2 2 0 2 2 2 2 2 0
0 2 0 1 1 0 0 0 0 2 2 0 1 2 2 0 2 0 1 1 2 1
1 2 0 2 1 2 0 0 0 1 2 1 2 2 2 0 2 1 1 0 2 2
2 2 0 2 1 0 0 0 0 2 1 0 2 2 2 0 2 2 2 0 2 2
0 2 0 2 2 0 0 1 0 2 2 1 2 1 2 0 2 2 2 1 2 2
0 2 0 1 0 0 0 1 0 2 1 0 2 2 2 0 2 1 2 0 2 2
1 2 1 2 2 0 0 0 0 2 2 1 2 1 2 0 2 2 2 1 2 2
0 2 0 2 2 0 0 2 0 2 2 0 1 2 2 0 2 2 2 0 2 2
0 2 0 0 2 1 0 0 0 2 2 0 0 2 2 0 2 2 2 0 2 2
0 2 0 1 1 0 0 1 0 2 2 0 2 2 2 0 2 0 2 0 2 2
2 2 0 0 2 1 0 0 0 2 1 0 1 2 2 0 2 0 0 0 2 2
0 2 0 1 2 0 0 0 0 2 2 0 2 2 2 0 2 2 0 1 2 2
0 2 0 1 1 1 0 1 0 2 2 0 2 2 2 0 2 1 1 0 2 2
0 2 0 1 2 0 0 0 0 2 2 0 1 2 2 0 2 2 1 0 2 1
1 2 0 2 1 0 0 0 0 2 1 0 1 2 2 0 2 2 0 0 2 2
0 2 0 2 1 0 0 0 0 2 1 1 1 2 2 0 2 1 2 0 2 2
0 2 0 1 2 0 0 1 0 2 1 1 2 2 2 0 2 2 2 0 2 2
0 2 0 2 2 1 0 0 0 2 2 0 2 2 2 0 2 1 2 0 1 2
0 2 0 2 2 0 0 0 0 2 2 0 2 2 2 0 2 2 2 0 2 2
1 2 0 1 1 1 0 0 0 2 1 0 2 1 2 0 1 2 1 0 2 2
0 2 0 1 2 0 0 0 0 2 2 0 2 2 2 0 2 2 1 0 2 2
0 2 0 1 1 0 0 0 0 2 2 0 2 2 2 0 2 2 2 0 2 1
0 2 0 1 1 0 0 0 0 2 2 0 2 2 2 0 2 1 2 1 2 2
0 2 0 2 2 0 0 0 0 2 2 0 1 2 2 0 2 2 2 0 2 2
1 2 0 0 1 0 0 0 0 2 1 0 2 2 2 0 2 1 0 0 2 2
0 2 0 2 0 0 0 1 0 2 2 0 2 2 2 0 2 1 1 0 2 2
0 2 0 1 1 0 0 0 0 2 2 1 1 2 2 0 2 2 0 0 2 2
1 2 0 1 2 0 0 1 0 2 2 0 2 2 2 0 2 2 2 1 2 2
1 2 0 2 1 1 0 0 0 2 2 1 1 1 2 0 2 2 2 0 2 2
0 2 0 1 1 0 0 0 0 2 2 0 2 2 2 0 2 0 2 0 2 2
0 2 0 1 0 0 0 0 0 2 0 1 1 2 2 0 2 0 0 0 2 2
0 2 0 1 1 0 1 0 0 2 1 1 2 2 2 0 2 2 2 1 2 2
1 2 0 2 2 0 0 0 0 2 0 2 2 2 2 0 2 1 1 1 2 2
0 2 0 1 1 0 1 0 0 2 1 1 2 2 2 0 2 1 2 0 2 2
0 2 0 1 2 0 0 0 0 2 1 1 2 2 2 0 2 2 1 0 2 2
0 2 0 2 0 0 0 0 0 2 2 0 2 2 2 0 2 2 2 0 2 2
0 2 1 1 2 1 0 0 0 2 2 0 2 2 2 0 2 1 2 1 2 1
1 2 0 1 2 0 0 0 0 1 1 0 2 2 2 0 2 1 1 1 2 2
1 2 1 2 1 0 0 0 0 2 1 0 2 2 2 0 2 2 2 0 2 2
1 2 0 1 2 0 0 0 0 2 2 1 2 2 2 0 2 2 2 0 2 2
1 2 0 1 1 1 0 0 0 2 1 1 1 2 2 0 2 1 1 0 2 2
0 2 0 1 2 0 1 1 0 1 1 0 2 2 2 0 2 0 2 1 2 2
0 2 0 1 1 0 0 0 0 1 2 0 2 2 2 0 1 1 2 0 0 2
0 2 0 1 1 1 1 0 0 2 2 0 2 2 2 0 2 0 2 0 2 2
1 2 0 2 2 0 0 0 0 2 2 0 0 2 1 0 2 1 2 0 2 2
0 2 0 1 2 0 0 0 0 2 1 0 1 2 2 0 2 2 2 0 2 2
0 2 0 1 2 1 0 0 0 1 1 0 2 2 2 0 2 2 2 0 2 2
1 2 0 2 0 0 1 0 0 2 2 1 2 2 2 0 2 1 1 0 2 1
0 2 0 1 1 1 0 0 0 2 1 0 1 1 2 0 2 2 1 1 2 1
1 2 0 0 1 0 0 0 0 2 2 1 2 1 2 0 2 1 2 0 2 2
1 2 0 2 2 0 0 0 0 2 2 1 1 2 2 0 2 0 0 0 1 2
0 2 0 1 2 0 0 0 0 2 1 0 2 2 2 0 2 0 2 0 2 2
0 2 0 1 2 0 0 0 0 2 2 0 2 1 2 0 2 1 1 0 2 2
0 2 0 2 2 0 0 0 0 2 2 0 1 2 2 0 2 1 2 0 1 2
0 2 0 1 2 0 0 2 0 2 1 1 2 2 2 0 2 2 2 0 2 2
1 2 0 1 2 1 0 1 1 2 1 1 2 2 2 0 2 1 2 0 2 2
0 2 0 1 2 0 0 0 0 2 2 0 2 2 2 0 2 2 1 0 2 2
0 2 0 1 1 0 0 0 0 2 1 1 1 1 2 0 2 1 2 0 2 2
1 2 0 1 2 1 0 0 0 2 2 0 2 2 2 0 2 1 2 1 2 2
0 2 0 1 1 0 0 0 0 2 2 1 2 1 2 0 2 2 2 0 1 1
0 2 1 2 1 0 0 0 0 2 0 1 1 2 2 0 2 2 2 0 2 2
0 2 0 1 1 0 1 0 0 2 2 0 2 2 2 0 2 1 2 0 2 2
0 2 0 1 1 0 0 0 0 2 2 1 2 2 2 0 2 2 1 0 1 1
1 2 0 1 2 1 0 0 0 2 2 0 2 2 2 0 2 2 2 1 2 2
0 2 0 0 2 0 0 0 0 2 1 0 2 1 2 0 2 1 2 0 2 2
0 2 0 1 0 0 0 0 0 2 2 2 2 2 2 0 2 2 1 1 2 2
0 2 0 0 2 0 0 1 0 2 1 1 1 2 2 0 2 2 2 1 2 1
0 2 0 1 0 0 0 0 1 2 0 1 2 2 2 0 2 1 1 0 1 2
0 2 0 1 1 0 1 0 0 2 1 0 2 1 2 0 2 2 2 0 2 2
0 2 0 1 2 0 0 0 0 2 1 0 1 2 2 0 2 2 2 0 2 2
1 2 0 1 1 0 2 1 0 2 2 1 2 1 2 0 2 1 2 0 2 2
0 2 0 0 2 0 1 0 0 2 2 1 2 0 2 0 2 2 2 1 2 2
1 2 0 1 0 0 0 0 0 2 2 0 1 1 2 0 2 1 2 0 2 2
0 2 0 1 1 0 0 0 0 2 2 0 2 2 2 0 1 2 1 1 2 2
0 2 0 2 2 0 1 0 0 2 2 1 2 2 2 0 2 1 1 0 2 2
1 2 0 2 1 0 1 0 0 2 2 0 2 2 2 0 2 2 2 0 2 2
0 2 0 2 1 0 1 1 0 2 2 0 2 1 2 0 2 0 0 0 2 2
0 2 0 0 1 0 1 1 0 2 2 1 2 1 2 0 1 2 1 0 2 2
0 2 1 2 1 0 1 0 0 2 2 1 2 2 2 0 2 1 2 0 1 2
0 2 0 1 1 1 0 1 0 2 2 0 1 2 2 0 2 1 1 0 2 2
0 2 0 1 1 1 0 0 0 2 2 0 2 2 2 0 2 2 2 1 1 1
0 2 0 1 0 0 0 0 0 2 2 2 2 2 2 0 2 1 1 0 2 2
0 2 0 1 1 0 0 0 0 1 1 2 0 2 2 0 2 2 2 1 1 2
0 2 0 0 2 1 0 0 0 2 2 1 2 2 2 0 2 2 2 0 1 2
0 2 0 1 2 0 0 0 0 2 1 1 2 2 2 0 2 2 2 0 2 2
0 2 0 1 2 0 0 0 0 0 2 1 1 2 2 0 2 1 2 0 2 1
0 2 1 1 1 0 0 0 0 2 2 1 1 2 2 0 2 2 1 0 2 2
0 2 0 1 1 0 0 0 0 2 2 0 2 2 2 0 1 2 1 0 2 2
0 2 0 1 1 0 0 0 0 2 2 1 2 1 2 0 2 1 0 2 2 2
0 2 0 0 1 1 0 0 0 2 1 0 2 2 2 0 2 0 0 0 2 2
1 2 0 2 1 0 0 0 0 2 2 0 2 2 2 0 2 1 2 0 2 2
1 2 1 1 1 0 1 1 0 2 1 0 2 1 2 0 2 2 2 0 2 2
0 2 0 1 1 0 0 0 0 2 1 1 2 2 2 0 2 2 2 0 2 2
0 2 0 1 1 0 0 1 0 2 2 0 2 2 2 0 2 2 2 0 2 2
1 2 0 1 0 0 0 1 0 2 2 0 2 2 2 0 2 1 2 0 2 2
0 2 0 0 1 0 0 0 0 2 2 1 2 2 2 0 2 2 2 0 2 2
1 2 1 2 1 0 0 0 0 2 2 1 2 1 2 0 2 2 2 0 2 1
1 2 1 2 2 0 0 0 0 2 1 0 1 2 2 0 2 2 1 0 1 2
1 2 0 2 1 1 0 0 0 2 2 0 2 2 2 0 2 1 1 0 2 2
0 2 0 2 1 1 0 1 0 2 2 0 2 2 2 0 2 1 0 0 2 2
0 2 0 0 1 1 0 0 1 2 2 1 2 2 2 0 2 0 2 0 2 2
2 2 0 1 1 0 0 0 0 2 2 0 1 2 2 0 2 2 1 0 2 2
0 2 0 2 2 0 0 0 0 2 2 1 2 0 2 0 2 1 2 0 2 2
1 2 0 2 1 0 0 0 0 2 2 0 1 2 2 0 2 2 2 0 2 2
2 2 0 1 1 0 0 0 0 2 0 0 2 2 2 0 2 1 2 1 2 2
0 2 0 1 1 0 0 0 0 2 2 0 2 2 1 0 2 1 2 0 2 2
0 2 1 1 2 0 0 0 0 2 2 0 1 2 2 0 2 1 1 0 2 2
1 2 1 1 1 0 0 0 0 2 2 1 2 2 2 0 2 0 2 1 2 2
2 2 1 2 2 0 0 0 0 2 2 1 1 1 2 0 2 2 1 0 1 2
0 2 0 1 2 0 0 1 0 2 1 0 2 2 2 0 2 1 1 0 2 2
1 2 0 0 1 0 0 0 0 2 2 0 1 2 2 0 2 2 2 1 2 2
1 2 0 1 1 0 0 1 0 2 2 1 2 2 2 0 2 2 2 0 2 2
0 2 0 0 2 0 1 0 0 2 2 2 2 1 2 0 2 2 0 0 2 2
1 2 1 2 2 0 0 0 0 2 2 1 2 2 2 0 2 2 1 0 2 2
1 2 0 1 1 0 0 0 0 2 2 0 2 2 2 0 2 2 2 0 2 1
1 2 0 0 1 0 0 0 0 2 1 0 2 2 2 0 2 1 2 0 2 2
0 2 1 1 1 0 0 1 0 2 2 2 2 2 2 0 2 1 2 0 2 2
0 2 1 2 2 0 0 0 0 2 2 1 2 2 2 0 2 2 1 0 2 2
0 2 0 2 1 0 0 0 0 2 2 0 2 2 2 0 2 2 2 0 1 2
0 2 0 2 2 0 0 0 0 2 0 1 2 2 2 0 2 1 1 1 2 2
0 2 0 0 1 0 1 0 0 1 1 0 1 2 2 0 2 2 2 0 1 2
0 2 0 2 2 1 0 0 0 2 1 0 1 2 2 0 2 1 2 0 2 2
1 2 0 1 1 0 0 0 0 2 2 1 2 2 2 0 2 2 1 0 2 2
0 2 0 1 2 0 0 0 0 2 2 0 2 1 2 0 2 2 2 0 2 2
0 2 0 2 0 0 0 0 0 2 1 0 2 2 2 0 1 1 2 0 2 2
0 2 0 1 1 1 0 0 0 2 1 1 2 1 2 0 2 2 2 1 2 1
0 2 0 2 1 1 0 0 0 2 0 0 1 2 2 0 2 1 1 0 2 2
0 2 1 2 1 0 0 2 0 2 2 0 2 2 2 0 2 2 1 0 2 1
1 2 1 0 1 0 0 1 0 2 2 0 1 2 2 0 2 0 1 0 1 1
0 2 1 1 2 0 0 0 0 2 2 0 2 2 2 0 2 2 2 0 2 2
0 2 0 1 2 0 0 0 0 2 2 0 2 2 2 0 2 1 1 0 2 2
0 2 1 0 1 1 0 1 0 2 1 0 2 1 2 0 2 1 2 2 2 2
0 2 0 2 0 0 0 0 0 2 1 1 1 2 2 0 2 1 2 0 2 2
1 2 0 1 0 0 0 1 0 2 1 0 2 2 2 0 2 2 1 0 2 2
0 2 0 0 2 0 0 1 0 2 0 0 2 1 2 0 2 2 2 0 2 2
0 2 1 1 2 0 0 0 0 2 2 0 2 2 2 0 2 2 2 0 2 2
1 2 0 0 1 0 0 1 0 2 2 0 2 2 2 0 2 0 2 0 2 1
0 2 0 1 0 1 0 0 0 2 2 1 2 1 2 0 2 2 1 0 2 2
0 2 0 2 2 0 1 1 0 2 2 1 1 1 2 0 2 0 2 0 1 2
0 2 0 1 1 0 0 1 0 2 2 2 2 2 1 0 2 2 1 0 1 2
1 2 0 2 1 0 0 0 0 2 1 0 2 2 2 0 2 2 2 0 2 1
2 2 0 0 2 0 1 0 0 2 2 0 2 1 2 0 2 1 1 0 2 2
0 2 0 1 1 0 0 0 0 2 2 1 2 2 2 0 2 2 1 0 2 2
0 2 1 1 0 0 0 0 0 2 2 0 2 2 2 0 2 2 2 0 2 2
1 2 0 2 2 0 0 2 0 1 2 0 2 2 1 0 2 1 2 1 2 2
0 2 0 1 1 0 1 0 0 1 1 0 2 1 2 0 2 2 1 2 2 1
1 2 0 1 1 0 0 1 0 2 2 0 1 2 2 0 2 2 2 1 2 2
0 2 0 1 2 0 0 0 0 2 2 0 2 2 2 0 2 1 2 1 2 2
1 2 0 1 2 0 0 0 0 2 2 0 1 2 2 0 2 2 1 1 2 2
0 2 0 1 1 1 0 1 0 1 1 1 2 2 2 0 2 2 2 0 2 2
0 2 0 0 1 0 0 0 0 2 2 0 2 2 2 0 2 1 2 0 2 2
1 2 0 1 1 0 0 0 0 2 1 0 2 2 2 0 2 1 2 0 2 2
1 2 0 1 0 0 0 0 0 1 2 0 2 2 2 0 2 0 1 0 2 2
1 2 0 2 0 0 0 0 0 2 2 0 2 2 2 0 2 2 1 0 2 2
1 2 0 2 2 0 0 0 0 2 2 0 1 2 2 0 2 1 2 0 2 2
0 2 2 2 0 1 1 0 0 2 2 0 1 2 2 0 2 1 1 0 2 2
0 2 0 1 2 0 0 0 0 2 2 0 2 2 2 0 2 2 2 0 2 2
0 2 0 2 2 0 0 0 0 1 2 1 2 1 2 0 2 1 0 1 2 2
0 2 0 2 2 1 0 0 0 2 1 0 2 2 2 0 2 1 1 0 2 2
0 2 0 2 2 0 0 1 0 2 2 2 2 2 2 0 2 1 2 0 2 2
1 2 0 2 2 1 0 0 0 2 1 0 2 1 2 0 2 0 2 0 2 2
0 2 1 1 1 0 0 0 0 2 1 0 2 2 2 0 2 2 1 0 2 2
0 2 0 0 2 0 0 1 0 2 1 0 1 2 2 0 2 1 1 0 2 2
1 2 1 1 1 1 1 0 0 2 1 0 2 2 2 0 2 1 2 0 2 1
0 2 0 2 1 0 1 0 0 2 2 0 2 2 2 0 2 1 2 1 2 1
0 2 1 1 2 0 0 1 0 2 2 1 1 2 2 0 2 1 2 1 2 2
0 2 0 1 1 1 1 1 0 2 1 1 2 2 2 0 1 2 1 0 2 2
0 2 0 1 1 0 0 0 0 2 2 0 2 2 2 0 2 2 1 0 2 2
0 2 0 0 1 0 0 0 0 2 1 0 1 2 2 0 1 2 1 0 2 2
0 2 1 1 1 1 0 0 0 2 1 0 1 2 2 0 2 2 0 0 2 2
0 2 0 1 1 0 0 1 0 1 2 0 2 2 2 0 2 0 2 0 2 2
1 2 1 2 1 0 0 1 0 2 2 0 2 2 2 0 2 2 2 0 2 2
1 2 0 1 1 0 0 0 0 2 2 0 2 2 2 0 1 1 2 0 2 2
1 2 0 1 0 0 0 0 0 2 2 1 2 1 2 0 2 2 2 0 2 2
0 2 1 2 2 0 0 0 0 2 1 0 2 2 1 0 1 0 2 0 2 2
1 2 0 0 1 0 0 0 0 2 2 1 2 1 2 0 2 1 1 0 2 2
0 2 0 0 2 0 1 0 0 1 2 0 2 2 2 0 1 2 2 0 2 2
0 2 1 2 1 0 0 1 0 1 2 1 2 2 1 0 2 2 2 0 2 2
0 2 0 1 0 0 0 0 0 2 2 0 2 2 2 0 2 2 2 0 2 1
0 2 0 2 1 1 0 0 0 2 1 0 2 2 2 0 2 2 0 0 2 2
0 2 1 0 0 1 1 0 0 2 1 0 2 2 2 0 2 1 1 0 2 2
0 2 0 0 0 0 0 1 0 2 2 1 2 2 2 0 2 1 0 1 2 2
1 2 0 2 2 0 1 0 0 2 1 0 2 1 1 0 2 2 2 0 2 2
0 2 0 1 1 0 0 1 0 2 2 1 2 2 2 0 2 2 1 0 2 2
1 2 0 2 1 0 0 0 0 2 1 0 2 2 1 0 2 1 2 0 2 2
1 2 1 2 2 1 0 0 0 2 1 0 2 2 2 0 2 2 1 0 2 2
0 2 0 1 1 0 0 0 0 2 2 1 2 1 2 0 2 2 2 0 2 2
1 2 0 1 2 0 0 0 0 2 2 0 2 2 2 0 2 0 2 1 2 2
1 2 0 2 1 0 0 0 0 2 2 0 2 2 2 0 2 1 2 0 1 2
0 2 0 0 1 0 0 0 0 2 2 0 2 2 2 0 2 2 1 1 2 2
1 2 0 1 1 0 1 0 0 2 2 0 2 2 2 0 2 2 2 1 2 2
0 2 0 2 2 0 0 0 0 2 2 1 2 2 2 0 2 2 2 0 2 2
1 2 0 2 1 0 0 0 0 1 2 1 2 1 2 0 2 1 2 1 2 2
0 2 0 1 1 0 1 0 0 2 1 0 2 2 2 0 2 2 2 0 2 2
0 2 0 2 0 0 0 0 0 2 2 0 2 2 1 0 2 1 2 0 2 2
0 2 0 2 0 0 0 0 0 2 1 0 2 2 1 0 2 1 2 0 2 2
1 2 0 0 1 0 0 1 0 2 2 0 2 2 2 0 2 0 1 0 2 2
1 2 1 1 1 0 0 1 0 2 2 1 1 2 2 0 1 1 2 0 2 1
0 2 1 1 2 0 0 0 0 2 2 0 2 2 2 0 2 2 2 0 2 2
2 2 0 1 1 0 1 0 0 2 1 0 1 2 2 0 2 1 0 0 2 2
0 2 0 2 1 0 0 0 0 2 1 0 1 1 2 0 2 1 2 1 2 2
1 2 2 1 1 0 1 1 0 2 1 1 2 0 2 0 2 2 1 0 2 2
0 2 0 2 2 1 0 1 0 2 1 1 1 2 2 0 2 2 1 1 2 2
1 2 0 2 1 0 1 0 0 2 1 1 2 1 2 0 2 2 1 0 2 2
0 2 0 2 2 0 0 0 0 2 2 1 1 2 2 0 2 2 1 0 2 2
0 2 0 1 2 0 0 1 0 2 2 0 2 2 2 0 1 1 1 0 2 2
0 2 0 2 1 1 0 0 0 1 2 1 2 2 2 0 2 1 1 0 2 2
0 2 0 2 1 0 0 0 0 2 2 1 2 2 2 0 2 2 1 0 1 2
0 2 0 1 1 0 0 0 0 2 1 1 1 2 2 0 2 1 2 1 1 2
0 2 0 1 1 0 0 0 0 2 2 1 2 2 2 0 2 2 1 0 2 2
1 2 0 0 2 0 0 1 0 2 2 0 2 2 2 0 2 2 2 0 2 2
0 2 1 2 2 0 0 0 0 2 2 2 2 2 2 0 2 2 1 0 2 2
0 2 0 1 2 1 1 1 0 2 2 0 2 2 2 0 2 1 2 1 2 2
1 2 1 2 1 0 0 0 0 2 1 0 2 2 2 0 1 2 2 0 2 2
1 2 0 0 1 0 0 0 0 2 1 0 2 2 2 0 2 1 1 0 2 2
2 2 0 1 2 0 0 1 0 2 2 0 2 2 2 0 1 1 2 0 2 2
0 2 0 2 1 2 0 0 0 1 1 0 1 2 1 0 2 1 2 0 2 2
0 2 0 2 1 0 0 0 0 2 2 0 2 2 2 0 2 2 1 0 2 2
0 2 0 2 0 0 0 1 0 2 2 1 2 2 2 0 2 2 2 0 2 2
2 2 0 2 1 0 0 0 0 2 2 0 1 2 2 0 2 1 2 0 2 2
0 2 0 1 2 1 0 0 0 2 2 0 2 2 2 0 2 2 2 0 2 2
0 2 0 1 1 0 0 0 0 2 2 0 1 2 2 0 2 2 2 0 2 2
0 2 0 2 2 0 0 0 0 2 2 2 2 2 1 0 2 2 1 0 2 2
0 2 0 0 2 0 0 0 0 2 2 0 2 2 2 0 2 1 1 0 2 2
0 2 0 1 0 0 0 0 0 2 2 0 1 2 1 0 2 2 2 1 2 2
2 2 0 2 2 0 0 0 0 2 1 0 2 2 2 0 1 2 1 0 2 2
0 2 0 2 1 0 0 0 0 2 2 0 2 2 2 0 2 1 1 0 2 2
0 2 0 2 2 1 0 0 0 2 2 1 2 2 2 0 2 1 2 0 2 2
0 2 0 2 2 0 0 0 0 2 2 0 2 2 2 0 2 2 1 0 2 2
0 2 0 1 2 0 0 0 0 2 1 0 2 2 2 0 1 2 1 0 2 1
0 2 0 0 1 0 0 0 0 2 1 1 2 2 2 0 2 1 2 0 2 2
0 2 0 1 1 0 1 0 0 2 1 0 2 2 2 0 2 0 2 0 1 2
0 2 0 1 2 0 0 1 0 1 1 1 2 1 2 0 2 2 1 0 2 2
0 2 1 1 1 1 0 0 0 2 2 2 2 2 2 0 2 1 2 0 2 2
1 2 0 1 2 1 1 0 0 2 2 0 2 2 2 0 2 1 1 0 2 2
0 2 0 2 2 0 0 2 0 2 2 0 2 2 2 0 2 1 2 0 2 2
1 2 0 0 1 0 0 0 0 2 2 0 2 2 2 0 1 2 2 0 2 2
0 2 0 1 1 0 0 0 0 2 0 0 2 2 2 0 2 1 2 0 2 2
0 2 0 1 1 0 0 0 0 2 2 0 2 2 2 0 2 1 1 0 2 2
0 2 2 1 1 0 1 1 0 2 2 0 2 2 2 0 2 1 0 0 2 2
1 2 0 1 1 0 0 1 0 2 2 0 1 2 2 0 2 0 2 2 1 2
0 2 0 1 1 0 1 0 0 2 2 1 2 1 2 0 2 1 2 0 2 2
0 2 0 1 2 1 0 0 0 2 2 0 2 2 2 0 2 0 2 0 2 2
0 2 1 1 0 0 0 0 0 2 2 0 1 1 2 0 2 2 2 0 2 2
0 2 0 2 2 1 0 0 0 2 2 0 2 2 2 0 2 2 1 1 2 2
1 2 0 1 1 0 1 0 0 2 1 0 1 1 2 0 2 2 0 1 2 2
0 2 0 2 0 0 0 0 0 2 1 0 2 2 1 0 2 2 1 1 2 2
1 2 1 1 2 0 0 0 0 2 2 0 2 2 2 0 2 2 2 0 2 1
0 2 0 1 0 1 0 0 0 2 2 0 2 2 2 0 2 2 2 1 2 2
1 2 0 1 2 0 0 1 0 2 2 0 1 2 2 0 2 2 1 0 2 2
0 2 0 1 1 0 0 0 0 2 2 1 1 1 2 0 2 2 2 0 2 2
0 2 1 1 2 0 0 0 0 2 2 0 2 2 2 0 2 2 2 2 2 2
1 2 0 1 1 0 0 0 0 2 1 1 1 2 2 0 2 2 2 0 2 2
1 2 1 1 1 0 0 0 0 2 2 1 2 2 2 0 2 2 1 1 2 2
0 2 0 2 2 1 0 0 0 2 0 0 2 2 2 0 2 1 0 1 2 2
1 2 0 1 2 0 0 0 0 2 1 0 2 2 2 0 2 1 2 0 1 2
1 2 1 2 2 0 0 1 0 2 1 0 2 2 2 0 2 1 1 0 2 2
0 2 0 2 2 0 0 0 0 2 1 0 2 2 2 0 2 2 1 0 2 2
0 2 0 2 1 0 0 0 0 1 1 0 2 2 2 0 2 1 2 0 2 2
0 2 0 2 1 0 0 0 0 2 2 0 2 2 2 0 2 1 2 1 2 2
0 2 0 1 0 0 0 1 0 2 2 0 1 2 1 0 2 1 1 1 1 0
1 2 0 0 1 1 0 0 0 2 1 0 2 2 2 0 1 2 2 1 2 2
0 2 0 0 2 0 0 0 0 2 1 0 2 2 2 0 2 2 2 0 2 2
0 2 0 1 1 0 0 0 0 2 1 0 2 2 2 0 2 1 0 0 2 2
1 2 0 2 2 0 0 2 0 2 2 1 2 2 2 0 2 1 2 1 2 2
0 2 0 1 2 0 1 0 0 2 2 1 2 2 2 0 2 1 1 1 2 2
0 2 0 1 2 0 0 0 0 2 2 0 2 2 2 0 1 1 1 0 2 2
0 2 0 1 0 0 0 1 0 2 1 0 2 2 2 0 2 1 1 0 2 2
0 2 0 2 2 0 1 0 0 1 1 1 2 2 2 0 2 2 1 0 2 2
0 2 0 1 2 0 0 0 0 2 1 0 2 2 2 0 2 1 2 0 2 2
1 2 0 0 1 0 0 0 0 2 1 0 1 1 1 0 2 2 1 0 2 2
0 2 0 2 1 0 0 0 0 2 1 0 2 2 2 0 2 2 2 1 2 2
0 2 0 2 1 1 0 0 0 2 2 0 2 1 2 0 1 2 2 0 1 2
0 2 0 2 0 0 1 0 0 2 1 0 2 2 2 0 1 2 1 1 1 2
0 2 0 1 1 0 0 0 0 2 2 0 2 2 2 0 2 2 2 0 2 1
0 2 1 1 0 0 0 0 0 2 2 2 1 2 2 0 2 2 1 0 2 2
0 2 0 2 2 1 0 0 0 2 1 0 2 2 2 0 1 0 1 0 2 2
1 2 0 1 2 0 0 0 0 1 2 0 1 2 2 0 2 2 2 0 2 2
0 2 0 1 1 0 0 0 0 1 2 0 2 2 2 0 2 2 2 0 2 2
1 2 0 0 1 2 0 0 0 2 1 0 2 2 2 0 2 2 2 0 2 2
0 2 0 1 1 0 0 0 0 2 1 0 2 2 2 0 2 2 1 0 2 2
0 2 0 2 2 0 0 0 0 2 1 0 0 1 2 0 2 1 2 0 1 2
0 2 1 1 1 0 0 0 0 2 2 0 2 2 2 0 2 1 2 0 2 2
1 2 0 1 2 0 1 0 0 1 2 0 2 2 2 0 2 2 2 0 2 2
1 2 0 1 0 0 0 0 0 2 1 1 2 2 2 0 2 0 0 1 2 2
0 2 0 2 1 0 0 1 0 2 1 0 2 1 2 0 2 1 2 1 2 2
0 2 1 1 1 0 0 0 0 2 2 0 2 2 2 0 2 0 1 0 2 2
0 2 0 0 0 0 0 2 0 2 2 0 2 2 2 0 2 2 2 1 2 2
0 2 0 1 2 0 0 0 0 2 2 0 2 2 2 0 2 2 2 0 1 2
0 2 0 2 1 0 0 0 0 2 2 0 2 2 2 0 2 2 2 0 1 2
0 2 0 1 0 0 0 0 0 2 2 1 1 2 2 0 2 2 1 0 2 2
0 2 0 0 1 0 0 1 0 2 1 0 2 2 2 0 2 2 2 0 2 2
1 2 1 1 0 0 0 0 0 2 2 0 1 2 2 0 2 1 1 0 2 1
0 2 0 1 2 0 0 0 0 2 2 1 1 2 1 0 2 1 1 0 2 1
1 2 0 1 2 0 0 0 0 2 2 1 2 2 2 0 2 2 2 0 2 2
0 2 1 1 0 0 0 0 0 2 1 1 2 2 2 0 2 2 1 2 2 2
0 2 0 0 0 0 1 0 0 2 2 1 1 2 2 0 2 2 2 1 2 2
0 2 1 2 0 0 0 0 0 2 2 0 2 2 2 0 2 1 1 0 2 2
0 2 0 2 1 0 0 0 0 2 2 0 2 2 2 0 2 1 2 1 2 2
1 2 1 2 2 1 0 2 0 2 1 0 2 2 2 0 1 1 0 1 2 2
0 2 0 2 1 0 0 0 0 2 1 0 2 2 2 0 2 2 2 0 2 2
0 2 0 0 0 1 0 0 0 2 1 0 2 1 2 0 2 1 1 0 2 2
0 2 0 1 0 1 0 0 0 2 1 1 2 2 2 0 2 2 2 0 2 2
1 2 0 0 2 0 0 0 0 2 2 0 2 2 2 0 2 2 2 0 2 2
0 2 0 1 2 0 0 0 0 2 1 0 1 2 2 0 2 2 2 0 2 2
0 2 0 2 1 0 0 0 0 2 1 2 2 2 2 0 2 2 1 0 1 2
0 2 0 1 1 0 1 0 0 2 1 1 1 2 2 0 2 2 1 0 2 2
0 2 1 2 1 1 0 0 0 2 2 0 1 2 2 0 2 2 2 0 2 2
0 2 0 1 1 0 0 1 0 2 2 0 2 2 2 0 1 2 1 0 2 2
0 2 0 2 1 0 0 1 0 2 1 0 2 2 2 0 2 1 1 0 2 2
1 2 0 1 2 0 0 0 0 2 1 1 2 2 2 0 2 1 1 0 2 2
2 2 1 1 2 0 0 0 0 2 2 0 2 1 2 0 2 2 2 0 2 1
0 2 0 1 2 1 0 0 0 2 1 0 2 2 2 0 2 1 2 0 2 2
0 2 0 2 0 0 1 0 0 2 0 1 2 2 2 0 1 1 2 0 2 2
1 2 0 0 1 0 0 1 0 2 2 2 2 2 2 0 2 2 1 0 2 2
0 2 0 2 1 0 0 1 0 2 2 0 1 1 2 0 2 1 2 1 2 2
0 2 1 2 1 0 0 1 0 2 2 0 2 1 2 0 1 1 2 0 2 2
0 2 0 1 2 0 0 0 0 2 2 1 2 2 2 0 2 1 0 0 2 2
0 2 0 1 1 0 0 0 0 2 2 1 2 2 2 0 1 1 2 0 1 2
0 2 0 2 1 0 0 0 0 2 2 0 2 2 2 0 2 2 2 0 2 2
0 2 0 1 1 1 0 0 0 2 2 1 2 1 2 0 2 1 2 1 2 2
0 2 0 2 1 0 0 0 0 2 1 0 0 2 2 0 2 2 0 1 2 2
0 2 0 2 1 1 0 1 0 2 2 1 2 2 2 0 2 2 1 0 2 2
0 2 0 1 2 1 1 0 0 2 2 0 2 2 2 0 2 2 2 0 1 2
0 2 1 1 0 0 0 0 0 2 1 1 2 2 2 0 2 2 2 0 2 1
0 2 0 0 1 0 0 1 0 2 1 1 1 2 2 0 2 2 1 1 1 2
1 2 0 1 1 0 0 0 0 2 2 2 2 1 2 0 2 2 2 1 2 1
0 2 0 0 1 0 0 0 0 2 2 1 2 2 2 0 2 0 1 0 2 2
0 2 0 1 0 1 0 0 0 2 2 1 2 2 2 0 1 2 2 0 2 2
0 2 1 0 1 0 0 0 0 2 2 0 1 2 2 0 2 0 2 0 2 2
1 2 0 0 1 0 0 0 0 2 2 0 1 2 2 0 2 1 2 0 1 2
0 2 0 1 0 0 0 1 0 2 2 0 2 2 2 0 2 1 1 0 2 2
0 2 0 2 2 1 0 0 0 2 2 1 2 2 2 0 2 0 2 0 2 2
0 2 1 1 1 0 0 0 0 2 2 1 2 2 2 0 1 1 2 0 2 2
1 2 0 2 0 1 0 1 0 2 2 0 2 2 2 0 2 1 1 0 2 2
0 2 0 2 0 0 0 0 0 2 2 0 1 2 1 0 2 1 2 0 2 2
1 2 0 2 0 0 0 0 0 1 2 1 2 2 2 0 2 2 2 0 2 2
0 2 0 1 1 0 0 0 0 2 2 1 2 2 2 0 2 1 0 0 2 2
0 2 0 1 2 0 1 0 0 2 1 1 2 2 2 0 2 1 1 0 1 2
0 2 0 2 0 0 0 0 0 2 2 0 2 2 2 0 2 2 2 0 2 2
1 2 0 1 1 0 0 0 0 2 1 0 2 2 2 0 1 2 2 0 2 2
1 2 0 1 1 0 1 1 0 2 2 0 2 1 2 0 2 2 2 0 2 2
1 2 0 0 1 0 0 0 0 2 1 1 2 2 2 0 2 0 2 0 2 2
0 2 1 0 1 0 0 0 0 1 2 1 2 2 2 0 2 0 2 1 2 1
1 2 0 0 2 0 0 0 0 2 2 0 2 2 2 0 2 1 1 1 2 1
0 2 0 1 0 0 0 0 0 2 2 1 2 2 2 0 2 2 2 0 2 2
0 2 1 2 1 0 0 0 0 2 2 0 2 2 1 0 2 2 2 0 2 2
0 2 2 1 2 0 0 0 0 2 1 2 2 2 2 0 2 1 1 0 2 2
0 2 0 2 1 0 0 0 0 2 1 0 2 2 2 0 2 1 2 0 2 2
0 2 0 1 1 0 0 0 0 2 2 0 2 2 2 0 2 1 2 1 2 2
0 2 0 1 2 0 1 0 0 2 1 0 2 2 2 0 2 2 0 0 1 1
0 2 0 1 1 0 0 1 0 2 2 1 2 2 2 0 2 0 1 0 2 2
0 2 0 1 1 0 0 0 0 2 2 1 2 2 2 0 2 1 1 0 1 1
0 2 1 1 1 0 0 0 0 2 2 1 2 2 2 0 0 1 1 0 2 2
0 2 0 1 2 0 0 0 0 1 1 0 1 1 2 0 2 2 2 0 2 2
1 2 0 2 1 0 0 1 0 2 2 0 2 2 2 0 2 1 1 0 1 1
1 2 0 1 1 0 0 0 0 2 1 1 2 2 1 0 2 2 1 0 2 2
1 2 0 1 2 0 0 0 0 2 2 1 2 2 2 0 2 1 2 0 2 2
1 2 0 2 1 0 0 0 0 2 2 0 2 2 2 0 1 1 2 0 2 2
0 2 0 1 1 1 0 0 0 2 2 1 2 2 2 0 2 2 1 0 2 2
1 2 0 1 2 0 0 1 0 2 2 1 2 1 2 0 2 0 2 0 2 2
1 2 0 0 1 1 0 0 0 2 2 1 2 1 2 0 2 2 1 0 2 2
0 2 0 1 2 0 0 0 0 2 1 0 2 2 2 0 2 2 2 1 1 2
0 2 0 1 1 0 0 0 1 2 1 0 1 2 2 0 2 1 2 0 2 2
0 2 0 0 2 1 0 0 0 2 2 1 2 2 2 0 2 2 2 0 2 2
0 2 0 1 2 0 0 0 0 2 2 0 2 2 2 0 2 2 1 0 2 2
0 2 0 1 1 0 0 0 1 2 2 0 2 2 2 0 1 2 2 1 2 2
0 2 0 1 1 0 0 0 0 2 2 2 2 1 2 0 2 2 1 1 2 2
0 2 0 1 0 0 0 1 0 2 2 0 2 2 2 0 2 2 1 1 2 2
0 2 0 0 2 0 0 1 0 2 1 0 2 2 2 0 2 2 2 0 2 2
1 2 1 2 2 0 0 1 0 2 1 0 2 2 2 0 2 1 1 0 2 2
0 2 0 1 1 0 0 1 0 2 2 0 1 2 2 0 2 2 2 1 2 2
0 2 1 2 1 0 0 0 0 2 2 0 2 2 2 0 1 2 2 0 1 2
0 2 0 0 0 0 0 0 0 2 0 0 1 2 2 0 2 1 1 1 2 1
0 2 0 1 2 0 1 1 0 2 2 0 2 1 2 0 2 2 1 0 2 2
0 2 1 2 2 1 1 0 0 2 1 0 2 2 2 0 2 2 0 0 2 2
0 2 0 1 1 0 1 0 0 2 2 0 2 2 2 1 2 1 1 0 1 2
0 2 0 1 1 1 0 1 0 2 1 1 2 2 2 0 1 1 1 0 2 2
0 2 0 2 1 0 0 0 0 1 2 2 2 2 2 0 2 1 1 0 2 2
0 2 0 2 1 0 0 2 0 2 2 0 2 2 2 0 2 2 2 0 2 2
0 2 0 1 1 0 0 0 0 2 2 0 2 2 2 0 2 1 1 0 2 2
0 2 0 2 2 0 0 0 0 2 2 0 2 2 2 0 2 1 0 0 1 2
0 2 0 0 1 0 0 1 0 2 2 0 2 2 2 0 2 2 1 0 2 1
0 2 0 1 2 1 0 0 0 2 1 0 2 2 2 0 2 1 1 0 2 2
0 2 0 1 2 0 0 0 0 2 1 0 1 2 2 0 2 2 1 1 2 2
1 2 0 1 2 0 0 0 0 2 1 1 2 2 2 0 2 2 1 0 2 2
0 2 0 1 1 0 0 0 0 2 1 2 1 2 2 0 2 0 0 0 2 2
1 2 0 1 1 0 0 0 0 2 1 1 2 1 1 0 2 2 1 0 2 2
0 2 0 2 1 0 0 1 0 2 2 0 2 2 2 0 2 2 2 1 2 2
0 2 0 1 2 0 0 0 0 2 2 1 2 2 2 0 2 1 1 1 2 2
0 2 0 2 1 1 1 0 0 2 1 1 2 1 2 0 1 1 1 0 2 1
0 2 0 2 2 0 0 1 0 2 2 1 2 2 2 0 2 2 2 0 2 2
0 2 1 2 2 0 0 0 0 2 2 0 1 2 2 0 2 0 1 0 2 2
0 2 0 1 2 0 1 0 0 2 1 0 2 2 2 0 2 1 2 1 2 2
0 2 0 1 2 0 1 0 0 2 1 0 1 2 2 0 2 2 2 0 2 2
0 2 0 1 1 0 1 1 0 2 2 0 2 2 2 0 1 1 1 0 2 2
0 2 0 2 1 0 0 1 0 2 2 0 2 2 2 0 2 2 1 0 2 2
0 2 1 1 1 1 0 0 0 2 1 1 0 2 2 0 2 0 1 1 2 2
0 2 0 1 2 0 0 0 0 2 2 0 2 2 2 0 2 1 1 0 2 2
0 2 0 2 2 1 0 0 0 2 2 0 2 2 2 0 2 2 2 1 2 2
0 2 0 1 2 0 0 0 0 2 2 1 1 1 2 0 2 1 2 0 2 2
0 2 0 0 2 0 0 0 0 2 2 0 1 2 2 0 2 0 2 1 2 2
2 2 0 2 1 0 0 0 0 2 1 1 2 2 2 0 2 2 2 0 2 2
0 2 0 1 1 0 1 0 0 2 2 0 2 2 2 0 2 2 2 0 2 2
0 2 0 2 1 0 0 2 0 2 2 0 2 2 2 0 2 1 2 0 1 2
0 2 0 1 1 0 0 0 0 2 1 1 2 2 2 0 2 1 1 0 1 2
0 2 0 2 2 0 1 0 0 2 2 0 2 2 2 0 2 1 2 1 2 2
0 2 1 0 0 0 0 0 0 2 1 0 2 2 2 0 1 1 2 0 2 2
0 2 0 0 2 0 0 0 0 1 1 0 2 2 2 0 2 2 2 0 2 2
0 2 0 2 1 0 0 1 0 2 2 0 2 2 2 0 2 1 2 0 2 2
0 2 1 1 1 1 0 0 0 2 2 0 2 2 2 0 1 2 2 1 1 2
1 2 1 1 1 0 1 0 0 2 2 0 2 2 2 0 2 2 2 0 1 2
0 2 0 2 2 0 0 0 0 1 2 1 2 2 2 0 2 1 2 0 1 2
0 2 0 2 1 0 0 0 0 2 2 1 2 2 2 0 2 2 1 0 1 2
0 2 0 2 2 0 0 1 0 2 2 0 2 2 2 0 2 2 2 0 2 1
0 2 0 1 2 0 0 0 0 1 2 1 2 2 2 0 2 2 2 0 2 1
0 2 0 0 1 0 0 0 0 2 1 1 2 2 2 0 2 1 2 0 2 2
1 2 0 1 1 1 0 0 0 2 2 0 1 2 2 0 2 2 1 1 2 2
1 2 0 1 0 0 0 0 0 1 2 0 2 2 2 0 2 1 1 0 2 2
0 2 0 2 2 0 0 0 0 2 0 0 1 1 2 0 2 2 2 0 2 2
1 2 0 1 2 0 0 0 0 2 1 0 2 2 2 0 2 2 1 0 2 2
1 2 0 1 1 1 0 0 0 2 1 0 2 1 2 0 2 2 2 0 1 2
0 2 0 1 1 0 0 0 0 2 2 0 2 2 2 0 2 1 2 0 2 2
0 2 0 0 1 0 0 0 0 2 1 1 2 1 2 0 2 2 1 0 2 2
0 2 0 2 2 0 1 0 0 2 2 0 1 1 2 0 2 1 1 1 2 2
0 2 0 1 2 0 0 1 0 2 1 0 1 2 2 0 2 2 1 0 2 2
1 2 1 0 2 0 0 0 0 2 2 2 1 2 2 0 1 1 2 0 2 2
0 2 2 1 2 0 0 0 0 2 2 0 2 2 2 0 2 1 1 0 2 2
0 2 0 1 1 0 0 0 0 2 1 0 2 2 2 0 2 1 1 1 2 2
0 2 0 1 2 1 0 0 0 2 2 1 2 2 2 1 2 2 1 0 2 2
1 2 0 1 0 1 1 0 1 2 2 0 2 2 2 0 2 2 1 0 2 2
0 2 0 2 1 1 0 1 0 2 1 0 2 2 2 0 2 1 2 0 2 1
0 2 1 1 0 0 0 0 0 2 2 0 1 2 1 0 1 1 2 0 2 2
0 2 0 0 1 0 0 0 0 2 2 0 1 2 2 1 2 2 1 0 2 2
0 2 0 1 1 0 0 0 0 2 1 0 2 2 2 0 2 1 2 0 2 2
0 2 1 0 0 1 0 0 0 2 1 0 2 2 2 0 2 2 2 0 2 2
1 2 0 2 1 1 0 0 0 2 1 2 1 2 2 0 2 1 1 1 2 2
0 2 0 2 1 1 0 0 0 2 2 0 2 2 2 0 2 1 2 0 1 2
1 2 0 1 2 0 0 0 0 2 1 0 1 2 2 0 2 2 1 0 2 2
0 2 0 1 0 0 1 0 0 2 1 0 2 2 2 0 1 0 1 1 2 2
0 2 0 2 1 0 1 0 0 2 2 1 2 2 2 0 2 2 2 0 2 2
0 2 0 0 1 0 0 0 0 2 1 1 2 2 2 0 2 1 2 0 1 2
0 2 1 2 2 0 0 0 0 2 0 1 1 2 2 0 2 2 1 0 2 2
0 2 0 1 0 1 0 0 0 2 2 0 2 2 2 0 2 2 2 0 2 2
1 2 0 2 2 0 0 1 0 2 1 0 2 2 2 0 2 1 1 0 2 0
1 2 0 2 1 0 0 0 0 2 1 0 2 2 2 0 2 0 2 0 2 2
1 1 1 2 1 0 1 1 0 2 2 0 2 2 2 1 2 1 1 0 2 1
0 2 0 1 2 0 0 0 0 2 2 1 2 2 2 0 2 2 1 1 2 2
0 2 0 1 2 0 0 0 0 2 2 0 1 2 2 0 2 2 2 0 2 2
0 2 0 1 0 0 0 0 0 2 2 1 1 2 2 0 2 2 1 0 2 2
0 2 0 2 2 1 0 1 0 2 2 0 2 1 2 0 2 1 2 0 2 1
1 2 0 2 2 0 0 0 0 2 1 0 2 2 2 0 2 2 2 1 1 2
1 2 1 1 2 0 0 0 0 2 2 0 1 2 2 0 2 1 1 0 2 2
1 2 0 1 1 0 0 0 0 2 2 0 2 2 2 0 2 2 1 0 2 1
1 2 0 1 0 0 1 0 0 2 1 0 2 2 2 0 2 1 2 0 2 2
0 2 0 1 2 0 0 0 0 2 1 0 2 2 2 0 2 2 1 0 2 1
0 2 0 1 2 0 1 0 0 2 2 0 2 2 2 0 2 1 2 0 2 2
1 2 0 1 2 0 0 1 0 2 2 0 2 2 2 0 2 0 1 0 1 2
0 2 1 1 1 0 0 0 0 2 1 1 2 2 2 0 2 2 1 0 2 2
0 2 1 1 1 0 0 0 0 2 2 1 1 2 2 0 2 1 2 1 2 1
1 2 0 1 2 0 0 1 0 2 2 0 2 2 2 0 2 1 0 0 2 2
2 2 0 1 1 0 1 0 0 2 1 1 0 2 2 0 2 1 2 1 2 2
0 2 0 1 1 0 0 1 0 2 1 2 1 1 2 0 2 2 2 0 2 2
0 2 0 2 1 0 0 1 0 2 0 0 2 2 2 0 2 2 2 0 2 2
1 2 0 1 0 0 0 1 0 2 2 0 2 2 2 0 2 0 2 0 2 2
0 2 0 2 2 0 0 0 0 2 2 0 2 2 2 0 2 2 2 1 2 2
0 2 0 2 1 0 0 0 0 2 2 0 1 1 2 0 1 2 0 0 2 2
1 2 0 1 2 1 0 0 0 2 1 1 2 2 2 0 2 2 2 0 2 1
0 2 0 1 2 1 0 1 0 2 2 2 2 2 2 0 2 2 2 0 2 2
1 2 1 1 1 0 0 0 0 2 2 0 1 2 2 0 2 1 1 1 2 2
1 2 2 0 2 0 0 0 0 2 2 0 2 2 2 0 2 2 2 0 2 2
0 2 0 1 2 0 0 0 0 2 2 0 2 2 2 0 2 2 2 0 2 2
1 2 0 2 2 0 0 0 0 2 2 0 2 2 2 0 2 2 2 0 2 2
0 2 0 0 2 0 0 1 0 2 1 0 2 2 2 0 2 1 1 0 1 2
0 2 0 1 1 0 0 0 0 2 2 0 2 2 2 0 2 2 1 0 2 2
1 2 0 1 2 0 0 0 0 2 2 0 2 2 2 0 2 2 2 0 2 2
0 2 0 1 2 0 0 1 0 2 2 1 2 1 2 0 2 2 2 0 1 2
0 2 0 2 2 0 0 0 0 2 1 1 2 2 2 0 1 2 2 0 1 2
0 2 1 1 1 0 0 0 0 2 2 0 2 2 2 0 2 1 2 0 2 2
0 2 1 2 2 0 0 0 0 2 2 1 2 2 2 0 2 1 2 0 2 1
0 2 0 1 1 0 0 0 0 2 2 1 2 2 2 0 2 1 1 0 2 2
0 2 0 2 2 0 0 1 0 2 2 0 1 2 2 0 2 1 1 0 2 2
0 2 0 1 0 0 0 0 0 2 1 1 2 2 2 0 2 2 1 0 1 2
0 2 0 0 1 0 0 0 0 2 1 0 2 2 2 0 2 0 2 0 2 2
0 2 1 1 1 0 0 1 0 2 2 1 1 2 2 0 2 1 2 0 2 2
0 2 0 1 0 0 0 0 0 2 1 1 2 2 2 0 2 1 0 0 2 2
1 2 0 1 1 0 0 0 0 2 2 0 2 2 2 0 2 1 1 1 2 1
1 2 1 2 2 0 0 1 0 2 1 0 2 1 2 0 2 1 2 1 2 2
0 2 0 0 1 1 0 0 0 2 2 0 2 2 2 0 1 2 1 0 2 2
0 2 0 1 1 0 0 0 0 2 2 0 1 2 2 0 2 1 1 1 2 1
0 2 0 2 1 0 0 0 0 2 1 0 2 2 2 0 2 1 1 1 2 2
0 2 0 1 1 0 0 0 0 2 2 0 2 2 2 0 2 2 2 0 2 2
1 2 1 1 2 1 0 0 0 2 2 0 2 2 2 0 2 2 1 0 2 2
0 2 0 2 2 0 1 0 0 2 2 1 1 1 2 0 2 1 2 0 2 2
0 2 0 1 1 0 0 0 0 2 1 0 2 2 2 0 2 2 2 0 2 2
0 2 0 1 1 0 0 0 0 2 1 2 2 2 2 0 2 2 2 0 1 2
1 2 0 2 1 0 0 0 0 1 2 1 1 2 2 0 2 2 1 0 2 2
1 2 0 1 1 0 0 1 0 2 2 0 1 2 2 0 2 1 2 0 2 1
0 2 0 1 0 1 0 0 0 2 2 0 2 1 2 0 2 2 2 0 2 2
0 2 0 1 0 0 0 1 0 2 0 0 2 2 2 0 2 2 2 0 1 2
0 2 0 2 1 0 0 0 0 2 2 0 1 2 2 0 2 2 1 0 2 2
1 2 0 0 2 0 0 1 0 1 1 0 2 2 2 0 2 0 2 0 2 2
0 2 0 0 0 0 0 0 0 2 1 0 1 1 2 0 2 2 0 0 2 2
0 2 0 0 1 0 1 2 0 2 2 0 2 2 2 0 2 2 2 0 2 2
0 2 0 0 2 1 0 0 0 2 2 2 2 2 2 0 2 1 2 0 2 2
0 2 0 1 2 0 0 1 0 2 0 1 2 2 2 0 1 1 2 0 2 2
0 2 0 1 0 0 0 0 0 2 0 2 2 2 2 0 2 2 2 1 2 2
0 2 0 1 1 0 0 0 0 2 2 0 2 2 2 0 2 2 1 0 2 2
0 2 0 0 2 0 0 1 0 2 2 1 2 2 2 0 2 1 1 0 2 2
0 2 0 2 0 0 0 0 0 2 2 1 2 2 2 0 2 1 1 1 2 2
0 2 0 1 2 0 0 0 0 2 2 0 2 2 2 0 2 2 2 0 2 2
1 2 0 0 1 0 0 0 0 2 2 0 2 2 2 0 2 2 2 0 2 2
0 2 1 1 1 0 0 0 0 2 1 1 2 2 2 0 2 1 1 0 2 2
0 2 0 2 0 0 0 0 0 0 2 0 2 2 1 0 2 2 2 0 2 2
1 2 0 1 1 0 0 1 0 2 2 0 2 2 2 0 2 2 1 0 2 1
1 2 0 2 0 0 0 0 0 1 2 0 1 2 2 0 2 2 2 0 1 2
0 2 0 2 0 0 0 0 0 2 2 1 2 1 2 0 2 0 1 0 2 2
0 2 0 2 1 0 1 1 0 1 2 0 2 2 2 0 2 2 1 0 1 2
1 2 0 1 2 0 0 0 0 2 1 0 2 2 2 0 1 1 0 0 1 1
0 2 0 2 2 0 0 0 0 2 2 2 2 2 2 0 2 2 0 0 2 2
0 2 1 1 2 0 0 1 0 2 1 2 2 2 2 0 2 2 2 0 2 2
1 2 0 1 1 0 0 0 0 2 1 0 2 2 2 0 2 2 1 0 2 2
1 2 0 2 1 1 0 1 0 2 1 0 2 2 2 0 2 1 2 1 2 2
0 2 1 0 1 0 0 0 0 2 2 1 2 2 2 0 2 2 2 1 2 1
0 2 0 2 2 0 1 1 0 2 1 1 2 2 2 0 2 0 1 0 1 2
0 2 1 1 2 0 0 0 0 2 1 1 1 2 2 0 2 1 2 0 2 2
1 2 0 1 2 0 0 1 0 2 1 0 2 2 2 0 2 2 2 0 2 2
0 2 0 0 2 0 0 0 0 2 2 0 2 2 2 0 2 1 2 0 2 1
0 2 0 0 1 1 0 0 0 2 1 0 2 2 2 0 2 2 1 0 2 2
1 2 0 0 1 1 1 1 0 2 2 1 2 2 2 0 2 1 1 1 2 2
1 2 0 1 2 0 0 0 0 2 1 0 2 2 2 0 2 1 1 0 1 2
0 2 0 2 1 0 0 1 0 2 1 1 2 2 2 0 2 1 0 0 2 2
0 2 0 0 1 0 0 0 0 2 2 0 1 2 2 0 2 2 2 0 2 2
0 2 0 1 1 0 0 0 0 2 1 0 2 2 2 0 2 2 2 0 2 2
0 2 1 0 1 1 0 0 0 2 1 0 2 2 2 0 2 2 2 0 2 2
0 2 0 0 1 0 0 0 0 2 2 0 1 2 2 0 2 2 1 0 2 2
0 2 0 2 1 0 0 0 0 2 1 0 2 2 2 0 2 2 2 0 2 2
1 2 1 0 1 0 0 1 0 2 0 0 2 2 2 0 2 2 2 0 2 2
1 2 0 2 1 0 1 1 0 2 0 0 2 2 2 0 2 1 1 0 2 2
1 2 1 1 2 0 1 0 0 2 2 0 1 2 2 0 2 1 2 0 2 1
2 2 1 1 1 1 0 0 0 2 2 1 2 2 2 0 2 1 1 0 2 2
1 2 0 0 1 0 0 0 0 2 2 1 2 2 2 0 2 2 2 0 2 2
0 2 0 2 1 0 0 0 0 2 2 1 2 2 2 0 2 1 1 0 2 2
0 2 0 1 0 1 0 0 0 2 1 0 2 2 2 0 2 2 2 0 2 2
0 2 0 1 2 0 0 0 0 2 1 1 1 2 2 0 1 2 2 0 2 2
1 2 0 0 2 0 0 0 0 2 1 1 2 2 2 0 2 0 2 1 2 2
0 2 0 1 1 1 0 1 0 2 1 1 2 2 2 0 2 1 2 0 2 2
0 2 0 1 1 0 0 0 0 2 2 0 2 2 2 0 2 1 2 1 2 2
1 2 0 2 0 1 0 1 0 2 1 1 2 2 2 0 2 0 1 0 2 2
1 2 0 0 2 0 0 1 0 2 2 0 2 2 2 0 2 1 1 0 2 2
1 2 0 1 2 0 0 0 1 2 1 0 2 2 2 0 2 2 1 0 2 2
0 2 1 2 2 0 1 0 0 2 2 0 2 1 2 0 2 1 1 0 2 2
0 2 0 0 2 0 0 0 0 2 2 1 1 2 2 0 2 1 2 0 2 2
0 2 0 1 2 1 0 1 0 2 2 0 2 2 2 0 2 2 0 1 2 2
0 2 0 1 2 0 1 0 0 2 2 0 1 2 2 0 2 1 1 0 2 2
1 2 1 1 0 0 0 0 0 2 2 0 2 2 2 0 2 2 2 1 2 1
0 2 0 2 1 1 0 0 0 2 1 0 2 2 2 0 2 1 1 0 1 2
0 2 1 2 2 0 0 0 0 2 2 0 0 2 2 0 2 2 2 0 1 1
0 2 1 1 2 1 0 0 0 2 2 0 1 2 2 0 2 2 1 0 2 2
0 2 0 2 1 0 0 1 0 2 2 1 2 0 2 0 2 1 2 0 1 2
0 2 0 2 2 0 0 0 0 2 2 2 2 2 2 0 2 2 2 0 2 2
0 2 0 2 2 0 0 0 0 2 2 0 1 2 2 0 2 2 2 0 1 2
1 2 0 2 1 0 0 0 0 2 2 0 2 2 2 0 2 1 2 2 2 2
1 2 0 1 1 0 0 0 0 2 2 1 2 2 2 0 2 2 1 0 2 2
1 2 1 1 2 0 0 1 0 2 2 0 2 2 2 0 2 2 0 1 2 1
0 2 0 2 1 0 0 1 0 2 1 0 2 2 2 0 2 1 1 1 1 2
0 2 0 2 1 0 0 0 0 1 2 1 1 2 2 0 2 1 2 0 2 2
0 2 0 2 2 1 2 0 0 2 2 0 2 2 2 0 2 2 1 0 2 2
0 2 0 1 1 0 0 0 0 2 1 0 2 2 2 1 2 2 2 0 2 2
0 2 0 0 2 1 0 0 0 2 2 1 2 2 2 0 2 2 2 0 2 2
0 2 0 1 2 0 0 0 0 2 1 0 1 2 2 0 2 2 1 0 2 2
0 2 0 1 2 0 1 1 0 2 2 1 2 1 2 0 2 1 1 0 1 2
1 2 0 2 2 0 0 0 0 2 2 0 2 0 2 0 2 0 0 0 2 1
1 2 0 0 2 0 1 0 0 2 1 1 2 2 2 0 2 2 0 0 2 2
0 2 0 2 1 1 0 0 0 2 1 0 2 2 2 0 2 0 2 0 2 2
1 2 0 1 1 0 0 0 0 2 0 0 2 2 2 0 2 1 2 1 2 2
0 2 0 2 1 1 0 0 0 2 0 0 2 2 2 0 2 2 0 0 2 2
0 2 0 1 2 0 1 0 0 2 2 0 2 2 2 0 2 2 0 0 2 2
1 2 0 2 1 0 0 0 0 2 1 0 2 2 2 0 1 2 2 0 2 2
0 2 0 1 1 0 0 0 0 2 1 2 2 2 2 0 2 1 2 0 1 2
0 2 0 1 1 0 1 0 0 2 2 1 2 2 2 0 2 2 2 0 2 2
0 2 0 1 1 0 0 0 0 2 2 1 2 2 2 0 2 1 1 0 2 2
0 2 0 1 1 0 0 0 0 2 2 0 1 1 2 0 2 1 1 0 2 2
1 2 0 0 0 0 0 0 0 2 1 1 2 2 2 0 2 1 2 1 2 2
0 2 0 2 1 1 0 0 0 2 2 1 1 2 2 0 2 2 2 0 2 2
0 2 0 1 1 0 1 0 0 2 2 1 2 2 2 0 2 2 0 0 2 2
0 2 0 1 1 0 1 0 0 1 2 0 1 2 2 0 2 1 1 0 2 2
0 2 0 1 1 0 0 1 0 2 2 0 2 2 2 0 2 1 2 1 1 2
0 2 0 0 2 0 0 0 0 2 1 0 2 2 2 0 2 1 1 0 2 2
1 2 0 2 1 0 0 0 0 2 2 1 2 1 2 0 2 2 2 0 2 2
1 2 0 2 1 0 0 0 0 2 1 0 2 2 2 0 2 2 2 0 2 2
1 2 0 2 1 0 0 0 0 2 2 0 2 2 2 0 2 2 2 1 2 2
2 2 0 1 1 0 0 0 0 2 1 1 2 2 2 0 2 1 2 1 2 2
0 2 0 1 2 0 0 0 0 2 2 1 2 2 2 0 2 2 2 0 2 2
0 2 0 0 1 0 0 1 0 2 1 1 1 2 2 0 2 1 1 0 2 2
0 2 1 2 2 0 1 0 0 2 2 0 2 2 2 0 2 1 2 0 2 2
1 2 0 1 2 0 0 0 0 2 1 0 2 2 2 0 2 1 2 0 2 2
0 2 0 1 2 1 0 0 0 2 1 1 2 2 2 0 2 2 2 0 2 2
1 2 0 0 1 0 0 0 0 1 2 2 1 2 2 0 2 2 2 0 2 1
1 2 0 2 2 0 1 0 0 2 2 0 1 1 2 0 2 2 2 0 2 2
0 2 0 1 2 0 0 1 0 2 1 0 2 1 2 0 2 2 2 1 2 2
1 2 0 1 1 1 0 0 0 2 2 2 2 0 2 0 2 2 1 0 2 2
1 2 0 1 2 0 0 0 0 1 2 0 2 2 2 0 2 1 2 0 2 2
0 2 0 1 0 0 0 1 0 2 2 2 2 2 2 0 2 2 0 0 2 2
0 2 0 0 2 0 0 0 0 2 2 1 1 2 2 0 2 1 2 0 2 2
0 2 0 0 1 0 0 2 0 2 2 0 2 1 2 0 2 1 2 1 2 2
0 2 0 1 2 0 0 0 0 2 1 1 2 1 2 0 2 0 2 0 2 2
0 2 0 1 1 0 0 1 0 2 1 0 2 2 2 0 2 1 2 0 2 2
0 2 0 0 2 0 0 0 0 1 1 1 1 2 2 0 2 2 2 0 2 1
0 2 0 0 2 0 0 0 0 2 1 1 2 2 2 0 2 2 2 0 2 2
0 2 0 1 1 0 0 0 0 2 2 1 2 2 2 0 2 2 1 0 2 2
0 2 0 2 0 1 0 0 0 2 1 0 2 2 2 0 2 1 1 0 2 2
0 2 0 1 2 0 1 0 0 2 1 1 2 2 2 0 2 2 2 0 2 2
0 2 0 2 1 0 1 0 0 2 2 1 2 1 2 0 2 1 0 1 2 2
1 2 0 1 2 0 0 0 0 2 2 0 2 2 2 0 2 1 2 0 2 2
0 2 0 1 1 0 0 0 0 2 2 0 2 1 2 0 1 2 2 0 2 2
0 2 0 1 1 0 0 1 0 2 2 0 2 2 2 0 2 2 2 1 2 2
0 2 0 0 1 0 0 0 0 1 0 0 2 2 2 0 2 1 2 0 2 2
0 2 1 2 2 1 0 0 0 2 1 0 2 2 2 0 2 1 2 0 2 2
0 2 0 0 1 0 1 0 0 2 2 0 2 2 2 0 2 2 2 0 2 2
0 2 1 1 2 0 0 0 0 2 2 0 1 2 2 0 2 1 0 1 2 2
0 2 0 2 2 0 1 0 0 2 2 2 1 2 2 0 2 2 1 1 2 2
0 2 1 1 2 0 0 1 0 1 2 0 2 2 2 0 2 1 2 0 2 2
0 2 0 1 1 1 0 0 0 2 2 0 2 2 2 0 2 2 2 1 2 2
2 2 0 1 1 0 0 0 0 2 2 0 2 2 2 0 2 2 2 1 2 2
0 2 0 0 1 0 1 0 0 2 2 0 2 2 2 0 2 2 2 1 2 2
0 2 0 1 2 0 0 0 0 2 0 1 2 2 2 0 2 2 1 0 1 2
0 2 0 1 2 0 0 0 0 2 1 0 2 2 2 0 2 1 0 0 2 2
0 2 1 1 2 0 0 1 0 1 1 1 2 1 2 0 2 1 2 0 1 2
0 2 0 1 2 0 0 0 0 2 2 0 2 2 1 0 2 2 2 0 1 2
0 2 0 0 1 0 0 0 0 2 2 0 2 2 2 0 2 1 1 0 2 2
0 2 0 1 1 0 1 0 0 2 1 1 2 2 2 0 2 2 2 0 2 2
1 2 0 2 2 0 0 0 0 2 2 0 2 2 2 0 2 2 1 0 2 2
0 2 0 1 1 0 0 0 0 2 2 1 1 2 2 0 2 2 2 1 2 2
0 2 0 2 2 1 0 0 0 2 1 1 2 2 2 0 2 2 2 1 2 2
0 2 0 1 1 0 0 1 0 2 2 0 2 2 2 0 2 2 2 0 2 2
0 2 0 2 1 0 0 0 0 2 2 1 2 2 2 0 2 2 2 0 1 2
1 2 0 2 1 0 0 0 0 2 2 0 2 2 2 0 2 1 2 0 2 2
1 2 0 0 1 0 0 0 0 2 2 1 2 2 2 0 2 0 2 0 2 2
0 2 0 2 2 0 0 0 0 2 2 0 1 2 2 0 2 2 2 0 2 1
0 2 1 1 2 1 0 1 0 2 2 0 2 2 2 0 2 2 2 1 2 2
0 2 1 1 2 0 1 2 0 2 1 0 2 2 2 0 2 1 2 0 2 2
1 2 0 1 1 1 0 0 0 2 1 0 2 2 2 0 2 1 2 1 2 2
0 2 1 1 2 0 0 0 0 2 0 1 2 2 2 0 2 2 2 0 2 2
0 2 1 2 2 0 0 1 0 2 1 1 1 2 2 0 2 2 2 0 2 2
1 2 1 2 1 0 0 1 0 2 2 1 2 2 2 0 2 2 2 0 1 2
1 2 0 2 1 0 1 1 0 2 1 1 2 2 2 0 2 1 1 0 2 2
1 2 0 2 1 0 0 1 0 2 1 1 2 2 2 0 2 1 1 1 2 1
1 2 0 1 2 1 0 0 0 2 1 1 2 2 2 0 1 1 1 0 2 2
0 2 0 1 1 1 0 0 0 2 1 0 2 2 2 0 2 1 2 0 2 2
0 2 0 1 2 0 0 0 0 2 2 0 2 2 2 0 2 0 1 0 2 2
0 2 0 1 2 1 0 0 0 2 1 0 2 1 2 0 2 2 1 0 2 2
0 2 1 2 1 0 0 0 0 2 2 1 1 2 2 0 2 2 2 0 2 2
0 2 0 1 2 0 0 0 0 2 2 1 2 2 2 0 2 2 2 0 2 2
0 2 1 2 0 0 1 0 0 2 1 0 2 2 2 0 2 1 2 2 1 2
0 2 0 2 2 0 0 0 0 2 1 1 2 2 2 0 2 1 1 1 2 2
0 2 0 2 0 0 0 0 0 2 0 0 2 2 2 0 2 1 2 0 2 2
0 2 0 1 2 0 0 0 0 2 1 2 2 2 2 0 2 2 2 2 2 2
1 2 0 1 1 0 0 0 0 2 2 0 2 2 2 0 2 2 1 0 2 2
0 2 0 0 2 0 0 0 0 2 2 0 1 2 2 0 2 2 1 0 1 2
0 2 0 2 0 0 0 0 1 2 2 0 2 2 2 0 2 2 2 0 1 2
0 2 0 1 1 0 0 0 0 2 2 1 2 1 2 0 2 0 2 0 2 2
0 2 0 0 1 1 0 0 0 2 1 1 1 2 2 0 2 1 1 0 2 2
0 2 0 0 2 1 0 0 0 2 2 0 2 2 2 0 2 2 2 0 2 2
1 2 0 0 1 0 0 1 0 2 2 0 1 2 2 0 2 1 1 1 2 2
0 2 0 0 2 0 0 0 0 2 1 0 1 2 2 0 2 2 2 0 2 2
0 2 0 1 2 0 0 0 0 2 1 0 2 1 2 0 2 1 2 0 2 2
0 2 0 1 2 0 0 0 0 2 1 2 2 2 2 0 2 2 2 0 2 2
2 2 0 1 1 0 0 0 0 2 2 1 2 2 1 0 2 2 0 0 2 2
1 2 0 2 1 0 0 0 0 2 1 0 2 2 2 0 2 0 2 0 2 2
0 2 0 2 2 0 0 0 0 2 2 1 2 2 2 0 2 2 2 0 2 2
1 2 0 1 2 0 0 0 0 2 1 1 2 2 2 0 2 1 1 0 2 2
0 2 0 1 0 1 0 1 0 2 2 0 2 2 2 0 2 2 1 0 2 2
1 2 0 1 1 0 0 0 0 2 2 1 2 2 2 0 2 1 1 1 2 2
1 2 1 1 1 0 0 0 0 2 1 0 2 2 2 0 2 1 0 0 2 2
0 2 1 1 1 0 0 0 0 2 1 0 2 2 2 0 2 2 2 1 2 2
0 2 0 2 1 0 0 0 0 2 2 0 2 2 2 0 2 2 1 1 2 2
0 2 0 1 2 0 0 0 0 2 1 0 2 2 2 0 1 1 2 1 2 2
0 2 0 2 2 0 0 0 0 2 1 0 2 2 2 0 2 2 2 0 2 2
1 2 0 2 1 0 1 1 0 2 2 0 2 2 2 0 2 1 2 0 1 1
0 2 0 0 1 0 0 0 0 2 1 0 2 2 2 0 2 2 1 0 2 2
0 2 1 2 1 0 0 0 0 2 2 0 2 2 2 0 2 0 1 0 2 2
1 2 0 2 2 0 0 1 0 2 1 0 2 2 2 0 2 1 2 1 2 2
1 2 0 2 1 0 0 0 0 2 1 0 2 2 2 0 2 1 2 0 2 2
0 2 0 1 2 0 0 0 0 2 0 0 2 2 2 0 2 1 2 1 1 2
1 2 0 2 1 1 0 1 0 2 2 0 1 2 2 0 2 2 1 1 2 2
1 2 0 2 1 0 0 0 0 2 2 0 2 2 2 0 2 2 1 0 2 2
0 2 0 1 1 0 1 0 0 1 2 1 2 1 2 0 2 1 1 1 2 2
0 2 0 1 2 0 0 0 0 2 2 1 2 2 2 0 2 1 2 0 2 2
0 2 1 1 1 1 0 0 0 2 1 0 2 2 2 0 2 1 2 0 2 1
0 2 0 0 2 0 0 0 0 2 2 0 1 2 2 0 2 1 2 1 2 2
0 2 1 0 1 0 0 0 0 2 2 0 2 2 2 0 2 1 1 0 2 2
1 2 0 2 0 1 0 2 0 2 1 1 2 1 2 0 2 2 1 2 2 2
0 2 0 1 2 0 0 0 0 2 2 0 2 1 2 0 2 1 2 0 2 2
1 2 0 2 0 0 0 0 0 2 1 1 2 2 2 0 1 2 2 1 1 2
2 2 0 1 2 0 0 1 0 2 2 0 2 2 2 0 2 1 1 0 2 2
1 2 0 0 2 0 0 1 0 2 2 0 2 2 2 0 2 1 2 0 2 2
0 2 0 2 1 0 1 0 0 2 2 1 2 2 2 0 2 1 2 0 2 2
0 2 0 2 1 1 0 0 0 2 2 1 1 2 2 0 2 2 1 0 1 2
0 2 0 0 2 0 0 0 0 2 2 1 2 2 2 0 2 1 1 0 2 2
1 2 0 2 1 0 0 1 0 2 2 0 2 1 2 0 2 2 2 0 2 2
1 2 0 1 2 0 0 1 0 2 2 0 2 2 2 0 2 1 2 1 2 2
0 2 0 2 1 0 0 0 0 2 1 0 1 2 2 0 2 2 1 1 2 2
0 2 0 2 2 0 0 0 0 2 2 1 2 2 2 0 2 2 2 0 2 2
0 2 0 0 2 0 0 1 0 2 2 0 1 2 2 0 1 1 2 0 2 2
0 2 0 1 1 0 0 0 0 2 2 0 2 2 2 0 1 1 2 0 2 2
0 2 0 1 2 1 0 0 0 2 2 0 2 2 2 0 2 1 1 1 2 2
2 2 0 1 2 0 1 0 0 2 1 0 1 2 2 0 2 1 1 0 2 2
1 2 0 1 0 0 0 0 0 2 2 0 2 2 2 0 2 2 2 1 2 1
0 2 1 1 2 0 2 0 0 2 1 0 2 2 2 0 2 2 2 0 2 1
1 2 0 1 2 0 0 0 0 2 2 0 1 2 2 0 2 2 2 0 2 2
0 2 0 2 1 0 0 0 0 2 2 1 1 2 2 0 2 2 0 1 2 2
0 2 0 0 0 0 1 0 0 2 2 0 2 2 2 0 2 1 2 0 2 2
0 2 0 2 1 0 1 0 0 2 2 1 1 2 2 0 2 2 2 1 1 2
1 2 1 1 1 0 0 1 0 2 1 0 2 2 2 0 2 2 1 0 2 2
1 2 0 1 1 0 0 0 0 2 1 0 2 2 2 0 2 2 1 0 2 2
0 2 0 1 2 1 0 0 0 2 2 0 1 2 2 0 2 2 2 0 2 2
0 2 0 1 2 0 0 0 0 2 2 0 2 2 2 0 2 1 1 0 2 2
0 2 0 1 1 0 0 0 0 2 2 1 2 2 2 0 2 1 2 0 1 2
0 2 0 2 1 0 0 0 0 2 1 0 2 1 2 0 2 2 2 0 2 2
0 2 0 1 1 0 0 0 0 2 2 0 1 1 2 0 2 2 1 0 2 2
0 2 0 1 2 0 1 0 0 2 1 0 2 2 2 0 2 2 2 0 2 2
0 2 0 0 2 0 0 2 0 2 2 0 2 2 2 0 2 2 0 0 2 2
0 2 0 1 2 0 0 0 0 2 2 1 2 2 2 0 2 1 1 1 2 2
1 2 0 1 1 0 1 1 0 2 2 1 2 2 2 0 2 2 2 0 2 2
1 2 1 2 1 0 1 0 0 2 2 1 2 2 2 0 1 2 1 2 2 2
1 2 0 2 1 0 1 0 0 2 2 0 2 2 2 0 2 1 2 0 2 2
