rs7540229 rs4669710 rs6716219 rs11885427 rs4674347 rs2674 rs2034965 rs1040858 rs9397074 rs3116468 rs4489420 rs7475245 rs2394307 rs11596526 rs10502004 rs833843 rs528783 rs4357883 rs7225813 rs3786322 rs205908 rs2834660
2 2 2 0 2 2 1 1 2 0 1 0 1 2 0 0 0 2 0 0 1 2
2 2 2 0 1 2 0 1 2 1 1 1 0 2 0 1 2 2 0 0 2 2
2 2 2 1 1 2 1 0 2 0 2 0 0 2 0 1 2 2 0 0 2 2
2 2 2 0 1 2 0 1 2 0 0 0 0 1 0 1 0 2 0 1 2 1
2 1 2 1 1 2 0 0 2 0 1 0 0 2 0 1 1 2 0 0 2 2
2 2 1 1 2 2 0 2 2 0 2 1 0 2 0 1 1 2 0 0 1 1
2 2 2 0 2 1 0 1 2 0 0 0 0 2 0 0 1 2 0 0 1 2
2 1 2 0 1 1 1 1 2 0 1 0 0 2 0 0 1 2 0 0 2 2
2 2 2 1 2 1 1 0 2 0 1 0 1 2 0 1 0 2 0 0 2 2
2 1 2 0 2 2 1 0 2 0 1 0 1 2 0 1 0 1 0 1 2 1
2 2 1 0 2 2 0 0 2 0 2 0 0 1 0 2 2 2 0 0 1 1
2 1 2 0 1 1 0 0 1 0 1 0 1 2 0 2 1 2 0 0 2 0
2 2 2 0 2 2 0 0 2 1 1 0 2 2 1 1 1 2 0 0 1 1
2 2 2 0 1 2 0 1 2 1 1 0 1 2 0 0 1 2 0 0 2 1
2 2 2 0 1 2 1 0 2 0 1 0 0 1 0 1 0 2 0 0 0 2
2 2 2 0 2 2 0 0 2 1 1 0 1 2 0 0 1 2 0 0 1 2
2 1 2 0 2 1 0 1 2 0 0 0 1 2 0 1 1 2 0 0 1 1
2 2 2 0 2 2 0 0 2 0 1 0 1 2 0 0 1 2 0 0 1 1
1 2 2 0 1 1 0 1 1 0 0 0 1 1 0 0 1 2 0 0 1 2
2 2 2 1 1 2 0 0 2 0 0 1 1 2 0 2 2 2 0 0 1 2
2 2 2 1 2 1 1 1 2 0 1 0 1 2 0 0 1 2 0 0 2 2
2 1 2 1 1 2 0 0 2 0 1 0 0 1 0 0 1 2 0 0 1 2
2 1 2 0 2 2 0 0 2 0 2 1 0 2 0 1 0 2 0 0 1 1
2 1 2 2 2 2 0 0 2 0 2 0 0 2 0 0 1 2 0 0 2 1
2 1 2 0 1 2 1 0 2 1 1 0 0 2 0 0 1 2 0 1 1 2
2 2 2 0 2 2 1 0 2 0 2 0 0 2 0 0 1 2 0 0 1 2
2 1 1 0 1 2 1 1 2 0 1 0 0 2 0 1 1 2 0 0 1 1
1 2 2 1 1 1 0 0 2 0 2 0 2 2 0 2 1 2 0 0 2 2
2 1 2 0 1 2 0 1 2 0 1 0 2 2 1 0 0 2 0 0 1 1
2 2 2 0 2 1 0 0 1 0 1 1 0 2 0 0 1 2 0 0 2 2
2 2 2 0 2 2 1 0 2 1 0 0 0 2 0 1 1 2 0 0 0 1
2 2 2 0 2 2 0 0 2 1 0 1 2 2 1 1 0 2 0 0 1 2
2 2 2 0 1 2 2 0 2 1 1 1 2 2 1 1 0 2 0 0 2 2
2 2 2 1 2 1 0 0 2 0 2 0 1 2 0 0 0 2 0 0 1 2
2 1 2 1 1 1 1 0 2 0 0 0 1 2 0 2 1 2 0 0 2 2
2 2 2 0 1 2 1 0 2 1 2 0 0 1 0 1 2 2 0 0 1 2
2 2 2 0 2 2 1 0 2 1 0 0 0 1 1 2 1 2 0 0 2 2
2 2 2 1 2 2 1 0 2 0 1 0 0 2 0 0 1 2 0 0 2 2
2 1 2 0 2 1 2 0 2 0 0 1 0 2 0 1 1 2 0 1 1 1
2 1 2 0 1 2 2 1 2 1 2 0 1 2 0 0 1 2 0 0 2 2
2 2 1 0 2 1 2 1 2 0 1 0 0 1 0 0 2 2 0 0 1 2
1 2 2 0 1 2 0 0 2 0 1 0 0 2 0 2 0 2 0 0 1 2
2 1 1 1 2 2 1 0 2 0 1 0 1 1 0 1 2 2 0 0 1 2
2 1 2 0 2 2 1 1 2 0 1 0 0 0 0 0 0 2 0 0 2 2
2 2 2 0 0 2 2 0 2 0 2 0 1 2 0 0 1 2 0 0 2 2
2 2 2 0 2 2 0 0 2 1 1 0 1 2 0 2 2 2 1 0 2 2
2 2 2 0 1 2 0 1 2 0 2 0 0 1 0 1 1 2 0 0 1 1
2 2 2 0 1 2 0 0 2 0 1 0 1 2 0 1 1 2 0 0 2 2
1 2 2 0 1 1 0 0 2 0 0 0 1 2 0 2 1 2 0 0 2 1
2 1 2 0 2 1 1 1 2 0 2 0 1 2 0 1 1 2 1 0 2 1
2 1 2 1 2 2 0 0 2 0 0 0 1 2 0 1 1 2 0 0 1 1
2 2 1 0 2 1 0 0 2 0 1 0 0 1 0 1 0 2 1 0 1 2
2 2 1 1 2 2 0 0 2 0 2 1 0 2 0 1 1 2 0 0 2 1
2 1 2 1 1 2 2 0 1 0 2 0 0 2 0 0 0 2 0 0 2 1
2 2 2 0 2 2 0 2 2 1 1 1 0 2 1 1 1 2 1 0 1 2
2 2 2 0 2 2 0 1 1 0 1 0 1 2 1 0 0 2 0 0 0 1
2 1 1 0 2 1 1 1 2 0 0 0 1 2 0 0 0 2 0 0 2 1
2 2 1 0 2 2 0 0 2 1 2 0 0 2 0 0 2 2 0 0 2 2
2 2 2 1 2 2 0 2 2 0 1 0 0 1 0 0 1 2 0 0 1 2
2 2 2 1 1 1 1 0 2 0 2 0 0 2 0 1 0 2 1 0 2 0
2 2 2 1 2 2 0 0 2 0 0 1 1 2 0 1 0 2 0 0 1 1
2 2 2 1 1 2 1 0 2 0 0 0 0 2 0 0 0 2 0 0 1 1
2 2 2 1 2 2 1 0 2 1 1 0 0 2 0 1 0 2 0 0 1 2
2 2 2 0 1 1 0 1 1 0 1 0 1 2 0 1 0 2 1 0 1 1
2 2 2 0 1 2 1 0 2 1 1 0 0 2 0 1 0 2 0 1 2 2
2 2 2 1 2 2 0 0 2 0 0 1 0 1 0 1 2 2 0 0 1 1
2 2 2 1 1 2 1 0 1 0 2 1 0 1 0 0 1 2 0 0 1 1
2 2 1 1 2 1 1 1 2 0 1 1 1 2 0 1 2 2 0 0 0 2
2 2 2 0 2 1 1 0 2 0 1 0 0 1 0 1 0 2 0 0 1 2
2 2 2 0 1 2 0 0 2 0 1 0 1 2 0 1 0 2 0 0 2 2
2 2 1 0 2 2 1 0 2 0 0 0 1 2 0 0 2 2 0 0 1 1
2 1 2 0 2 2 1 0 2 0 2 0 1 1 0 2 0 2 0 0 1 1
2 1 1 0 1 1 1 1 2 0 2 0 1 2 1 1 0 2 0 0 2 2
2 2 2 0 2 2 1 0 2 0 0 1 1 2 0 1 0 2 0 0 1 2
2 2 1 0 1 2 1 1 2 0 2 0 0 1 0 0 1 1 0 0 1 2
2 2 2 1 2 2 0 0 2 1 0 0 0 2 0 0 0 2 0 0 1 2
2 2 2 0 2 2 0 1 2 0 0 1 1 2 0 0 2 2 0 0 2 2
2 1 2 0 2 1 1 0 2 1 1 0 1 2 0 0 1 2 0 0 1 2
2 2 2 0 1 2 0 0 2 0 0 0 1 1 0 0 1 2 0 0 1 1
2 2 2 0 2 2 0 1 2 0 1 1 1 1 0 1 1 2 0 1 1 2
2 2 1 0 2 2 1 0 2 0 1 0 1 1 0 1 0 2 0 0 0 2
2 2 2 1 1 2 0 0 2 1 1 0 1 1 0 1 1 2 0 0 2 2
2 0 2 0 2 2 0 2 2 0 1 0 1 2 0 0 0 2 0 0 0 2
2 2 1 0 1 2 0 0 2 0 1 0 1 2 0 1 1 2 0 0 1 2
2 2 2 0 2 2 1 0 2 0 0 0 0 2 0 1 2 2 0 0 1 0
2 2 2 0 2 2 2 1 2 1 0 0 1 2 1 1 0 2 0 0 1 1
2 2 2 0 2 1 0 0 2 1 1 0 1 0 0 0 1 2 1 1 2 1
2 1 2 1 1 2 1 1 2 0 1 0 0 2 0 1 0 2 0 0 1 2
2 2 2 0 2 2 1 0 2 1 2 0 0 2 0 1 1 1 0 0 1 0
2 1 2 1 2 2 0 0 2 1 0 0 0 2 0 1 1 2 0 0 1 2
2 0 2 1 1 2 0 0 2 1 1 0 0 2 0 1 1 2 0 0 2 2
2 1 2 0 2 2 1 0 2 1 1 0 1 2 0 0 1 2 0 0 1 1
2 2 1 1 1 2 0 1 2 0 1 0 0 2 0 1 1 2 0 0 0 1
2 0 2 0 1 1 1 0 2 1 1 0 0 2 0 1 1 2 0 0 2 1
2 1 2 1 1 2 1 0 2 1 0 0 1 1 0 2 1 2 0 0 1 2
2 2 2 0 1 2 0 1 2 2 1 0 1 2 0 1 1 2 0 0 2 1
2 2 2 0 2 1 1 0 2 0 2 0 1 2 0 1 1 2 0 0 1 1
2 2 2 0 2 2 0 0 2 0 1 0 2 1 0 1 1 2 0 0 2 2
2 2 1 1 2 2 0 0 2 0 2 0 1 2 0 1 2 2 0 0 1 2
2 1 2 1 2 2 1 0 2 1 2 0 0 1 0 2 2 2 0 0 2 1
2 2 2 0 2 2 1 1 2 0 2 0 1 2 0 1 2 2 1 0 1 1
2 0 2 0 2 2 0 0 2 0 0 0 1 2 0 1 0 1 0 0 1 2
2 2 2 1 0 2 1 1 2 0 1 0 0 1 0 1 2 2 0 0 2 2
2 2 2 0 2 2 0 1 2 0 1 0 1 2 0 2 1 2 0 0 1 1
2 2 2 0 2 2 1 0 2 0 1 0 1 2 0 0 2 2 0 0 1 2
2 1 2 1 2 2 1 0 2 0 2 1 0 1 0 0 0 2 0 0 2 2
2 2 2 0 2 2 1 0 2 0 0 0 0 2 0 1 0 2 0 1 1 2
2 1 2 0 1 2 1 0 2 0 1 0 1 2 0 2 1 2 0 0 2 1
2 1 2 0 2 2 1 0 2 1 1 0 0 2 0 2 0 2 0 0 1 2
2 2 2 0 1 2 0 1 2 0 2 1 2 1 0 1 1 2 0 0 2 2
2 2 2 0 1 2 0 1 2 0 1 0 1 1 0 1 1 2 0 0 0 1
2 2 2 0 2 2 1 1 2 1 1 0 0 1 0 0 2 2 0 0 2 1
2 2 2 0 2 2 1 0 2 0 0 0 0 2 1 1 0 2 0 0 0 1
2 2 2 0 2 2 2 1 2 0 2 1 0 2 0 1 1 2 0 0 1 2
2 2 2 0 2 1 1 1 2 0 1 0 0 1 0 1 1 2 0 0 1 2
2 2 2 1 2 2 1 1 2 0 2 0 2 2 0 2 0 2 0 0 1 2
1 2 2 0 2 2 0 1 2 0 1 1 1 2 0 1 0 2 0 0 1 2
2 2 2 0 2 2 1 0 2 0 1 0 2 2 0 0 1 2 0 0 2 0
2 2 2 0 2 2 1 0 2 1 0 0 1 2 0 2 0 2 0 1 1 2
2 1 1 0 2 2 1 0 2 1 2 0 1 2 0 0 0 2 0 0 1 1
2 2 2 0 0 2 1 1 2 0 1 0 1 2 0 1 2 2 0 0 2 2
2 2 2 0 1 2 0 0 2 0 2 1 0 1 0 2 1 2 0 0 1 2
2 2 2 1 2 1 0 0 2 0 1 0 0 2 0 1 1 2 0 0 1 1
1 1 2 0 2 2 1 1 2 0 2 0 1 1 0 1 1 2 0 0 2 2
1 2 2 0 1 2 0 1 2 1 1 0 2 2 0 1 1 2 0 0 2 2
2 1 2 1 2 2 0 1 2 0 1 0 0 2 0 1 1 2 0 0 2 2
2 2 2 0 1 2 1 0 1 0 1 1 1 2 0 1 1 2 0 0 1 2
2 2 2 0 2 2 1 1 2 0 1 0 0 0 0 0 1 2 0 0 1 2
2 2 2 0 1 2 1 0 2 0 0 0 1 2 0 1 1 1 0 1 2 2
2 2 2 0 1 2 1 0 2 0 1 2 1 2 0 0 1 2 0 0 1 0
2 2 1 0 2 2 0 0 2 0 1 0 1 2 0 1 2 2 0 0 2 2
2 2 1 1 2 2 1 0 2 0 2 0 1 2 0 1 2 1 0 0 2 2
2 2 2 1 2 2 0 0 2 1 2 0 1 2 0 2 2 2 0 0 1 0
2 2 2 0 2 2 0 0 2 0 0 0 0 2 0 0 1 2 0 0 0 1
1 2 2 0 2 1 2 0 2 0 1 0 0 1 0 1 0 2 0 0 1 2
2 2 2 2 0 1 0 2 2 1 1 0 1 2 0 2 0 2 0 0 1 1
2 2 2 1 0 2 0 1 2 0 1 1 0 2 0 1 1 2 0 0 0 2
2 2 2 0 2 2 0 0 2 1 2 0 2 1 0 2 1 2 0 0 2 2
2 2 2 0 2 2 0 0 2 0 1 0 1 2 0 2 0 2 0 0 2 0
2 2 2 0 2 2 0 2 2 0 1 0 0 2 0 1 1 2 0 0 0 1
2 2 1 0 2 2 0 2 2 0 0 1 1 2 0 1 0 2 0 0 2 1
2 2 2 0 2 2 0 2 2 1 1 0 1 2 0 1 1 2 0 0 0 1
2 2 2 2 2 2 1 0 2 1 1 0 0 2 0 1 2 2 0 0 2 2
2 2 2 0 2 2 0 1 2 1 0 0 0 2 0 0 1 2 0 0 2 2
2 1 2 0 2 2 0 0 2 0 2 1 1 2 0 1 1 1 0 0 2 2
2 2 1 1 2 2 2 1 1 0 1 0 0 2 1 0 1 1 0 1 0 0
2 1 2 0 2 2 1 0 2 0 1 0 0 2 1 2 1 2 0 0 2 2
2 2 2 0 1 1 1 0 2 0 1 0 2 1 0 1 1 2 0 0 2 2
2 1 2 0 1 2 1 0 2 0 0 0 0 2 0 0 1 2 0 0 1 1
2 2 2 2 2 2 1 0 2 0 0 0 0 1 0 0 0 2 0 0 2 2
2 2 2 0 2 2 0 1 2 0 2 0 2 1 0 2 1 2 0 0 1 1
2 2 2 2 2 1 1 0 2 0 0 0 1 2 0 2 0 2 0 0 0 2
2 2 2 0 2 2 0 0 2 1 2 0 0 1 0 1 2 2 0 0 2 0
2 2 2 1 2 2 0 0 2 2 1 0 0 2 0 0 2 2 0 0 1 2
2 2 2 0 2 2 0 0 2 0 0 0 0 1 0 1 0 2 0 0 1 2
2 1 2 0 2 2 1 0 2 0 1 0 1 0 0 2 1 2 0 0 2 2
2 0 2 1 2 2 0 0 2 1 2 0 1 1 0 0 0 2 0 0 1 1
2 2 2 0 2 1 1 0 2 0 2 0 1 2 0 2 1 2 0 0 1 1
2 2 1 0 1 2 0 0 2 0 2 0 1 2 0 2 0 2 0 0 1 2
2 2 2 0 2 2 0 1 2 0 1 0 0 2 0 1 1 2 0 0 2 2
2 1 2 0 2 1 1 0 2 0 1 0 0 2 0 1 2 2 0 0 0 1
2 2 1 1 2 1 0 0 2 0 1 0 1 2 1 1 0 2 0 0 2 2
1 2 1 0 2 2 0 0 2 0 0 0 0 1 0 1 1 1 0 0 2 2
2 2 1 0 1 2 1 0 2 0 1 0 1 2 0 1 0 2 0 0 2 2
2 2 2 0 2 2 1 0 2 0 2 1 1 1 0 0 1 2 0 0 2 0
2 2 2 0 1 2 1 0 2 0 1 0 1 2 0 2 0 2 0 0 1 1
2 2 2 0 1 2 0 0 2 0 1 0 1 2 0 1 1 2 0 0 0 2
2 2 2 0 2 2 0 0 2 0 1 0 0 2 0 2 0 2 0 0 2 2
2 2 2 1 1 2 1 1 1 1 1 0 0 2 0 2 1 2 0 0 1 2
2 1 2 2 0 1 0 2 2 0 0 0 1 2 0 0 0 2 0 0 1 2
2 1 2 0 2 2 1 0 2 0 1 0 0 2 1 2 1 2 0 0 2 2
1 2 2 0 2 1 0 1 1 0 1 1 0 2 0 0 0 2 0 0 0 2
2 2 2 0 2 2 0 0 2 0 1 1 0 2 1 1 1 1 0 0 2 2
2 0 1 0 2 2 0 0 1 0 1 0 1 1 1 1 1 2 0 0 2 2
2 0 0 0 1 0 1 2 2 0 1 1 0 2 1 2 0 2 0 0 2 2
2 2 1 0 2 2 1 1 2 0 1 0 0 2 0 0 2 2 0 0 2 1
2 2 2 0 1 2 1 1 2 0 1 0 0 2 0 1 2 2 0 1 2 2
1 0 2 0 2 1 0 1 2 1 0 0 0 1 0 1 0 2 0 0 2 2
2 2 2 0 2 2 0 0 2 0 2 1 0 2 1 1 2 2 0 0 2 2
2 1 1 1 2 1 1 0 2 0 0 0 1 2 1 1 1 2 0 0 2 1
2 2 2 0 2 1 1 1 2 0 0 0 2 2 0 1 1 2 0 0 1 1
2 1 2 0 2 2 0 1 2 0 0 0 0 1 0 1 2 2 0 0 2 1
2 2 2 0 2 2 0 0 2 0 1 0 1 1 0 1 1 2 1 0 1 1
2 2 2 1 2 2 0 0 2 0 0 0 0 2 0 1 1 2 0 0 2 1
2 1 2 0 2 2 1 2 2 0 1 0 0 2 1 0 0 1 1 0 2 0
1 2 2 0 2 2 0 1 2 0 2 0 0 2 0 1 1 2 0 0 1 1
2 1 1 0 0 2 0 0 1 0 1 1 1 2 0 0 2 2 0 0 1 2
2 1 2 0 1 2 1 0 2 1 1 0 0 2 0 1 1 2 0 0 2 1
2 2 2 0 2 0 0 0 2 0 0 0 1 2 0 0 1 2 0 0 0 2
2 2 2 0 2 1 0 1 2 0 1 0 0 2 0 1 1 2 0 0 2 2
2 1 2 0 2 1 0 2 2 0 2 0 0 2 0 0 1 2 0 0 1 1
2 2 2 0 2 2 0 0 2 0 1 0 1 2 0 1 0 2 0 0 0 2
2 2 2 1 2 2 0 0 1 1 2 0 0 2 0 0 1 2 0 0 2 1
2 2 2 0 2 2 1 0 2 0 0 1 1 2 0 1 2 2 0 0 1 2
1 1 2 1 0 1 0 0 2 0 2 0 0 2 0 1 2 1 0 0 1 2
2 2 2 0 0 2 0 0 2 0 0 0 0 2 0 2 1 2 0 0 2 2
2 2 2 0 1 2 1 0 2 0 2 0 1 1 0 0 1 2 0 0 2 2
2 1 2 0 2 1 0 1 2 0 0 0 0 2 0 0 1 2 0 0 2 2
2 1 2 0 2 2 1 1 2 0 2 0 0 2 0 0 1 2 0 0 2 1
2 2 2 0 2 2 0 1 1 0 2 0 2 2 0 0 1 2 0 0 0 0
2 2 2 0 2 1 1 0 2 0 1 0 1 2 0 1 1 2 0 0 0 2
2 1 1 0 2 2 0 0 1 0 1 0 0 0 0 0 0 2 0 0 2 1
2 2 2 1 2 2 0 0 1 0 2 0 0 1 1 1 2 2 0 0 1 1
2 2 1 0 2 2 0 1 2 0 1 0 1 1 0 1 2 2 0 0 2 2
2 2 2 0 2 2 0 0 2 0 2 0 1 2 0 0 0 2 0 0 2 1
2 1 1 0 2 2 0 1 2 1 2 0 0 1 0 2 0 2 0 0 1 0
2 2 2 0 2 2 1 0 2 0 2 1 2 2 0 2 2 2 0 0 0 2
2 2 2 0 2 2 0 0 2 0 0 0 0 1 0 1 0 2 0 0 0 2
1 2 1 1 2 1 1 0 2 1 2 0 1 1 0 2 0 2 0 1 1 2
2 2 1 0 1 2 0 0 2 0 1 0 0 2 0 0 1 2 0 0 2 1
2 2 2 0 2 1 1 0 2 1 2 1 1 2 0 1 1 2 0 0 2 2
2 1 2 0 1 2 1 1 2 0 2 0 0 1 0 1 1 2 0 0 1 2
2 2 2 0 2 2 1 0 1 1 1 0 0 2 0 1 1 1 0 0 0 2
2 2 2 0 2 2 1 1 2 0 1 0 0 1 0 1 1 2 0 0 2 2
1 2 2 0 1 2 0 1 2 0 0 0 1 2 0 2 2 2 1 1 1 2
2 2 2 0 2 1 0 1 2 0 1 0 0 1 0 2 0 2 0 0 2 1
2 2 2 0 2 2 0 2 2 0 0 0 1 2 0 0 0 2 0 0 1 2
2 1 2 0 1 1 0 0 2 0 1 0 0 1 0 2 0 2 0 0 0 1
2 2 2 0 2 2 0 1 2 0 0 2 0 2 0 0 1 2 0 0 1 2
2 2 2 0 2 2 1 0 1 0 1 0 0 2 0 1 1 2 0 0 1 2
2 2 2 0 2 2 1 1 2 0 0 0 0 2 0 1 0 2 0 0 1 2
2 2 2 0 2 2 0 0 2 0 2 0 1 2 0 1 0 2 0 0 0 1
2 2 2 1 1 2 0 0 2 0 1 0 1 2 0 0 0 2 0 0 2 2
2 2 2 1 2 2 1 1 2 0 2 0 0 2 0 0 1 2 0 1 1 1
2 2 2 0 2 2 0 1 2 0 1 0 1 1 0 0 0 2 0 0 1 2
2 2 2 0 2 2 1 1 2 0 1 0 0 2 0 1 0 2 0 0 1 2
2 1 2 0 2 2 0 2 2 0 0 0 1 2 0 0 0 2 0 0 1 2
2 2 2 0 1 2 0 0 2 0 1 0 1 2 0 0 1 2 0 0 2 2
2 2 2 0 2 2 1 0 2 0 2 0 1 1 0 0 0 2 0 0 2 2
2 2 2 1 1 2 0 0 1 0 0 0 1 2 0 1 0 1 0 0 1 2
2 2 2 0 1 2 0 0 2 1 1 1 0 1 0 0 2 2 0 0 1 2
2 1 2 0 2 2 1 0 2 0 2 1 0 2 1 1 1 2 0 0 2 1
1 2 2 0 2 2 0 0 2 1 0 0 0 1 0 1 1 2 0 0 2 2
2 2 2 1 2 2 0 0 2 0 0 1 0 2 0 1 0 2 0 0 2 0
2 2 2 1 2 1 1 0 2 0 1 0 1 2 0 0 2 2 0 0 2 2
2 2 2 2 1 2 1 0 2 0 2 0 2 2 0 0 1 2 0 0 2 2
2 2 2 0 2 2 0 2 1 0 0 0 1 2 0 0 0 2 0 0 1 2
2 2 2 1 2 2 0 2 2 0 2 0 1 2 0 2 0 2 0 0 1 2
2 2 2 0 2 2 0 1 2 0 1 0 1 2 0 2 1 2 0 0 1 1
2 1 2 0 1 2 0 1 2 0 1 0 0 2 0 0 1 2 0 0 2 2
2 1 2 1 2 2 1 0 2 0 2 0 1 1 0 0 1 2 0 0 1 2
2 2 2 1 2 2 1 1 2 1 1 0 1 2 0 0 1 2 0 0 1 2
2 2 2 0 2 1 0 0 2 0 1 1 2 2 0 1 1 1 0 0 2 0
2 1 1 0 2 1 1 1 2 0 0 0 0 2 0 0 1 2 0 0 1 1
2 2 2 0 2 2 0 0 2 0 0 0 1 2 0 1 0 2 0 0 2 1
2 2 2 0 2 1 1 1 2 0 2 0 1 2 0 1 0 2 0 0 2 1
2 2 2 1 2 2 1 0 2 0 1 0 0 1 0 0 0 2 0 0 2 2
2 2 1 1 1 2 0 1 2 0 0 0 0 2 0 0 0 2 0 0 1 2
2 2 2 2 2 2 0 0 2 0 1 1 0 2 0 1 0 2 0 0 2 1
2 2 2 0 2 2 0 2 2 1 1 0 1 1 1 0 1 2 0 0 2 2
2 2 2 0 1 2 1 2 2 0 0 0 0 1 0 1 1 2 0 0 2 2
2 1 1 0 1 1 1 0 2 0 1 0 0 2 0 0 2 2 0 0 1 2
2 2 2 0 1 2 1 1 2 0 1 0 0 2 0 1 1 1 0 0 1 2
2 1 2 0 2 2 1 0 2 0 0 0 1 2 0 1 2 2 0 0 1 1
2 1 2 0 2 2 0 1 2 1 2 1 1 1 0 0 0 2 0 0 2 2
2 2 2 0 2 2 2 0 2 0 1 0 0 2 0 1 1 2 0 0 2 0
2 2 2 0 2 2 0 0 2 0 1 0 1 2 0 1 1 2 0 0 2 1
2 1 2 0 1 1 1 0 1 0 1 0 1 2 0 0 1 2 0 0 2 2
2 2 2 0 2 2 0 1 2 0 0 0 0 1 0 1 1 1 0 0 1 0
1 2 2 1 2 1 1 0 2 1 1 0 1 2 0 0 2 2 0 0 2 1
2 1 2 0 2 2 0 0 2 0 2 0 0 2 0 2 1 2 0 0 2 1
2 2 2 1 2 2 1 1 2 0 1 0 0 1 0 1 1 2 0 0 1 1
2 2 1 1 2 2 1 1 2 0 1 0 1 2 1 0 1 2 0 1 1 2
2 2 2 0 0 1 1 0 2 0 2 0 0 1 1 1 1 2 0 0 2 2
2 2 1 0 1 2 1 0 2 0 1 0 1 2 0 2 1 2 0 0 2 2
2 2 2 0 1 2 0 0 2 0 1 0 0 2 0 2 2 2 0 0 1 0
2 2 2 0 2 2 0 0 2 0 0 0 1 1 0 1 0 2 0 0 1 2
2 1 2 0 2 2 1 1 2 1 2 0 1 2 0 2 1 2 0 0 1 2
2 1 2 1 2 2 1 0 2 0 2 0 1 2 0 0 1 2 0 1 2 1
2 2 2 0 2 2 0 0 2 0 1 0 0 2 0 1 1 1 1 0 0 2
2 2 2 0 2 2 0 1 2 0 1 0 2 2 0 2 2 2 0 0 2 1
2 2 2 0 2 2 0 1 2 1 1 0 1 2 0 1 1 2 0 0 2 1
2 1 1 0 2 2 1 1 2 0 0 0 0 2 0 2 2 2 0 0 0 2
2 1 2 0 2 1 0 0 2 0 2 0 0 1 0 0 0 2 0 0 2 1
2 1 1 1 2 1 0 2 2 0 1 1 1 2 0 1 0 2 0 0 1 2
2 2 2 0 1 1 0 1 2 0 1 0 1 2 0 1 1 2 0 0 0 1
2 2 2 0 2 2 1 0 2 0 2 0 0 2 0 1 1 2 0 0 1 2
2 2 2 1 2 1 1 0 2 1 0 1 1 2 1 1 1 2 0 0 1 1
2 2 2 0 1 2 2 0 2 0 2 0 0 1 0 1 1 2 0 0 1 1
2 2 2 0 2 2 0 1 2 0 0 0 0 2 0 1 1 2 0 0 2 1
2 2 2 0 2 2 1 2 2 0 0 1 1 2 0 0 0 2 0 0 2 1
2 1 2 0 2 2 0 1 2 1 1 0 1 1 0 1 2 2 0 0 1 2
2 2 2 0 2 0 0 1 2 0 1 0 0 2 0 0 2 2 0 0 1 2
2 2 2 0 0 2 1 0 2 0 0 0 1 2 0 0 0 2 0 1 2 2
2 2 2 0 2 2 0 0 2 1 1 0 0 2 1 1 0 2 0 0 2 1
2 2 2 0 2 2 1 1 2 0 2 0 1 2 0 0 1 2 0 0 1 2
2 2 2 1 2 2 0 0 2 1 1 0 0 2 0 2 0 2 0 0 2 2
1 2 2 0 2 2 1 1 2 0 0 0 1 2 0 1 1 2 0 0 1 2
2 2 2 0 2 2 1 0 2 0 1 0 0 1 0 2 1 2 0 1 1 1
1 2 2 0 2 1 1 0 2 0 0 0 0 2 0 0 1 1 0 0 2 0
2 2 2 0 2 2 0 0 2 0 1 1 0 1 0 1 1 2 0 0 1 2
2 2 2 0 2 2 1 0 2 0 0 0 0 1 0 0 0 2 0 0 0 1
2 2 1 0 2 1 0 0 2 0 2 0 1 1 0 2 2 2 0 0 1 2
2 1 2 0 2 2 1 2 2 0 1 0 1 2 0 0 2 2 0 0 2 2
2 2 2 0 0 2 0 0 2 0 0 1 1 2 0 1 1 2 0 0 1 2
1 2 2 0 2 2 1 0 2 0 1 0 0 2 0 1 1 2 0 0 1 2
1 2 2 0 1 2 0 1 2 1 1 0 0 2 0 2 1 2 0 0 2 2
1 1 2 0 1 2 0 0 2 0 1 0 0 1 0 0 2 1 0 0 1 1
2 0 2 0 1 1 1 0 2 0 0 0 0 2 0 0 1 2 0 0 1 1
2 2 1 1 2 0 0 1 2 1 1 0 1 2 0 2 0 2 0 0 1 2
2 2 2 0 1 1 1 0 2 0 1 0 0 2 1 2 1 2 0 0 0 2
2 2 1 0 1 2 0 0 2 1 1 0 0 1 0 1 2 2 0 0 1 1
1 2 2 0 2 1 0 0 2 0 0 1 0 0 0 2 2 2 0 0 1 1
2 2 1 0 2 2 1 1 2 1 2 0 0 1 0 0 1 2 0 0 2 2
2 2 2 0 2 2 1 0 2 0 1 1 1 1 0 1 1 2 0 0 2 1
2 1 2 1 2 1 1 0 2 0 1 0 1 2 0 2 0 1 0 0 0 1
2 1 2 0 2 1 1 0 2 0 1 0 0 2 0 1 0 2 0 0 0 1
2 2 2 0 1 2 0 0 2 0 1 0 0 2 0 1 1 2 0 0 2 2
2 2 2 0 2 1 2 2 2 0 1 0 0 2 0 0 1 2 0 1 0 1
2 1 2 0 1 1 0 0 2 0 2 1 2 2 0 0 0 2 0 0 2 0
2 2 2 0 1 2 2 1 2 0 1 0 0 1 0 1 1 2 0 0 1 1
2 2 2 0 2 2 1 0 2 1 2 0 1 1 0 0 1 2 0 1 1 1
2 0 1 0 2 1 0 1 2 1 2 0 0 2 0 1 1 2 0 0 1 2
2 2 2 0 2 2 0 1 2 0 2 0 1 2 0 1 2 2 0 0 1 2
2 2 1 1 2 1 0 1 2 1 1 0 0 1 0 1 2 2 0 0 1 2
2 1 2 0 1 2 1 1 2 0 1 0 0 2 0 1 0 2 1 0 1 1
2 2 1 1 2 2 1 0 1 0 0 0 0 2 0 1 2 2 0 0 2 2
2 2 2 1 2 2 1 0 1 0 2 0 0 2 0 0 0 2 0 0 1 1
2 2 2 1 2 1 1 0 2 1 0 0 0 2 0 1 1 2 0 0 2 2
2 1 2 0 2 2 0 1 2 0 2 0 0 2 0 0 1 2 0 0 1 2
2 1 1 0 2 1 1 1 2 0 2 0 0 2 0 0 0 1 0 0 1 2
2 2 2 0 2 2 1 1 2 1 1 0 1 2 0 0 0 2 0 0 1 0
2 1 2 0 2 2 0 0 2 0 0 0 1 2 0 0 1 2 0 0 1 2
1 1 2 1 2 1 1 2 2 0 1 0 0 1 0 2 1 2 0 0 0 1
2 2 2 1 1 1 1 1 2 0 1 1 1 2 0 1 2 1 0 0 1 1
2 2 2 0 1 2 1 0 2 0 1 0 2 2 0 1 1 2 0 0 2 1
2 2 2 0 2 2 0 0 2 0 1 0 0 2 0 1 0 2 0 0 0 1
2 2 2 0 1 2 1 0 2 0 2 1 0 2 0 1 0 2 0 0 1 1
2 2 2 0 2 2 0 0 2 0 1 0 0 2 0 2 0 2 0 0 1 2
2 2 2 0 2 1 0 1 2 0 0 1 0 2 0 1 0 2 0 0 1 1
2 2 2 0 2 1 1 0 1 0 2 1 0 2 0 2 0 2 0 0 0 2
2 1 1 1 2 2 2 0 2 0 2 1 0 2 1 0 1 2 1 0 1 2
2 1 2 0 1 2 1 2 1 0 1 0 0 2 0 0 0 2 0 0 2 2
2 1 2 1 1 1 1 0 2 1 0 1 0 2 0 1 1 2 0 0 1 1
2 2 2 0 2 2 0 0 2 0 2 0 1 2 0 1 0 2 0 0 1 2
2 2 2 0 2 1 0 1 2 1 1 0 1 2 0 0 0 2 0 1 2 2
2 2 2 0 2 1 0 0 2 0 1 0 1 2 0 2 2 2 0 0 0 2
2 2 2 0 2 2 0 1 2 0 1 0 0 1 0 1 1 2 0 0 1 1
2 2 2 0 2 2 0 0 2 0 1 0 0 1 0 1 2 2 0 0 2 2
2 2 2 0 2 2 1 0 2 0 2 0 1 2 0 2 1 2 0 0 1 1
2 2 2 0 1 2 0 0 2 0 0 0 0 1 0 1 1 2 0 0 2 2
2 2 2 0 2 2 0 1 2 0 1 0 1 2 0 1 1 2 0 1 2 1
2 2 2 0 2 1 1 0 2 0 1 1 0 2 0 0 0 2 0 0 1 2
2 2 1 0 2 1 1 1 2 0 2 0 2 2 0 0 1 2 0 0 1 2
1 2 2 0 2 2 0 1 2 0 1 0 1 2 0 0 1 2 0 0 1 1
2 2 2 1 2 2 0 1 2 0 2 1 0 1 0 0 1 2 0 0 2 2
2 2 2 0 1 1 1 1 2 1 1 0 2 2 0 1 2 2 1 0 1 2
1 2 1 1 2 2 1 0 2 0 2 1 0 1 0 2 1 2 0 0 1 0
2 2 2 0 2 2 0 1 2 0 1 0 2 1 0 0 2 2 0 0 1 1
1 2 1 0 1 2 1 1 2 0 0 0 0 2 0 0 0 2 0 0 1 1
2 2 2 0 1 2 0 0 2 0 1 0 0 2 1 0 2 2 0 1 0 1
2 2 2 0 2 2 0 0 2 0 1 0 1 2 0 2 1 2 0 0 0 2
2 2 2 0 2 2 1 0 2 1 1 0 0 1 0 0 2 2 0 0 2 2
2 1 2 0 1 2 1 1 2 0 0 0 1 1 0 2 1 2 0 0 2 0
2 2 2 0 2 2 0 1 2 0 2 0 0 2 0 1 0 2 0 0 1 2
2 2 1 0 1 2 1 1 2 1 0 0 1 1 0 1 1 1 0 0 1 2
2 2 2 0 1 2 1 0 2 0 1 0 0 2 1 1 0 2 0 0 2 1
1 2 1 0 2 2 0 0 2 0 1 0 0 1 0 2 0 2 0 0 2 2
2 2 2 0 2 2 0 0 2 0 1 0 0 2 0 2 1 2 0 0 1 2
2 2 0 0 2 2 0 0 2 0 1 0 2 2 0 2 0 2 0 0 2 2
2 2 1 0 2 1 1 2 2 0 1 0 1 1 0 1 1 2 0 0 1 2
1 2 2 0 1 2 0 0 2 0 2 0 0 2 0 1 2 2 0 0 2 0
2 2 2 1 1 2 0 0 2 0 1 0 0 2 0 2 1 2 1 1 1 2
1 1 1 0 2 2 1 0 2 0 2 0 1 2 0 1 1 2 0 0 1 1
2 2 2 0 1 1 1 1 2 0 1 1 1 2 0 0 1 2 0 0 2 2
2 2 2 0 2 2 1 0 2 0 1 0 1 2 0 0 1 2 0 0 1 2
2 2 2 0 2 2 1 1 2 0 0 0 2 2 0 0 1 2 0 0 1 0
2 2 2 0 1 2 0 1 2 0 0 0 1 2 0 1 2 2 0 0 1 2
2 2 2 0 2 1 0 0 2 0 0 1 1 1 0 1 2 2 0 0 1 1
2 2 2 0 2 1 0 0 2 1 2 0 0 2 0 0 2 2 0 0 1 2
2 2 2 0 1 2 1 0 2 0 1 1 0 1 0 2 1 2 0 0 1 1
2 1 2 0 2 2 1 0 2 0 0 0 0 2 0 1 1 2 0 0 2 2
2 2 2 0 2 1 1 0 1 1 1 0 1 2 0 0 1 2 0 0 0 2
2 2 2 0 1 2 1 0 2 0 0 0 0 2 0 2 0 2 1 1 2 1
2 2 2 0 2 2 0 1 2 0 2 1 0 2 0 1 1 2 0 0 1 2
2 2 2 0 1 1 0 1 2 0 1 0 1 2 1 1 2 2 0 0 2 2
2 1 2 0 2 2 0 0 2 0 1 0 1 2 0 1 1 2 0 0 1 2
2 2 2 0 2 2 0 0 2 0 1 0 1 2 0 0 1 2 0 0 2 1
2 2 2 1 2 1 0 0 2 0 2 1 1 1 0 0 1 2 0 0 0 2
2 2 2 0 2 1 1 1 2 1 1 0 0 2 0 2 1 2 0 0 1 2
2 2 2 0 2 1 0 0 2 0 0 0 1 2 0 1 1 2 0 0 1 1
2 2 2 1 2 0 0 0 2 0 1 0 1 1 2 1 1 2 0 0 1 1
1 2 2 0 2 2 1 0 2 0 1 0 0 2 0 2 1 2 0 0 0 2
2 2 1 1 2 2 0 0 2 0 1 0 0 2 1 1 1 2 0 0 2 2
2 1 2 1 2 2 1 0 2 0 1 0 0 2 0 0 2 2 0 0 2 2
2 2 2 1 2 2 1 2 2 1 1 0 0 2 0 1 1 2 0 1 1 1
2 2 2 0 2 2 0 0 2 0 0 1 0 1 0 1 0 2 0 0 0 2
2 2 2 1 2 2 0 0 2 1 2 0 0 1 0 0 0 2 0 0 0 1
2 1 2 0 1 2 1 1 2 2 1 1 1 1 0 0 2 2 0 0 1 2
2 2 2 0 2 2 1 0 2 1 2 0 1 2 1 2 2 2 0 0 1 1
2 2 2 0 1 2 0 0 2 1 1 1 1 2 0 2 1 2 0 0 2 1
2 2 2 0 2 2 1 1 2 0 2 1 0 2 1 1 1 2 0 0 1 2
2 2 2 1 2 2 0 1 2 0 2 0 0 2 0 1 2 2 0 0 2 2
2 1 2 0 2 2 0 2 2 1 1 0 1 1 2 1 2 2 0 0 2 1
2 2 1 0 2 2 1 1 2 0 1 0 1 2 0 1 1 2 0 0 1 2
2 2 2 1 0 2 1 0 2 0 0 0 0 1 0 1 1 2 0 0 1 2
2 2 2 1 1 2 1 0 2 0 1 0 0 1 0 1 0 2 0 0 2 2
2 2 2 0 2 2 0 2 2 0 1 0 0 2 0 1 1 2 0 0 0 1
2 1 2 0 2 2 0 0 2 0 1 0 0 2 0 1 1 2 0 0 1 2
1 2 2 0 2 2 1 2 2 1 0 1 0 2 0 1 0 2 0 0 2 0
2 2 1 0 2 1 0 0 2 0 1 0 0 2 0 1 0 2 0 0 1 2
2 2 2 1 1 2 0 1 2 0 1 1 1 2 0 1 1 2 0 0 2 1
1 2 2 0 2 2 0 1 2 1 1 1 0 2 0 1 0 2 0 0 1 1
2 2 2 0 2 2 0 1 1 0 1 0 1 1 0 1 1 2 0 0 2 1
2 2 2 0 2 2 0 1 2 0 1 1 1 2 0 2 1 2 0 0 1 2
2 2 2 1 1 1 0 1 2 0 1 0 1 2 0 2 1 2 0 0 2 2
2 2 2 0 1 1 0 1 2 0 2 0 0 2 0 0 1 2 0 0 1 2
2 2 2 0 2 2 1 0 2 0 1 1 2 2 0 2 2 2 0 0 1 2
2 2 2 0 2 1 1 0 2 0 0 0 0 2 0 1 1 2 0 0 1 2
2 2 2 0 0 2 0 1 2 1 1 0 1 2 0 0 0 2 0 0 1 2
2 2 1 0 1 1 0 0 2 0 0 0 0 2 0 1 0 2 0 0 1 2
2 2 2 0 2 1 0 0 2 1 1 0 2 2 0 1 1 2 0 0 1 2
2 2 2 1 2 2 1 0 1 0 1 0 1 2 0 1 2 2 0 0 0 2
2 2 2 0 2 2 1 0 2 0 0 1 0 2 0 2 2 2 0 0 2 2
2 2 2 0 1 2 0 0 2 1 2 1 0 1 0 1 0 2 1 0 1 2
2 1 1 0 2 2 1 0 2 0 1 0 0 1 0 1 1 2 0 0 1 1
2 2 2 0 2 2 1 0 2 0 0 0 1 2 0 1 2 2 0 0 2 1
2 2 2 1 2 2 0 0 1 0 2 0 0 1 0 1 1 2 0 0 1 2
2 2 1 0 2 2 0 0 2 0 1 0 0 1 1 2 1 2 0 0 1 2
2 1 2 0 2 2 1 1 2 1 2 0 1 1 0 0 0 2 0 0 0 2
2 2 2 0 2 2 1 0 2 2 0 0 0 2 0 1 1 2 0 0 1 2
2 2 1 0 2 2 2 0 2 0 0 1 1 2 0 2 1 2 0 0 1 2
2 2 2 0 2 2 0 1 2 0 2 0 1 0 0 1 0 2 1 0 0 2
1 1 2 1 1 2 0 1 1 0 1 0 2 2 0 1 0 2 0 0 1 2
2 2 1 1 2 2 0 1 2 0 1 0 1 2 1 1 2 2 0 0 2 2
2 2 2 0 2 2 0 0 2 0 0 1 1 2 0 1 2 2 0 0 2 2
2 1 2 0 1 2 1 2 2 0 1 0 0 2 0 1 0 2 0 0 0 1
2 1 2 2 2 2 2 2 1 0 2 0 1 2 0 0 0 2 0 0 1 2
2 2 2 1 2 2 1 1 2 0 1 0 1 2 1 1 0 2 0 0 1 1
2 2 2 0 1 2 1 0 1 0 1 0 0 1 0 1 1 2 0 0 2 1
2 2 2 0 1 1 0 1 2 0 0 0 2 2 0 2 0 2 1 0 2 2
2 2 2 0 2 2 1 0 2 0 1 0 0 1 0 2 2 2 0 0 1 0
2 2 2 0 2 2 0 1 2 0 1 0 0 2 0 2 0 2 0 0 1 2
2 2 2 0 2 2 0 0 2 1 2 1 0 2 0 1 1 2 0 0 1 2
2 2 2 0 1 2 1 0 2 0 1 0 2 2 0 2 1 2 0 1 1 2
2 2 2 0 2 2 1 0 2 0 1 0 0 1 0 1 0 2 0 0 1 1
2 2 2 1 2 2 1 0 2 0 0 0 1 2 0 1 0 2 0 0 0 2
2 2 2 0 2 2 1 0 2 0 2 0 0 1 0 1 1 2 0 0 2 2
2 0 2 0 1 1 1 0 2 1 1 1 1 2 0 1 1 2 0 0 1 2
2 2 1 0 2 2 1 1 2 0 1 0 1 1 0 1 2 2 0 0 2 2
2 2 1 0 2 2 0 0 2 0 2 0 0 1 0 1 1 2 1 0 1 2
2 2 2 0 1 2 1 0 2 0 1 0 1 2 0 1 0 2 0 0 2 2
2 2 2 2 1 2 1 1 2 0 0 0 1 2 0 1 1 2 0 0 0 2
2 2 2 0 2 2 0 0 2 0 0 0 0 2 0 1 1 1 0 0 2 1
2 2 2 0 1 2 0 0 2 0 1 0 0 1 0 0 0 2 0 0 0 2
2 2 2 0 1 2 1 1 2 0 1 0 0 1 0 2 0 2 0 0 1 2
2 2 2 0 2 2 0 1 2 2 0 0 2 2 0 2 0 2 0 0 0 2
2 1 2 1 2 2 0 0 2 0 0 0 2 2 0 2 0 2 0 0 1 0
2 1 2 0 2 1 1 0 2 0 1 1 0 2 0 2 1 2 0 0 1 2
2 1 2 0 2 2 2 1 2 0 0 0 0 2 1 1 1 2 0 0 0 2
1 2 2 0 2 2 1 0 2 1 1 0 2 2 0 1 2 2 0 0 2 1
2 2 2 0 2 2 1 0 2 0 2 0 1 1 0 1 1 2 0 0 2 2
2 2 2 1 2 1 1 0 1 1 2 0 2 1 0 1 0 2 0 0 2 2
2 2 1 0 2 1 0 1 1 0 1 1 0 2 0 2 0 2 0 0 2 1
2 1 1 1 2 2 1 1 2 0 1 0 1 2 0 0 0 1 0 0 2 2
2 1 2 1 2 2 1 0 2 0 0 0 1 2 0 0 0 2 0 0 0 2
2 2 2 0 1 1 0 0 2 0 1 0 0 2 0 1 2 2 0 0 1 1
2 2 1 0 2 2 1 0 2 0 0 0 1 2 1 1 0 2 0 0 1 1
2 2 2 0 1 2 0 0 2 0 1 0 0 2 1 0 2 2 0 0 1 1
2 2 2 0 1 1 1 1 2 0 2 0 0 2 0 1 0 2 0 0 1 2
2 2 1 2 2 2 0 0 2 1 1 1 1 1 0 1 0 2 0 0 1 1
2 2 2 1 2 2 0 0 2 1 2 0 0 2 0 1 0 2 0 0 1 2
2 2 1 1 2 2 1 0 2 1 0 0 1 2 0 1 0 2 0 0 1 1
2 1 1 0 1 2 1 1 2 0 0 0 0 2 0 2 0 2 0 0 1 2
1 1 2 1 2 2 0 0 2 1 0 0 0 2 0 2 1 2 0 0 0 2
2 1 2 0 1 2 1 1 2 1 0 0 1 2 0 2 0 2 0 0 1 1
2 0 2 0 1 1 0 1 2 0 1 0 1 2 1 2 0 2 0 0 1 2
2 2 2 1 2 1 0 0 2 0 1 1 0 2 0 1 1 2 0 0 1 2
2 2 2 1 2 1 0 0 2 0 2 0 1 1 0 2 0 2 0 0 2 2
2 2 2 0 2 2 0 0 2 0 2 0 1 0 1 0 1 1 0 0 1 2
2 1 2 0 2 2 1 0 1 0 1 0 0 2 0 1 1 2 0 0 2 2
2 2 2 0 1 2 2 0 2 0 2 0 1 1 0 1 0 2 0 0 1 2
2 2 2 1 2 2 0 0 2 1 1 0 0 2 0 0 0 2 0 0 1 2
2 1 2 0 2 2 1 0 2 1 1 0 0 2 0 1 2 2 0 0 2 2
1 1 2 0 2 2 2 1 2 1 2 0 0 2 0 0 0 2 0 0 1 2
2 2 2 0 2 1 1 1 2 1 2 0 0 2 0 1 1 2 0 0 0 0
2 2 2 0 2 2 0 2 2 1 1 0 0 1 0 0 1 2 0 1 1 2
2 0 2 1 2 1 1 1 2 1 1 0 1 1 0 1 1 2 0 0 1 2
2 2 2 0 2 2 0 1 2 0 0 0 0 2 0 1 2 2 0 0 1 2
2 2 2 0 2 2 0 1 2 1 0 0 1 2 0 1 1 2 0 1 2 2
2 2 2 0 2 2 0 0 2 0 1 0 0 2 0 0 2 2 0 0 1 1
2 2 2 1 2 2 0 1 2 0 0 0 0 1 0 1 2 2 0 0 2 1
2 2 1 0 1 2 0 1 2 0 1 0 0 2 0 2 1 1 0 0 2 2
2 2 2 1 2 1 1 0 2 0 1 0 2 2 0 1 1 2 0 0 2 2
2 2 2 0 2 2 1 0 2 0 2 0 0 2 0 1 0 2 0 0 1 2
2 2 2 0 2 1 0 0 1 0 2 0 0 2 1 2 1 2 0 0 1 2
2 1 2 1 2 2 0 0 2 0 0 1 1 2 0 0 0 2 0 0 2 2
2 1 2 0 2 2 0 0 2 0 1 0 0 2 0 1 0 2 0 0 1 2
1 1 2 1 2 2 0 0 2 1 0 0 1 2 1 1 1 2 0 0 2 1
2 2 2 0 1 2 1 0 2 0 1 0 1 2 0 1 2 2 0 1 0 1
2 2 1 1 2 2 0 0 2 0 0 0 1 2 0 1 0 2 0 0 2 2
2 1 2 1 2 2 1 0 2 0 1 0 0 2 0 0 1 2 0 0 2 2
2 2 1 0 2 2 1 2 2 0 2 0 2 2 0 1 2 2 0 1 1 2
2 2 1 0 2 2 0 0 2 0 2 0 1 1 0 0 1 2 1 0 2 2
2 2 2 1 2 2 0 0 2 1 1 0 1 2 0 0 2 2 0 0 1 0
2 2 2 0 2 2 1 0 2 0 1 0 1 1 0 1 2 2 0 0 1 2
2 1 2 0 2 2 1 2 2 0 0 0 1 0 1 1 1 2 0 0 2 2
2 2 2 1 2 1 1 1 2 0 2 0 0 1 0 0 1 2 0 0 0 2
2 2 2 0 2 2 0 1 2 0 1 0 1 2 0 1 1 2 0 0 1 2
2 2 2 0 1 2 1 0 2 0 1 0 2 2 0 1 2 2 0 0 1 2
2 1 1 0 2 2 0 0 2 0 0 0 0 1 0 0 1 2 0 0 2 1
2 2 2 0 2 2 1 1 2 0 1 1 1 2 0 1 1 2 0 0 1 2
2 2 2 0 2 1 0 1 2 0 0 0 2 1 0 1 2 2 0 0 0 1
2 2 2 0 2 2 0 1 1 0 1 1 0 1 0 1 1 2 0 0 2 1
1 2 2 0 1 2 1 0 2 1 2 0 0 2 0 1 2 2 0 0 1 2
2 2 1 0 2 2 0 0 2 0 1 1 1 2 0 2 0 2 1 0 2 2
2 0 2 0 1 2 0 0 2 0 1 0 2 2 0 0 1 2 0 0 1 2
2 2 2 0 2 1 1 1 2 1 1 1 0 2 0 2 2 2 0 0 2 2
2 1 2 1 2 2 0 0 2 1 1 0 0 2 0 1 1 2 0 0 1 1
1 2 2 1 1 2 1 0 2 0 0 0 0 2 0 0 1 2 0 0 2 2
2 2 2 0 2 1 2 1 2 0 0 0 1 2 0 2 2 2 0 0 0 2
2 2 1 1 1 2 0 1 2 1 0 0 1 2 0 0 0 2 0 0 1 1
2 1 2 1 2 1 1 0 2 0 0 0 0 1 0 0 2 2 0 0 2 1
2 2 1 0 2 2 0 0 2 0 2 0 0 1 0 2 1 2 0 0 1 0
2 2 2 1 2 2 0 1 2 0 1 0 1 2 0 1 0 2 0 0 2 2
2 2 1 0 1 2 0 0 2 0 1 0 1 2 0 0 1 2 0 0 1 1
2 2 2 0 2 2 0 0 2 0 1 1 0 1 0 0 1 2 0 0 2 1
2 2 2 0 2 1 0 0 2 0 1 0 1 1 0 0 1 2 0 0 0 2
2 2 1 0 1 2 1 1 2 0 1 0 0 2 0 0 1 1 0 0 0 1
2 1 2 0 2 2 0 0 2 1 0 1 1 2 0 1 1 2 0 0 0 1
2 2 2 0 1 2 1 0 2 0 1 0 0 2 0 0 2 2 0 0 1 2
2 1 1 2 2 2 0 1 2 0 0 0 0 2 0 1 0 2 0 0 2 1
2 2 2 0 1 2 1 0 2 1 2 0 2 2 0 1 0 2 0 0 1 1
1 2 2 0 2 2 0 0 2 0 1 0 0 2 0 2 0 2 0 0 2 2
2 2 2 1 2 1 0 0 2 1 0 0 1 2 0 0 0 2 0 0 1 1
2 2 2 0 0 2 1 0 2 1 1 1 1 1 1 2 1 2 0 0 1 2
2 1 2 0 2 2 0 0 2 0 2 1 0 2 0 2 0 2 0 0 0 1
2 2 2 1 1 2 0 0 2 0 1 0 0 0 0 0 2 2 0 0 2 2
2 2 2 0 2 2 1 1 2 0 0 0 1 1 1 1 0 2 0 1 1 2
2 2 2 0 2 1 1 0 2 0 1 0 1 2 0 0 1 2 0 0 0 2
2 2 2 0 2 2 1 1 2 0 2 0 0 1 0 2 1 2 0 0 1 2
2 0 2 0 1 1 0 0 2 0 0 1 1 2 0 2 1 2 0 0 2 2
2 2 1 0 2 1 0 0 2 1 1 1 1 2 0 1 0 2 0 0 1 2
2 2 2 0 2 1 0 0 2 0 0 0 0 1 0 0 1 2 0 1 1 1
1 2 2 0 2 2 0 1 2 0 1 1 1 2 0 2 1 2 0 0 1 1
2 1 2 0 1 2 1 0 2 0 2 0 1 2 0 1 1 2 0 1 1 2
2 1 2 1 2 1 0 0 2 0 0 0 0 1 0 0 0 2 0 1 2 1
2 2 1 0 2 2 0 0 2 0 1 0 0 1 0 0 0 2 0 0 2 2
2 2 1 0 2 2 0 0 2 0 1 0 0 2 0 2 0 2 0 0 1 2
2 2 2 0 2 1 0 0 2 0 1 0 0 2 0 2 1 2 0 0 1 2
2 2 1 0 1 2 0 1 2 0 2 0 0 2 0 0 2 2 0 0 2 1
2 2 2 1 2 2 2 0 2 0 0 0 0 2 0 0 1 2 0 1 1 1
2 2 2 0 1 2 0 0 2 0 0 0 0 2 0 1 1 2 0 0 1 2
2 2 2 0 1 2 1 2 2 0 1 0 0 2 0 2 0 2 0 0 0 2
2 2 1 0 1 2 0 1 2 0 2 0 0 2 1 0 0 2 0 0 1 1
2 1 2 1 1 1 0 2 2 0 2 1 1 1 0 1 0 1 1 0 1 2
2 2 2 0 1 2 0 0 2 0 1 0 0 2 0 0 1 2 1 0 2 2
2 2 1 0 1 1 0 0 2 0 1 0 0 2 0 0 1 2 0 0 2 1
2 2 2 0 2 1 0 0 1 1 0 0 1 1 0 1 1 2 0 1 2 2
2 2 2 0 2 2 1 0 2 0 1 0 1 2 0 2 2 2 0 1 1 1
2 2 2 0 2 2 1 1 2 0 0 0 1 1 0 2 1 2 0 0 0 0
2 2 2 0 1 2 1 0 2 0 0 0 0 2 0 2 1 2 0 0 1 2
2 2 2 0 1 1 0 1 2 0 2 0 0 1 0 0 0 2 0 0 1 2
2 2 1 0 1 2 0 2 2 1 2 0 0 1 0 1 1 2 0 0 1 2
2 2 2 1 2 2 0 0 2 0 1 0 0 2 0 2 1 2 0 2 1 2
1 1 2 0 1 2 0 0 2 0 1 0 1 2 0 1 1 2 0 0 2 2
2 2 2 0 2 2 1 1 2 0 0 0 0 1 0 0 2 2 0 0 2 2
2 2 2 1 2 2 0 1 2 0 1 0 1 1 0 1 2 2 0 1 2 1
2 2 2 0 2 1 2 1 2 0 0 0 0 0 0 2 1 2 0 0 0 2
2 0 2 1 2 2 1 0 2 0 0 1 1 2 0 2 1 2 0 0 1 2
2 2 2 0 1 2 0 0 2 0 2 1 2 2 0 2 0 2 0 0 0 1
2 2 2 0 2 2 0 0 1 0 0 1 2 2 0 1 1 2 0 0 2 1
2 2 2 1 1 1 0 0 2 1 1 0 1 1 0 2 0 2 0 0 1 2
2 1 2 0 2 1 0 1 2 0 1 0 1 2 0 1 2 2 0 0 1 1
2 2 2 0 2 2 1 0 2 0 0 0 0 2 0 1 1 1 0 0 2 1
2 2 2 0 2 2 0 0 2 0 2 0 0 2 0 0 1 2 0 0 1 1
2 2 2 0 2 1 1 1 1 0 2 0 0 2 0 1 1 2 0 0 1 2
2 0 1 0 1 2 0 0 2 1 1 0 0 1 0 1 1 2 0 0 1 2
2 2 2 0 2 2 0 0 2 0 2 0 1 2 0 2 1 2 0 0 2 2
2 1 2 0 2 2 0 1 2 0 2 0 1 2 0 0 2 2 0 0 1 1
2 2 2 1 2 1 1 0 2 1 0 0 1 1 0 1 0 2 0 0 1 1
2 2 2 0 1 2 0 0 2 0 1 0 2 2 0 1 2 2 0 0 0 2
2 1 2 0 2 2 0 0 2 0 0 0 0 2 0 0 1 2 1 0 2 1
2 2 2 0 1 2 1 1 1 0 1 1 0 2 0 1 2 2 0 1 1 2
2 1 1 0 2 2 0 0 2 1 1 0 0 2 0 1 0 2 0 0 2 0
2 2 2 0 2 1 0 0 2 0 1 0 0 1 0 0 0 2 0 0 2 1
2 1 2 0 2 2 0 0 2 0 0 0 2 2 0 2 0 2 0 0 1 2
2 2 2 0 1 1 0 1 2 0 1 0 1 2 0 1 1 2 0 1 1 2
1 1 2 0 2 1 0 2 2 0 1 0 1 1 0 1 1 2 0 0 2 2
2 2 0 0 1 2 0 1 2 1 1 0 1 2 0 0 1 2 0 0 0 1
2 2 2 0 1 2 1 0 2 2 1 0 1 2 0 0 0 2 0 0 1 1
2 2 2 0 2 2 1 0 2 0 2 0 0 1 0 0 1 2 0 1 2 1
2 2 2 0 2 2 0 0 2 0 1 0 0 2 0 0 0 2 0 0 1 0
2 1 1 1 1 2 0 0 2 0 0 1 0 2 0 0 0 1 0 0 2 2
2 2 2 0 2 2 1 1 2 0 2 0 0 1 0 0 0 2 0 0 1 2
2 2 1 0 2 1 1 0 2 0 0 0 1 2 0 2 2 2 0 0 1 1
2 1 2 1 2 0 0 1 2 0 1 0 0 1 1 0 0 2 0 0 1 1
2 2 2 1 2 2 1 0 2 0 1 0 1 1 0 2 2 2 0 0 1 2
2 1 2 0 2 2 1 1 2 0 1 0 0 2 0 1 2 2 0 0 1 2
2 2 2 0 2 2 0 0 2 0 0 0 0 2 0 1 1 2 1 0 2 2
2 2 2 1 1 2 1 2 2 2 0 0 0 2 1 1 1 2 0 0 1 2
1 2 2 0 2 2 1 0 2 0 1 0 0 2 0 2 1 2 0 0 1 2
2 2 2 0 1 2 1 1 2 0 2 1 0 2 1 1 1 1 0 0 0 2
1 1 2 0 2 2 1 1 2 0 1 0 1 1 0 1 2 2 0 0 1 1
2 2 2 1 2 2 2 0 2 0 0 0 0 2 0 0 0 1 0 0 0 2
2 2 1 0 2 2 1 0 2 0 0 0 0 2 0 0 0 2 0 0 2 2
2 1 2 0 1 2 0 0 2 0 1 0 0 2 0 1 2 2 0 0 1 2
2 1 2 0 1 2 1 0 2 0 1 0 0 2 0 1 1 2 0 0 2 2
2 2 2 0 2 2 1 0 1 1 1 0 0 2 0 2 1 1 0 0 1 2
2 1 2 0 1 1 1 1 2 0 1 0 0 2 0 1 1 2 0 0 1 2
2 2 2 1 2 2 0 0 2 0 2 0 2 2 1 0 1 2 0 0 1 2
2 2 2 0 2 2 1 0 2 1 1 0 1 2 0 0 0 2 0 0 1 2
2 2 2 0 2 2 1 0 2 0 1 0 0 2 0 1 1 2 0 1 1 2
1 1 2 0 1 2 2 0 2 0 1 0 2 1 0 2 2 2 1 0 0 2
2 2 2 1 1 2 0 0 2 0 1 0 0 1 0 1 0 2 0 0 1 2
2 2 2 1 2 2 0 2 2 1 1 0 0 1 0 1 1 2 0 0 2 1
2 2 2 0 2 2 0 0 2 1 1 0 1 1 0 1 0 2 0 0 2 1
2 2 2 1 2 2 1 0 2 0 1 0 1 1 0 0 1 2 0 0 1 2
2 2 2 0 1 2 1 2 2 0 1 0 0 2 0 2 1 2 0 0 0 1
2 2 1 0 2 2 0 0 2 0 0 0 1 1 0 0 0 2 0 0 1 2
2 2 1 0 2 2 1 1 2 0 1 0 1 2 0 1 2 2 0 0 1 2
2 1 1 1 2 2 0 1 2 0 1 0 1 2 1 1 2 2 0 1 1 1
2 2 2 0 2 2 1 1 1 0 1 0 0 2 0 2 0 2 0 0 0 2
1 1 1 0 0 2 1 1 2 0 0 0 1 2 0 1 2 2 0 0 2 2
2 2 1 0 1 2 2 0 2 0 2 1 0 1 0 1 1 2 0 0 2 2
2 2 1 0 2 1 0 1 2 1 1 0 1 1 0 1 1 2 0 0 1 2
2 2 2 0 2 0 1 0 2 1 2 0 0 1 0 1 1 2 0 0 2 0
2 1 2 0 2 2 1 0 2 1 1 0 1 2 0 0 0 2 0 0 1 1
1 2 1 0 1 2 0 0 2 0 0 0 0 2 0 1 1 2 0 1 0 2
2 2 2 1 2 2 1 0 2 0 1 0 0 2 0 1 2 2 0 0 1 1
2 2 1 0 2 2 1 1 2 1 0 0 0 2 0 1 1 2 0 0 0 1
2 2 2 0 1 1 1 0 2 0 1 1 1 2 0 2 1 2 0 0 1 1
2 2 1 0 1 1 0 1 2 0 0 0 0 2 0 2 0 2 0 0 1 2
2 1 2 2 1 2 0 0 2 0 0 1 0 2 0 1 2 2 0 0 2 2
2 1 2 1 1 2 0 2 2 0 0 0 1 2 0 2 1 2 0 0 1 1
1 2 2 0 2 2 1 0 2 1 0 0 1 1 0 1 1 2 0 0 1 1
2 2 1 1 2 2 0 1 2 0 2 0 2 2 0 2 1 2 0 0 1 0
2 2 2 0 2 2 1 0 2 0 2 0 0 2 0 1 2 2 0 0 2 2
2 2 2 0 1 2 0 1 2 0 2 0 0 1 0 1 0 2 0 0 1 1
2 2 2 0 1 2 1 0 2 0 2 0 0 2 0 2 1 1 0 1 2 0
2 2 2 0 2 1 1 1 2 0 1 0 0 2 0 1 1 2 0 0 1 2
2 2 2 1 2 1 1 0 2 1 0 0 1 2 0 0 0 2 0 0 1 2
2 2 2 0 2 2 1 1 2 1 1 0 0 2 0 0 0 2 0 0 1 2
2 1 2 0 2 2 0 1 2 0 1 0 1 2 0 2 2 2 0 0 1 2
2 2 2 0 1 2 1 0 2 0 1 0 0 0 0 1 0 2 0 0 2 2
2 2 2 0 0 1 0 1 2 1 1 0 1 2 0 1 1 2 0 0 2 1
2 1 2 0 0 2 0 1 2 1 2 0 0 2 0 1 0 2 0 0 2 1
1 2 2 0 2 2 0 0 2 0 1 0 0 2 0 1 1 2 0 1 1 2
2 2 2 0 2 2 1 0 2 0 0 0 1 2 0 1 1 2 0 0 1 2
2 2 2 0 2 2 1 1 2 1 1 1 0 2 0 0 1 2 0 0 1 2
2 1 2 0 1 2 1 1 2 0 1 0 0 2 0 1 1 2 0 0 2 1
2 2 2 0 2 2 0 1 2 0 1 0 0 2 0 2 0 2 1 0 2 2
2 2 2 0 2 1 1 0 2 1 2 0 0 2 0 1 1 2 0 0 1 2
2 2 2 0 2 2 0 0 2 0 2 0 1 2 0 0 1 2 0 0 2 2
2 2 2 0 2 2 1 0 2 0 1 0 0 2 0 1 0 2 0 1 2 2
2 2 2 0 2 2 0 2 2 0 0 0 0 2 0 2 0 2 1 0 2 1
2 1 2 0 2 1 1 0 2 0 0 0 1 1 0 0 1 2 0 0 1 2
2 1 2 1 2 2 1 1 2 0 1 0 0 2 0 0 2 2 0 0 0 2
2 2 2 0 2 2 0 1 2 1 2 0 0 2 0 0 0 2 0 0 1 0
2 2 2 0 2 2 1 0 2 0 2 0 0 2 0 0 1 1 0 0 2 1
2 2 2 1 2 2 2 1 2 0 2 0 0 1 0 1 1 2 0 0 2 2
1 0 2 0 1 2 0 0 2 0 2 0 0 1 0 1 1 2 0 0 2 1
2 2 2 0 2 1 0 1 2 0 2 0 0 2 0 2 0 2 0 0 1 1
2 2 2 0 2 2 2 1 2 0 1 0 1 2 0 1 1 2 0 0 1 1
2 2 2 0 2 2 0 1 2 0 0 0 0 1 0 0 2 2 0 0 2 2
2 2 2 0 2 2 1 1 2 0 1 0 1 2 0 1 2 2 0 0 0 2
2 2 2 1 1 1 1 0 2 0 1 0 0 1 0 0 0 2 0 0 2 2
2 2 2 0 1 2 1 0 2 0 1 0 0 2 0 1 1 2 0 0 2 2
2 2 2 0 2 2 1 0 2 1 2 0 1 1 0 2 1 2 1 0 1 2
2 2 2 0 2 2 1 0 2 0 0 0 1 2 1 2 1 2 0 0 1 2
2 2 2 0 2 1 0 0 2 0 2 0 0 2 0 0 1 2 0 1 2 2
2 2 1 1 2 2 0 0 2 0 1 0 0 2 0 2 1 2 0 0 2 2
2 2 2 0 2 2 1 0 1 0 0 1 1 2 0 1 1 2 0 1 0 2
2 2 1 0 2 2 0 0 2 1 2 0 1 2 0 1 1 2 0 0 2 2
2 2 2 1 0 2 0 0 2 0 1 0 0 2 0 1 2 2 0 0 2 0
2 2 2 0 2 1 0 0 2 0 1 1 0 2 0 0 0 2 0 1 1 2
2 0 2 0 2 2 1 2 2 0 0 0 0 2 1 2 1 2 0 0 1 2
2 0 2 1 2 2 1 1 2 1 0 1 0 2 0 1 1 2 0 1 0 1
2 2 2 0 2 2 1 1 2 1 1 0 0 1 1 1 1 0 0 0 1 2
2 2 1 1 1 2 1 0 2 2 0 0 0 2 0 1 1 2 0 0 1 2
2 2 2 0 1 1 0 1 2 1 2 0 1 1 0 0 1 2 0 0 1 2
2 1 1 1 2 2 1 0 2 0 1 0 1 2 0 1 1 2 0 1 1 2
2 2 2 1 2 2 0 0 2 0 2 0 0 2 0 1 1 2 0 0 2 1
2 2 2 0 2 2 1 0 2 0 1 0 1 2 0 1 0 2 0 0 1 2
2 1 2 0 2 2 0 1 2 0 2 0 1 2 0 0 0 2 0 0 1 2
1 0 2 0 2 2 0 0 2 0 2 0 1 1 0 2 0 2 0 0 1 1
2 2 2 0 2 2 0 1 2 1 1 0 1 2 0 1 0 2 0 0 2 1
2 2 2 0 1 1 0 1 2 0 1 1 0 2 0 1 0 2 0 0 2 1
2 2 2 0 1 0 1 2 2 0 2 0 0 2 0 1 2 2 0 0 2 2
2 2 2 0 2 2 0 1 2 0 1 0 1 2 0 0 1 2 0 0 2 2
2 2 1 0 2 2 1 0 2 0 0 0 0 2 0 2 1 2 0 0 1 2
2 2 2 1 2 2 0 0 2 0 1 1 1 2 0 2 0 2 0 0 2 0
2 2 1 2 1 2 1 0 2 0 2 0 0 2 1 0 1 2 0 0 1 2
2 2 2 0 1 2 1 0 2 2 2 0 0 1 1 0 0 2 0 0 1 1
2 1 1 0 2 2 0 0 2 0 1 0 2 1 0 1 0 1 0 0 1 1
2 2 2 1 2 1 0 0 2 0 2 0 2 2 0 0 1 2 0 0 2 1
2 1 2 0 2 2 1 0 2 1 2 0 0 2 1 1 0 1 0 0 2 2
2 2 2 1 2 2 1 0 2 0 0 0 0 2 0 2 0 2 0 1 2 2
2 1 2 0 2 2 0 0 2 1 2 0 1 1 0 2 1 2 0 0 2 2
2 2 1 0 2 2 0 0 2 1 0 0 0 1 0 0 1 2 0 0 1 2
1 1 2 0 2 2 0 0 2 0 2 1 1 2 1 0 1 2 0 0 2 2
2 1 2 1 2 1 1 0 2 0 1 0 1 2 0 1 1 2 0 1 1 2
2 2 1 0 2 1 0 0 2 0 0 0 1 2 0 1 1 2 0 0 1 0
2 1 2 0 2 2 0 0 2 0 1 0 0 2 0 0 0 2 1 0 1 2
2 2 2 1 2 2 1 0 2 0 1 0 2 2 0 2 0 2 0 0 2 2
2 2 2 1 2 2 0 0 2 0 1 0 0 2 0 0 1 2 0 0 1 2
2 2 2 1 2 2 1 1 2 0 2 0 1 2 0 1 1 2 0 1 2 1
2 2 2 0 1 1 0 0 2 0 1 0 0 2 0 1 0 2 0 0 2 1
2 2 2 1 2 1 1 2 2 0 2 2 0 2 1 1 1 2 1 0 1 2
2 2 2 0 1 2 0 0 2 1 0 0 1 2 0 1 0 2 0 1 2 0
2 2 2 1 1 2 1 0 2 0 2 0 0 2 0 0 1 2 0 0 1 2
2 2 1 0 2 2 1 0 2 0 1 0 1 2 0 1 0 2 0 1 1 2
2 2 2 0 2 2 0 1 2 0 1 0 1 2 1 1 0 2 0 0 0 2
2 2 1 0 2 2 0 0 2 0 0 1 1 2 0 1 1 2 0 0 2 2
2 1 2 0 2 2 1 0 2 0 0 0 0 2 0 1 1 2 0 0 0 1
2 2 2 0 2 2 1 0 2 0 2 0 1 2 1 2 0 2 0 0 1 2
2 2 2 0 2 2 1 0 2 0 2 0 0 2 0 2 1 2 0 0 2 2
2 2 1 1 2 2 1 0 2 0 1 0 0 2 0 1 1 2 0 0 2 1
2 2 2 0 1 2 1 0 2 0 0 0 0 2 0 1 0 2 0 0 2 2
2 2 2 0 2 2 0 0 1 0 1 0 0 2 0 1 1 2 0 0 1 1
1 2 2 1 2 2 0 0 2 0 1 1 0 2 0 0 0 2 0 0 1 2
2 2 2 0 1 1 1 0 2 0 2 1 1 0 0 1 2 2 0 1 0 1
2 2 2 2 2 1 1 0 2 0 0 0 0 2 0 1 1 2 0 0 1 2
2 2 2 1 2 1 1 0 2 0 1 0 0 2 0 1 1 2 0 0 1 2
2 1 2 0 2 2 1 1 2 1 2 0 0 2 0 2 0 2 0 0 1 2
2 1 1 0 2 2 0 0 2 0 1 0 1 2 0 0 0 2 0 0 2 2
2 2 2 0 2 2 1 1 2 0 2 0 0 2 0 1 0 2 0 0 1 2
2 2 2 2 2 2 0 0 2 0 2 0 1 2 0 1 1 2 0 0 1 1
2 1 2 1 2 2 1 0 2 0 1 0 0 2 0 1 0 2 0 0 1 0
2 0 2 0 1 2 1 0 2 0 1 0 0 2 0 1 0 2 0 0 2 2
2 2 1 1 1 2 0 0 2 0 1 0 0 2 0 1 0 2 1 1 2 1
2 2 2 1 2 0 1 1 2 0 1 0 0 2 0 2 1 2 0 0 0 1
2 2 2 0 2 2 1 0 2 0 1 0 1 2 0 1 1 2 0 0 2 2
2 2 2 1 2 2 1 0 2 0 1 0 0 2 0 2 1 2 0 0 1 2
2 1 2 1 1 2 0 0 2 1 1 0 1 1 0 0 1 2 0 0 1 1
2 2 1 1 2 2 1 0 2 0 1 0 1 2 0 0 1 2 0 0 1 2
2 2 2 0 2 1 0 0 2 1 0 0 0 2 1 1 1 2 0 0 1 2
2 2 2 1 1 2 0 0 2 0 2 0 0 2 0 1 1 2 0 0 1 2
2 2 2 0 1 2 0 0 2 0 1 0 0 2 0 1 2 2 0 0 2 1
2 2 2 0 2 2 1 0 2 0 1 0 1 2 0 0 0 2 0 0 2 2
2 2 2 0 2 2 0 0 2 0 1 0 0 2 1 1 0 2 0 0 2 2
2 1 2 1 1 1 0 0 2 0 2 0 1 2 0 2 0 2 0 0 2 1
2 2 1 0 2 2 0 0 2 0 1 0 1 2 0 1 1 2 0 0 1 1
2 1 2 0 2 2 2 0 2 0 1 0 1 2 0 1 0 2 0 0 1 2
2 2 1 0 1 2 1 0 2 2 1 0 0 2 0 1 1 2 0 0 2 2
2 1 1 0 0 2 1 0 2 0 0 0 0 2 0 1 1 2 0 0 2 2
2 2 1 0 2 2 1 0 2 0 1 0 1 2 0 0 2 2 0 0 2 2
1 2 1 0 2 2 1 0 1 0 0 0 1 2 0 1 0 2 0 1 0 2
2 2 2 0 2 2 0 0 2 0 2 0 0 2 0 0 0 2 0 0 2 2
2 2 2 2 2 2 1 1 2 0 2 0 1 1 0 2 2 2 0 0 1 1
2 2 2 0 2 2 0 0 2 1 1 0 1 1 0 1 1 2 0 0 2 0
1 2 2 0 2 2 1 1 2 0 2 0 0 2 0 1 1 2 0 0 2 2
2 2 2 0 2 0 0 2 1 1 2 0 1 2 0 1 1 2 0 0 2 2
2 2 2 0 2 2 1 1 2 1 1 1 0 2 0 0 1 2 0 0 1 0
2 1 2 1 2 2 2 1 2 0 2 0 0 2 0 0 1 2 0 0 1 2
2 2 2 0 2 2 0 0 2 2 2 0 0 2 0 1 0 2 0 0 0 1
2 2 2 0 1 2 0 0 2 1 1 0 0 2 1 1 0 2 0 1 2 1
2 2 2 0 1 1 1 0 2 1 0 0 0 2 0 2 2 1 0 0 1 2
2 2 2 1 1 2 0 0 2 0 2 1 1 0 0 1 0 2 0 0 2 2
2 2 2 0 2 1 0 1 2 0 1 0 1 1 0 0 0 2 0 0 2 1
2 1 2 1 1 2 0 0 1 0 2 0 1 1 0 1 0 2 0 1 1 1
2 2 2 0 0 2 2 1 2 0 2 0 1 2 0 0 1 2 0 0 1 2
2 2 2 1 2 2 1 0 2 0 0 1 0 2 0 1 1 2 0 0 2 2
2 1 2 0 2 2 0 2 2 1 1 1 1 2 0 1 1 2 0 0 1 1
2 2 2 0 2 2 1 0 2 0 2 0 0 1 0 1 1 2 0 0 1 2
2 2 2 0 2 2 0 0 2 0 2 0 0 2 0 2 1 2 1 0 2 2
2 1 2 1 1 1 0 0 2 1 1 0 2 2 0 0 1 2 0 1 2 2
2 2 2 1 2 0 2 0 2 0 2 1 0 1 0 1 2 2 0 0 0 1
2 2 1 0 2 2 0 0 2 0 1 0 0 2 0 0 1 2 0 0 2 2
2 0 2 0 1 2 0 1 2 0 2 1 0 2 0 0 1 2 0 0 1 2
2 2 2 0 2 2 0 0 2 0 2 0 0 2 0 0 2 2 0 0 1 2
2 2 2 2 2 2 0 0 2 0 0 0 0 2 0 1 0 2 0 0 1 1
2 1 1 1 2 2 0 0 1 0 0 0 1 2 0 1 2 2 0 1 1 2
2 2 2 0 2 1 0 0 0 0 1 0 1 1 0 0 1 2 0 0 1 0
2 2 2 0 1 2 1 0 2 0 1 0 1 2 0 1 1 2 0 0 2 2
2 2 2 0 1 1 0 0 2 1 0 0 0 2 1 1 1 2 0 0 1 1
2 2 2 1 2 2 1 1 2 0 2 0 1 2 0 2 1 2 0 0 1 2
2 1 1 0 2 1 0 0 2 0 0 1 1 2 0 1 1 2 0 0 1 1
2 2 2 0 2 2 0 0 2 0 1 1 1 2 1 0 1 2 0 1 1 2
2 2 2 0 2 2 1 0 2 0 0 1 0 2 0 0 2 2 0 0 2 1
2 2 2 1 2 2 1 0 2 0 1 0 0 1 0 1 2 2 0 0 1 2
2 1 1 0 2 2 0 0 2 0 1 0 1 1 0 1 2 2 0 0 1 1
2 2 2 0 2 2 1 0 2 0 1 0 1 1 0 1 2 2 0 0 2 0
1 2 2 0 2 2 0 0 2 1 1 0 0 1 0 1 1 2 0 0 2 2
2 2 2 0 2 2 1 1 2 0 1 0 0 2 0 1 1 2 0 0 2 1
2 2 2 0 2 2 1 0 2 0 2 0 0 2 1 1 1 1 0 0 1 1
2 2 2 0 1 1 1 0 2 0 1 0 1 2 0 1 0 2 0 0 1 2
2 2 2 0 1 2 1 0 2 0 1 0 1 2 0 2 2 2 0 0 1 1
2 2 1 1 2 2 1 0 2 1 2 0 1 2 0 1 1 1 0 2 1 1
2 2 2 0 2 2 0 0 2 0 1 0 0 2 0 1 0 2 1 0 1 2
2 2 2 0 1 1 1 0 2 0 2 0 1 2 0 0 0 2 0 0 1 2
2 2 2 0 1 2 0 0 2 0 0 0 0 2 0 1 1 2 0 0 2 2
2 2 2 0 2 2 0 1 2 0 1 1 0 2 1 1 2 1 0 0 2 2
2 2 2 0 2 2 0 1 2 0 1 0 2 2 0 0 1 2 0 0 1 1
2 0 2 1 2 1 1 1 2 0 2 1 0 2 0 2 1 2 0 0 1 1
2 2 2 0 2 2 1 1 1 0 1 0 0 2 0 0 1 2 0 0 1 2
2 2 2 0 1 2 1 2 2 0 0 0 0 2 0 0 1 2 0 0 1 2
2 2 2 1 2 1 1 0 2 1 1 0 0 2 0 2 1 2 0 0 1 2
2 1 2 0 2 2 0 1 2 1 0 0 0 2 0 2 1 1 0 0 0 2
2 2 2 1 1 2 0 1 2 0 1 0 0 2 0 0 1 2 0 0 2 2
2 2 2 0 2 2 1 0 2 0 1 1 0 1 0 2 2 2 0 1 2 2
2 2 2 1 2 2 1 0 2 1 2 0 0 2 1 1 1 2 0 0 0 1
2 1 2 0 1 2 1 0 2 1 2 0 0 0 0 2 0 2 0 0 2 2
2 2 2 1 2 2 1 1 2 0 1 0 1 1 0 1 0 1 0 0 2 2
2 2 2 0 2 2 1 1 2 0 2 0 1 2 0 0 1 2 0 0 0 2
2 2 2 0 1 1 2 1 2 1 1 0 1 2 0 0 2 2 0 0 2 1
2 2 2 0 1 1 0 0 2 1 2 2 0 2 0 1 2 2 0 0 2 2
2 2 0 1 2 2 0 0 2 0 1 0 1 1 0 0 0 2 0 0 2 2
2 2 2 1 2 2 0 0 2 2 0 0 1 2 0 0 0 2 0 0 0 2
2 2 1 1 2 2 1 0 2 0 1 0 0 2 0 1 1 2 0 0 2 1
2 2 2 0 0 2 0 2 2 0 0 1 2 2 0 0 1 2 0 0 2 1
2 2 2 0 2 2 0 1 2 1 2 0 0 2 0 0 0 2 0 1 1 2
2 2 2 0 2 2 1 0 2 1 0 1 0 2 0 1 0 2 0 0 1 2
2 2 2 0 1 2 0 1 2 0 1 0 1 2 0 0 1 2 0 0 2 1
2 2 1 0 2 2 0 1 2 1 1 0 1 2 0 1 1 1 0 0 1 1
2 2 1 0 2 2 0 1 2 0 1 0 0 1 0 0 1 2 1 0 1 2
2 2 2 1 2 1 0 0 2 0 1 1 0 2 0 0 1 2 0 0 2 2
2 2 2 0 1 2 1 1 1 0 2 1 0 2 1 1 0 2 0 0 1 2
1 1 1 1 2 1 0 1 2 0 1 0 1 0 0 1 1 2 0 0 0 2
2 2 2 1 2 1 1 0 2 0 1 0 1 1 0 1 1 2 0 1 2 2
2 2 2 1 1 2 1 0 2 0 1 0 1 2 0 2 2 2 0 0 0 2
2 2 2 0 2 2 0 1 2 0 0 0 0 2 0 0 0 2 0 0 2 2
2 2 1 0 1 2 0 0 2 1 2 0 0 1 0 2 2 2 0 0 1 2
2 1 2 1 2 2 1 0 1 0 0 0 1 2 0 1 1 1 0 0 1 1
2 2 2 0 2 2 1 1 2 0 1 0 2 2 1 1 1 2 0 1 0 2
2 1 2 2 2 2 0 0 2 0 2 0 0 1 0 2 0 2 0 1 1 2
2 1 2 1 2 2 0 1 2 0 2 0 1 1 0 1 0 2 0 0 1 2
2 2 2 0 2 2 0 1 2 0 1 1 1 1 0 1 0 2 0 0 2 2
2 1 2 0 2 1 1 0 2 0 1 0 1 2 0 1 1 2 0 0 1 1
2 2 1 0 2 2 0 1 2 0 1 0 0 1 1 1 0 2 0 0 1 2
2 2 2 0 1 2 1 1 2 0 2 1 2 2 0 2 1 2 0 0 2 2
2 2 2 1 2 2 0 0 2 2 1 0 1 2 0 1 1 2 0 0 2 0
2 2 1 0 2 2 1 0 2 0 0 0 1 2 0 1 1 2 0 0 1 2
2 1 1 0 2 1 0 0 2 0 0 1 1 1 0 1 2 2 0 0 2 1
2 2 1 0 1 2 0 0 2 0 0 0 0 2 0 2 1 1 0 0 2 2
2 2 2 1 2 2 0 1 2 0 0 0 0 2 0 2 0 2 0 0 1 2
2 2 2 1 2 1 0 0 2 0 0 0 1 1 0 2 2 1 0 0 1 2
2 2 1 0 2 2 0 1 2 0 2 0 0 2 0 2 1 2 0 0 2 1
2 2 2 0 1 2 0 0 2 0 2 0 0 1 0 2 1 2 0 1 2 2
2 2 2 0 2 2 0 0 2 1 1 0 0 1 0 1 1 2 0 0 0 2
2 1 2 2 1 2 0 0 2 0 2 0 0 2 0 0 0 2 0 0 2 2
2 1 2 0 2 2 0 1 2 1 2 0 2 2 0 0 0 2 1 0 1 2
2 2 2 0 2 2 1 0 2 0 2 0 0 2 0 0 0 2 0 1 1 2
2 2 2 1 1 2 0 2 2 0 1 0 0 2 0 0 1 2 0 0 2 2
2 2 2 0 2 2 1 1 2 0 0 0 1 1 0 1 1 2 0 0 0 1
2 1 2 0 2 2 0 0 2 1 0 0 1 2 0 2 1 2 0 0 0 2
2 2 2 1 2 2 0 1 2 0 1 0 1 2 0 1 0 2 0 0 0 0
2 2 2 1 2 2 0 1 2 0 1 0 1 2 0 0 0 2 0 0 1 2
2 1 2 1 2 2 0 0 2 0 2 0 0 2 0 1 2 2 0 0 2 2
2 2 2 0 2 0 1 1 2 1 0 0 0 1 0 1 0 2 0 0 2 2
2 2 2 0 2 2 0 2 2 0 1 0 0 2 0 0 2 2 0 0 2 2
2 2 2 0 2 1 1 0 2 1 1 0 1 2 0 1 0 2 0 0 1 1
2 2 2 0 2 1 0 1 2 0 0 0 0 2 0 0 2 2 0 0 0 2
2 1 2 0 2 2 0 0 2 0 1 0 0 2 0 1 0 2 0 1 1 2
2 2 2 1 1 2 0 0 2 1 1 0 1 1 0 1 1 2 0 0 2 2
2 2 2 0 2 1 0 0 2 0 1 0 0 2 0 1 0 2 0 0 0 1
2 2 2 0 2 2 1 1 2 0 2 0 0 1 0 1 1 2 0 0 1 1
2 2 2 1 2 2 1 0 2 1 1 0 0 1 0 0 1 2 0 0 2 2
2 2 2 1 2 2 1 1 2 0 1 0 2 0 0 1 1 2 0 0 2 2
2 2 2 1 2 1 1 0 2 0 0 0 1 1 0 1 1 2 0 0 1 1
2 2 1 0 2 2 0 0 2 0 2 0 0 2 0 1 0 2 0 0 2 1
2 2 2 1 2 2 1 0 2 0 0 1 0 2 0 1 1 2 0 0 1 2
2 1 2 0 2 2 1 0 2 0 0 0 1 1 0 1 1 2 0 0 1 2
2 1 2 0 2 1 2 2 2 0 1 0 1 2 0 2 2 2 0 0 2 0
2 2 2 0 2 2 2 0 2 1 1 0 0 2 0 0 1 2 0 0 0 1
2 2 2 0 2 2 1 0 2 0 1 0 2 2 0 2 0 2 0 0 2 2
2 2 1 0 2 2 0 0 2 0 1 0 0 2 0 1 1 2 0 0 1 2
2 1 1 0 1 2 1 0 2 1 1 0 0 2 0 2 1 2 0 0 1 1
2 2 2 0 1 2 1 2 2 1 1 0 1 2 0 2 1 2 0 0 1 2
2 2 2 0 2 2 1 1 2 0 1 0 0 2 0 0 0 2 0 0 1 1
2 2 2 0 2 2 0 1 2 1 1 0 1 2 0 2 0 2 0 0 2 2
2 2 2 0 2 2 0 1 2 0 1 0 0 1 0 2 2 2 0 0 2 1
2 2 2 0 1 2 2 0 2 0 1 1 1 2 0 0 1 2 0 0 0 2
2 2 2 0 2 2 1 1 2 1 0 0 0 1 0 2 1 2 0 0 1 2
2 2 2 1 2 2 2 0 2 0 0 0 0 2 0 2 0 2 0 0 1 2
2 2 2 0 2 2 1 0 2 0 1 0 1 0 0 1 0 2 0 0 2 2
2 2 2 0 2 2 0 0 2 1 1 0 1 2 0 1 1 2 0 0 2 2
2 2 1 0 2 2 0 0 2 0 2 1 0 1 0 0 1 2 0 0 2 0
2 2 2 0 2 2 1 0 2 0 0 1 0 1 0 2 1 2 0 0 0 0
2 2 2 0 1 2 1 0 2 0 0 0 1 2 0 0 1 2 0 0 1 0
2 2 1 0 2 2 1 1 2 0 1 0 0 1 0 2 1 2 0 0 2 2
2 2 1 0 2 2 2 0 2 1 1 0 0 2 0 1 1 1 0 0 1 2
2 1 2 0 2 1 1 0 2 1 0 0 0 2 0 1 1 2 0 1 2 1
2 2 1 1 2 2 0 0 2 1 0 0 1 2 0 2 0 2 0 1 1 1
2 2 2 0 2 2 0 1 2 0 1 0 1 2 0 2 1 2 0 0 1 2
2 2 1 0 2 2 0 1 2 1 1 0 0 2 0 2 0 2 0 0 1 2
2 2 2 0 2 2 0 1 2 0 2 0 0 1 0 1 0 2 0 0 2 2
2 2 2 0 2 2 0 0 2 0 2 1 0 2 1 2 0 2 0 0 1 2
2 2 2 0 1 2 0 0 2 2 1 0 0 2 0 1 0 2 0 0 1 1
2 2 2 0 2 2 1 0 2 0 2 1 1 2 0 1 1 2 0 1 2 2
2 2 2 1 2 2 0 2 2 1 2 0 0 1 1 1 1 1 0 0 2 2
1 2 2 1 1 2 1 0 2 0 2 0 0 2 0 1 2 2 0 1 0 1
2 2 2 0 2 1 0 0 2 0 1 0 1 1 0 1 0 2 0 0 2 2
2 2 2 1 2 2 0 0 2 0 1 0 0 2 0 2 2 2 0 0 2 2
2 1 0 0 1 2 0 0 2 0 1 0 0 2 0 1 0 2 0 1 1 2
2 0 2 0 2 2 0 0 2 0 1 1 0 2 0 1 1 2 0 0 1 2
2 2 2 0 1 2 0 1 2 0 0 0 0 2 0 0 1 2 0 0 0 2
2 2 1 0 2 1 0 0 2 0 2 0 0 2 0 0 1 1 0 0 0 2
2 1 1 0 2 2 0 1 2 0 1 0 0 2 0 0 1 2 0 0 1 2
1 1 1 1 2 2 2 0 2 0 1 0 1 2 1 0 2 2 0 0 1 2
2 2 2 0 2 1 1 0 2 0 1 0 1 2 1 0 0 2 0 0 1 0
2 2 2 0 2 1 2 0 2 1 1 0 0 2 0 0 0 2 0 0 1 1
2 2 2 0 1 2 0 0 2 1 1 0 0 2 0 0 0 2 0 0 2 2
2 2 2 1 2 2 0 0 2 0 2 1 0 1 0 1 0 2 0 0 1 2
1 1 2 0 2 2 0 0 2 0 0 1 1 2 0 1 1 2 0 0 2 2
2 2 2 0 2 1 0 1 2 2 1 0 1 2 0 0 1 2 0 0 1 2
2 2 2 1 2 2 1 1 2 0 0 0 0 2 0 0 1 2 0 0 1 2
2 2 2 1 2 0 1 1 2 0 1 0 0 2 0 1 1 2 0 2 1 2
2 2 2 2 2 1 0 1 2 0 0 0 1 2 0 0 0 2 0 0 1 2
2 2 2 0 1 2 0 0 2 0 0 0 2 2 0 0 2 2 0 0 0 2
2 1 2 0 2 2 1 0 2 1 0 0 0 1 0 2 0 2 0 0 2 2
2 2 2 0 2 2 1 1 2 1 1 1 0 2 0 2 0 2 0 0 1 0
2 2 2 1 1 0 1 0 2 0 1 0 0 2 0 0 0 2 0 0 1 2
2 2 2 0 1 2 2 0 2 1 1 0 1 1 0 0 2 2 0 0 1 1
1 1 2 0 2 2 1 0 2 0 1 0 0 1 1 0 1 2 0 1 1 1
2 2 1 0 2 2 1 2 2 0 0 0 1 2 0 2 1 2 0 0 1 2
2 1 1 0 2 2 0 0 2 0 1 0 1 1 0 0 1 2 0 0 1 2
2 2 2 0 1 2 0 0 2 0 1 0 1 2 1 1 0 1 0 0 1 2
2 2 1 1 2 2 1 0 2 1 2 0 0 2 0 1 2 2 0 0 1 2
2 2 2 0 2 2 1 0 2 1 1 0 0 1 0 2 1 2 0 0 1 1
2 2 1 0 2 2 0 1 2 1 1 0 1 1 0 1 1 2 0 0 1 2
2 2 2 1 2 1 0 1 2 0 0 0 0 1 0 0 0 2 0 0 0 1
2 2 2 0 2 2 0 0 2 0 2 0 2 2 1 1 0 2 1 0 0 2
2 2 2 0 1 2 0 0 2 1 0 0 1 1 0 1 2 2 0 0 1 1
2 2 2 0 1 2 1 0 1 0 1 0 0 2 0 0 1 2 0 0 1 0
2 2 2 0 1 1 0 1 2 0 0 0 0 1 0 0 0 2 0 0 2 1
2 2 2 0 2 2 0 0 2 0 2 1 1 2 2 0 1 2 0 0 1 2
2 2 1 0 1 2 1 0 2 0 0 0 0 2 0 0 1 2 0 0 1 2
2 1 2 0 2 1 1 1 2 1 1 0 0 2 0 0 1 2 0 0 2 2
2 2 2 0 2 1 1 0 2 0 1 0 2 2 0 1 0 2 0 0 1 2
2 2 1 0 2 2 1 0 2 0 0 0 1 1 0 0 1 2 0 0 1 2
2 2 1 0 2 1 0 0 2 0 2 0 0 1 1 2 1 2 0 0 1 2
2 2 2 0 2 2 0 0 2 0 1 0 0 1 0 1 1 2 0 0 1 1
2 2 2 1 2 2 1 0 2 0 1 1 0 2 0 0 1 2 0 0 1 2
2 2 2 0 2 2 1 1 2 1 1 0 1 1 0 0 0 2 0 0 1 1
2 1 2 0 2 2 1 0 2 1 0 0 0 1 0 1 1 2 1 0 0 1
2 2 2 0 2 2 0 0 2 1 2 1 0 2 0 1 1 2 0 0 1 2
2 2 2 0 2 2 0 0 2 1 1 1 1 2 0 1 2 2 0 0 2 2
2 2 2 1 2 1 1 1 2 0 2 0 0 2 0 0 0 2 0 0 1 2
2 1 1 0 2 2 0 0 2 1 1 0 0 2 0 0 0 1 0 0 1 1
2 1 2 0 2 2 0 1 2 1 0 0 1 2 0 1 1 2 0 0 1 2
2 2 2 0 2 2 0 0 2 0 1 0 0 2 0 0 0 2 0 0 2 2
2 2 2 0 2 1 0 2 2 1 0 0 0 2 0 0 1 2 0 0 2 1
2 2 1 1 1 1 1 0 2 0 1 0 1 2 0 0 1 2 0 1 2 2
2 2 2 0 1 2 0 0 2 0 1 0 1 1 0 1 2 2 0 1 1 1
2 1 2 1 1 2 1 1 2 0 2 0 0 1 1 2 2 2 0 0 2 1
2 2 2 0 2 2 2 0 2 0 0 0 0 2 0 1 1 2 1 0 2 2
2 2 1 1 2 2 1 1 2 0 1 0 1 2 0 0 0 2 0 0 2 2
2 2 2 0 2 2 1 0 2 0 1 0 1 2 0 2 1 2 0 0 0 1
2 1 1 0 1 2 1 0 2 0 0 0 0 2 0 2 0 2 0 0 1 1
2 2 2 0 2 2 0 0 2 0 2 0 0 2 0 1 1 2 0 0 1 1
2 1 1 2 1 2 1 0 2 1 2 0 1 2 0 1 1 2 0 0 1 2
2 2 2 0 2 2 1 1 2 0 1 0 0 2 0 1 1 2 0 0 0 2
2 2 2 0 2 2 0 1 2 0 2 0 0 2 0 1 1 2 0 0 2 1
2 1 2 0 2 2 0 0 2 0 2 0 0 2 0 2 0 2 0 0 2 2
2 2 2 0 2 2 1 0 2 0 2 0 0 2 0 2 2 2 0 0 1 2
2 2 2 0 2 2 1 1 2 0 2 1 1 1 0 0 1 2 0 0 2 2
2 2 2 0 2 2 0 0 2 1 1 0 0 2 0 1 2 2 0 0 2 2
2 1 2 0 1 1 0 0 2 0 1 0 1 2 1 1 1 2 0 0 2 2
2 2 2 0 1 1 1 0 2 0 2 0 0 2 0 0 1 2 0 0 2 1
2 2 2 0 0 2 1 0 2 0 1 0 1 2 0 0 0 2 0 0 1 1
2 1 1 0 2 2 0 1 2 0 1 1 1 2 1 1 1 2 0 0 1 1
2 2 2 0 2 1 0 0 2 0 1 0 0 1 0 1 1 2 0 0 2 2
2 2 2 2 2 2 0 0 2 0 1 0 0 2 0 1 1 2 0 1 0 2
2 2 2 0 1 1 1 0 2 0 0 0 0 2 0 1 1 2 0 0 0 2
2 1 2 0 2 2 0 0 2 0 1 0 1 2 0 2 1 2 0 0 2 2
2 2 2 0 1 2 0 1 2 0 1 0 0 2 0 1 1 2 0 0 0 2
2 2 2 0 2 2 1 0 1 0 0 1 1 2 0 1 1 2 0 1 0 2
2 2 2 0 2 1 1 0 2 0 2 0 0 1 0 2 2 2 0 0 1 2
2 2 2 0 2 2 0 0 2 1 1 0 0 1 0 0 0 2 1 0 1 2
1 2 2 0 2 2 1 0 2 0 2 0 1 2 0 1 1 2 0 0 1 2
2 1 2 2 2 2 2 1 2 0 2 0 1 1 1 2 1 2 0 0 0 0
2 2 2 1 1 2 0 0 2 0 2 0 0 2 0 1 0 2 0 0 1 2
1 2 2 1 2 1 0 1 2 0 1 0 1 1 0 0 1 2 0 0 2 1
2 2 2 0 2 2 1 0 2 0 1 0 1 2 0 2 1 2 1 0 1 2
2 2 2 1 1 2 1 0 2 0 1 1 0 2 0 0 2 2 0 0 2 2
1 2 2 0 2 2 1 0 2 0 2 0 0 2 0 1 2 2 0 0 2 1
2 2 2 0 2 2 1 0 2 0 2 0 0 2 0 2 1 2 0 0 2 2
2 2 2 1 2 1 1 0 2 0 1 0 0 2 1 2 1 2 0 0 1 0
2 2 2 0 2 2 2 0 2 0 1 0 1 2 0 0 0 2 0 0 2 2
2 1 2 1 1 2 0 0 2 0 0 0 2 2 0 1 2 2 0 0 1 2
1 2 1 1 2 2 2 1 2 0 2 0 1 2 0 1 1 2 0 0 0 2
1 2 2 0 2 2 1 1 2 0 2 0 1 2 0 1 1 2 0 0 1 2
2 2 2 0 2 2 1 0 2 1 0 1 0 1 0 1 2 2 0 0 1 1
2 1 2 0 2 2 1 0 2 0 2 0 0 2 0 1 1 2 0 0 1 1
2 2 2 0 2 2 1 0 2 0 1 0 0 2 0 1 0 2 0 0 2 2
2 2 2 0 2 2 1 0 2 1 1 0 1 2 0 1 2 2 0 0 1 2
2 2 2 0 2 2 0 0 2 0 0 1 0 2 1 0 0 2 0 0 2 1
2 2 2 0 2 2 0 1 2 0 1 0 1 2 2 0 1 2 0 0 0 2
2 2 2 0 2 2 1 0 2 0 1 0 0 2 0 2 0 2 0 0 2 2
2 1 2 1 2 1 1 0 2 0 1 0 0 2 0 2 0 2 0 0 1 2
2 2 2 0 2 2 0 0 2 0 0 0 1 2 0 0 1 2 0 0 1 1
2 2 2 1 2 2 0 0 2 0 2 0 0 1 0 0 1 2 0 0 1 2
2 2 2 0 2 2 1 0 2 0 1 0 0 2 0 0 0 2 0 0 1 2
2 2 0 0 2 2 0 0 2 0 0 0 2 2 0 2 1 2 0 0 1 2
2 2 2 0 2 2 0 0 2 1 1 0 0 2 0 1 1 2 1 1 1 1
2 2 2 2 1 2 0 0 2 0 1 0 0 1 0 0 0 2 0 0 2 2
2 2 2 0 2 2 0 0 2 0 0 0 0 1 0 1 1 2 0 0 1 2
2 2 2 0 2 2 0 1 2 1 1 0 0 2 0 1 1 2 0 0 1 2
2 1 2 0 2 2 0 0 2 0 1 0 1 2 1 1 1 2 0 0 1 2
2 2 2 0 1 2 1 0 2 1 0 0 1 2 0 0 1 2 0 0 1 1
2 2 2 0 2 1 1 1 2 0 1 0 0 2 0 2 1 2 0 0 1 2
2 2 1 0 2 2 0 0 2 0 1 0 0 2 0 0 0 2 0 1 2 2
2 1 2 0 2 2 0 0 2 0 1 0 0 2 0 1 1 2 0 0 2 2
2 2 2 0 2 2 0 0 2 0 2 0 0 2 0 0 1 2 0 0 2 1
2 2 1 0 1 1 0 0 2 0 2 0 0 1 0 1 2 2 0 0 1 2
2 1 2 1 2 2 2 0 2 1 1 0 0 2 1 1 1 2 0 0 1 2
2 2 1 0 2 2 0 0 2 1 1 0 0 2 0 1 0 2 0 0 2 2
2 2 1 2 2 1 1 0 2 0 2 1 0 2 0 0 1 2 0 0 2 1
2 1 2 0 2 2 0 0 2 1 2 0 0 1 1 1 1 2 0 0 1 1
2 2 2 1 1 2 0 1 2 1 0 0 0 2 0 2 1 2 0 0 1 1
2 2 2 1 2 2 0 0 2 1 1 1 0 2 0 1 0 2 0 0 2 2
2 2 2 0 2 1 0 1 1 1 0 1 1 2 0 2 2 2 0 0 0 2
2 2 2 0 2 2 0 1 2 0 0 0 2 2 0 0 2 2 0 0 2 1
2 2 1 0 2 2 1 0 2 0 1 0 0 2 0 1 0 2 0 0 1 2
2 2 2 0 1 2 1 0 2 1 0 0 1 1 0 1 0 2 0 1 2 2
2 2 1 0 1 2 0 0 2 0 1 0 1 2 1 2 0 1 0 0 2 2
2 2 2 0 2 2 1 0 1 0 2 0 1 2 0 0 1 2 0 0 0 2
2 2 2 0 1 2 0 0 2 0 2 0 0 1 1 1 1 2 0 0 1 1
2 2 2 0 2 2 1 0 2 0 1 0 1 2 0 1 1 2 0 0 2 2
2 2 2 0 2 2 0 1 2 1 1 0 1 2 0 0 1 2 0 0 0 0
2 2 1 0 1 2 0 0 2 0 1 0 1 2 1 1 1 2 0 0 2 2
2 2 1 0 1 2 1 1 2 0 2 0 1 2 0 0 1 1 0 0 2 1
2 2 2 2 2 2 0 0 2 0 0 0 2 2 0 2 0 0 0 0 2 1
2 2 2 0 2 2 1 0 2 0 2 0 1 2 1 1 1 2 0 0 1 2
2 1 2 0 2 2 0 0 2 1 2 0 1 1 0 1 1 2 0 0 2 1
2 1 2 0 2 2 1 1 2 0 2 0 1 2 1 1 1 2 0 0 2 2
2 2 1 0 2 2 0 0 2 0 0 0 0 2 0 2 1 2 0 0 1 2
2 2 2 0 2 2 1 1 2 0 1 0 0 2 1 1 1 2 0 0 2 2
2 2 2 0 2 2 1 0 2 0 2 1 1 2 0 1 1 2 0 0 0 2
1 2 2 1 1 1 0 0 2 0 1 0 0 2 0 1 0 2 0 1 1 2
2 2 2 0 2 2 1 0 2 0 1 0 1 1 0 1 1 2 1 0 2 1
2 2 2 0 2 2 0 1 2 0 1 1 0 2 0 1 0 2 0 0 2 1
2 2 1 0 1 2 1 1 2 0 0 0 0 2 0 0 1 2 0 0 0 2
2 2 1 0 2 2 0 0 2 1 0 0 2 1 0 0 2 2 0 0 2 1
2 2 2 0 1 2 0 0 2 0 0 0 0 1 0 1 1 2 0 0 2 2
2 2 2 1 1 2 0 0 2 0 1 0 1 1 1 0 1 2 0 0 2 2
2 2 2 1 0 2 0 0 2 0 2 0 0 2 0 2 0 2 0 0 1 2
2 2 2 0 1 2 0 0 2 0 1 0 0 2 0 1 1 2 1 0 1 1
2 2 2 0 2 1 0 0 2 0 1 0 1 2 0 1 1 2 0 0 0 1
2 2 1 0 2 2 0 1 2 1 2 0 0 2 0 1 1 2 0 0 1 2
2 2 2 0 1 2 0 0 2 0 0 0 0 1 0 1 1 2 0 0 2 1
2 2 2 1 2 2 1 0 2 1 2 0 0 1 0 2 2 2 0 0 2 2
2 2 2 0 2 2 0 0 2 0 1 0 2 2 0 1 1 2 0 1 1 1
2 2 2 0 2 2 1 0 2 0 0 0 0 2 0 0 0 2 0 0 1 2
2 2 1 1 2 2 2 1 2 0 1 0 1 2 0 0 0 2 0 0 1 2
2 2 2 1 2 1 0 0 2 0 0 2 1 1 0 1 1 2 1 0 2 1
2 1 2 1 2 2 0 1 2 1 1 0 0 2 0 2 1 2 1 0 1 2
2 2 2 0 2 2 0 1 2 0 1 0 0 2 1 2 1 2 0 0 1 2
2 2 2 0 2 2 0 0 2 0 1 0 1 2 0 1 1 2 0 0 2 1
1 2 2 0 1 2 0 0 2 0 1 0 1 1 0 0 0 2 0 0 1 1
2 2 1 1 0 2 0 0 2 0 2 0 0 1 0 0 1 2 0 1 2 2
2 2 2 0 2 2 0 0 2 0 1 1 1 2 0 1 0 2 0 0 1 2
2 2 2 0 1 2 1 0 2 0 0 0 1 2 0 1 0 2 0 0 2 2
2 2 1 1 2 2 0 0 2 1 2 0 1 2 0 0 1 2 0 0 2 0
1 2 2 0 1 1 1 0 2 0 1 0 0 1 0 1 1 2 0 0 2 2
2 2 1 0 1 1 0 0 2 0 2 0 1 1 0 1 1 2 0 1 1 2
2 2 2 0 1 2 1 0 2 0 1 0 0 2 0 1 1 2 0 0 1 2
1 2 2 1 2 2 1 0 2 0 1 0 1 1 0 1 1 2 0 0 2 2
2 2 2 1 2 1 1 0 2 0 0 1 0 2 0 0 1 2 0 0 2 1
2 2 1 0 2 2 1 1 2 2 1 0 1 1 0 1 2 2 0 0 1 2
2 2 2 0 1 2 0 0 2 0 2 0 1 1 0 1 1 2 0 0 1 2
2 2 2 0 2 2 1 1 2 0 1 1 0 2 1 0 0 2 0 0 1 2
2 2 2 1 2 1 0 1 2 0 2 1 0 2 0 0 0 2 0 0 1 1
2 2 2 0 2 2 0 0 2 0 1 0 2 2 0 2 0 2 0 0 2 0
2 2 2 0 2 2 1 0 2 0 2 0 1 2 0 1 0 2 0 0 2 1
2 1 2 0 1 2 0 0 2 0 1 0 2 2 0 1 1 2 0 0 2 1
2 2 2 0 2 2 0 1 1 0 2 0 1 1 0 1 0 2 0 0 1 1
2 2 2 1 2 2 0 0 2 1 1 0 0 2 1 0 1 2 0 0 1 1
2 2 2 0 2 2 0 0 2 0 1 0 2 1 0 1 0 1 0 0 0 2
2 2 2 0 1 1 1 1 2 1 2 0 0 2 0 2 1 2 0 0 2 2
2 1 2 1 2 2 0 0 2 0 0 0 0 2 0 1 1 2 0 0 1 1
2 1 2 0 2 2 1 0 2 1 2 0 1 2 0 0 1 2 0 0 1 2
2 2 2 0 0 1 0 1 2 0 2 1 1 0 0 1 0 2 0 0 2 2
2 2 2 0 2 2 1 0 2 0 0 0 1 2 0 0 0 2 0 0 2 2
2 2 1 0 2 1 1 1 2 2 1 0 2 2 1 1 0 2 0 0 1 1
2 2 2 0 2 2 1 0 2 0 0 0 1 2 0 0 1 2 0 1 2 2
2 1 2 1 1 2 0 0 2 0 1 1 0 2 0 1 0 2 0 0 1 2
2 2 2 0 2 2 0 0 2 0 0 0 1 2 0 0 2 1 0 0 1 2
2 1 2 1 2 1 1 0 2 1 0 0 0 2 0 1 0 0 0 0 1 2
2 2 2 1 2 2 1 0 2 0 2 0 0 2 0 1 0 2 0 0 2 2
2 2 2 0 2 2 0 2 2 0 0 0 0 2 0 0 0 2 0 0 0 2
2 2 2 0 2 2 1 0 2 0 1 0 1 1 0 0 0 2 0 0 1 2
2 2 2 0 2 2 0 1 2 0 1 0 0 2 0 1 0 2 0 0 2 1
2 2 2 0 1 2 1 0 2 0 0 0 0 1 0 0 1 2 0 1 2 1
2 1 2 1 1 2 1 0 2 1 2 0 0 2 0 0 1 2 0 0 0 1
2 2 2 0 1 2 1 0 2 1 2 0 1 0 1 0 1 2 0 0 0 1
2 2 2 2 1 2 1 0 2 0 2 1 1 1 0 1 1 2 0 0 0 1
1 2 2 0 1 2 1 1 2 0 1 1 0 2 0 0 1 2 0 2 1 1
2 2 2 0 1 2 0 1 2 0 1 1 0 1 0 1 1 2 0 0 1 1
2 2 2 0 2 2 1 0 2 0 1 0 1 2 0 1 1 2 0 0 1 2
2 2 2 0 1 2 1 0 2 1 0 1 0 2 0 1 1 2 0 0 1 2
2 2 2 0 1 1 1 0 2 0 1 0 1 2 1 1 0 2 0 0 2 2
2 2 2 0 2 2 0 1 2 0 1 0 0 1 0 1 0 2 0 1 1 2
1 2 2 0 2 2 0 0 2 1 1 0 0 2 1 2 1 2 0 1 1 1
2 2 2 1 1 2 0 0 2 0 2 1 0 1 0 1 0 2 0 0 2 2
2 2 2 0 2 2 0 0 2 0 2 0 0 2 0 0 0 2 0 0 2 1
2 2 2 0 2 2 2 0 2 0 1 0 1 2 0 1 1 2 0 0 2 2
2 2 1 1 2 2 0 0 2 0 0 0 0 2 0 1 0 2 0 1 0 2
2 2 2 0 2 2 0 0 2 0 2 0 1 2 0 0 0 2 0 0 2 2
1 2 2 0 1 2 2 1 2 0 1 0 1 1 0 1 0 2 0 0 1 1
1 2 2 1 1 2 0 0 2 0 1 0 1 2 0 1 1 2 0 0 1 1
1 2 2 0 1 2 0 0 2 1 1 0 1 2 0 1 1 2 0 0 2 1
2 2 2 1 1 1 0 0 2 1 2 0 2 2 0 2 0 2 0 0 1 1
2 2 2 0 2 1 1 0 2 1 0 0 0 2 0 1 0 1 0 0 2 2
2 2 2 1 2 2 0 0 2 0 1 0 1 2 0 0 2 2 0 0 2 2
2 2 2 1 2 2 1 0 2 0 1 0 0 2 0 1 0 2 0 0 2 2
2 2 2 1 1 2 0 1 2 0 1 1 0 2 0 1 0 2 0 1 2 2
2 2 1 1 1 1 0 0 2 0 1 0 1 2 0 2 1 2 1 0 2 2
2 0 2 1 2 2 1 0 2 1 1 0 0 2 0 2 0 2 0 0 1 1
2 1 2 1 2 2 2 0 2 0 2 0 0 2 0 1 0 2 0 1 2 1
2 2 2 0 2 1 0 1 2 1 1 0 1 2 0 0 1 2 0 0 2 1
2 2 2 1 1 2 1 0 2 0 1 0 0 2 0 2 0 2 0 0 2 1
2 2 2 0 2 2 0 0 2 0 1 1 0 2 0 1 1 2 0 0 0 1
2 2 1 1 2 2 0 2 2 0 1 0 0 2 0 2 0 2 0 1 0 2
2 2 1 0 2 2 0 0 2 0 2 0 0 2 0 0 0 2 0 0 2 2
2 2 2 1 2 2 0 1 2 0 1 0 0 2 0 1 1 2 0 0 0 1
2 2 2 0 2 2 1 0 2 2 0 0 1 2 1 0 2 2 0 0 1 2
2 2 2 0 2 1 1 0 2 0 1 0 1 1 0 1 1 2 0 0 1 0
2 2 2 1 1 2 0 0 2 1 1 0 0 1 0 1 1 2 0 0 1 2
2 2 2 0 2 1 0 0 2 0 1 1 0 2 0 0 0 2 0 0 2 2
2 2 2 1 2 2 0 1 2 1 1 0 1 2 0 2 1 2 0 0 1 2
2 2 2 1 1 2 1 1 2 2 2 0 0 1 0 0 1 2 0 0 1 2
2 2 2 0 2 2 1 1 2 0 1 0 1 0 0 1 2 2 0 1 2 1
2 1 2 0 2 2 1 1 2 0 1 0 0 1 0 0 0 2 0 0 2 1
2 2 2 1 1 2 1 1 2 1 2 1 1 2 0 1 1 2 0 0 0 2
2 2 2 0 1 2 0 1 2 0 1 0 1 2 0 1 1 2 0 0 1 2
2 2 2 0 1 2 0 1 2 0 2 0 1 2 1 0 1 2 0 0 2 2
2 2 1 1 2 2 0 0 2 0 1 0 0 2 0 0 0 2 0 0 2 2
2 2 2 1 2 2 1 1 2 2 0 0 1 2 0 0 1 2 0 0 2 2
2 2 2 0 1 2 0 1 2 0 0 0 1 2 0 0 1 2 0 0 2 2
2 2 1 0 1 2 0 1 2 0 1 0 0 2 0 0 0 2 0 0 1 2
2 1 2 0 2 1 0 0 2 0 2 0 2 1 0 1 1 2 0 0 2 2
2 1 2 0 1 2 2 0 2 0 1 0 2 2 0 1 1 2 0 0 1 2
2 1 2 2 2 2 1 1 2 0 1 0 1 1 0 1 0 2 0 0 2 2
2 2 2 0 2 1 0 1 2 0 1 0 0 2 0 1 1 2 0 0 2 2
2 1 2 1 2 2 0 0 2 0 2 0 0 2 0 1 1 2 0 0 1 2
2 2 2 0 2 2 2 0 2 0 1 0 1 0 0 0 0 2 0 0 0 2
2 2 2 0 2 2 1 2 2 0 1 0 0 1 0 1 1 2 0 0 2 1
2 2 2 1 2 1 0 2 2 0 2 0 0 2 1 1 1 2 0 0 0 2
2 2 2 1 2 1 1 0 2 0 1 0 2 2 0 0 0 2 0 0 2 2
2 2 2 0 2 2 0 0 2 0 1 1 0 2 0 1 0 2 0 1 1 1
2 2 2 0 2 1 0 0 2 0 1 0 0 2 0 2 1 2 0 0 2 2
2 2 2 0 1 1 1 0 2 0 1 0 2 2 0 2 0 2 0 0 2 2
2 2 2 0 1 2 0 0 2 0 0 0 0 1 0 0 0 2 0 0 1 2
2 2 2 0 2 2 0 0 2 0 1 0 0 2 0 1 1 2 0 0 0 2
2 2 1 1 2 2 0 0 2 0 1 0 1 2 1 1 1 1 0 0 1 1
2 2 2 1 2 2 1 0 2 2 2 0 0 1 0 1 0 2 0 1 1 2
2 2 2 0 2 2 1 0 2 0 0 1 0 2 0 1 0 2 0 1 2 2
2 2 2 0 2 2 0 1 2 2 1 1 0 2 0 0 0 2 1 0 1 2
1 2 2 0 2 2 0 0 2 1 1 1 1 2 0 1 0 2 0 0 1 2
2 2 2 0 2 2 0 0 2 0 2 0 0 2 0 2 2 2 0 0 2 1
2 2 2 0 2 2 0 0 2 0 2 0 1 2 0 1 0 2 0 0 0 1
2 1 2 0 2 2 1 1 2 0 2 0 1 2 0 1 1 2 0 0 2 2
2 2 2 0 2 2 0 0 2 0 1 0 0 2 0 1 1 2 0 0 1 2
2 2 2 0 2 2 0 1 2 0 1 1 2 1 0 1 0 2 0 0 0 2
2 2 2 1 1 1 1 0 2 1 1 0 0 2 0 1 1 2 1 0 0 1
2 2 2 0 2 2 1 0 2 1 0 0 1 2 0 1 1 1 0 0 2 2
2 1 2 0 1 2 1 0 2 0 2 0 1 1 0 0 2 2 0 0 1 2
2 2 2 0 1 2 0 0 2 1 2 0 0 1 0 0 1 2 0 0 2 1
2 2 2 0 2 2 1 0 2 0 0 1 1 2 0 0 1 2 0 0 2 0
2 1 2 0 2 2 0 1 2 0 1 1 1 2 0 0 0 2 0 1 1 1
2 2 2 1 2 2 1 0 2 1 1 0 1 2 0 2 1 2 0 0 1 2
2 2 2 0 2 2 1 0 2 0 0 0 1 2 0 1 1 2 0 0 1 2
2 0 2 1 2 2 1 0 2 0 1 0 0 2 1 0 1 2 0 0 2 2
1 2 1 0 2 2 0 0 2 1 2 0 0 2 1 1 0 2 0 2 2 1
2 2 2 0 2 2 2 0 2 0 1 0 0 1 0 2 1 2 0 0 2 1
2 2 1 0 0 1 2 0 2 0 2 0 0 1 0 1 1 2 0 0 2 2
2 2 2 1 2 2 1 0 2 1 2 0 0 1 0 0 0 2 0 0 1 2
2 2 2 1 1 2 1 1 2 1 0 0 0 1 0 0 1 2 0 0 1 2
2 2 2 1 2 2 0 0 1 0 1 1 1 2 0 2 1 2 0 0 2 1
2 2 2 0 2 2 0 0 2 0 2 0 0 1 0 1 1 2 0 0 0 2
2 2 2 0 2 2 0 0 2 1 1 0 0 2 0 1 1 2 0 0 1 2
2 2 2 1 1 1 1 0 2 0 1 0 0 2 0 1 0 2 0 1 1 2
2 2 2 1 1 2 0 0 2 0 1 0 2 2 0 0 1 2 0 0 2 0
2 1 2 1 2 1 0 0 2 0 0 0 1 2 0 0 0 2 0 0 1 2
2 2 1 1 2 1 1 0 2 0 1 0 0 2 0 2 0 2 0 0 2 2
2 2 2 0 1 2 1 0 2 0 1 0 1 2 0 0 0 2 0 0 1 2
2 2 1 0 2 2 0 0 2 0 0 0 0 2 0 1 1 2 0 1 2 2
2 2 2 1 2 2 2 1 2 0 0 1 0 1 0 1 1 2 0 0 2 1
2 2 2 0 2 2 0 0 2 0 2 0 0 2 0 1 1 2 0 0 2 2
1 2 2 0 2 2 0 1 2 0 0 0 0 2 0 1 1 2 0 0 1 0
2 2 2 0 1 2 1 0 2 0 1 0 1 2 0 0 2 2 0 0 0 1
1 2 2 1 2 0 1 1 2 0 0 0 1 2 0 0 1 2 0 0 1 1
2 2 2 1 1 2 0 1 2 0 2 0 1 2 0 1 1 1 0 0 0 2
2 1 1 0 2 1 0 1 2 0 2 0 1 2 0 0 0 2 0 0 2 2
2 2 2 0 2 2 1 0 2 0 1 0 0 2 0 1 2 2 0 0 2 2
2 1 2 0 2 2 1 1 2 1 1 0 1 2 0 0 1 2 0 0 1 2
2 2 2 0 1 2 0 0 2 0 1 0 1 1 0 1 1 2 0 0 2 2
1 2 2 0 2 2 0 0 2 0 0 1 0 1 0 1 2 2 0 0 1 2
2 2 1 1 2 2 1 0 2 0 1 0 2 2 0 0 1 2 0 0 2 2
2 1 2 2 1 2 0 0 2 0 0 0 1 2 0 2 1 2 0 0 2 1
2 2 2 0 0 2 0 2 2 0 2 0 1 2 0 1 1 2 0 0 2 1
2 2 2 0 2 1 1 0 2 1 1 1 1 2 0 1 1 2 0 0 1 1
2 2 2 0 2 2 1 0 2 0 2 0 0 2 0 0 2 2 0 0 2 1
2 2 1 0 2 1 0 1 2 0 1 0 1 2 0 0 1 2 0 0 2 1
2 2 2 0 2 2 1 0 2 0 1 0 0 2 0 2 1 2 0 0 0 1
2 1 2 0 2 2 0 0 2 1 1 0 2 2 0 0 0 2 0 0 1 2
2 2 2 0 2 2 1 0 2 0 2 0 0 1 1 1 0 2 0 2 1 1
2 1 2 0 1 2 0 1 2 1 1 1 0 2 0 1 0 1 0 0 2 2
2 2 1 2 2 2 1 1 2 0 1 0 1 2 0 0 2 2 0 0 1 1
2 2 2 0 2 2 1 0 2 0 0 0 0 2 0 1 0 2 0 0 2 1
2 2 1 0 2 2 1 1 2 0 0 0 1 2 0 1 0 2 0 0 1 1
2 2 2 1 2 2 0 0 2 1 0 1 2 1 0 0 1 2 0 0 0 2
2 2 2 1 2 2 0 1 2 1 0 0 0 2 0 2 1 2 0 0 2 2
2 2 2 1 2 2 0 2 2 1 0 0 1 2 0 1 2 2 0 0 1 2
2 2 2 0 2 2 1 0 2 0 0 0 0 0 0 0 1 2 0 0 2 2
2 1 2 0 2 2 1 0 2 0 2 0 0 2 0 2 1 2 0 0 2 2
2 1 2 1 2 2 1 1 2 1 1 1 0 2 0 0 0 2 0 0 2 2
2 2 2 0 1 1 1 0 2 1 1 0 2 2 0 0 1 2 0 0 2 1
2 2 1 1 0 1 1 0 2 0 1 0 0 2 0 0 1 2 0 1 0 2
2 1 2 0 0 1 0 0 2 0 1 0 0 2 0 0 0 2 0 0 1 2
2 1 2 0 1 1 1 1 2 0 1 0 1 2 0 1 0 2 0 0 1 2
2 2 2 0 2 2 0 0 2 1 1 0 0 1 0 1 2 2 0 0 0 2
2 2 2 0 2 2 0 1 2 2 0 0 0 1 0 1 1 2 0 0 1 2
2 2 2 0 2 2 0 1 2 1 1 0 2 1 0 1 1 2 0 1 1 0
1 2 2 0 2 2 0 0 2 0 0 1 0 2 0 2 0 2 0 0 1 1
2 2 2 0 1 2 0 2 2 0 1 0 1 1 0 0 1 2 0 0 2 2
2 2 2 0 1 2 1 1 1 0 0 0 2 1 0 0 0 2 0 0 2 1
2 1 1 0 2 2 0 0 2 1 0 0 0 1 0 0 0 2 0 0 1 2
2 2 2 1 2 2 1 0 2 0 2 0 0 2 0 2 0 2 0 0 2 2
2 1 2 0 1 2 1 0 2 0 2 0 1 2 0 0 1 2 0 0 2 1
2 2 2 0 2 1 0 0 2 0 1 0 0 2 0 1 1 2 0 0 2 2
2 2 2 0 2 2 0 0 2 0 0 0 0 2 0 0 1 2 0 0 2 0
1 1 2 0 1 2 1 0 2 2 1 0 1 1 0 1 0 2 0 0 2 2
2 2 2 1 2 2 0 0 2 0 1 0 1 1 0 0 1 2 0 0 2 2
1 2 2 0 0 2 0 1 2 0 1 0 1 2 0 2 1 2 0 0 0 1
2 2 2 0 2 2 0 0 2 0 2 0 0 2 0 2 1 2 0 0 1 1
2 2 1 0 2 2 0 0 2 1 0 2 2 1 0 0 1 2 0 0 2 2
2 2 1 1 2 2 1 1 2 1 1 0 0 2 0 1 1 2 0 0 2 1
2 1 2 0 1 2 1 0 2 0 1 1 1 2 0 0 1 2 0 0 2 1
2 2 2 0 1 2 0 1 2 0 1 0 1 2 0 0 1 2 0 0 1 2
2 2 2 0 1 1 0 0 2 0 0 0 1 1 0 1 1 2 0 0 1 0
2 2 2 1 2 2 2 1 2 0 2 1 1 2 0 2 0 2 0 0 1 2
2 2 2 0 2 2 1 0 2 0 1 0 1 1 0 1 1 2 0 0 1 1
2 1 2 0 2 2 0 0 2 0 1 0 0 2 0 0 0 2 0 0 2 2
2 2 1 0 1 2 1 0 2 1 2 1 0 2 0 1 0 2 0 0 1 2
2 2 2 1 2 1 1 0 2 0 2 0 1 2 0 2 1 2 0 0 2 2
2 2 2 0 1 2 1 0 2 0 1 0 0 2 0 1 0 2 0 0 2 2
2 1 2 0 2 1 0 1 2 0 1 0 1 2 0 0 1 2 0 0 1 2
2 2 2 2 1 2 0 0 2 0 2 0 1 2 0 1 0 2 0 0 2 2
2 2 2 0 1 2 1 0 2 1 1 0 1 2 0 1 0 2 0 0 1 1
2 1 1 1 2 2 0 0 2 0 0 0 1 2 0 1 1 2 0 0 2 1
2 1 2 1 2 2 1 1 2 0 2 1 0 1 0 0 1 2 0 0 1 2
2 2 2 0 2 2 0 1 2 1 2 0 1 2 1 1 1 2 0 0 1 2
2 1 2 0 1 2 0 0 2 0 1 0 0 2 0 0 1 2 0 0 2 0
2 1 2 1 1 2 1 0 2 0 1 0 0 2 0 1 1 2 0 1 2 1
2 2 2 1 2 2 0 2 2 0 1 0 0 2 0 1 0 2 0 0 1 1
1 2 2 1 2 2 0 0 1 0 1 0 1 1 0 1 0 2 0 0 2 2
2 2 0 0 2 2 0 0 2 0 1 0 1 2 0 1 0 2 0 0 1 2
2 2 2 0 2 2 2 0 2 1 2 0 0 1 0 1 1 2 0 0 2 1
2 2 2 0 1 2 0 0 2 0 2 0 0 1 0 0 2 2 0 0 2 1
2 2 1 1 2 1 1 2 2 1 2 0 1 2 0 1 2 2 1 0 2 2
2 1 1 1 2 1 1 0 1 0 1 1 1 2 0 1 1 2 0 0 1 2
2 2 2 0 2 1 0 0 2 0 2 0 0 2 0 1 2 2 0 1 2 2
2 2 1 0 0 2 0 1 2 0 1 0 1 0 0 1 2 2 0 0 2 1
2 2 2 0 2 2 1 0 2 0 1 0 0 2 0 0 1 2 0 0 1 2
2 2 2 1 2 2 2 0 2 1 0 0 0 2 0 1 2 2 0 0 1 1
2 2 2 0 2 2 2 1 2 0 1 0 0 1 0 2 2 2 0 0 1 1
2 1 2 1 2 2 0 0 2 0 1 0 0 1 0 1 1 2 0 0 2 2
2 1 2 0 1 2 0 0 2 2 2 0 2 2 0 0 1 1 0 0 2 2
2 2 2 0 1 2 1 0 2 0 1 0 2 1 1 1 1 2 0 0 1 1
2 2 2 0 2 2 2 1 2 0 0 1 0 2 0 0 1 2 0 0 0 2
2 2 2 0 2 2 1 1 2 0 1 0 0 2 0 2 1 2 0 0 1 2
2 0 2 1 2 2 1 0 2 0 1 0 0 2 0 1 1 2 0 0 2 2
2 2 2 1 2 2 0 0 2 1 1 0 0 2 0 1 1 2 0 1 0 2
2 2 2 1 2 2 0 0 2 2 2 0 0 2 0 2 0 1 0 0 2 2
1 2 2 1 1 2 2 0 2 0 1 0 1 2 0 0 0 2 0 0 1 1
2 2 2 1 2 2 0 1 2 1 1 0 1 2 0 2 1 2 0 1 1 1
2 2 2 0 0 0 0 0 2 0 1 0 1 2 0 2 0 2 0 0 2 2
2 2 2 2 1 1 0 0 2 0 0 0 0 1 0 0 1 2 0 0 2 2
2 2 2 0 2 2 1 0 2 0 1 0 0 2 0 2 1 2 0 0 2 2
2 2 2 1 1 2 0 0 2 0 1 0 0 2 0 1 2 2 0 1 1 2
2 2 2 0 1 1 2 0 2 0 1 0 0 2 1 1 1 2 0 0 2 2
1 2 2 1 1 2 1 0 2 0 1 0 0 2 0 0 1 2 0 0 1 1
2 2 2 1 1 1 1 0 2 1 2 1 1 1 0 0 0 2 0 0 1 2
2 2 2 0 0 2 0 1 2 0 1 1 0 1 0 1 1 2 0 0 1 2
2 0 2 0 1 2 1 1 2 0 2 0 0 2 0 0 2 2 0 0 1 2
2 2 1 0 2 1 0 0 2 0 1 0 0 2 0 0 1 2 0 0 2 2
2 2 1 0 1 2 0 0 2 2 0 0 0 0 1 0 1 2 0 1 1 2
2 1 2 0 2 2 0 0 2 1 0 0 0 2 0 0 0 2 1 0 1 1
2 2 2 1 1 2 0 0 2 0 1 0 0 1 0 2 2 2 0 0 1 1
2 1 2 0 2 1 1 0 2 0 1 0 0 2 0 2 0 2 0 0 2 1
1 2 2 1 2 2 1 0 2 0 1 0 1 2 1 1 0 1 0 0 2 2
1 2 2 0 2 2 1 0 2 0 1 0 0 2 0 2 1 2 0 0 1 2
2 1 2 0 1 2 1 0 2 2 2 0 1 2 0 2 1 2 0 0 2 2
2 2 2 0 1 1 1 0 2 0 1 0 2 2 0 0 0 2 0 0 0 2
2 2 1 1 2 2 0 0 2 1 1 0 2 2 0 0 0 2 0 1 2 1
2 2 1 1 2 2 0 2 2 0 2 0 0 1 0 1 1 2 0 0 1 2
2 1 1 0 2 1 1 0 2 0 2 0 1 2 0 1 2 2 0 0 1 2
2 0 2 0 1 1 1 0 2 1 2 0 0 2 0 2 1 2 0 1 0 1
2 2 2 1 2 2 0 1 2 0 0 1 0 2 0 0 1 2 0 0 2 2
2 2 2 0 2 2 0 0 2 0 0 0 0 1 0 0 0 2 0 1 1 2
2 1 2 0 2 2 0 0 2 1 1 1 1 2 0 1 1 1 0 0 1 2
2 2 2 0 2 2 1 0 2 2 1 0 0 2 0 0 1 2 0 0 2 2
1 2 1 0 2 1 0 0 2 1 1 0 1 2 0 1 1 2 0 0 1 1
2 1 2 1 1 2 0 0 2 0 0 0 0 2 0 0 1 2 0 0 1 1
2 2 1 0 2 2 1 0 2 0 2 0 0 2 0 1 2 2 0 0 0 2
2 1 2 0 2 0 0 1 2 1 1 1 0 1 0 0 1 2 0 0 1 1
2 2 2 0 1 1 0 0 2 0 2 0 1 2 0 0 0 2 0 0 2 2
2 2 2 0 2 1 1 1 2 1 2 0 0 2 0 0 0 2 0 0 1 2
2 2 0 1 2 2 0 1 2 1 1 1 1 0 0 1 1 2 0 0 2 1
2 2 2 0 2 1 0 0 2 0 0 0 1 2 0 0 1 2 0 0 2 2
2 2 2 2 1 1 0 1 2 1 0 0 0 2 0 1 0 2 0 0 1 2
2 2 2 0 2 2 1 1 2 0 2 1 1 2 0 0 2 2 0 0 2 2
2 2 2 0 2 2 0 1 2 0 1 0 0 2 0 1 0 2 0 0 0 2
2 2 2 1 2 2 1 0 2 2 1 0 1 2 0 0 1 2 0 0 1 2
2 2 2 0 2 2 0 0 2 0 1 0 0 2 1 0 0 2 0 0 1 2
1 2 2 0 1 2 0 1 2 0 1 1 0 2 0 0 1 2 0 0 1 1
2 2 2 0 1 2 1 1 2 0 2 0 1 2 0 1 0 2 0 1 2 2
2 1 2 1 1 2 0 1 2 0 0 1 0 2 0 1 1 2 0 0 2 2
2 2 2 0 2 2 1 0 2 0 1 0 0 2 0 2 1 2 0 1 2 2
2 1 2 1 2 2 0 1 2 0 2 0 1 1 0 2 0 2 0 0 2 2
2 1 2 0 2 2 0 0 2 0 2 0 1 1 0 2 1 2 0 0 1 0
1 2 2 0 2 1 1 0 2 0 0 0 0 2 1 2 2 2 0 0 2 1
2 2 1 0 2 2 0 0 2 0 1 1 2 2 0 0 1 2 0 0 2 0
2 2 2 0 1 2 1 0 2 1 1 0 0 2 0 1 1 2 0 0 2 2
2 2 2 0 2 1 0 0 2 0 2 0 1 2 0 0 1 2 0 0 2 2
2 2 2 0 1 2 0 1 2 1 1 1 0 0 0 1 1 2 1 1 1 2
2 2 2 0 1 2 1 0 2 0 0 1 0 2 1 2 0 2 0 0 2 2
2 2 2 1 2 2 1 1 2 0 1 1 1 1 0 1 1 2 1 0 1 2
2 2 2 2 2 2 0 0 2 0 2 0 2 2 1 1 0 2 0 0 2 2
2 2 2 0 1 1 1 0 2 1 0 0 1 1 0 0 0 2 0 0 2 2
2 2 1 0 1 2 1 1 2 0 1 0 0 2 0 1 0 2 0 0 2 2
2 1 0 0 0 2 0 0 2 0 0 0 1 2 0 0 1 2 0 1 2 1
2 0 2 2 2 2 1 1 2 0 1 0 0 2 0 1 0 2 0 0 1 1
2 2 2 0 2 2 0 0 2 0 1 0 0 2 0 1 0 2 0 0 2 2
2 2 2 1 1 2 0 1 2 0 2 0 1 2 0 1 0 2 0 0 2 2
2 1 2 0 2 1 0 1 2 0 1 0 1 2 0 0 2 2 0 1 1 2
2 2 2 1 2 1 0 1 2 0 2 0 0 2 0 2 0 2 0 0 2 1
2 2 2 0 1 2 1 0 2 0 1 0 0 1 0 0 0 2 0 0 2 2
2 2 2 2 2 2 1 1 2 0 2 0 0 2 0 0 1 2 0 0 2 1
2 2 2 0 2 2 1 0 2 0 1 0 0 2 0 0 0 1 0 1 2 2
2 2 2 1 1 1 0 1 2 0 0 0 1 2 0 2 0 2 0 0 0 2
2 2 1 0 2 2 0 0 2 1 1 0 0 2 0 0 0 2 0 0 2 1
2 2 2 1 2 1 0 0 2 0 2 0 0 1 1 1 1 2 1 0 1 2
2 2 2 0 1 2 0 0 2 0 0 0 0 2 0 0 2 2 0 0 2 2
2 2 2 0 2 2 0 0 2 0 1 0 0 2 0 0 1 2 0 0 2 2
2 1 2 1 2 2 0 0 2 1 0 0 1 2 0 0 0 2 0 0 2 1
2 1 1 1 2 2 1 0 2 1 2 0 1 2 0 1 1 2 0 1 1 2
2 1 2 1 2 2 1 0 2 1 2 0 0 2 1 1 0 2 0 0 0 2
2 2 2 0 2 2 0 1 2 1 1 2 1 2 0 1 0 2 0 0 0 2
2 2 2 0 1 2 0 1 2 0 1 0 0 2 0 0 0 2 0 0 2 2
2 1 1 0 1 2 0 2 2 0 0 0 0 2 0 0 2 2 0 0 0 2
2 0 2 0 2 2 1 0 2 0 1 0 1 1 0 1 1 2 0 0 1 1
2 2 2 0 1 2 1 0 2 0 2 1 0 2 0 1 0 2 0 0 1 2
2 2 1 0 1 2 1 1 2 0 0 1 1 1 0 0 0 2 0 0 2 1
1 2 2 0 2 1 0 0 2 0 1 1 0 1 0 1 0 2 0 0 0 1
2 2 1 1 0 2 0 1 2 0 0 0 2 2 0 1 0 2 1 0 2 2
1 2 2 0 1 1 0 1 2 0 2 1 0 1 0 0 1 2 0 0 1 2
2 2 2 0 2 2 0 0 2 0 0 0 0 2 0 0 0 2 0 0 0 1
2 2 2 0 2 2 1 1 2 0 1 1 0 0 0 2 1 2 0 0 2 2
2 2 1 1 2 2 1 0 1 0 1 1 0 2 0 0 2 2 0 1 0 2
2 2 2 0 1 1 0 0 2 0 1 0 1 1 0 1 1 2 0 0 1 2
2 2 2 0 2 2 0 0 2 0 1 0 0 2 1 2 2 2 0 0 1 2
2 2 1 0 1 2 0 1 2 0 1 1 2 2 1 1 1 2 0 0 1 1
2 2 1 0 2 2 1 0 2 0 1 0 0 2 1 2 1 2 0 0 1 2
2 1 2 0 2 0 1 0 2 0 1 0 0 2 0 1 1 2 0 0 2 2
2 2 2 0 2 2 0 0 2 0 2 1 1 2 0 0 0 2 0 0 0 1
2 2 2 2 2 2 1 0 2 1 1 0 2 2 0 0 1 2 0 0 1 1
2 1 2 0 1 2 0 0 2 0 2 0 1 2 1 0 2 2 0 0 2 1
2 2 2 0 1 1 1 1 2 0 2 0 0 1 0 1 1 2 0 0 2 1
1 1 2 0 2 2 0 0 2 0 1 0 0 2 0 2 1 2 0 0 2 1
2 2 2 1 2 2 0 1 2 0 2 1 1 2 0 2 1 1 0 0 1 2
2 2 2 0 1 1 1 0 2 0 0 0 1 2 0 1 0 2 1 0 2 1
2 2 2 0 2 2 1 1 2 0 2 0 2 2 0 1 1 2 0 0 1 2
2 2 2 1 1 2 0 1 2 1 2 0 1 2 1 1 1 2 0 0 2 1
2 2 2 1 2 1 0 0 2 0 0 1 1 2 0 0 1 2 0 0 2 2
2 2 2 0 2 2 1 0 2 0 1 0 1 2 0 0 0 2 0 0 2 2
2 0 2 0 1 2 0 1 2 0 2 0 0 2 0 1 1 2 0 0 2 2
2 2 2 1 1 2 0 0 2 1 1 0 0 2 0 2 1 2 0 0 1 2
2 1 2 1 2 1 1 0 2 0 2 0 0 2 0 1 1 2 0 0 2 1
2 2 2 0 1 2 1 1 2 1 1 1 1 2 0 1 2 2 0 0 2 2
2 1 2 1 2 2 2 0 2 1 2 0 1 1 0 2 0 2 0 0 1 0
2 2 2 0 2 1 0 1 2 0 2 1 0 2 0 1 0 2 0 0 2 1
2 2 1 0 1 2 0 1 2 1 0 0 0 2 0 2 1 2 0 1 0 2
2 2 2 1 2 2 0 1 2 1 0 0 1 2 0 1 0 2 0 0 1 1
2 2 1 0 1 2 0 1 2 0 1 1 0 2 0 0 2 2 0 0 1 2
2 2 1 0 2 2 1 1 2 1 1 0 1 2 0 1 0 2 0 0 2 2
2 2 2 0 2 1 0 0 2 0 1 0 1 2 1 2 2 2 0 0 1 2
2 1 1 2 1 2 1 0 2 0 2 0 1 1 1 1 1 2 0 0 0 2
2 2 2 0 1 2 1 0 2 0 1 0 1 2 1 0 2 2 0 0 0 2
2 2 2 1 2 2 0 1 2 0 0 0 0 1 0 1 0 2 0 0 1 1
2 2 1 0 1 2 1 1 2 0 1 0 1 2 0 2 2 2 0 0 2 2
2 0 1 1 1 2 1 0 2 1 1 0 0 2 0 2 1 2 0 0 2 2
2 2 2 0 2 2 1 0 2 0 2 0 1 2 0 2 1 2 0 0 2 2
2 2 2 0 2 2 1 0 2 0 2 0 0 2 0 1 0 2 0 0 2 2
2 2 2 1 1 1 0 0 2 0 2 0 1 2 0 0 2 2 0 0 2 1
2 2 2 0 0 2 1 1 1 1 1 0 2 2 0 1 1 2 0 0 1 2
2 2 2 0 2 1 1 0 1 0 1 1 0 2 0 1 1 2 0 0 0 1
2 2 2 0 2 1 0 0 2 0 2 1 2 2 0 0 2 2 0 0 1 2
2 1 1 0 1 2 1 0 2 0 1 0 0 2 0 0 1 2 0 1 2 2
2 1 2 0 2 2 0 0 2 0 1 0 0 2 1 2 0 2 0 0 2 2
2 1 2 0 1 0 0 0 2 1 2 0 1 2 0 1 2 2 0 0 1 2
2 2 2 0 2 2 1 2 2 0 1 0 0 2 0 2 0 2 0 0 2 1
2 2 2 1 1 2 0 0 2 0 2 0 0 2 1 0 0 2 0 0 1 2
2 1 2 0 1 1 1 0 2 0 2 0 1 1 1 1 1 2 0 1 1 2
2 2 0 2 2 2 0 0 2 1 0 0 0 2 0 0 1 2 0 1 0 2
2 2 2 0 2 2 0 1 2 0 2 0 1 1 0 1 1 2 0 0 2 2
2 2 2 1 2 1 0 0 2 0 1 1 1 1 1 2 0 2 0 1 1 2
2 2 2 0 1 2 1 0 2 1 2 0 0 0 0 1 0 2 0 1 2 2
2 1 1 2 1 1 0 0 2 0 2 0 0 2 1 1 1 2 0 0 1 2
2 1 2 0 2 2 0 0 2 1 2 0 2 2 0 0 1 2 0 0 1 1
2 2 2 1 1 2 1 0 2 1 0 0 0 2 0 1 2 2 0 0 2 1
2 2 2 0 2 1 0 0 2 0 2 0 2 2 0 0 1 2 0 0 2 1
2 2 2 0 2 2 1 0 2 1 1 0 1 2 0 2 0 2 0 0 0 2
2 2 2 0 0 2 0 0 2 0 1 1 0 2 0 0 2 2 0 0 1 2
2 2 1 0 1 2 0 1 2 0 2 0 0 1 0 0 1 1 0 0 1 2
2 2 2 1 0 2 0 1 2 1 1 0 0 2 0 2 1 2 0 0 2 1
2 2 2 0 2 2 0 0 2 1 0 0 1 2 0 1 0 2 0 0 0 1
2 2 1 0 1 2 2 2 2 0 2 0 0 0 0 2 2 2 0 0 1 2
2 2 1 0 2 1 1 0 2 0 1 1 0 2 0 0 1 2 0 0 2 2
2 1 2 1 2 2 0 0 2 0 0 0 1 2 0 1 1 2 0 1 1 2
2 2 2 0 1 2 0 1 2 1 1 1 1 2 0 0 0 2 0 1 2 2
2 2 1 1 2 1 0 1 2 1 1 0 0 2 0 1 0 2 0 1 2 1
2 2 1 0 2 2 1 0 2 0 1 0 2 1 0 0 0 2 0 0 2 1
2 2 1 0 2 2 1 0 2 1 1 0 0 1 0 1 2 2 0 0 2 2
2 2 2 0 1 2 1 1 2 0 1 0 2 1 0 2 1 2 0 0 1 2
2 2 1 0 2 2 1 0 2 0 1 0 1 2 0 1 1 2 0 0 1 2
2 1 1 0 2 2 0 1 2 1 2 1 1 2 1 2 1 2 0 0 2 1
2 2 2 0 2 2 0 2 2 0 0 1 0 2 0 0 2 2 0 0 1 1
2 2 2 1 2 2 1 0 2 0 1 1 0 1 0 1 2 2 0 0 1 2
2 2 1 0 0 2 2 2 2 0 0 0 0 2 0 1 1 2 0 1 2 2
2 2 2 1 2 2 1 0 2 1 1 0 1 1 0 0 0 2 0 0 1 2
2 2 2 0 1 2 1 0 2 0 0 0 0 1 0 2 1 2 0 0 1 2
2 2 2 1 2 2 0 0 2 0 1 1 1 1 0 0 0 2 0 0 1 2
2 2 1 0 2 2 2 0 2 0 1 0 0 1 1 0 0 2 0 0 2 2
2 1 2 0 2 1 1 1 2 0 1 0 0 2 0 1 0 2 0 0 2 2
2 2 2 1 2 1 0 0 2 1 1 0 0 2 0 1 0 2 0 0 1 1
2 2 2 0 2 1 0 0 2 0 1 0 0 2 0 2 0 2 0 0 2 2
2 2 2 1 1 1 0 0 1 0 1 0 0 2 0 0 1 2 1 0 1 2
2 2 2 1 2 2 0 0 2 0 2 0 0 2 1 0 1 2 1 0 2 1
2 2 2 1 2 2 1 1 2 0 2 0 1 1 0 1 1 2 0 1 2 2
2 2 2 0 2 2 0 0 2 0 1 0 0 1 1 1 1 2 0 0 1 2
2 1 2 1 1 2 0 0 2 0 0 0 0 2 0 1 0 2 0 0 1 2
1 2 2 0 1 2 0 0 2 0 0 0 1 2 0 2 0 2 0 1 2 2
2 1 2 0 1 2 1 0 2 0 1 0 0 1 1 0 0 2 0 0 1 2
2 1 2 0 2 2 0 1 2 0 1 0 1 1 0 2 0 2 0 0 1 1
2 2 2 1 2 2 1 0 2 0 1 0 0 1 0 1 1 2 0 0 1 1
2 2 2 1 2 2 1 0 2 1 1 0 0 2 0 0 1 2 1 1 1 1
2 2 2 1 1 2 1 0 2 1 1 0 0 2 0 0 1 2 0 2 1 2
2 1 2 0 1 1 0 0 2 0 2 0 0 1 0 1 0 2 0 1 1 1
2 2 2 0 2 1 0 0 2 0 1 0 1 2 0 0 0 2 0 0 2 1
2 2 2 0 2 2 0 1 1 0 2 0 0 2 0 0 1 2 0 0 1 2
2 2 2 1 2 2 0 0 2 0 1 0 1 1 0 0 0 2 0 0 2 1
2 2 2 0 2 2 0 0 2 1 1 0 1 1 1 1 0 2 0 0 1 2
2 2 1 0 1 2 0 1 2 0 1 0 1 2 0 2 1 2 0 0 1 2
2 1 2 0 2 1 0 0 2 1 1 0 1 2 0 0 0 2 0 0 2 2
2 2 2 1 1 2 1 0 2 0 1 1 0 1 0 2 2 2 0 0 1 2
2 2 2 0 2 2 0 0 2 0 0 0 1 2 0 2 0 2 0 0 0 2
2 2 1 1 2 2 0 1 2 0 1 0 1 2 0 0 1 2 0 0 2 2
2 2 2 2 2 2 0 0 2 0 1 0 0 2 0 2 0 2 0 0 2 2
2 1 2 1 2 2 0 1 2 0 0 0 2 2 0 2 2 2 0 0 2 1
2 2 1 0 1 2 1 1 2 0 0 0 0 2 0 1 0 2 0 0 2 2
2 2 2 2 1 2 1 0 2 1 1 0 0 1 0 1 2 2 0 0 2 2
2 2 2 0 2 2 0 1 2 1 1 0 0 2 0 1 0 2 0 1 2 1
2 2 2 0 2 2 0 1 2 1 1 0 2 2 0 1 1 1 0 0 2 2
2 1 2 0 2 1 0 2 2 0 2 0 0 2 0 1 1 2 0 0 2 2
2 2 2 0 2 2 1 0 2 0 0 0 1 1 0 0 1 1 0 0 1 2
2 2 2 0 1 2 1 1 2 0 2 0 0 1 0 0 1 2 0 1 1 1
2 2 2 0 2 2 1 0 2 1 1 0 0 2 1 1 0 2 0 0 2 2
2 2 2 1 2 2 1 0 2 0 1 0 0 2 1 0 0 2 0 1 2 2
2 2 2 1 2 1 0 0 2 0 0 0 0 2 0 0 1 2 0 0 1 2
2 2 2 0 2 2 0 0 2 1 1 0 0 2 0 2 1 2 0 0 2 2
2 2 0 0 2 2 2 1 2 0 1 0 0 1 0 2 1 2 0 0 2 2
2 2 2 1 2 2 0 0 2 1 1 0 1 2 0 1 0 2 0 0 1 1
2 2 2 2 2 2 1 0 2 1 1 0 0 1 0 0 0 2 0 0 1 2
2 2 2 0 2 0 0 0 2 0 1 0 1 1 1 0 1 2 1 0 2 2
2 1 1 1 1 2 0 1 1 0 2 0 1 2 0 0 0 2 0 0 1 1
2 1 2 0 2 2 0 0 2 1 2 0 1 2 0 1 1 2 0 0 1 2
2 2 1 0 1 2 0 1 2 0 1 0 0 2 0 0 1 2 0 0 1 1
2 2 1 0 2 2 1 0 2 0 1 1 0 2 0 1 2 2 0 0 2 1
2 1 2 0 1 2 0 0 2 0 0 1 1 2 0 0 1 2 0 0 1 2
2 2 2 0 1 2 1 1 2 0 1 0 0 2 0 0 1 2 0 0 2 2
2 2 2 1 1 2 1 0 2 1 2 0 0 2 0 0 0 2 0 0 2 2
2 2 2 0 2 2 0 1 2 0 1 0 0 2 0 1 2 2 0 0 2 2
1 2 2 0 1 2 0 1 2 0 0 0 0 2 1 0 0 2 1 1 2 2
2 2 2 0 1 2 0 0 2 0 1 0 0 2 0 0 0 2 0 0 2 2
2 2 2 0 0 2 1 0 2 0 1 0 1 2 1 1 1 2 1 0 0 2
2 2 2 1 0 2 1 0 2 0 0 0 0 2 0 1 1 2 0 0 2 2
2 2 2 1 1 2 0 0 2 0 2 0 0 1 0 2 2 2 0 0 2 2
2 2 1 1 2 2 1 1 2 0 2 0 1 1 1 2 1 2 0 0 2 2
2 2 2 0 2 2 1 0 2 0 2 1 1 2 0 0 1 2 0 0 1 1
1 2 2 0 2 2 2 0 2 0 0 0 1 2 0 0 1 2 0 0 2 2
2 2 2 0 1 2 1 0 2 0 0 0 0 2 0 2 1 2 0 0 2 2
2 1 1 0 2 2 2 1 2 1 1 0 1 2 0 2 0 2 0 0 1 1
2 2 2 1 1 2 0 0 2 1 0 0 1 0 0 2 0 2 0 0 1 2
2 2 2 0 2 2 0 0 2 0 1 0 1 2 0 1 0 2 0 0 2 2
2 2 2 0 2 2 1 1 2 0 1 0 1 2 0 2 1 2 1 0 1 2
2 2 2 0 2 1 0 1 2 1 2 0 0 2 0 1 1 2 0 0 1 2
1 2 2 0 2 2 0 0 2 0 2 1 1 2 0 0 1 2 0 0 1 2
2 2 2 0 2 2 1 0 2 0 1 0 1 1 0 1 1 1 0 0 2 2
2 2 2 1 2 2 0 0 2 1 2 1 0 2 0 2 1 2 0 0 2 1
2 2 2 1 1 2 0 1 2 0 0 0 2 2 0 1 1 2 0 0 0 1
2 2 2 1 2 2 0 1 2 1 1 1 0 2 0 1 2 2 0 0 2 1
2 2 2 0 2 2 0 0 2 0 0 1 1 1 1 0 1 2 0 0 2 2
2 2 2 0 2 2 0 0 2 0 0 0 1 1 0 0 0 2 1 2 2 2
2 2 2 1 2 1 1 1 2 0 0 0 0 2 0 0 1 2 0 0 2 2
2 2 2 0 0 2 0 0 2 0 0 0 2 2 0 1 1 2 0 0 2 1
1 2 2 1 1 1 0 0 2 0 1 0 1 2 0 1 1 2 0 0 1 2
2 1 2 1 0 2 2 1 2 0 0 0 1 1 0 1 1 2 0 0 1 2
2 2 2 0 1 2 0 0 2 0 2 0 0 2 0 1 0 2 0 0 2 2
2 1 2 0 1 2 0 0 2 0 1 0 0 2 0 0 2 2 0 0 2 0
1 2 2 0 2 2 0 0 2 1 1 0 0 2 0 0 2 2 0 0 0 2
2 2 2 0 2 2 1 1 2 0 1 0 0 2 0 1 1 2 0 0 2 2
2 2 2 0 1 2 0 0 2 1 0 0 0 1 0 1 1 2 0 1 1 2
2 1 2 0 1 1 0 0 2 1 1 0 0 2 1 1 2 2 0 0 1 2
2 2 1 0 2 2 0 0 2 1 2 0 2 2 1 1 1 2 0 0 2 2
2 2 2 1 2 2 0 0 2 0 2 1 2 1 0 1 1 2 0 0 2 2
2 2 2 1 2 2 0 0 2 0 1 1 0 1 0 1 1 2 0 1 2 1
2 2 2 1 2 2 0 1 2 0 2 0 1 2 1 2 2 2 0 0 2 2
2 2 1 0 1 2 1 0 2 1 0 0 1 1 0 1 1 2 0 0 1 1
1 2 2 0 2 2 0 0 2 0 1 0 2 1 0 1 1 2 0 0 2 1
2 2 2 1 2 2 0 0 2 1 1 0 1 1 0 1 1 1 0 0 1 2
2 2 2 0 2 2 0 1 1 0 0 0 0 2 1 2 0 2 0 0 1 2
2 2 2 1 1 2 0 0 2 0 1 0 1 1 0 1 1 2 0 1 2 2
1 2 1 0 1 1 1 1 2 0 2 0 0 2 0 1 2 2 0 0 2 1
2 2 2 1 2 2 0 0 2 0 2 1 1 2 0 0 0 2 1 0 0 2
2 2 2 1 2 2 0 0 2 0 1 0 2 2 0 0 0 2 0 0 2 1
2 1 2 1 2 2 0 0 2 0 0 0 0 2 0 0 1 2 0 0 2 2
2 2 2 0 2 1 0 1 2 0 2 1 1 1 0 1 1 2 0 0 1 1
2 1 1 0 1 2 0 0 2 0 1 0 1 2 0 0 0 2 0 0 2 1
2 2 2 0 2 1 1 0 2 1 0 0 0 2 0 1 0 2 0 0 2 2
2 0 2 1 1 2 0 0 2 0 0 0 1 2 0 1 0 2 0 2 1 2
2 2 2 1 2 2 2 0 2 1 0 0 0 2 0 1 1 2 1 0 1 2
2 1 2 0 2 2 0 0 2 0 1 0 1 1 0 0 0 2 0 0 1 2
2 2 2 0 2 2 1 0 2 0 0 0 0 2 0 2 1 2 0 0 0 1
2 2 2 0 2 2 2 1 2 0 2 0 0 1 1 1 2 2 0 0 1 1
2 2 2 0 2 2 0 0 2 1 1 0 1 2 0 1 2 2 0 1 1 1
2 2 2 1 1 1 0 0 2 0 1 0 0 2 0 1 2 2 0 0 1 2
2 2 1 0 2 2 0 0 2 0 0 0 0 2 0 0 0 2 0 0 1 1
2 2 2 0 1 2 1 1 2 0 1 0 0 2 0 1 1 2 0 0 1 2
2 2 2 1 1 2 0 0 2 0 1 0 0 1 0 2 1 2 0 0 2 2
2 2 2 0 2 2 0 0 2 0 2 0 2 2 1 1 1 2 0 0 1 2
1 2 2 0 2 1 0 0 1 0 1 0 0 2 0 0 1 2 0 0 2 2
2 1 2 0 2 2 1 0 2 0 1 0 1 2 0 0 0 2 0 0 1 1
2 2 2 0 2 2 0 0 2 1 1 1 1 2 0 0 1 2 0 0 1 1
2 2 2 0 2 2 0 0 2 0 1 0 1 2 0 1 1 2 0 0 2 2
2 2 2 2 1 2 1 0 2 0 1 1 1 2 0 2 0 2 0 0 0 2
2 2 2 1 2 2 0 0 2 0 1 0 1 2 1 0 1 2 0 0 2 2
2 1 1 0 1 2 1 0 2 0 1 0 0 2 0 1 0 2 0 0 1 2
2 1 1 0 2 2 0 1 2 0 1 0 1 1 0 1 2 2 0 0 2 1
2 2 2 0 1 2 0 1 2 1 2 1 0 2 0 2 1 2 0 1 2 1
2 2 2 0 1 2 1 0 2 1 2 0 0 2 0 1 2 2 0 0 2 1
2 2 2 0 1 2 2 1 2 0 2 1 0 2 0 1 2 1 0 1 1 2
2 2 2 0 2 2 1 0 2 0 2 0 0 2 0 2 1 2 0 0 2 0
2 2 2 0 1 2 0 0 2 0 1 0 0 2 0 0 0 2 0 1 2 2
2 1 2 2 2 2 1 0 2 0 2 1 0 2 0 2 0 2 0 0 2 2
2 2 2 0 1 2 1 1 2 0 2 0 0 2 0 0 0 1 0 0 1 1
2 2 2 1 1 2 1 0 2 1 2 0 0 1 1 0 1 2 0 0 1 2
2 1 2 0 1 2 0 1 2 1 1 0 1 2 0 1 1 2 1 0 0 2
2 2 2 0 2 2 0 0 2 0 2 0 2 2 0 1 0 2 0 0 2 0
2 2 1 0 2 2 1 0 2 0 2 0 1 2 0 1 0 2 1 0 1 2
1 2 1 0 1 2 1 0 2 0 1 0 1 2 1 1 0 2 0 0 1 2
2 2 1 0 2 2 1 0 2 0 0 0 1 1 0 1 2 2 0 0 2 2
2 2 2 0 0 2 0 0 2 0 0 0 1 2 0 0 0 2 0 0 1 2
2 1 2 0 2 1 0 0 2 0 1 0 0 2 0 0 1 2 0 0 1 2
2 1 2 0 2 1 1 0 2 0 2 0 0 2 0 2 1 2 0 0 2 2
2 2 2 2 1 2 0 0 2 0 1 1 0 1 0 1 1 2 0 0 1 2
2 2 1 0 2 1 1 1 1 1 1 0 1 2 0 1 1 1 0 0 2 1
2 2 2 0 1 2 0 0 2 1 2 0 1 2 0 0 2 2 0 0 1 2
2 2 2 0 2 2 0 0 2 0 2 0 1 2 0 1 1 2 0 0 2 1
2 1 2 0 2 1 0 0 1 0 2 0 1 2 0 1 0 2 0 0 1 2
2 2 2 0 1 2 0 0 2 0 1 1 0 2 0 2 1 2 0 0 1 2
2 2 2 2 2 2 1 0 2 0 2 1 0 2 1 1 0 2 0 0 2 2
2 2 2 1 1 2 0 0 1 0 1 0 1 2 0 1 0 2 0 0 1 2
2 1 2 1 2 1 1 1 2 1 1 0 0 2 0 1 2 2 0 0 1 2
2 1 2 0 0 2 1 0 2 0 1 0 0 2 0 1 1 2 0 0 2 2
2 2 2 1 2 2 2 0 2 0 1 0 1 2 0 1 1 2 0 0 1 1
1 2 2 0 1 1 0 1 2 0 2 0 1 1 0 1 0 2 0 0 2 2
2 2 1 0 2 2 1 1 2 0 2 0 1 2 0 1 0 2 0 1 2 1
1 2 2 0 2 2 1 0 2 0 1 0 1 2 0 1 1 2 0 1 1 2
2 2 2 1 1 2 0 1 2 0 1 1 1 1 0 2 0 2 0 0 1 2
2 2 2 1 2 1 1 0 2 0 2 0 0 2 0 0 2 2 1 0 0 1
2 2 2 0 1 1 0 1 2 0 2 0 0 1 0 2 1 2 0 0 2 2
2 2 1 0 1 2 0 0 2 0 1 0 1 2 0 1 0 2 0 0 1 2
2 2 2 1 2 2 0 0 2 1 2 0 1 1 0 1 0 2 0 0 1 2
2 2 2 0 2 2 2 1 2 0 0 0 0 2 0 1 0 1 0 0 1 2
2 1 2 1 1 2 1 0 2 0 2 0 1 1 0 1 1 2 0 0 1 1
2 1 2 0 2 2 2 0 2 1 1 0 0 2 0 0 0 2 0 0 1 2
2 1 1 0 2 1 1 0 2 0 1 0 0 1 0 1 0 2 0 0 1 2
2 1 1 0 2 1 0 0 2 0 1 0 0 0 0 1 1 2 0 0 1 1
2 2 2 0 2 1 1 0 2 0 0 0 1 2 0 0 0 2 0 1 2 2
0 2 2 0 1 2 0 0 2 0 2 0 1 2 1 0 0 2 0 1 2 0
2 1 2 0 1 2 0 0 2 0 1 0 1 1 0 1 0 2 0 0 2 2
2 2 2 0 2 2 0 0 2 0 2 0 1 2 0 1 0 2 0 0 0 1
2 2 2 0 2 2 1 0 2 0 2 0 0 2 1 2 0 2 0 0 1 1
2 1 2 0 2 2 1 0 2 2 1 1 1 1 0 0 0 2 0 0 2 2
2 1 2 0 2 2 1 0 2 0 2 0 1 0 0 1 0 2 0 0 1 2
2 1 2 0 2 2 0 0 2 0 1 0 0 2 1 0 2 2 0 0 0 2
2 2 2 1 1 2 1 0 2 0 1 0 1 2 1 0 1 2 0 0 1 2
1 2 2 0 2 2 0 0 2 0 2 0 1 2 0 0 1 2 0 0 2 1
2 2 2 0 2 2 0 1 2 0 1 0 0 2 0 0 2 2 0 0 2 1
2 1 2 0 1 1 0 0 2 0 0 0 0 2 0 0 0 1 0 0 2 2
2 2 1 0 2 1 1 0 2 1 0 0 1 1 1 1 2 2 0 0 1 2
2 2 2 0 2 2 0 0 2 0 2 1 1 2 0 0 0 2 0 0 1 2
2 2 2 0 1 2 1 0 2 0 1 0 0 2 1 0 2 2 0 1 1 2
1 1 2 1 1 2 0 1 2 0 1 0 1 2 0 0 1 2 0 1 1 2
2 2 2 0 1 2 0 1 2 0 1 0 2 1 1 2 1 2 0 2 2 1
2 2 2 1 2 2 1 0 2 0 1 0 1 2 0 2 2 2 0 0 1 1
2 2 1 0 0 2 1 0 2 0 1 0 1 2 0 1 1 2 0 0 2 2
2 2 1 0 1 2 1 1 0 0 0 0 0 2 0 0 2 2 1 0 2 1
2 2 2 1 1 2 1 0 2 0 1 0 0 2 0 0 0 2 0 0 2 2
2 2 1 0 1 2 1 0 2 0 2 1 0 2 0 0 1 2 0 0 0 2
2 2 2 0 1 1 0 0 1 1 0 0 0 2 0 2 1 2 0 0 1 2
2 2 2 0 1 2 0 0 2 0 1 0 1 1 0 1 1 2 1 0 1 1
2 2 2 0 1 2 0 0 2 0 1 0 0 1 1 1 0 2 0 0 2 2
2 2 2 0 2 1 1 1 2 0 1 0 1 2 0 0 1 2 0 0 1 2
2 2 2 0 2 0 1 0 2 0 1 0 1 2 0 1 0 2 0 0 2 2
2 2 2 0 2 2 1 0 2 0 0 0 0 0 0 2 1 2 0 0 1 2
2 2 2 0 1 2 1 0 2 0 1 1 1 1 0 2 1 2 0 0 1 1
1 2 2 0 1 2 0 0 1 0 2 0 2 2 0 0 2 2 0 0 1 2
2 2 2 1 2 2 0 1 2 0 1 0 0 1 0 1 1 2 0 0 2 2
2 2 2 0 2 1 0 1 2 0 1 0 1 2 0 0 0 2 0 1 2 2
2 2 2 1 2 2 0 0 2 0 1 0 1 2 1 1 0 2 0 0 2 1
2 2 2 0 2 2 1 0 2 0 1 0 0 1 0 1 0 2 0 0 1 1
2 2 2 0 2 1 0 0 2 1 1 0 0 1 0 2 0 2 0 0 1 2
2 2 2 1 2 1 1 0 2 0 2 0 0 2 1 2 2 2 0 0 2 2
2 2 1 0 1 2 0 0 2 0 0 0 1 1 1 0 1 2 0 0 2 1
2 1 2 1 1 2 0 1 2 0 1 0 1 2 0 1 1 1 0 0 2 1
2 2 1 0 1 1 2 0 2 0 1 1 2 2 0 0 2 2 0 0 1 1
2 1 1 0 2 2 1 1 2 1 1 0 2 1 0 2 0 2 0 0 2 2
2 2 2 0 2 2 1 1 2 0 1 1 0 2 1 1 2 2 0 0 1 1
2 2 2 1 1 2 1 2 2 0 1 0 1 1 0 0 2 2 0 0 2 2
2 2 2 0 1 2 1 1 2 0 0 0 1 2 0 1 0 2 0 0 1 2
2 2 2 0 1 2 0 1 2 0 2 0 1 1 0 2 1 2 0 0 2 0
2 2 2 1 2 2 1 0 2 0 1 0 1 2 0 0 1 2 0 0 1 2
2 2 2 1 1 2 1 0 2 0 1 0 0 1 0 0 0 2 0 0 1 1
2 1 1 2 2 2 1 0 2 0 1 0 0 1 0 1 1 2 0 1 2 2
2 2 2 0 2 2 1 0 2 2 2 0 1 2 0 0 0 2 0 0 2 0
2 2 2 0 2 1 0 0 2 0 1 0 1 1 0 2 1 2 0 0 0 1
2 2 2 0 2 2 0 1 2 0 2 0 0 1 0 1 0 2 0 0 1 1
2 2 1 0 2 2 1 1 2 0 0 0 1 1 0 1 1 2 0 0 1 1
2 2 2 0 1 1 0 0 2 0 0 0 1 2 0 1 0 2 0 1 1 2
2 2 2 0 1 2 1 0 2 0 2 1 1 2 0 1 1 2 0 0 1 1
2 2 2 0 1 1 1 0 2 0 2 0 0 2 0 1 0 2 0 0 1 2
2 2 2 0 2 2 1 0 2 0 2 1 1 2 0 2 0 2 0 0 1 2
2 2 1 0 2 2 0 0 2 0 1 0 1 2 1 1 1 2 0 0 1 2
1 0 2 1 2 1 1 0 1 0 2 0 1 2 0 0 1 2 1 0 1 1
2 2 2 0 2 2 1 1 2 0 1 0 0 2 0 0 2 2 0 0 2 2
2 2 0 1 1 2 1 0 2 0 1 0 0 2 0 1 0 2 0 0 1 2
2 2 2 0 2 1 0 1 2 0 1 1 1 2 0 1 0 2 0 0 2 2
2 2 2 1 2 2 1 0 2 0 1 0 2 1 0 1 1 2 0 0 2 2
2 1 2 0 2 2 1 1 2 0 0 0 0 2 0 0 0 2 0 1 2 2
2 1 1 1 2 1 0 1 2 1 1 0 0 2 0 1 2 2 0 0 2 2
2 2 2 0 2 2 0 0 2 1 2 0 0 2 1 1 2 2 0 0 1 0
2 0 2 1 2 2 1 2 2 1 2 0 1 2 0 1 0 2 0 0 2 2
2 2 2 1 2 2 0 0 2 0 1 0 1 2 0 1 1 2 0 0 1 1
2 1 2 0 2 2 0 1 2 0 1 0 0 1 0 0 1 2 0 0 2 2
2 2 2 0 0 2 0 0 2 0 1 0 0 2 0 1 2 2 0 0 2 1
2 2 2 0 1 2 0 2 2 0 1 0 0 2 0 2 1 2 0 1 2 2
2 1 2 0 1 2 0 0 2 0 2 0 0 0 0 1 2 2 0 0 2 1
2 2 2 0 2 2 1 1 2 0 1 0 0 1 0 0 1 2 0 0 2 2
2 2 2 0 2 2 0 1 2 1 1 0 1 2 0 2 1 2 0 1 1 1
2 2 2 2 1 1 0 0 2 0 2 0 0 2 0 1 2 2 0 0 0 1
2 2 1 1 2 0 1 0 2 0 2 1 0 2 1 1 0 2 0 0 2 2
2 1 2 0 2 2 0 0 2 0 1 0 1 0 1 1 0 2 0 0 1 2
2 2 1 2 1 1 0 1 2 0 1 0 1 2 0 1 0 2 0 1 2 1
1 2 2 1 2 2 0 0 2 0 1 0 1 1 0 2 1 2 0 0 2 2
2 2 2 0 2 1 1 2 2 0 0 1 1 2 0 2 1 2 1 0 2 1
2 2 2 0 2 2 2 0 2 0 2 0 2 2 0 1 2 2 0 0 1 2
2 1 2 0 2 2 0 0 2 1 2 0 1 2 0 0 2 2 0 0 1 0
2 2 2 0 1 1 0 1 2 0 1 0 1 2 0 2 1 2 0 0 2 2
2 2 2 0 1 2 1 0 2 0 1 0 0 2 1 1 1 2 0 0 1 0
2 2 2 1 2 1 0 1 2 0 2 0 0 1 0 0 0 2 0 0 2 2
2 2 2 0 2 1 1 0 2 0 2 1 0 2 1 0 0 2 0 0 1 2
2 2 2 1 1 1 0 0 2 0 2 0 0 2 0 0 0 2 0 0 1 2
2 2 2 0 2 2 0 0 2 0 2 1 1 2 0 2 1 2 0 0 2 2
1 2 2 1 2 2 0 1 2 0 1 0 1 2 0 2 0 2 0 0 1 2
2 1 2 1 2 1 0 0 2 0 1 0 0 2 0 1 1 1 0 0 2 2
2 2 1 0 1 1 1 0 2 0 0 0 1 2 0 2 0 2 0 1 2 2
2 2 2 0 2 2 1 0 2 1 1 1 1 2 0 0 1 2 0 0 2 2
