rs17126158 rs3094913 rs13006976 rs1368899 rs288326 rs2708317 rs4687098 rs10857297 rs2790098 rs12676103 rs16907776 rs3858136 rs4497281 rs16924233 rs2912754 rs10878551 rs10507386 rs1956714 rs4783665 rs7237419 rs12979782 rs2427147
0 1 0 1 0 0 1 2 1 0 2 1 0 0 0 1 2 2 1 1 1 1
0 1 0 0 0 0 0 2 1 1 2 2 0 0 0 1 2 1 2 0 0 1
0 2 0 0 0 0 0 0 2 2 2 0 0 0 0 2 2 1 1 2 0 0
0 1 0 0 0 0 0 1 0 2 2 2 0 0 0 2 2 0 1 2 0 1
0 2 0 2 1 0 0 2 1 2 2 0 0 0 0 1 2 1 2 2 0 0
0 0 0 0 0 0 0 1 1 2 2 2 0 0 0 0 2 2 1 0 1 1
0 1 1 0 0 0 0 1 1 1 2 0 0 0 0 1 2 1 1 1 1 0
1 1 1 1 0 0 1 1 0 1 2 1 0 0 0 1 1 2 1 1 0 1
0 1 0 0 1 0 1 1 0 1 2 2 0 0 0 2 2 2 2 1 1 1
1 2 0 1 0 0 1 2 1 1 2 1 0 0 0 1 2 1 1 0 1 1
0 2 0 1 0 0 1 0 1 2 2 0 0 0 0 2 2 1 1 2 2 1
0 1 0 2 1 0 1 0 1 1 2 1 0 1 0 2 2 1 0 0 1 1
0 1 0 1 1 0 0 1 2 2 1 1 0 0 0 2 2 1 1 0 2 1
2 1 1 1 0 0 0 2 0 2 2 1 0 0 0 1 2 1 1 1 1 1
0 2 0 1 0 0 1 2 0 1 2 1 0 0 0 2 1 2 1 2 0 0
0 1 0 0 0 0 0 1 2 1 2 1 0 0 0 2 2 1 2 1 0 1
0 0 0 0 0 1 2 1 1 1 2 1 0 0 0 1 2 2 0 2 1 2
0 1 0 0 0 0 0 1 2 2 2 2 0 0 0 2 2 1 1 1 0 1
0 0 1 0 0 0 1 1 1 1 2 1 0 0 0 0 2 0 1 1 0 1
1 1 0 0 1 0 1 1 1 1 2 2 0 0 0 1 2 0 2 2 0 2
0 1 0 0 1 0 1 1 2 2 2 0 0 0 0 1 2 1 1 2 0 0
1 2 0 0 0 0 2 1 1 1 2 0 0 0 0 1 1 1 2 1 2 1
0 1 0 0 0 0 0 1 0 2 2 2 0 0 0 2 2 2 1 2 0 0
1 1 1 1 0 0 0 1 0 1 2 1 0 1 0 0 2 1 1 0 0 1
0 1 0 0 0 0 1 1 2 1 2 2 0 0 0 2 2 1 0 1 1 1
1 2 0 1 0 0 0 2 0 1 2 1 0 0 0 2 2 1 1 0 0 0
0 1 0 0 1 0 0 1 0 1 2 2 0 0 0 1 2 1 1 0 0 1
0 1 0 0 1 0 1 1 0 1 2 1 0 0 0 2 2 1 1 1 0 1
0 2 0 0 0 0 1 1 2 1 2 1 0 0 0 1 2 2 0 1 0 1
0 0 0 0 0 0 1 2 0 0 2 1 0 0 0 2 2 0 1 1 0 2
0 2 0 0 0 0 0 2 1 1 2 0 0 0 0 2 2 1 2 0 1 1
0 1 1 1 1 0 0 1 2 1 2 2 0 0 0 2 2 1 1 1 0 1
1 1 1 1 0 0 0 1 1 1 2 2 0 0 0 1 2 2 1 0 0 1
0 1 0 1 0 0 1 1 1 1 2 0 0 0 0 0 1 0 1 1 2 0
0 0 0 0 0 0 0 1 2 2 2 1 0 0 0 0 2 2 1 1 1 1
0 0 0 0 1 0 0 1 1 0 2 1 1 0 0 1 2 2 0 1 0 1
0 1 0 1 0 2 0 1 0 2 2 2 0 0 0 2 1 0 1 1 1 1
0 1 0 0 0 0 0 2 1 0 2 0 1 0 0 1 2 2 0 2 0 2
0 1 0 2 0 0 2 1 0 2 1 1 0 0 0 2 2 1 0 1 2 0
1 1 0 1 0 0 0 1 1 2 2 1 0 0 0 2 2 1 2 1 1 2
0 2 0 2 0 0 0 2 0 0 2 1 0 0 0 1 2 2 1 1 0 2
0 1 0 0 0 0 0 2 1 0 2 1 0 1 0 1 2 1 0 0 0 2
0 0 1 1 0 0 2 1 2 2 2 1 0 0 0 1 2 1 1 0 1 1
0 1 0 1 0 0 0 0 0 1 2 1 0 0 1 2 2 0 1 1 0 2
1 1 0 1 0 0 1 1 1 1 2 1 0 0 0 1 2 2 0 1 2 0
0 1 0 1 1 0 0 1 0 2 2 1 0 0 0 1 2 2 1 1 1 2
0 1 0 0 0 0 0 0 2 2 2 1 1 1 0 2 2 0 1 0 1 1
0 1 0 0 0 0 0 1 0 2 2 0 0 0 0 2 2 1 2 0 1 2
0 1 0 1 0 0 0 2 1 1 2 1 0 0 0 1 2 1 1 2 1 1
0 1 0 1 0 0 0 1 1 2 2 2 0 0 0 1 2 1 0 2 1 0
1 0 0 0 0 0 0 2 0 1 2 2 0 0 0 1 2 1 1 2 0 2
0 0 1 2 1 0 1 2 0 1 2 1 0 1 0 2 2 2 1 1 1 1
1 0 0 0 0 0 0 1 0 2 2 2 0 1 0 2 2 1 1 1 1 0
1 1 0 0 0 0 0 1 1 1 2 1 0 1 0 2 2 1 2 0 0 1
1 1 0 2 0 0 1 1 1 1 2 2 0 0 0 1 2 1 1 1 1 0
1 1 0 0 1 1 1 1 2 2 1 2 0 0 0 2 2 2 1 0 0 0
0 2 0 1 0 0 1 0 0 2 2 1 0 0 0 1 2 1 0 0 2 0
0 0 0 2 0 0 1 1 2 2 2 0 0 0 0 2 2 1 2 2 1 1
0 1 1 0 1 0 0 1 1 1 2 1 0 1 0 2 2 0 1 1 1 2
0 1 0 1 0 0 0 1 0 1 1 1 0 0 0 1 1 0 2 1 1 0
0 2 0 1 0 0 2 2 0 1 2 1 0 0 0 2 2 1 1 0 1 1
0 0 0 0 1 0 0 2 1 1 2 2 0 0 0 2 1 1 1 1 1 1
0 0 2 0 1 0 0 2 0 2 2 0 0 1 0 2 2 1 0 2 0 2
0 1 0 0 0 0 0 1 1 1 2 1 1 0 0 1 2 1 0 1 0 2
0 2 1 0 0 0 1 1 0 1 2 2 0 0 0 2 2 1 2 1 0 1
2 1 0 1 0 0 0 1 0 0 2 1 0 0 0 2 2 0 1 1 0 2
0 2 0 2 0 0 0 1 1 0 2 1 0 0 0 2 2 1 1 1 2 1
0 1 0 0 0 0 1 2 1 2 2 2 0 0 0 2 2 1 1 1 1 1
0 2 0 0 0 0 0 2 0 2 2 2 0 0 0 2 2 1 2 1 1 0
0 2 0 1 1 1 1 2 1 2 2 2 1 0 0 0 2 1 1 1 0 0
0 2 0 2 1 0 1 0 1 2 2 2 0 0 0 2 2 2 0 2 0 1
0 2 0 0 0 0 1 0 2 0 2 1 1 0 0 2 2 1 0 0 2 1
0 1 0 2 0 0 0 1 1 2 2 0 0 0 0 2 2 2 0 1 1 0
0 1 0 0 0 0 0 1 0 2 2 1 0 1 1 2 2 1 1 1 0 1
0 0 0 0 0 0 2 2 0 1 2 2 0 0 0 1 2 2 2 1 1 2
0 2 0 0 0 1 0 2 1 2 2 1 0 0 1 0 2 0 1 0 2 2
1 2 0 0 0 0 0 1 0 2 2 1 0 1 0 2 2 1 2 0 1 1
0 1 0 1 0 0 1 1 1 2 2 0 0 0 0 1 2 1 0 1 0 1
0 0 0 1 0 1 0 1 0 2 2 1 1 0 0 2 2 1 2 2 1 1
0 1 1 1 1 0 0 0 0 2 2 2 0 0 0 1 1 0 1 1 0 0
0 2 0 1 0 0 0 2 1 2 2 0 0 0 0 1 1 1 1 1 2 1
1 2 0 1 0 0 1 2 0 2 2 0 0 0 0 1 2 2 1 1 0 2
0 2 0 1 0 0 0 2 0 1 2 2 0 0 0 0 2 1 1 0 1 0
1 1 0 0 0 0 0 2 1 1 2 1 1 0 0 2 2 2 2 2 1 2
0 2 0 2 0 0 1 0 1 1 2 0 0 0 0 1 1 2 0 1 1 0
0 1 0 0 1 0 1 2 2 1 2 0 0 0 1 1 2 2 1 1 0 2
1 1 0 1 0 0 0 2 1 1 2 1 0 0 0 1 2 2 1 2 0 1
0 1 0 2 0 0 1 1 0 2 2 2 0 0 0 1 2 1 0 0 0 0
0 1 0 0 0 0 0 2 1 1 2 1 0 0 0 1 1 1 1 1 0 1
0 2 0 0 0 0 1 2 1 2 2 2 0 0 0 1 1 0 2 2 0 1
0 1 0 1 1 0 1 1 2 2 2 0 0 0 0 1 2 1 2 1 1 2
0 2 0 1 0 0 0 1 2 2 2 1 0 0 0 2 2 2 0 2 1 1
1 1 0 0 0 1 1 2 0 1 2 1 0 0 0 2 2 1 1 0 0 2
1 0 1 0 0 1 0 1 1 1 2 0 0 0 0 0 2 1 0 2 1 1
0 1 0 0 0 0 1 2 1 0 2 0 0 0 0 1 2 1 2 1 0 1
0 1 0 1 0 0 0 1 0 1 2 0 0 0 0 2 2 0 1 1 0 2
0 2 0 2 0 0 1 1 0 2 1 1 0 0 1 2 2 1 1 2 0 1
0 1 0 1 1 0 0 2 0 1 2 1 0 2 0 2 2 2 2 1 2 2
0 0 0 1 0 0 0 0 1 2 2 1 0 0 0 2 2 2 2 1 0 2
1 1 0 2 0 0 0 1 0 1 2 1 0 0 0 2 2 1 1 0 0 1
0 0 0 2 0 0 1 2 2 1 2 2 0 0 0 2 2 1 1 2 1 0
1 1 0 0 0 0 0 1 0 1 2 1 0 0 0 1 2 1 1 1 0 1
0 1 0 1 0 0 0 0 0 1 1 2 0 0 0 1 1 2 1 2 1 2
0 1 0 2 1 1 0 2 0 1 2 1 0 0 0 1 2 2 1 1 0 2
0 1 1 0 1 0 1 1 0 1 2 0 0 0 0 1 2 1 1 1 1 1
1 0 0 1 0 0 2 1 0 2 2 2 0 0 0 2 2 0 1 0 1 1
1 1 0 0 0 0 1 2 0 2 2 0 0 0 0 2 2 1 1 1 2 2
1 1 0 0 0 0 1 2 1 2 2 1 0 0 0 0 2 2 1 1 2 2
0 0 0 0 0 0 2 2 2 2 2 1 0 0 0 1 2 2 1 2 0 1
0 2 0 0 0 0 0 2 1 2 2 2 0 0 0 1 2 2 2 2 0 0
0 0 0 1 0 0 0 2 0 0 2 2 0 0 0 1 2 1 1 1 0 2
0 1 0 0 0 0 0 2 0 2 2 0 0 0 0 1 2 0 0 1 0 1
0 1 1 1 0 0 1 1 1 2 2 1 0 0 0 2 2 1 1 1 2 0
0 1 0 0 0 0 1 1 1 2 2 1 0 0 0 1 2 2 1 2 0 1
0 1 0 1 0 0 1 1 1 2 2 2 0 0 0 2 2 0 2 1 1 1
1 0 0 1 0 0 0 2 1 2 2 1 0 0 0 2 2 2 2 1 0 1
0 0 0 1 0 0 1 2 0 1 2 1 0 0 0 1 2 2 2 0 2 1
0 0 0 1 1 0 0 2 2 1 2 1 0 0 0 1 1 0 1 1 0 1
2 1 0 0 0 0 1 2 0 2 2 1 0 0 0 2 1 1 2 1 1 0
0 1 0 1 0 0 1 2 1 2 1 1 0 0 0 2 2 2 0 0 0 2
0 1 0 0 1 0 0 2 1 1 1 0 0 0 0 1 2 2 0 1 0 1
0 0 0 0 0 0 0 2 2 0 1 2 0 0 0 2 2 1 2 2 1 0
1 0 0 1 0 0 1 2 0 1 2 0 0 0 0 2 2 0 1 1 1 2
0 1 0 0 0 0 0 2 0 2 2 1 0 0 0 1 1 1 0 2 0 2
0 1 0 0 0 0 0 2 2 1 1 0 0 0 0 2 2 1 1 0 0 2
0 0 0 0 1 0 1 1 1 2 2 2 0 0 0 1 2 1 2 2 1 1
1 1 0 0 0 1 0 2 1 2 2 2 0 1 0 0 2 1 1 1 1 1
2 0 0 1 0 0 0 1 0 2 2 0 0 0 0 2 2 2 1 0 0 1
0 1 0 0 0 0 0 2 2 2 2 1 0 0 0 2 2 2 2 2 0 0
1 0 1 1 0 0 1 2 0 1 2 1 0 0 0 2 2 2 0 1 2 2
0 2 0 0 0 1 1 2 1 2 2 0 0 0 0 0 2 1 1 0 1 0
1 1 0 0 0 0 0 1 1 2 2 1 0 0 0 1 2 1 1 0 1 1
0 1 0 0 0 0 0 1 0 2 2 1 0 0 0 2 2 2 1 2 1 1
0 0 0 1 1 0 0 1 1 2 2 1 0 0 0 1 2 2 0 0 0 2
0 1 0 0 1 0 0 1 1 1 2 0 0 0 0 1 2 1 1 1 0 1
0 0 0 0 0 0 0 2 0 2 2 0 0 0 0 2 2 2 1 0 1 2
0 2 0 0 0 0 0 2 2 1 2 1 0 0 0 2 2 1 0 2 1 1
2 0 0 2 0 0 1 1 1 1 2 1 0 0 0 2 2 0 2 2 0 1
0 1 0 1 0 0 0 1 0 1 2 1 0 0 0 2 2 1 2 0 0 1
0 1 0 2 0 0 0 2 0 2 2 2 0 0 0 2 2 0 2 1 1 2
0 0 0 2 0 1 1 1 2 2 2 2 0 0 0 2 2 2 1 2 0 0
0 1 0 0 0 0 0 1 0 1 2 1 0 0 0 1 2 1 1 1 0 2
0 2 0 1 0 0 1 2 0 1 2 1 0 0 0 1 2 2 1 1 0 1
0 2 0 1 0 0 1 2 0 1 2 0 1 0 0 2 1 2 1 1 0 2
0 0 0 1 0 0 0 2 0 1 2 1 0 0 0 2 2 1 2 1 0 2
0 1 0 0 0 0 0 1 1 2 2 1 0 0 0 2 2 2 0 0 1 1
0 1 0 1 0 0 2 1 1 2 1 0 0 0 0 1 2 1 1 1 0 0
0 0 0 1 0 0 1 1 2 1 2 2 0 1 0 1 1 0 1 1 2 1
0 2 1 2 0 0 0 2 1 2 2 1 0 0 0 2 2 1 1 0 0 1
0 2 0 0 0 0 0 1 1 2 2 1 0 0 0 1 2 2 1 1 0 2
1 1 0 0 0 0 0 1 1 1 2 0 0 0 0 1 2 2 1 2 1 1
1 1 0 0 0 0 1 1 0 1 2 0 0 0 0 1 2 0 1 1 0 2
0 0 0 0 0 0 0 1 1 2 2 1 0 0 0 2 2 2 1 1 0 0
0 0 0 0 1 0 0 2 1 2 2 1 0 0 0 1 2 0 1 0 1 2
0 0 0 0 0 0 1 2 0 1 2 0 0 0 0 2 2 1 1 0 1 2
1 0 1 1 0 0 0 2 2 1 2 1 0 0 0 2 2 0 1 1 1 2
2 0 1 0 0 1 0 1 0 2 2 1 0 0 0 1 2 1 1 0 2 1
1 0 0 1 0 0 1 1 1 2 1 2 0 0 0 1 2 0 1 1 0 1
0 2 0 0 0 0 0 1 1 2 2 1 0 0 0 2 2 2 1 1 1 0
0 1 1 2 0 0 0 0 1 1 2 0 0 1 0 1 2 1 2 1 1 0
0 1 0 0 0 0 1 1 1 2 2 1 0 0 0 1 2 0 1 1 1 1
0 2 1 0 0 0 0 1 1 1 2 2 0 0 0 1 1 0 1 1 1 2
0 1 0 1 0 1 0 1 2 1 2 1 0 0 0 1 2 1 0 2 0 1
0 1 1 0 0 0 1 1 1 2 2 0 0 0 0 0 2 1 1 1 1 0
0 1 1 0 0 0 1 2 0 2 2 2 0 0 0 1 2 1 1 2 0 1
1 2 0 0 0 0 1 2 0 2 2 1 0 0 0 2 2 0 1 1 1 0
0 1 0 1 0 0 0 1 2 0 2 0 0 0 0 2 2 2 2 1 1 1
0 1 0 1 0 0 1 2 0 1 2 1 0 0 0 1 2 2 1 0 0 2
0 1 0 0 0 0 1 0 1 2 2 1 0 0 0 1 2 1 1 1 0 1
1 1 0 0 0 0 0 1 1 2 2 1 0 0 0 1 2 2 1 1 1 1
0 1 0 0 0 0 0 1 1 1 2 1 0 0 0 2 2 2 1 1 1 0
1 1 0 1 0 0 2 1 0 2 2 1 0 0 0 1 0 0 2 2 1 1
1 2 0 0 0 0 1 2 0 2 2 1 0 0 0 0 2 1 2 2 1 1
0 0 1 2 0 0 1 2 1 2 2 1 0 0 0 2 2 0 0 1 1 1
0 1 0 0 1 1 1 2 1 1 2 1 0 0 0 2 2 1 2 1 1 0
0 1 0 0 2 0 0 1 0 1 2 1 0 0 0 1 2 2 2 0 1 2
0 2 1 1 0 0 1 2 1 1 2 2 1 0 0 2 2 0 1 0 2 1
0 2 0 1 0 0 1 1 1 2 2 0 0 0 0 2 2 2 0 1 0 2
0 2 0 1 1 0 0 2 1 2 2 1 0 0 0 1 2 1 1 1 0 1
0 1 0 0 0 1 0 1 1 1 2 0 0 0 0 1 1 0 1 0 0 2
0 1 0 1 0 0 0 2 1 2 2 1 0 0 0 1 2 1 1 2 0 0
0 1 0 0 0 0 1 1 1 1 2 0 0 0 0 2 2 2 2 1 0 1
1 2 0 1 0 0 0 0 1 2 2 1 0 0 0 2 2 0 1 1 1 0
0 1 0 2 0 1 0 2 2 2 2 1 0 0 0 1 2 1 1 0 0 0
1 2 0 0 0 0 1 1 1 1 2 1 0 0 0 2 2 1 1 2 1 1
0 2 0 0 0 0 2 0 0 2 2 1 0 1 0 0 2 0 0 2 0 1
0 1 0 1 1 1 1 1 1 2 2 1 1 0 0 2 2 1 0 0 0 1
0 2 1 0 0 0 0 2 0 1 2 1 0 0 0 2 2 1 0 2 1 1
0 2 1 2 0 1 0 1 0 1 2 1 1 0 0 2 2 0 0 2 1 2
0 0 0 0 0 0 0 1 0 2 2 0 0 0 0 2 2 2 2 0 1 1
0 2 0 1 0 0 0 2 1 2 1 2 0 0 0 1 2 1 2 1 0 0
0 0 0 1 0 0 0 2 1 1 2 1 0 0 0 2 2 2 0 0 1 2
0 2 0 0 0 0 0 1 0 1 2 2 0 0 0 2 2 1 1 1 0 1
0 1 0 0 1 0 1 1 0 1 2 2 1 0 0 0 2 0 2 1 0 2
0 0 0 1 0 0 2 2 0 0 2 1 1 1 0 1 2 0 1 1 0 2
1 1 0 1 0 0 0 2 0 0 2 1 0 0 0 2 1 0 1 1 0 0
1 1 0 1 0 0 1 1 0 1 1 0 0 0 0 1 2 0 0 2 1 0
0 1 1 0 0 0 1 2 2 2 2 0 0 0 0 1 2 1 2 1 0 0
1 1 0 1 0 0 0 1 1 1 2 0 0 0 0 2 2 2 2 2 0 0
1 1 1 0 1 0 0 2 0 2 2 1 0 0 0 0 2 2 1 0 0 2
1 2 0 2 0 0 2 2 0 1 2 0 0 0 0 2 2 2 1 1 1 0
0 2 0 0 0 0 0 2 1 1 2 2 0 0 0 2 2 0 1 2 1 1
2 1 1 0 0 0 2 1 1 1 2 1 0 0 0 1 2 1 2 1 0 0
1 2 0 0 1 0 0 1 1 2 2 0 0 0 0 1 2 2 1 1 0 1
0 0 0 0 0 0 0 0 0 1 2 1 0 0 0 1 2 1 0 1 1 1
1 0 0 0 0 0 1 2 1 2 2 1 0 0 0 2 2 2 2 2 0 2
0 1 0 1 0 0 0 1 1 2 2 1 0 0 0 0 2 1 1 0 0 1
1 1 0 1 1 0 0 1 1 2 2 0 0 0 0 1 2 2 1 1 1 0
1 2 0 1 1 0 1 2 1 2 2 0 0 0 0 2 2 2 1 1 1 1
0 1 0 0 0 0 2 1 2 2 2 1 0 0 0 0 2 2 1 1 1 1
0 0 0 1 0 0 0 0 0 2 2 2 0 0 0 1 1 0 1 2 0 1
0 1 0 0 0 0 0 0 1 1 2 1 1 0 0 1 2 2 0 1 1 0
1 2 0 2 0 0 1 1 1 1 2 2 1 0 0 0 2 2 2 1 1 1
1 0 0 0 1 0 1 2 1 0 2 1 0 0 1 2 1 0 0 1 1 2
1 1 0 0 0 1 1 1 0 2 2 2 0 0 0 0 2 0 1 0 1 0
0 2 0 0 0 0 2 2 1 2 2 1 1 0 0 1 1 1 1 2 0 2
1 1 1 1 0 0 0 2 0 0 2 1 0 0 0 2 2 0 1 1 1 1
1 2 1 1 0 1 0 1 0 1 2 0 0 0 0 1 1 1 0 1 0 2
0 2 0 0 0 0 2 1 0 1 2 2 0 0 0 1 2 1 1 1 2 0
0 0 0 1 0 0 0 2 0 2 2 1 0 0 0 2 1 1 1 1 1 1
0 2 2 1 0 0 0 1 0 2 2 1 0 0 1 1 1 2 1 0 1 1
0 2 0 0 0 0 1 1 1 1 2 1 0 0 0 1 0 1 1 0 2 1
0 1 0 0 0 0 0 0 1 1 2 0 0 0 0 2 2 1 0 1 0 0
0 1 0 0 1 0 1 1 0 1 2 1 0 0 0 1 2 2 1 0 1 1
1 1 0 0 1 0 0 1 1 2 2 1 1 0 0 0 2 0 0 2 0 1
0 1 0 0 0 0 0 2 0 2 2 0 0 0 0 2 2 1 1 2 0 2
0 0 0 1 0 0 0 2 0 2 2 1 0 1 0 2 2 2 2 1 0 0
1 2 0 2 0 0 1 2 2 0 2 1 1 0 0 2 2 2 0 1 1 2
0 2 2 1 0 0 1 1 1 2 2 1 0 0 0 2 2 1 2 1 0 1
1 2 0 2 0 0 1 2 2 2 2 1 0 0 0 2 2 1 0 1 1 1
0 1 0 1 0 0 0 2 2 2 2 1 0 0 0 2 2 0 0 2 0 1
1 1 1 1 1 0 1 1 0 1 2 1 0 0 0 2 2 2 1 1 0 1
0 1 0 1 0 1 1 2 2 2 2 1 0 0 1 1 2 2 2 1 1 1
0 2 0 0 0 0 1 0 2 2 2 2 0 0 1 1 1 1 2 1 2 2
0 1 0 0 0 0 1 1 1 2 2 2 0 0 0 0 2 1 0 1 0 0
0 1 0 0 0 0 1 2 1 1 2 2 0 0 0 2 2 1 2 0 0 2
1 1 0 1 1 0 0 1 0 2 2 1 0 0 0 2 2 2 1 2 1 2
1 0 0 1 0 0 0 2 2 2 2 0 0 0 0 1 2 2 1 2 1 1
0 0 0 2 0 0 1 2 2 1 2 2 0 0 0 1 2 0 0 0 1 1
1 2 0 0 0 0 0 2 0 2 1 0 0 0 0 2 2 1 2 1 0 0
0 1 0 0 1 0 1 1 2 1 2 0 0 0 0 1 2 1 2 1 2 1
0 0 1 0 0 0 1 2 1 1 2 1 0 0 0 1 2 0 2 2 0 0
0 1 0 1 0 0 0 2 2 2 2 0 0 0 0 1 2 2 1 1 0 2
0 2 0 0 0 0 0 2 2 0 1 2 0 0 0 1 2 1 2 2 0 2
0 2 0 0 1 0 0 2 0 1 2 1 0 0 0 2 2 2 2 1 1 1
0 1 0 1 0 0 1 1 1 2 2 0 0 0 0 1 2 1 2 0 0 0
0 2 0 0 0 0 0 1 1 2 2 1 1 0 0 2 2 1 2 1 0 1
1 0 0 1 0 0 0 1 0 1 2 1 0 1 1 2 2 1 1 1 0 0
0 1 0 0 0 1 0 2 0 1 2 1 1 1 0 1 2 1 2 0 0 1
0 2 0 1 0 0 0 1 1 2 2 1 0 0 0 2 2 1 2 1 1 2
0 1 0 1 0 0 0 2 1 1 2 1 0 1 0 1 2 1 1 1 0 0
0 1 0 0 0 0 0 1 0 1 2 0 0 1 0 2 2 2 1 2 1 2
1 2 1 1 0 1 1 2 0 1 1 1 0 0 0 0 2 0 2 1 0 1
1 0 0 1 1 0 1 1 0 1 1 1 0 0 0 2 2 1 2 2 0 0
0 0 0 1 0 0 0 1 0 1 2 2 0 0 0 0 2 2 1 1 1 1
0 0 0 0 0 0 2 1 2 2 2 1 0 1 0 0 2 1 1 1 0 0
0 2 0 0 0 0 0 2 0 2 2 1 0 0 0 1 2 0 1 2 1 2
0 2 0 1 0 0 0 1 0 0 2 0 0 0 0 1 2 1 1 1 0 2
0 2 0 0 0 0 0 2 2 0 2 1 0 0 0 2 2 0 2 1 1 1
0 2 0 1 0 0 0 1 1 2 2 1 0 0 0 1 2 1 1 0 1 0
0 2 0 2 0 0 0 2 0 1 2 1 1 0 0 1 2 2 1 1 2 1
0 1 0 0 0 0 0 1 1 2 2 1 0 0 1 1 2 1 0 2 1 1
0 0 0 1 0 0 0 2 2 2 2 2 0 1 0 1 2 1 2 1 0 2
0 1 0 0 0 0 0 1 1 1 2 0 0 0 0 2 2 2 1 1 0 1
1 1 0 1 1 1 1 1 0 1 2 0 0 0 0 2 2 1 1 0 0 1
0 1 0 0 0 0 0 1 0 1 2 0 0 0 0 1 2 0 2 1 1 1
1 0 0 0 0 0 0 2 1 2 2 2 0 0 0 2 2 2 2 1 0 1
1 0 0 0 0 0 1 2 2 2 1 0 0 0 0 1 2 0 1 0 0 0
0 2 1 0 0 0 1 1 0 2 2 0 0 0 0 2 2 1 2 1 0 1
1 1 0 2 0 1 0 1 0 2 2 1 0 1 0 2 2 1 0 1 1 2
0 0 1 0 1 0 2 1 0 2 2 2 0 0 0 0 2 2 0 2 0 1
0 1 0 0 0 0 0 2 1 2 2 0 0 0 0 0 2 2 1 2 0 1
0 2 0 1 0 0 2 0 1 2 2 1 0 0 0 2 2 0 2 0 0 1
0 2 0 0 1 0 1 0 1 2 2 0 0 0 0 1 2 1 1 2 0 2
0 0 0 0 1 0 0 0 0 0 2 1 0 0 0 1 2 1 0 1 0 1
0 2 1 1 0 0 0 2 1 1 2 0 0 1 0 1 2 2 0 0 0 2
0 2 1 0 0 0 1 1 1 1 1 2 1 0 0 1 1 2 2 0 1 2
0 0 0 1 1 0 0 1 1 1 2 1 0 0 0 2 2 1 1 0 1 0
1 2 1 2 1 0 0 2 1 2 2 1 0 0 0 2 2 2 1 0 1 1
0 1 0 0 0 0 1 2 1 1 2 2 0 0 0 1 2 2 1 1 1 0
1 0 1 1 0 0 0 2 1 1 2 1 0 0 0 1 2 1 1 1 1 1
0 2 0 0 0 0 0 1 0 2 2 1 0 0 0 0 2 1 2 0 1 1
0 2 0 2 1 0 0 2 1 1 2 1 0 0 0 1 2 2 1 0 2 2
0 1 0 0 1 0 1 2 2 1 2 1 0 0 0 0 2 0 0 1 0 2
0 0 0 0 0 1 0 1 1 1 2 2 0 0 0 1 2 2 1 0 0 2
0 0 0 0 0 0 1 2 1 2 2 2 0 0 0 2 2 2 2 1 0 1
0 1 0 1 0 0 1 2 0 2 2 0 0 0 1 1 2 1 1 0 0 1
1 2 0 0 0 1 0 1 0 2 2 0 0 0 0 1 2 1 1 1 0 2
0 2 0 1 0 0 1 0 0 2 2 2 0 0 0 2 2 2 1 1 0 0
0 1 0 0 0 1 1 1 1 2 2 1 0 0 0 2 2 1 2 0 0 2
0 0 0 1 0 0 0 1 1 2 2 1 0 0 0 2 2 1 1 1 1 0
0 2 0 1 0 0 0 1 0 1 2 2 0 0 0 1 2 2 1 1 0 1
1 1 0 0 1 0 1 1 1 1 1 2 0 0 0 2 2 1 1 2 0 1
0 0 1 0 0 0 0 0 1 1 2 1 0 0 0 2 1 2 0 1 1 0
0 1 0 0 0 0 1 1 0 1 2 2 0 0 0 1 2 1 1 1 2 2
0 1 0 0 0 0 1 2 1 2 2 1 0 0 0 2 2 0 0 1 1 2
0 2 1 0 0 0 0 1 1 2 2 2 0 1 0 2 2 1 2 1 0 2
0 1 0 1 0 0 0 2 0 1 2 2 0 0 0 1 2 1 1 0 1 1
0 0 0 0 1 0 0 1 0 0 1 1 0 0 0 2 2 1 2 0 0 1
0 0 0 1 0 0 1 2 1 1 2 0 0 0 0 1 2 1 2 1 0 0
0 1 0 0 0 0 0 1 2 2 2 2 0 0 0 1 2 2 2 2 1 2
0 0 0 1 0 0 0 1 1 1 1 0 0 0 0 1 2 2 1 0 0 1
0 1 0 1 0 0 1 2 0 1 2 2 0 0 0 2 2 1 0 1 1 0
1 2 0 2 0 0 0 2 1 1 1 0 0 0 0 2 2 2 1 1 0 1
0 0 0 1 0 0 0 1 1 1 2 1 0 0 0 2 2 0 2 2 1 0
0 0 0 1 0 0 1 0 0 2 2 1 0 0 0 1 2 2 1 1 1 0
0 1 0 1 0 0 0 2 1 2 2 1 0 0 0 1 2 1 2 0 1 0
0 2 0 1 0 0 1 1 1 1 2 1 0 0 0 1 2 0 2 1 1 2
1 1 0 0 0 0 1 2 2 2 2 1 0 0 0 2 2 1 1 0 1 0
1 1 0 1 0 0 0 1 1 1 2 1 0 0 0 1 2 1 0 0 0 2
0 1 0 0 0 0 1 2 1 2 2 2 1 0 0 1 2 2 1 2 0 0
0 1 0 0 0 0 0 1 1 1 2 0 0 0 0 2 2 1 0 0 0 1
0 2 0 2 1 0 1 1 2 2 2 2 0 0 0 2 2 0 0 1 0 1
0 2 0 1 0 0 1 1 2 2 2 0 0 0 0 1 2 1 0 1 2 2
0 1 0 0 0 0 1 1 1 2 2 1 0 1 0 1 2 1 2 1 1 0
0 2 0 1 0 0 1 1 1 0 2 2 0 0 0 1 2 1 1 2 1 2
0 2 0 2 1 0 0 2 0 1 2 0 0 1 0 1 2 1 1 2 1 1
1 2 0 0 0 0 0 1 1 2 2 1 0 1 0 2 2 2 1 1 0 1
1 1 0 1 0 0 1 1 0 1 2 0 0 0 0 2 2 1 1 2 1 1
1 1 1 1 0 0 0 1 0 2 2 1 0 1 0 2 2 1 1 1 1 2
0 0 0 0 0 0 0 2 0 2 2 1 0 0 0 1 2 1 2 0 1 0
0 2 0 2 0 0 2 1 1 2 2 0 0 0 0 1 2 0 0 1 1 1
1 0 0 1 2 0 1 1 1 2 2 0 0 0 0 0 2 1 2 1 1 0
1 1 0 0 0 1 0 2 1 1 2 1 0 0 0 0 2 0 1 1 0 2
1 1 0 0 0 0 1 0 1 1 1 1 0 0 0 2 2 1 1 0 1 1
2 1 0 2 0 0 0 1 0 2 2 0 0 0 0 1 2 1 1 2 1 1
0 2 0 0 2 0 0 1 0 0 2 1 0 0 0 1 2 2 0 1 2 1
0 1 1 0 1 0 0 2 1 0 2 1 0 0 0 2 2 1 1 2 0 1
0 2 0 0 0 1 0 2 1 1 2 1 0 0 0 1 2 2 0 2 0 0
0 1 0 0 0 0 0 1 1 1 2 2 0 0 0 2 2 1 1 2 1 0
0 0 0 1 0 0 1 1 1 1 2 2 0 0 0 2 2 1 2 1 0 2
0 1 0 1 0 0 0 2 1 2 2 2 0 0 0 2 2 1 1 0 1 1
0 0 0 0 1 1 0 2 1 2 2 1 0 0 0 2 1 0 1 1 0 1
0 1 0 0 0 0 0 1 1 2 2 2 0 0 0 1 2 1 1 0 2 0
0 2 0 0 1 0 0 2 0 2 1 1 0 0 0 1 2 1 1 1 0 2
0 2 0 1 0 2 1 0 1 1 2 1 0 0 0 2 2 2 0 0 2 1
1 0 0 1 0 1 1 2 2 1 2 2 0 0 0 1 2 0 2 0 2 0
1 2 0 0 0 0 0 2 1 2 2 1 0 0 0 1 2 1 2 0 2 0
1 2 0 2 0 0 0 1 1 2 2 2 0 0 0 1 2 1 0 1 0 2
0 1 0 2 0 1 0 2 0 2 2 1 0 0 0 1 1 0 2 2 1 0
0 1 0 0 0 0 0 2 1 2 2 2 0 0 0 2 1 1 0 0 1 1
0 1 1 0 0 1 1 2 0 1 2 0 0 0 0 1 2 1 1 1 1 0
0 1 0 1 0 0 0 1 1 0 2 0 0 0 1 1 1 1 1 1 2 2
1 1 0 0 0 0 0 1 0 2 2 1 0 0 0 0 2 2 1 2 1 2
1 1 0 0 0 0 1 2 0 1 2 0 0 0 0 1 2 2 1 1 1 2
0 1 1 1 0 0 0 2 2 2 2 2 0 1 0 1 2 2 1 1 0 2
0 1 0 0 1 0 0 2 0 1 2 0 0 0 0 2 2 0 2 1 1 1
1 1 0 2 0 0 1 1 2 2 2 1 0 0 0 1 2 2 0 1 0 0
0 1 0 2 0 0 0 0 2 1 2 1 0 0 0 1 2 1 0 1 1 2
0 1 0 1 1 0 1 1 0 2 2 1 0 0 1 2 1 1 0 0 0 2
0 2 0 0 0 0 0 1 1 2 2 2 0 0 0 2 2 1 2 0 1 1
0 1 0 1 0 0 0 1 0 1 1 1 0 0 0 1 2 1 2 1 0 1
0 2 0 0 0 0 0 1 0 1 2 1 0 0 0 2 1 1 1 0 1 2
1 0 0 1 0 1 1 1 2 1 2 2 0 0 0 2 2 1 1 0 0 0
0 1 0 1 0 1 0 1 1 1 2 0 0 0 0 2 2 2 1 1 1 1
0 1 0 1 0 0 1 1 1 0 2 0 0 0 0 1 1 1 1 0 0 1
0 1 0 0 0 0 1 1 1 2 2 0 0 0 0 2 2 2 0 0 0 0
0 1 1 2 0 0 0 2 2 2 2 1 0 0 0 1 1 2 0 0 1 1
0 2 0 1 0 0 1 2 2 1 2 0 0 0 0 1 2 1 0 0 0 1
0 0 0 0 0 0 1 0 1 2 2 0 0 0 0 2 2 0 0 0 1 1
1 1 1 2 0 0 0 1 1 1 2 1 0 0 0 2 2 1 2 1 1 0
0 1 1 0 0 0 0 2 1 2 2 2 0 0 1 2 2 1 2 2 1 1
0 1 0 1 0 0 0 2 0 1 2 1 0 0 0 0 2 1 1 2 0 1
0 2 0 0 0 0 0 2 0 2 2 0 0 0 0 2 2 2 2 0 0 2
0 1 0 1 0 0 1 2 0 2 2 2 0 0 0 1 2 0 1 1 0 1
0 2 0 1 0 0 0 1 0 1 2 0 0 0 0 1 2 2 1 0 0 2
0 1 0 1 1 0 1 1 0 2 2 1 0 0 0 1 0 1 1 2 0 1
0 0 0 0 0 0 0 1 0 1 2 0 0 0 0 1 1 0 2 2 1 0
0 1 0 1 1 0 1 2 1 1 2 1 0 0 0 2 2 2 1 1 1 2
0 1 0 1 0 1 1 1 0 1 2 0 0 0 0 2 2 2 1 1 1 1
0 1 1 2 1 0 0 1 0 0 2 1 0 0 0 1 2 1 1 2 1 0
0 1 0 1 0 0 0 2 1 1 2 0 0 0 0 1 2 1 1 0 0 2
0 1 0 1 0 0 0 2 1 2 1 0 0 0 0 2 2 1 2 2 1 1
1 1 0 0 0 0 0 1 0 2 2 1 0 0 0 1 2 1 2 0 1 1
0 2 0 2 1 0 0 1 2 1 2 1 0 0 0 2 1 2 2 1 2 0
2 1 1 1 0 0 1 1 1 1 2 1 0 0 0 0 2 2 2 2 0 0
0 1 0 0 1 0 1 1 1 1 1 2 0 0 0 2 1 1 1 2 2 1
0 1 0 0 0 0 0 2 0 1 2 1 0 0 0 2 1 2 1 1 0 1
0 1 0 2 0 0 1 1 0 2 2 1 0 0 0 2 1 1 2 1 1 1
0 1 0 1 0 0 1 2 1 1 2 1 0 0 0 1 2 1 1 1 1 1
1 2 0 0 1 0 1 2 1 2 2 2 0 0 0 2 2 1 2 1 1 2
0 1 0 0 0 0 0 2 1 1 2 0 0 0 0 2 2 1 2 0 1 2
0 2 0 2 1 0 1 2 1 2 2 1 0 0 0 2 1 2 1 1 0 0
1 1 0 0 0 2 0 2 0 2 2 1 1 0 0 1 2 2 1 0 1 2
0 1 0 2 0 0 0 0 0 2 1 1 0 0 0 1 2 0 0 0 0 2
1 1 0 0 0 0 1 1 0 2 2 1 0 0 0 1 2 2 1 1 0 0
0 1 0 2 0 0 0 2 1 1 2 2 0 0 0 0 1 1 0 0 0 1
0 1 0 1 0 0 0 1 1 1 2 2 0 0 0 2 2 0 1 0 1 0
0 1 0 0 1 0 0 1 0 2 2 2 0 0 0 2 2 0 1 1 1 1
0 1 0 1 0 1 0 2 0 1 2 1 0 0 0 2 2 1 1 0 1 0
0 2 0 1 1 0 1 1 0 2 2 1 0 0 0 2 2 2 0 1 0 1
0 0 0 1 0 0 0 2 0 1 2 1 0 0 0 1 2 0 2 0 1 1
1 1 1 1 0 0 0 2 0 1 2 0 0 0 0 2 1 2 1 2 1 2
0 0 1 0 0 1 1 1 1 1 2 2 1 0 0 2 1 1 2 1 1 2
0 0 0 0 0 0 0 2 0 1 2 0 0 0 0 0 2 0 2 1 0 1
1 1 2 0 0 0 1 2 0 1 2 0 1 0 0 1 1 2 1 1 0 1
1 1 0 0 0 1 0 2 0 1 2 1 0 0 0 2 2 2 1 2 0 1
0 2 0 1 0 0 2 1 1 2 2 1 0 0 0 1 2 1 0 1 1 2
0 1 0 1 0 0 1 2 1 2 2 1 0 0 0 0 2 2 1 2 0 1
0 1 0 0 1 0 0 0 2 1 2 1 0 0 0 1 2 0 2 1 1 0
0 2 1 1 0 0 1 1 1 0 2 1 0 1 0 1 2 2 0 1 0 1
0 2 0 0 1 0 0 2 1 2 2 2 0 0 0 0 0 1 2 2 1 2
0 2 0 0 0 0 1 1 0 0 2 1 1 0 0 0 2 0 1 1 2 1
0 0 0 0 0 0 1 2 0 2 2 0 0 0 0 2 1 0 1 1 1 2
1 1 0 2 1 0 0 2 1 1 2 2 0 0 0 1 2 2 1 1 1 1
0 2 0 1 0 0 0 1 1 1 2 1 0 0 0 1 2 1 1 1 0 1
0 1 0 0 0 0 0 1 1 2 2 0 0 0 0 0 2 1 2 1 1 2
1 1 0 1 0 1 1 1 0 1 2 2 0 0 0 2 2 1 1 0 0 1
0 1 0 1 0 1 0 2 2 2 2 1 0 0 0 1 2 2 2 0 1 2
0 2 0 2 0 1 0 2 2 1 2 0 0 0 0 1 2 1 0 1 0 1
0 2 0 2 0 0 2 1 1 0 2 0 0 0 0 1 2 1 2 2 1 1
1 1 0 1 0 1 1 1 2 2 2 1 0 0 0 2 2 2 0 2 0 0
0 0 0 1 0 0 2 0 0 1 2 1 0 0 0 2 2 0 1 2 1 1
0 0 0 1 0 0 1 2 1 2 2 2 1 0 0 2 2 1 1 2 1 2
0 1 0 0 0 0 1 1 2 2 2 0 0 0 0 1 1 1 2 1 0 1
0 0 0 1 0 0 1 2 2 1 2 1 0 0 0 1 2 1 2 1 0 0
1 1 0 0 0 0 0 1 0 0 2 0 0 0 0 0 2 0 2 1 0 0
0 1 0 1 0 1 1 2 2 2 2 2 0 0 0 2 2 1 1 1 0 0
0 1 1 0 1 0 0 2 0 2 1 1 0 0 0 2 2 2 1 2 0 0
0 2 0 0 0 0 0 0 1 2 2 0 0 1 0 1 2 0 2 0 1 1
0 0 0 1 0 0 1 2 1 2 2 1 0 0 0 2 2 0 2 0 0 1
1 1 0 0 0 1 0 2 1 1 2 2 0 1 0 1 1 0 0 0 0 1
0 1 0 2 1 0 1 2 1 2 2 0 0 0 0 2 2 2 2 1 1 1
0 0 0 1 1 0 0 1 2 2 2 1 0 0 0 1 2 0 1 0 0 1
0 1 0 1 0 0 1 2 0 1 2 0 0 0 0 2 2 0 2 1 0 1
0 2 1 1 0 0 1 1 2 2 2 1 0 0 0 1 2 1 2 0 2 2
0 1 0 2 0 0 1 1 0 2 1 1 0 0 0 1 2 0 2 1 1 1
0 0 0 1 0 0 1 2 0 2 1 0 0 0 0 1 2 0 1 2 1 1
1 0 0 1 0 0 0 1 0 1 2 0 0 0 0 1 2 1 1 2 1 0
1 0 0 1 0 0 0 2 1 2 2 2 0 0 0 1 2 1 1 0 0 1
1 1 0 1 1 1 0 1 2 2 2 2 0 0 0 2 2 0 1 0 2 1
0 1 0 1 0 0 0 2 0 2 2 0 1 0 0 2 2 1 1 1 0 1
0 1 0 1 0 0 0 1 0 1 2 0 0 0 0 1 1 1 2 0 0 1
0 2 0 0 0 0 1 1 1 1 2 2 1 0 0 1 2 2 2 1 1 1
0 2 0 2 0 0 0 1 0 2 2 0 0 0 0 2 2 2 1 0 1 1
0 2 0 0 1 0 0 2 2 2 2 1 0 0 0 2 1 0 1 0 0 2
0 1 0 2 0 0 2 2 0 1 2 1 0 0 0 1 2 1 1 1 1 0
0 0 0 1 0 0 0 2 0 1 2 1 0 0 0 1 2 1 1 1 0 2
0 2 0 1 1 0 1 1 0 2 2 1 1 0 1 1 1 1 1 0 1 1
1 0 0 1 0 0 0 1 0 2 2 1 0 0 0 2 2 2 1 2 1 2
0 1 0 0 0 0 1 1 2 0 1 1 1 0 0 2 2 1 2 1 0 1
0 1 0 0 1 0 0 2 2 1 2 1 0 0 0 0 1 0 0 2 0 2
1 2 1 0 0 0 0 2 1 2 2 0 0 0 0 2 1 1 1 0 1 1
1 1 0 1 0 0 1 2 1 1 2 0 0 0 0 2 2 1 1 1 1 1
0 1 0 2 1 0 2 2 1 1 2 2 0 0 0 1 2 1 1 1 0 1
0 1 1 0 0 0 0 2 1 1 2 1 0 0 0 1 2 1 1 2 0 1
0 2 0 1 0 0 0 2 1 1 2 0 0 0 0 2 2 1 2 0 0 1
0 1 0 1 0 0 0 1 1 0 2 0 0 0 0 1 2 1 1 2 0 1
0 0 0 1 0 0 2 1 1 2 1 1 0 0 0 2 1 0 0 1 0 1
0 1 0 2 0 0 0 2 0 2 2 1 1 1 0 2 2 0 1 1 1 2
0 2 0 1 0 0 1 1 0 2 2 2 0 0 0 2 1 0 2 0 2 2
0 2 0 1 1 0 0 1 1 2 2 1 0 0 0 1 1 2 1 0 1 2
0 1 0 0 1 0 0 2 1 2 2 0 0 0 0 2 2 2 2 2 1 2
0 2 0 0 0 0 1 1 1 1 2 2 0 0 0 0 2 1 0 1 1 1
0 1 0 0 0 0 2 2 0 1 2 1 0 0 0 1 2 1 2 0 1 0
0 1 0 1 0 0 1 1 2 2 2 1 1 0 0 1 1 1 1 0 1 2
0 1 0 1 0 0 0 2 0 2 2 1 0 0 0 1 2 1 1 0 0 1
1 0 0 1 0 0 0 0 0 1 2 0 0 0 0 1 1 0 0 1 1 0
0 2 0 0 1 0 0 2 2 1 2 1 0 0 0 2 1 1 1 1 1 2
1 1 0 0 0 0 0 2 1 1 2 0 0 0 0 2 1 0 2 0 1 0
0 2 0 1 0 1 0 1 0 2 2 1 0 0 0 2 1 1 1 0 0 1
1 2 0 0 0 0 0 2 2 2 2 1 0 0 0 0 2 0 0 1 0 1
0 1 0 0 1 0 0 1 1 1 2 1 0 0 0 2 2 0 1 2 1 0
0 1 0 1 0 0 2 1 0 2 2 1 0 0 0 2 2 2 2 2 0 0
0 1 0 0 0 0 0 2 2 0 2 1 0 0 0 2 2 2 0 2 0 0
0 1 0 1 1 0 0 2 1 2 2 2 0 0 0 1 2 1 0 1 1 1
0 1 1 0 0 1 1 2 1 1 2 1 0 0 0 1 1 1 2 1 2 2
0 1 0 0 0 1 0 2 2 2 2 1 0 0 0 1 1 0 1 2 1 2
0 2 0 0 0 0 1 0 1 1 2 1 0 0 0 2 2 2 0 0 0 0
0 1 0 1 0 0 1 2 1 2 2 1 0 0 0 0 2 2 0 0 1 1
1 2 0 0 0 1 0 2 1 2 2 0 0 0 0 2 1 2 0 0 1 1
0 0 0 2 0 0 0 2 2 2 2 0 0 0 0 0 2 1 1 0 1 0
0 1 0 1 0 0 1 2 0 2 2 1 0 0 0 1 2 0 1 1 1 1
0 1 1 1 0 0 1 1 1 1 2 2 0 0 0 1 2 1 0 0 1 0
0 0 1 1 0 0 0 0 1 1 2 2 0 0 0 2 2 0 2 2 0 2
0 1 0 0 1 0 1 0 1 2 2 2 0 0 0 1 2 0 1 2 1 1
0 1 0 1 0 0 1 2 1 1 1 1 0 0 0 2 2 2 2 1 0 1
0 0 1 0 0 0 1 0 1 1 2 0 0 0 0 1 2 1 2 1 0 1
0 2 1 1 0 0 0 2 1 2 2 0 0 0 0 2 2 0 1 0 0 0
0 1 0 1 1 0 0 1 0 1 2 0 1 0 0 2 2 1 2 0 1 0
0 1 0 1 0 0 0 1 1 2 2 0 0 0 0 1 1 1 1 0 0 1
0 0 0 1 1 0 0 2 1 1 2 0 0 1 0 1 2 1 0 0 2 2
0 2 0 2 0 0 1 2 0 2 2 1 0 0 0 2 2 1 2 1 1 2
2 1 0 0 0 0 1 2 1 1 2 2 0 0 0 2 1 0 0 0 1 1
0 0 0 1 0 0 0 1 0 1 2 1 0 0 0 1 2 1 1 1 1 1
0 2 0 1 0 0 0 1 0 2 2 0 0 0 0 0 2 1 2 1 0 1
0 1 0 1 0 0 0 2 0 2 2 2 0 0 0 2 2 0 1 2 0 1
0 2 0 0 1 0 0 2 0 2 1 0 0 0 0 0 1 1 1 0 0 2
0 1 0 0 0 0 0 2 2 1 2 2 0 0 0 2 2 2 0 2 0 0
0 1 0 1 0 0 0 1 1 2 2 1 0 1 0 2 2 2 1 1 1 2
0 2 0 0 1 0 0 2 0 2 2 0 0 0 0 2 1 1 1 0 0 1
1 0 0 0 1 0 0 1 0 0 2 1 0 0 0 1 2 2 2 0 0 0
1 1 0 1 0 0 0 2 1 0 2 1 0 0 0 1 2 1 1 1 1 1
0 1 0 0 0 0 1 2 1 0 2 1 0 0 0 1 2 0 1 1 0 1
0 2 0 0 0 0 1 1 0 0 2 1 0 0 0 1 2 1 1 1 0 1
0 1 1 0 0 0 0 2 1 1 2 0 0 0 0 1 2 2 2 0 0 2
1 1 0 1 1 0 0 1 0 1 2 1 0 0 0 2 2 1 0 0 0 2
0 1 1 0 0 0 0 1 0 0 2 2 0 0 0 2 2 1 1 0 0 2
0 1 0 0 0 1 1 2 2 2 2 1 0 1 0 1 2 2 1 2 0 1
0 0 0 0 0 1 0 2 0 2 2 0 0 0 0 1 2 1 1 0 2 2
0 2 1 1 0 0 0 2 2 2 1 1 0 0 0 1 2 0 1 1 0 2
1 1 0 1 0 0 1 1 0 1 2 2 0 0 0 1 2 2 0 1 1 2
1 2 1 0 0 1 1 2 1 2 2 1 0 0 0 1 2 0 1 0 0 1
1 1 0 0 1 0 0 0 2 1 2 1 0 0 0 2 2 0 2 0 1 1
0 1 0 0 0 0 1 2 1 2 2 0 0 0 0 1 2 2 2 1 1 1
0 2 1 1 0 0 1 1 2 2 2 1 0 0 0 2 2 2 1 0 1 1
0 2 0 0 0 0 0 2 1 1 2 1 0 0 0 2 2 1 0 1 2 0
1 0 0 0 0 0 2 0 0 1 2 1 0 0 0 1 1 2 1 2 0 2
0 1 1 0 0 0 1 1 1 2 2 1 0 0 0 1 2 1 1 1 0 1
1 0 2 0 0 0 0 2 1 2 2 1 0 0 0 2 2 0 2 1 0 1
2 2 0 0 0 1 1 2 2 2 2 1 0 0 0 2 2 2 1 1 0 2
0 2 0 1 0 0 0 0 1 1 2 0 0 1 0 1 2 0 1 0 1 2
1 2 0 0 0 0 0 1 0 1 2 0 0 0 0 2 2 1 2 1 2 0
0 0 0 0 0 0 0 2 1 1 2 2 0 0 0 2 2 0 0 2 1 0
0 1 0 0 1 0 2 2 0 1 2 0 0 0 0 0 2 1 2 1 0 2
0 2 0 1 0 0 0 1 2 2 2 1 0 0 0 2 2 2 1 1 1 1
0 2 0 1 0 0 0 1 0 2 2 2 0 0 0 1 2 2 1 0 0 1
0 1 0 2 0 0 0 1 0 2 2 1 1 0 0 2 1 1 1 1 0 0
0 2 1 0 1 0 1 1 0 2 1 1 0 0 0 2 2 1 1 0 0 1
2 0 0 0 0 0 0 2 1 2 2 1 0 1 0 2 2 1 0 0 0 1
1 1 0 0 2 0 0 1 1 2 2 1 0 0 0 2 2 1 2 0 2 0
0 1 0 0 0 0 0 2 0 2 2 0 0 0 0 1 2 1 2 1 0 0
1 2 0 0 0 0 0 1 2 2 2 2 0 0 0 1 2 0 2 0 0 1
1 1 0 1 1 0 1 2 1 0 2 0 0 0 0 2 1 1 1 0 1 2
0 2 0 0 0 0 0 2 0 1 2 2 0 0 0 0 2 0 0 0 1 2
0 2 0 0 0 0 0 2 1 1 2 1 0 0 0 0 1 1 1 1 2 1
1 1 1 1 0 0 0 1 1 0 2 2 0 0 0 1 2 0 1 0 0 1
0 1 0 1 0 0 0 1 0 0 2 1 1 0 0 2 2 1 2 1 0 0
0 1 0 2 0 0 0 2 1 1 2 1 0 0 0 1 2 0 0 2 1 1
1 0 0 0 0 0 2 2 1 1 2 0 0 0 0 1 1 1 1 1 0 1
0 2 0 0 0 0 1 0 0 1 2 1 0 1 0 1 1 2 2 0 0 1
0 1 0 1 1 0 0 2 1 0 2 0 0 0 0 1 2 1 1 1 0 1
0 2 0 2 1 0 0 2 0 1 2 1 0 0 0 2 2 1 0 1 1 1
1 1 0 1 0 0 0 2 1 2 2 1 0 0 0 2 2 2 1 0 2 1
0 1 0 0 0 0 0 2 0 1 2 2 0 0 0 1 2 2 1 1 1 1
0 1 0 0 1 0 1 2 2 1 2 1 0 0 0 2 2 2 1 0 1 2
0 1 0 2 0 0 1 2 1 2 2 1 0 0 0 1 2 2 1 1 0 1
1 2 0 0 1 0 1 2 0 2 2 0 0 0 0 2 2 1 1 0 2 1
0 1 0 1 0 0 0 2 1 2 2 0 0 0 0 0 2 1 1 2 0 2
0 2 0 1 0 0 0 2 1 2 2 1 0 0 0 2 1 0 1 0 0 1
0 0 0 1 0 0 1 1 0 2 2 1 0 0 0 0 2 0 2 1 0 2
1 0 0 1 0 0 1 2 0 1 2 2 0 0 0 2 1 0 1 0 2 1
1 2 0 0 0 0 1 2 2 1 2 1 0 0 0 2 2 1 1 1 0 1
0 2 1 1 0 0 2 0 0 2 2 0 0 0 0 1 2 2 1 1 2 1
0 1 0 1 0 0 1 0 0 1 2 2 0 0 0 2 2 1 2 1 0 1
0 1 0 1 0 0 1 1 0 2 2 2 0 0 0 2 2 2 2 1 0 1
0 1 0 0 2 1 0 1 2 2 2 1 0 0 0 0 2 1 1 1 1 2
0 0 0 0 1 0 0 1 0 2 2 1 0 0 0 2 1 1 1 2 2 1
0 2 0 1 0 0 0 2 0 1 2 2 0 0 0 1 2 1 1 2 1 1
0 1 1 1 0 0 0 2 2 1 2 1 0 0 0 1 2 1 2 1 0 2
0 1 2 1 0 0 1 1 0 2 2 1 1 0 0 1 2 0 1 0 0 0
0 1 1 0 0 0 1 1 0 2 2 1 0 0 0 0 2 1 1 1 1 2
0 2 0 1 0 0 0 1 1 1 2 0 0 0 1 2 2 2 1 0 1 1
0 0 0 1 0 0 2 2 0 1 2 1 0 0 1 1 1 2 0 1 0 2
0 2 0 1 1 0 1 1 1 1 2 1 0 0 0 2 2 0 2 1 1 2
0 1 0 1 0 0 0 2 0 2 2 1 0 0 0 2 2 0 1 1 0 0
1 2 0 0 0 0 1 1 1 2 2 1 1 0 0 1 2 1 1 0 1 1
2 2 0 0 0 0 0 2 0 2 2 1 0 0 0 1 2 1 1 0 0 2
2 0 1 0 0 0 1 1 0 2 2 1 0 0 0 1 2 1 0 1 2 1
0 1 0 0 2 0 0 0 2 2 2 1 0 0 0 1 2 0 0 1 0 1
0 0 1 1 1 0 1 2 0 1 2 2 0 0 0 2 2 1 0 1 1 0
0 2 0 2 0 0 1 2 1 2 2 2 1 0 0 1 2 2 2 1 1 2
1 1 0 1 0 0 0 2 2 2 2 0 0 0 0 1 2 1 1 0 1 2
0 1 0 1 0 0 1 1 1 2 2 1 0 0 0 2 2 0 0 1 0 1
1 1 1 1 0 1 0 2 1 1 2 2 0 0 0 0 2 1 1 1 1 0
0 1 0 1 0 0 0 2 0 1 2 1 0 1 0 2 2 0 1 1 1 1
1 1 0 1 1 0 0 2 2 2 2 1 0 0 0 2 2 2 1 2 1 1
1 2 0 0 0 0 0 2 1 2 2 1 0 0 0 1 2 2 2 1 1 1
1 2 0 1 0 0 0 0 0 1 2 1 0 0 0 1 2 0 2 0 0 2
0 1 1 1 0 2 0 1 0 1 2 0 0 0 0 1 1 2 2 1 1 1
1 1 1 0 0 0 1 2 2 2 2 1 0 0 0 2 2 2 1 0 1 2
0 1 0 0 0 0 0 2 1 1 2 2 0 0 0 1 1 0 1 1 0 1
0 2 1 1 0 0 0 1 1 1 2 1 2 0 0 1 1 1 1 2 0 0
1 1 0 0 0 0 1 2 1 1 2 2 0 0 0 1 2 0 2 0 1 0
1 0 0 2 0 0 1 2 1 2 2 1 0 0 0 2 1 2 2 0 0 1
0 1 0 0 0 1 1 2 1 1 2 1 0 0 0 1 2 1 1 2 1 0
0 2 0 1 0 0 0 1 1 2 2 1 0 0 0 2 2 1 1 1 2 1
0 1 0 2 0 0 1 2 1 1 2 1 0 0 0 1 2 1 1 1 1 1
0 2 1 1 1 0 0 1 1 1 2 1 0 0 0 2 2 1 2 0 0 2
0 1 0 0 0 1 0 1 1 2 1 0 0 0 0 2 2 1 2 2 0 2
0 1 0 1 0 1 1 2 0 2 2 2 0 1 0 1 2 1 2 0 1 0
0 1 0 0 0 0 0 1 1 1 2 0 0 0 0 1 2 2 1 2 1 1
0 2 0 0 0 0 1 2 2 0 2 2 0 0 0 1 2 2 2 0 1 1
0 0 0 1 0 0 1 1 0 2 2 2 0 0 0 2 2 1 1 1 0 1
0 1 0 0 0 0 1 1 0 2 2 0 0 0 0 2 2 0 0 2 0 1
0 1 0 2 0 0 0 1 1 2 2 2 0 0 0 2 1 1 1 0 1 1
0 1 0 1 0 0 0 2 1 1 2 2 0 0 0 2 2 2 1 0 0 1
0 0 0 2 0 0 1 2 0 2 2 0 0 0 0 1 2 0 0 1 1 0
1 0 0 1 1 0 0 1 0 1 1 1 0 0 0 2 2 2 1 1 0 2
0 2 0 0 0 0 0 2 0 1 2 1 0 0 0 1 2 0 1 0 0 1
0 1 0 0 0 0 1 2 0 2 2 2 0 0 0 1 1 2 1 1 0 2
0 2 2 2 0 0 0 2 1 2 2 1 0 0 0 1 1 0 1 1 0 0
0 2 0 1 2 0 1 2 2 1 2 1 0 0 0 1 2 1 0 1 1 0
0 2 1 0 0 0 1 1 2 1 2 1 0 0 0 2 2 1 0 0 1 1
0 1 0 0 0 0 1 2 1 1 1 1 0 0 0 1 2 1 1 2 2 1
0 1 0 1 1 0 0 2 0 0 2 0 0 0 0 1 2 0 2 1 0 0
0 1 0 0 0 0 0 1 0 1 2 1 0 0 0 2 1 1 1 1 0 1
1 2 0 1 0 0 1 2 1 1 2 1 0 1 0 1 2 1 1 0 1 1
0 1 0 1 0 0 2 1 0 1 2 0 0 1 0 2 2 0 0 2 0 0
0 0 0 0 0 0 0 1 0 2 2 1 0 0 1 2 2 1 0 2 1 1
0 0 0 0 1 0 0 2 1 1 2 1 0 0 0 1 2 1 0 2 0 0
1 2 0 1 0 0 1 1 2 2 1 0 0 0 0 2 2 1 2 0 0 0
1 0 0 1 0 0 0 2 2 2 2 0 0 0 0 1 2 1 1 1 1 2
0 0 0 1 1 0 1 1 0 2 2 0 0 0 0 2 1 0 2 0 0 0
0 2 0 0 0 0 0 1 0 2 2 0 0 0 0 2 1 2 0 0 0 1
1 1 0 2 0 0 0 2 1 2 2 1 0 0 0 2 0 1 1 2 1 1
0 1 0 1 0 0 1 1 0 2 2 0 0 0 0 2 2 1 1 2 0 2
2 2 0 1 0 0 1 2 0 1 2 2 0 0 0 2 1 0 2 2 1 1
0 1 1 0 0 0 0 2 0 2 2 1 0 0 0 2 2 0 1 1 0 1
0 0 0 0 0 0 1 1 0 1 2 1 0 0 0 0 2 2 2 0 0 1
0 0 0 1 1 0 0 1 2 2 2 0 0 0 0 0 2 0 2 1 0 0
0 0 0 2 1 0 1 1 1 1 2 2 1 0 0 0 2 1 1 2 1 1
0 2 0 0 0 0 1 2 1 2 2 1 0 0 0 1 1 2 1 0 0 1
0 1 0 0 0 0 1 2 0 1 2 0 0 0 0 1 1 1 1 2 0 1
1 1 0 1 0 0 0 2 1 2 2 1 0 0 0 1 2 2 2 1 1 1
1 0 0 0 0 0 1 2 0 1 2 1 0 0 0 2 1 1 0 1 2 1
1 1 1 1 1 0 0 1 1 2 2 1 0 0 1 1 2 2 1 1 2 1
0 2 0 1 0 0 0 2 0 1 2 0 0 0 0 2 2 1 1 2 1 0
0 2 0 0 0 0 0 0 1 2 2 0 0 0 0 1 2 1 1 0 0 2
0 1 0 0 0 0 0 2 2 2 2 1 0 0 0 2 1 1 1 0 2 1
0 2 0 1 0 0 0 2 1 1 2 0 0 0 0 2 2 0 1 1 0 1
1 2 0 1 0 0 1 1 2 2 2 1 0 0 0 2 2 2 1 1 0 2
1 2 0 0 0 0 1 1 0 1 2 1 0 0 0 1 1 2 1 1 1 1
0 1 0 0 1 0 0 0 0 1 1 1 0 0 0 1 2 0 1 1 1 1
1 1 0 0 0 1 2 1 1 2 2 0 0 1 0 2 2 1 1 2 0 1
0 0 1 1 1 0 0 0 1 1 2 1 0 0 0 2 1 1 2 1 0 2
0 0 0 1 0 0 0 2 0 1 2 0 0 0 0 1 2 2 1 1 1 1
1 2 0 0 0 0 1 2 2 1 2 1 0 0 0 2 1 0 1 1 0 2
0 1 0 0 0 0 1 2 1 2 2 0 0 0 0 1 1 1 1 1 1 2
1 0 0 2 0 0 0 2 0 2 2 0 0 0 0 1 2 2 0 0 1 1
2 0 0 1 0 0 1 1 1 2 2 0 0 0 0 0 2 0 2 2 0 1
0 2 0 1 0 0 0 2 1 1 2 0 0 1 0 2 2 1 1 0 1 1
1 1 0 0 0 1 1 2 0 2 2 1 1 0 0 1 2 2 1 2 1 1
0 2 0 1 0 0 1 2 1 0 2 2 0 0 0 2 2 1 2 0 1 0
0 2 0 0 0 0 2 2 1 2 2 0 0 0 0 2 2 0 1 1 2 1
0 1 0 0 0 0 0 1 1 1 2 1 0 0 0 1 1 1 1 1 0 2
0 1 0 0 0 0 1 2 0 2 2 0 0 0 0 2 2 2 0 0 0 2
0 0 0 0 0 0 0 2 2 2 2 2 0 0 0 2 2 2 1 0 0 1
0 0 0 1 0 0 1 2 0 2 2 1 0 0 0 2 2 1 0 1 0 0
0 1 0 2 0 0 0 2 0 2 2 1 0 0 0 1 2 1 1 0 1 2
1 1 0 0 0 0 0 1 0 1 2 2 0 0 0 2 2 0 0 1 1 1
1 2 0 0 0 0 0 2 1 2 2 0 0 0 0 2 2 0 2 1 0 1
0 1 1 1 1 0 0 2 1 2 2 1 0 0 0 0 2 2 1 2 1 2
0 1 0 1 0 0 1 2 1 0 2 0 1 0 0 1 2 0 2 2 0 1
0 2 0 0 0 0 0 2 0 1 2 0 0 0 0 0 1 2 1 1 0 2
1 1 1 1 0 0 0 2 0 1 2 1 0 0 0 1 2 1 2 0 1 1
1 2 0 1 1 0 1 1 1 1 2 0 0 0 0 2 2 0 1 1 0 1
0 0 0 1 0 0 2 2 0 2 2 1 0 0 0 1 2 1 2 0 2 1
0 2 0 1 0 0 0 1 0 1 2 0 1 0 0 2 2 2 1 1 0 2
0 1 0 0 1 0 0 2 1 2 2 0 0 1 0 1 2 1 1 2 1 1
0 2 0 1 0 0 0 1 0 2 2 1 0 0 0 1 2 1 0 2 1 0
1 2 0 0 0 0 0 2 1 1 2 1 0 0 0 0 2 0 1 1 0 1
0 2 0 0 0 1 1 1 1 2 2 1 0 0 0 0 2 1 0 1 1 0
1 1 0 0 1 0 0 1 1 1 2 0 0 0 0 2 2 2 0 0 1 2
1 1 0 1 1 0 0 2 0 1 2 0 1 0 0 2 2 0 1 1 1 1
2 1 0 0 1 0 1 1 1 0 2 0 0 1 0 0 2 2 0 0 0 1
1 1 0 1 0 0 1 2 0 2 2 0 0 0 0 1 2 2 2 1 0 1
0 2 0 1 0 0 0 2 2 2 2 1 0 0 0 1 2 2 1 0 1 1
0 0 0 1 0 0 1 0 2 2 2 0 0 0 0 1 2 0 0 1 0 0
1 1 0 0 0 0 1 2 1 2 2 1 0 0 0 2 2 1 2 0 0 2
1 2 0 1 0 0 2 1 0 0 2 0 0 0 0 1 2 1 1 1 0 0
1 2 0 1 0 0 1 1 0 2 2 0 1 0 0 2 2 0 2 1 1 1
0 2 0 0 0 0 2 1 2 2 2 1 0 0 0 0 2 0 2 0 0 1
1 1 1 2 1 0 0 2 1 1 2 0 0 0 0 1 2 1 1 2 0 0
1 1 1 0 0 0 0 2 2 1 2 2 0 0 0 2 2 0 2 1 0 2
0 1 0 0 0 0 1 0 0 2 2 2 0 0 0 2 2 1 1 1 2 0
0 2 1 0 1 0 0 2 1 1 2 0 0 0 0 2 2 1 2 1 0 1
0 2 0 1 0 0 0 1 1 2 2 1 0 1 0 2 2 2 1 1 2 1
1 0 0 1 1 0 1 1 0 1 2 0 0 0 0 2 2 1 0 2 2 1
0 2 0 0 0 0 1 1 1 2 2 2 0 0 0 2 2 1 1 0 1 1
0 0 0 1 1 0 1 1 2 2 2 0 0 0 0 1 1 2 2 2 0 1
0 1 0 0 0 0 0 1 1 0 2 1 0 0 0 1 2 0 1 2 2 0
0 1 0 0 0 0 1 2 0 0 2 0 0 0 0 2 2 1 1 0 0 0
0 0 1 1 1 1 1 2 1 2 2 0 0 0 0 2 2 1 1 2 0 1
0 1 0 0 0 0 1 2 0 2 2 0 0 0 0 1 2 2 0 1 1 2
0 2 1 0 0 0 1 2 1 1 2 0 1 0 0 0 2 1 0 2 0 1
0 1 0 0 0 0 0 1 1 1 2 0 0 0 0 2 2 2 0 2 0 2
0 0 0 0 0 0 1 1 0 1 2 1 0 0 0 2 2 2 1 2 1 1
0 1 0 1 0 0 1 1 0 2 2 1 0 0 0 2 2 1 0 0 1 1
1 2 0 1 0 0 0 1 0 1 2 0 0 0 0 0 2 1 1 1 0 0
0 2 0 1 0 1 1 2 1 1 2 0 0 0 0 2 2 2 2 1 0 2
0 2 0 1 1 0 0 2 2 2 1 1 0 0 0 2 2 1 0 2 0 1
1 2 1 1 0 0 2 1 0 2 2 1 0 0 0 2 2 2 0 1 1 2
0 1 0 0 0 0 0 1 1 2 2 0 0 0 0 2 2 2 1 2 1 0
0 1 1 1 0 0 0 1 0 1 2 0 0 0 0 2 1 2 0 2 2 2
0 2 1 0 0 0 0 2 0 1 2 0 0 1 0 1 1 1 1 2 0 1
0 1 0 2 0 0 0 2 1 2 2 0 0 0 0 1 2 1 1 0 1 1
1 1 0 0 0 0 0 2 1 2 2 1 0 0 0 2 2 1 2 1 1 1
1 1 0 0 0 0 1 1 0 1 2 1 0 0 0 2 2 2 1 1 1 1
0 1 0 0 0 0 0 2 0 2 2 2 0 0 0 1 2 0 1 2 1 1
0 1 0 1 1 0 1 0 0 2 2 2 0 0 0 2 2 1 1 0 0 2
0 1 0 0 0 1 1 1 0 2 2 1 0 0 0 1 1 1 1 2 1 1
0 0 0 0 0 0 0 1 0 1 2 1 0 0 1 2 2 0 0 2 0 2
1 1 1 1 0 0 1 1 0 2 2 1 0 0 0 0 2 1 2 1 1 2
0 1 1 1 0 0 0 2 0 2 2 1 0 0 0 1 2 1 0 1 1 2
1 1 0 0 1 0 0 1 0 1 1 0 0 0 0 2 1 1 2 1 0 0
1 2 0 2 0 0 0 1 1 0 2 0 0 0 0 1 2 1 1 1 0 1
0 1 0 0 0 0 0 1 0 1 2 0 0 0 0 1 2 2 1 2 0 0
0 1 0 0 0 0 0 1 0 2 2 2 0 0 0 2 2 1 1 1 0 2
1 1 0 0 0 0 0 1 0 1 2 1 0 0 0 1 2 2 2 2 0 1
0 0 0 1 0 0 0 1 2 2 2 1 0 0 0 2 2 2 1 2 0 1
0 1 0 1 0 0 0 1 2 1 2 0 0 0 0 2 2 0 2 0 0 2
0 2 0 0 1 1 1 0 1 1 2 0 0 0 0 2 2 1 1 1 0 2
0 1 0 0 0 0 1 2 1 0 2 1 0 0 0 1 2 1 1 1 2 2
0 2 0 1 0 0 0 2 1 0 2 1 0 0 0 1 2 1 0 1 0 0
0 0 0 0 0 1 0 0 1 2 2 2 0 0 0 2 1 1 1 2 2 0
1 1 0 1 0 0 2 2 2 2 2 0 0 0 0 2 1 1 2 0 1 0
1 1 0 1 0 1 0 2 1 2 2 1 0 0 0 2 2 1 2 0 0 0
0 2 1 1 0 0 1 1 0 1 2 1 0 0 0 2 2 1 1 0 0 1
1 0 0 0 0 0 1 1 0 1 2 1 0 0 0 2 2 0 2 2 0 1
1 0 0 1 0 0 0 2 1 1 2 1 0 0 0 1 2 0 1 1 0 2
1 1 0 2 0 1 1 1 1 2 2 1 0 0 0 2 2 1 2 1 0 1
0 1 0 0 0 0 0 2 1 2 2 0 0 0 0 2 2 2 1 1 0 2
0 1 0 0 0 0 0 2 1 1 2 1 0 0 0 2 2 2 2 0 0 0
0 1 0 2 0 0 1 1 2 0 2 1 1 0 0 2 1 2 1 2 1 0
0 2 0 1 0 0 0 2 1 1 2 2 0 0 0 1 2 2 2 1 1 1
0 0 1 2 0 0 0 2 1 1 2 0 0 0 0 1 2 2 1 1 0 0
0 2 1 2 0 0 0 0 0 2 2 0 0 0 0 2 2 1 1 0 1 2
0 1 0 0 1 0 0 0 0 2 2 0 0 0 0 1 1 1 0 0 1 2
0 1 0 0 1 0 0 2 0 0 2 1 0 0 0 2 1 1 1 2 0 1
0 1 0 0 0 0 1 2 0 1 2 1 0 0 0 1 1 2 1 1 2 1
0 1 0 1 0 0 0 2 0 1 2 0 0 0 0 2 2 1 1 0 0 0
0 1 0 0 0 0 0 1 1 1 2 0 0 0 0 1 1 0 0 0 2 1
0 2 0 1 0 0 0 2 0 1 2 1 0 0 0 1 2 2 1 1 2 1
0 1 1 1 0 1 0 0 1 2 1 0 0 0 0 0 2 2 1 0 0 0
1 1 1 0 0 0 1 1 2 2 2 1 0 0 0 2 2 2 2 2 1 0
0 1 0 0 1 0 0 1 1 1 2 2 0 0 0 2 2 2 1 2 2 0
0 2 0 0 0 0 0 0 2 0 2 1 0 0 0 0 2 2 1 0 1 1
1 0 0 0 0 0 1 2 1 1 2 0 0 0 0 2 2 1 2 1 0 1
0 1 0 0 1 0 1 1 0 1 2 1 0 0 0 2 2 2 1 1 0 2
0 0 0 0 0 0 0 1 0 2 2 0 0 0 0 0 2 0 2 1 0 2
0 2 1 1 0 0 1 2 2 2 2 0 0 0 0 2 2 1 0 1 1 1
0 2 0 0 0 0 0 1 1 2 2 1 0 0 0 1 2 1 0 1 1 0
0 2 1 0 0 0 1 1 2 1 2 0 0 0 0 2 2 2 1 1 1 2
0 0 0 1 2 1 1 2 2 1 2 1 0 0 0 2 2 1 1 2 1 1
0 2 0 1 1 0 0 2 1 1 2 0 0 0 0 2 2 1 0 2 1 2
0 1 0 2 0 0 0 0 1 2 2 1 0 0 0 1 2 2 2 2 0 1
1 2 0 1 0 1 0 0 2 2 2 1 0 0 0 1 2 1 2 0 0 1
0 2 0 1 0 0 0 0 0 2 2 0 0 0 0 2 2 2 2 2 1 1
0 1 0 1 0 0 0 2 0 2 2 2 0 0 0 1 1 1 1 1 1 1
1 0 0 1 0 0 1 1 0 1 2 1 0 0 0 1 1 1 1 2 1 2
0 1 0 1 0 0 1 2 0 1 2 0 0 0 0 2 2 0 2 1 1 2
0 2 0 2 0 0 0 2 2 1 2 0 0 0 0 2 2 2 1 2 0 0
1 2 0 1 0 0 0 1 1 2 2 2 0 0 0 1 2 1 1 1 0 1
0 2 0 1 0 0 0 1 1 2 2 0 0 0 0 1 2 1 1 0 1 1
1 2 0 2 0 0 0 2 0 2 2 2 0 0 0 2 2 2 1 1 0 0
0 0 1 1 0 0 0 0 0 1 1 1 0 0 0 1 2 1 1 0 1 2
0 0 0 1 0 0 1 1 0 1 2 1 0 0 0 0 2 2 2 1 2 0
0 1 1 1 0 0 1 2 1 2 2 2 0 0 0 0 2 1 1 1 0 2
0 1 1 0 0 0 0 2 1 2 2 0 0 0 0 1 2 1 0 1 1 1
0 0 1 0 0 0 1 1 0 2 2 2 0 0 0 2 2 2 0 2 0 2
0 1 0 1 1 0 1 2 0 2 2 1 0 0 0 2 2 2 2 1 1 1
0 1 0 0 0 0 0 1 1 1 2 1 0 0 0 1 2 2 1 1 0 1
0 1 0 1 0 0 1 1 0 1 2 1 1 0 0 1 1 2 1 2 0 2
0 1 0 1 0 0 0 0 0 2 2 2 0 1 0 1 2 1 2 2 0 0
0 2 0 0 1 0 1 2 0 2 2 1 0 0 0 1 2 1 0 2 1 1
2 2 1 1 0 0 1 1 0 2 2 0 0 0 0 1 2 2 1 1 2 2
0 0 0 2 1 0 0 2 1 2 1 1 0 0 0 2 2 0 2 2 2 1
0 1 0 0 1 0 0 1 1 1 1 0 0 0 0 2 2 1 2 1 1 2
0 2 1 1 0 0 0 2 1 1 2 2 0 0 0 2 2 1 0 0 0 0
0 2 0 1 0 0 1 2 0 2 2 1 0 0 0 2 2 2 0 0 0 1
0 1 1 0 0 0 0 2 0 2 2 0 0 0 0 2 1 0 1 2 2 1
0 2 0 1 0 0 0 2 1 2 2 2 0 0 0 1 2 1 0 2 0 0
0 1 1 1 0 0 0 2 0 1 2 1 0 0 0 1 2 1 2 2 1 1
0 1 0 1 0 0 1 1 0 1 2 0 0 0 0 1 2 0 1 1 1 2
0 1 0 1 0 0 1 2 0 0 2 0 0 0 0 1 1 1 2 2 0 0
1 2 0 0 0 0 0 1 0 2 2 0 0 0 0 1 1 1 2 2 1 1
1 1 0 0 0 0 0 1 1 2 2 2 0 0 0 0 2 0 0 1 2 1
0 1 0 0 1 0 1 0 0 1 2 2 0 0 0 2 1 2 2 1 1 0
0 1 0 0 1 0 0 2 0 0 2 0 0 0 0 2 2 1 2 1 1 0
0 1 0 0 0 1 0 2 0 1 2 0 0 0 0 0 2 2 2 0 1 1
0 1 1 0 0 1 1 2 0 2 2 2 0 1 0 2 2 1 0 1 0 1
0 1 0 1 0 0 1 2 2 0 2 1 0 0 0 1 2 1 2 0 0 2
0 1 1 0 0 0 1 2 0 2 2 1 0 0 0 1 2 0 0 0 1 0
1 1 0 1 0 0 1 2 1 2 2 2 1 0 0 2 2 0 2 2 0 1
2 1 0 0 0 0 0 2 1 2 2 1 0 0 0 1 2 0 0 1 0 0
1 1 1 1 0 0 0 1 1 2 2 0 0 0 0 1 1 0 1 0 0 1
0 2 0 0 0 0 0 2 0 2 2 0 0 0 0 1 2 1 1 1 0 0
1 1 0 2 0 0 2 2 1 1 2 0 0 0 0 2 2 2 1 1 2 1
0 0 0 0 1 0 0 2 0 2 2 0 0 0 0 2 2 2 2 0 1 0
1 1 0 1 0 0 0 1 1 2 2 1 0 0 0 2 2 2 1 1 0 2
1 0 1 1 0 0 1 2 1 2 2 1 0 0 0 2 2 1 0 1 1 2
1 1 0 0 0 1 0 0 0 1 2 1 0 0 0 1 2 1 1 1 0 0
0 1 0 0 0 0 0 0 0 2 2 1 0 0 0 1 2 2 2 0 0 2
1 2 0 1 1 1 1 1 2 2 2 1 0 0 0 2 2 1 1 2 0 2
1 2 0 0 0 0 1 0 2 1 2 2 0 0 0 2 2 1 2 1 2 1
1 1 0 0 1 0 0 2 1 2 2 2 0 0 0 2 2 1 2 1 0 0
0 2 1 1 0 0 0 2 0 0 2 1 0 0 0 2 2 0 1 1 1 1
2 2 1 2 0 0 0 1 1 1 2 1 0 0 0 1 2 2 2 1 0 0
0 2 0 1 0 0 0 1 1 2 2 1 0 0 0 2 2 2 1 1 0 0
0 2 0 1 0 1 0 1 1 2 2 1 0 0 0 1 2 1 2 1 0 2
0 1 0 1 0 0 0 1 0 1 2 1 0 0 0 0 2 0 1 2 0 0
0 1 1 1 0 0 0 2 2 2 2 2 0 0 0 2 2 1 1 2 0 1
1 2 0 0 0 0 0 0 0 2 2 2 0 0 0 1 2 2 0 1 0 2
0 1 0 0 1 0 0 1 0 2 2 1 0 1 0 1 2 2 1 0 1 1
0 1 1 1 0 0 1 2 1 2 2 0 0 0 0 1 2 1 0 1 1 0
0 1 0 0 0 0 0 2 1 2 2 2 0 0 0 2 2 2 2 1 1 1
1 0 0 0 0 0 0 0 1 0 2 0 0 0 0 2 2 1 1 1 1 0
0 1 0 0 0 0 0 1 0 1 2 2 0 0 0 0 2 2 1 0 1 2
0 2 0 1 0 0 0 0 1 1 2 2 0 0 1 2 1 1 0 1 1 2
0 2 1 1 1 0 0 1 0 2 2 2 0 0 0 2 2 1 0 0 0 1
0 2 0 1 0 0 0 1 0 1 2 1 1 0 0 2 2 2 1 2 1 1
0 1 0 1 0 0 0 1 1 2 2 2 0 0 0 2 2 1 1 1 1 1
0 1 0 0 0 0 0 1 0 2 2 2 0 0 0 1 2 2 0 1 0 2
0 1 1 1 1 0 1 2 0 1 2 2 0 0 0 1 2 1 1 1 0 2
0 1 0 0 1 0 1 2 0 1 2 1 0 0 0 2 1 2 1 1 1 1
0 1 0 0 0 0 0 0 0 1 2 2 0 0 0 2 2 0 2 1 0 0
0 1 0 0 0 0 0 2 0 2 1 1 0 0 0 1 2 2 1 1 0 1
0 1 0 0 0 0 1 0 0 1 2 1 0 0 0 1 2 0 0 1 0 1
0 1 0 0 0 0 1 2 2 1 2 2 0 0 0 1 2 1 2 1 1 1
1 2 0 1 1 0 1 2 0 2 2 1 0 0 0 2 2 1 2 0 0 1
0 1 0 0 0 0 0 2 0 2 2 2 0 0 0 2 1 2 0 1 0 2
0 2 0 0 1 0 1 0 0 1 2 2 0 0 0 2 2 2 2 1 2 2
0 1 1 1 0 0 0 1 0 2 2 2 0 0 0 2 1 1 1 1 0 1
0 1 0 0 0 0 1 2 1 2 2 1 0 0 0 1 2 2 1 0 1 0
0 2 0 1 1 0 0 1 1 2 2 1 0 0 0 1 2 1 1 2 2 0
0 1 0 1 1 0 2 1 1 1 2 1 0 0 0 2 2 2 1 2 2 2
0 1 0 0 0 0 1 1 1 2 2 1 0 0 0 1 2 2 2 2 0 1
0 0 0 0 1 0 0 2 1 1 2 0 0 0 0 1 2 1 2 1 1 1
1 2 0 0 1 0 0 1 1 2 2 0 1 0 0 0 2 1 0 0 1 1
0 1 0 1 0 0 0 1 0 2 2 2 0 0 0 1 2 2 2 0 0 1
0 0 0 0 0 0 0 2 1 1 2 1 0 0 0 1 2 0 2 1 0 1
0 1 0 1 0 0 0 2 1 1 2 2 0 0 0 1 2 2 1 0 1 0
0 2 0 0 0 1 1 2 0 2 2 2 0 0 0 1 2 2 2 1 1 1
0 1 1 0 0 0 1 2 1 1 2 1 0 0 0 1 2 1 0 1 1 1
1 1 0 1 0 0 0 1 0 2 2 2 0 1 0 2 2 1 0 0 0 2
0 0 0 0 1 0 1 2 0 0 2 0 0 0 1 0 2 1 0 0 0 2
0 2 0 1 0 0 0 2 0 1 1 0 0 0 0 2 2 2 2 0 1 0
0 1 0 1 0 0 1 0 1 0 2 1 0 1 0 2 2 1 0 1 1 2
1 1 0 1 1 0 0 1 2 2 2 1 0 1 0 2 1 0 1 1 0 2
0 2 0 0 0 0 1 2 1 0 2 0 0 0 0 2 2 1 2 1 2 1
0 2 1 1 0 0 2 2 0 2 0 1 0 0 0 1 2 0 1 2 0 1
2 2 0 1 0 0 0 1 0 1 2 0 0 0 0 1 2 2 0 0 0 1
0 1 0 1 0 0 1 2 1 2 2 1 0 0 0 2 1 0 0 1 0 2
1 1 0 1 0 0 0 2 1 2 2 1 0 0 1 1 2 0 2 2 1 2
0 1 0 0 1 0 0 2 0 2 2 0 0 0 0 2 2 1 1 2 1 2
1 1 0 1 0 0 1 1 0 1 1 1 0 0 0 2 0 1 2 1 1 1
1 1 0 0 0 0 0 2 0 1 2 0 0 0 0 1 2 1 2 2 2 0
1 1 0 1 1 0 0 2 2 2 2 1 0 0 0 2 2 0 1 1 2 2
0 0 0 0 0 0 0 1 0 2 1 2 0 0 0 0 1 0 1 1 2 1
0 2 0 0 0 0 0 2 0 0 2 0 0 0 0 1 2 1 0 0 1 0
0 0 0 0 0 0 1 1 0 1 2 1 0 0 0 1 1 1 0 2 1 0
1 1 0 2 0 0 1 1 1 1 2 0 0 0 0 0 2 2 1 1 1 1
0 1 0 0 0 0 1 1 2 2 2 0 1 0 0 2 2 0 2 2 1 1
0 1 0 1 0 0 0 1 1 1 2 2 0 0 0 1 2 2 2 1 0 2
0 0 0 0 0 0 0 2 0 2 2 0 0 0 0 1 2 1 0 1 1 2
0 0 1 0 0 0 1 1 0 1 2 1 0 0 0 2 2 1 2 0 2 2
1 1 1 1 0 0 0 1 0 2 2 0 0 0 0 0 1 2 1 1 1 2
0 1 0 2 0 0 2 2 0 1 2 1 0 0 0 2 2 2 1 1 0 1
0 1 1 0 0 0 0 2 1 1 2 1 0 0 0 1 2 1 1 1 0 1
1 1 0 0 0 0 1 1 0 1 2 1 0 0 0 1 1 2 2 2 0 1
1 1 0 0 0 1 0 1 1 2 2 2 0 0 0 1 2 1 1 1 1 2
0 2 0 0 1 0 1 1 0 1 2 0 0 0 0 2 2 1 2 0 1 1
1 0 0 2 1 0 1 1 2 2 2 1 0 0 0 0 2 0 1 2 1 2
0 1 0 1 0 0 0 2 1 2 1 1 0 1 0 2 2 1 1 0 1 2
0 2 0 1 1 1 0 1 1 2 2 2 0 0 0 1 2 1 1 1 1 2
0 2 1 1 0 0 1 1 0 2 2 2 0 0 0 1 2 1 2 0 0 1
0 1 0 0 0 0 1 2 0 1 2 2 0 0 0 1 2 1 2 2 1 2
1 1 0 2 0 0 0 1 0 2 2 1 0 0 0 0 2 0 0 1 0 1
0 1 0 0 0 0 2 2 2 2 2 1 0 0 0 2 2 1 2 1 0 2
0 0 0 0 1 0 1 1 0 2 2 1 0 0 1 1 1 2 2 1 0 2
0 1 0 2 0 0 1 1 1 1 2 1 0 0 0 1 2 1 0 2 1 2
0 0 0 0 0 0 0 1 0 2 2 2 1 0 0 2 2 1 0 1 0 2
1 0 0 0 0 0 2 2 0 1 2 1 0 0 0 2 2 1 2 1 0 2
0 1 1 0 0 1 0 1 1 1 2 0 0 0 0 1 2 0 1 1 0 2
0 2 0 0 0 0 0 2 0 1 2 1 0 0 0 1 2 2 1 0 1 0
1 1 0 1 0 0 2 1 0 0 1 1 0 0 0 2 2 0 1 1 1 1
0 1 0 0 0 0 0 1 1 2 2 2 0 0 0 0 1 1 1 1 1 1
1 2 0 0 0 0 0 2 1 2 2 2 0 0 0 1 2 1 2 0 0 0
0 2 0 0 0 0 0 1 1 2 2 1 0 0 0 2 2 2 2 2 1 2
0 1 0 1 1 0 0 1 0 1 2 1 0 0 0 1 2 1 1 0 0 1
0 1 0 2 1 0 0 1 2 2 2 1 0 0 0 0 2 1 1 1 1 2
0 2 0 1 0 1 1 1 1 1 2 2 1 0 0 0 2 1 2 2 0 2
0 1 0 1 0 0 0 2 0 2 2 0 0 0 0 1 2 1 1 0 1 2
0 2 0 1 0 0 0 1 2 1 2 1 0 0 0 0 2 2 1 1 1 0
1 2 0 1 0 0 2 1 0 1 2 1 0 0 0 2 2 1 2 0 1 0
1 2 0 1 1 0 2 1 1 1 2 1 0 0 0 1 2 1 0 2 1 2
0 1 1 2 1 0 0 2 1 1 2 2 0 0 0 0 2 0 1 1 2 1
0 1 0 0 0 0 0 1 0 2 2 0 0 0 0 2 2 1 1 1 0 0
1 1 0 0 0 0 0 2 2 2 2 1 0 0 0 1 2 1 2 1 2 1
0 1 0 1 0 0 0 1 0 1 2 0 0 0 0 1 1 1 2 1 2 1
0 2 1 0 0 0 0 1 2 2 2 0 0 0 0 0 2 1 1 1 0 2
0 1 1 0 0 0 0 2 2 2 2 0 0 0 0 2 2 2 2 2 1 1
1 0 0 1 0 0 1 2 1 1 2 2 0 0 0 2 2 2 1 1 0 1
0 2 1 1 0 1 0 2 0 2 2 2 0 0 0 1 2 2 2 0 0 2
1 1 0 1 0 1 0 2 0 1 2 1 0 0 0 1 2 0 2 1 1 2
0 1 0 1 1 0 0 2 1 0 2 1 1 0 0 1 2 0 1 1 0 2
0 2 0 1 0 0 1 2 0 1 2 0 0 0 0 2 2 1 1 0 1 1
0 0 0 0 1 0 1 1 1 2 2 1 0 0 0 2 1 2 0 1 0 1
0 1 0 0 0 0 0 2 1 2 2 2 0 0 0 2 2 1 0 2 0 1
0 0 0 0 1 0 0 2 0 2 2 2 0 0 0 0 1 0 1 1 0 1
0 2 0 0 1 0 0 0 1 1 2 2 1 1 1 1 2 2 1 2 0 1
0 1 0 0 0 0 1 0 1 2 2 1 0 0 0 0 2 2 2 1 0 2
1 1 0 1 0 0 1 2 0 2 2 2 0 0 0 2 2 2 1 1 1 0
0 1 0 0 0 0 1 1 0 1 2 0 0 0 0 2 1 0 1 0 0 0
1 1 0 0 0 0 0 2 0 2 2 1 0 0 0 2 2 1 0 1 0 2
1 1 0 0 0 0 1 2 1 2 1 0 0 0 0 1 2 1 0 2 0 1
1 1 1 0 0 0 0 1 1 2 2 1 0 1 0 2 2 1 1 1 1 1
1 0 0 0 1 0 0 0 2 2 2 0 0 0 0 2 2 2 1 1 1 1
0 1 0 0 0 0 0 2 2 2 2 0 0 0 0 1 2 1 2 1 0 1
1 2 0 0 0 0 1 1 0 1 2 1 0 1 0 1 2 1 1 0 0 2
0 1 0 1 1 0 0 2 2 0 2 2 0 0 0 1 2 2 2 0 1 0
1 1 1 0 0 1 0 2 0 2 2 1 0 0 0 2 2 2 2 1 0 1
0 1 0 2 0 0 0 0 0 1 2 1 0 0 0 1 2 1 2 2 1 1
1 1 1 0 0 0 1 1 1 0 2 1 0 0 0 1 1 1 0 0 0 1
0 1 0 1 0 0 0 1 1 2 2 2 0 1 0 0 2 2 0 0 1 2
0 0 0 0 0 0 1 0 0 1 2 2 1 0 0 2 2 1 2 0 0 1
1 1 0 0 0 0 0 2 1 0 2 0 0 0 0 1 2 1 2 0 1 1
1 1 0 0 0 0 1 0 1 2 2 1 0 0 0 2 2 2 2 2 1 1
0 2 0 1 0 0 1 0 0 2 1 2 0 0 0 0 2 1 1 2 0 0
0 1 0 0 0 0 0 0 0 2 2 1 0 0 0 2 1 2 1 1 1 0
0 2 0 1 0 0 1 1 0 2 2 2 0 0 0 1 2 1 1 1 0 2
0 1 0 1 1 0 1 1 0 2 2 0 1 0 0 2 2 2 1 1 0 1
0 2 0 1 0 0 0 2 0 2 2 0 0 0 0 1 2 2 1 2 0 1
0 2 0 2 0 0 0 0 0 2 2 2 0 0 0 2 2 2 1 1 0 1
0 0 0 2 0 0 0 2 1 2 2 1 0 0 0 2 2 1 1 1 1 2
1 0 1 0 0 0 0 1 1 1 2 2 0 0 0 1 2 2 2 2 0 1
1 2 1 1 1 0 1 2 1 2 2 2 0 0 0 2 1 1 1 2 1 2
0 0 0 0 0 0 2 0 0 0 2 0 0 0 0 1 2 0 0 2 0 1
0 2 0 0 1 0 2 0 1 1 2 2 0 0 0 2 2 1 1 1 1 0
0 1 0 0 0 0 0 2 0 2 2 0 0 0 0 1 2 1 0 0 1 0
0 0 0 1 0 0 0 1 2 2 2 2 0 0 0 1 2 2 1 2 0 1
0 1 0 1 0 0 2 2 0 2 2 0 0 0 0 0 2 1 0 1 1 1
1 2 0 0 0 0 0 2 1 1 2 1 0 0 0 1 2 0 2 0 0 1
0 2 0 1 0 0 0 1 0 1 2 1 0 0 0 1 2 2 2 2 1 0
1 1 0 1 0 0 0 2 1 2 2 1 0 1 0 2 2 1 1 1 1 2
0 2 0 1 0 0 0 2 1 2 2 2 0 0 0 2 2 0 1 1 0 2
0 0 0 0 1 0 0 0 1 1 2 2 0 0 0 1 2 1 0 1 0 2
0 0 0 0 0 0 0 2 1 0 2 1 0 0 0 1 2 0 2 0 1 2
1 2 0 0 1 0 1 2 0 1 2 2 0 0 0 1 2 1 1 1 0 0
0 1 0 2 1 0 0 2 0 2 2 1 0 0 0 1 1 2 2 2 0 1
0 2 0 1 0 0 1 0 0 2 2 1 0 0 0 1 2 0 1 2 1 2
0 2 0 0 0 0 1 0 0 2 2 0 0 0 0 1 2 1 2 1 0 2
0 1 1 1 0 0 2 1 2 1 2 1 0 0 0 1 2 1 0 0 0 1
0 1 0 1 0 0 2 2 1 1 2 1 0 0 0 2 2 0 1 2 2 0
0 2 0 1 0 0 1 2 0 1 2 1 0 0 0 1 2 1 2 1 1 2
0 1 0 2 0 0 1 1 1 1 2 1 0 0 0 2 1 1 1 1 1 0
0 0 0 1 0 0 0 0 0 1 2 1 0 0 0 2 2 1 1 2 1 1
1 2 0 2 0 0 0 1 1 2 2 0 0 0 0 1 2 0 1 1 2 1
0 1 1 1 0 0 1 1 0 1 2 1 0 0 0 2 2 1 2 2 1 2
0 2 0 1 0 0 1 2 0 2 2 0 0 0 0 2 2 2 2 2 2 2
1 2 0 1 0 1 1 1 0 2 2 1 0 1 0 2 2 2 0 2 2 0
1 2 1 1 0 0 0 2 1 0 2 1 0 0 0 2 2 1 1 2 2 1
0 0 0 1 0 0 0 1 0 2 2 1 0 0 0 2 2 1 2 0 1 1
0 1 0 0 0 0 2 1 0 1 2 0 0 0 0 1 1 0 2 2 0 2
0 0 0 0 0 0 0 2 1 1 2 0 1 0 0 1 2 1 1 0 0 1
2 2 0 1 0 0 0 2 2 2 2 1 0 0 0 2 2 0 2 0 0 1
1 2 0 1 0 0 0 2 1 1 2 0 0 0 0 1 1 2 0 1 2 2
0 2 0 0 1 0 1 2 1 2 2 2 0 0 0 1 2 2 0 2 1 0
0 2 0 1 1 1 0 2 2 2 2 1 0 0 0 1 2 1 0 1 0 1
0 0 0 1 0 0 0 2 1 1 2 1 0 0 0 0 1 1 1 2 0 0
1 2 0 1 2 0 2 0 0 2 2 2 0 0 0 2 0 2 0 1 1 1
0 1 0 0 0 0 1 1 2 2 2 2 1 0 0 2 2 1 2 1 0 2
0 1 0 1 0 0 0 2 0 2 2 0 0 0 0 1 1 2 1 1 0 1
0 1 0 0 0 0 1 2 1 0 2 1 0 0 0 2 2 1 2 1 0 2
2 2 0 0 0 0 0 1 1 1 2 1 0 0 0 2 2 1 1 1 1 1
1 0 1 1 0 0 0 1 0 1 2 0 0 0 0 2 2 2 0 0 1 2
1 1 0 2 0 0 1 2 0 1 2 1 0 0 0 1 1 1 0 1 0 1
0 1 0 1 0 0 0 1 1 1 2 2 0 0 0 0 2 2 2 2 1 0
0 1 0 0 0 0 1 2 1 0 2 1 0 0 0 2 2 1 2 1 1 0
0 1 0 2 1 0 1 1 1 1 2 0 0 0 0 1 2 2 2 2 0 0
1 2 0 0 1 0 1 1 0 0 2 2 0 0 0 1 1 0 1 0 1 0
0 2 0 1 0 0 1 1 1 2 1 1 0 0 0 0 2 0 2 0 0 0
0 1 0 0 1 0 0 1 0 1 1 1 0 0 0 1 2 1 2 1 0 1
0 2 1 1 1 0 0 1 1 1 2 0 0 0 0 0 1 1 1 0 1 2
0 1 0 1 0 0 0 2 1 2 2 2 0 0 0 1 1 1 1 2 2 2
0 1 0 1 0 0 2 2 1 2 2 1 0 0 0 2 2 2 1 2 1 2
1 0 0 0 0 0 0 2 0 2 2 1 0 0 0 1 2 0 1 1 0 1
0 2 0 1 0 1 0 2 0 0 2 0 1 0 0 0 2 1 1 1 0 1
0 1 0 0 0 0 0 1 0 0 2 1 0 0 0 1 2 1 0 2 0 0
0 1 0 2 1 1 1 1 1 2 2 1 0 1 0 2 2 1 0 2 0 0
0 1 0 0 0 0 0 2 1 2 2 0 0 0 0 1 2 1 1 1 0 2
0 1 0 0 0 0 1 1 1 1 2 0 0 0 0 1 2 1 2 1 0 0
0 1 0 1 1 0 0 0 1 2 2 1 0 0 0 1 2 2 1 1 2 1
0 2 1 1 0 0 0 2 1 1 2 1 0 0 0 2 2 1 0 0 0 1
0 1 0 0 0 0 0 2 2 0 2 1 0 0 0 2 2 1 2 0 1 1
0 2 0 0 1 0 0 2 0 1 2 1 0 0 0 1 2 1 1 1 1 1
1 1 0 0 0 0 0 1 0 0 2 2 0 0 0 2 2 2 1 1 0 2
1 0 0 1 0 0 0 1 1 1 2 1 0 0 0 1 2 1 0 0 0 1
0 1 0 1 0 0 0 2 0 2 2 1 0 0 0 1 2 2 0 1 0 1
0 1 0 1 0 0 1 1 1 1 2 0 0 0 0 2 2 1 1 1 0 1
1 1 0 0 1 0 1 0 1 1 2 1 0 0 0 1 2 1 1 1 1 2
0 2 0 1 0 0 2 2 2 1 2 1 0 0 0 1 1 1 1 1 0 1
1 1 0 0 0 1 0 0 0 1 2 1 0 0 0 0 2 1 2 1 0 0
0 1 0 0 0 0 1 2 1 1 2 0 0 0 0 1 2 1 1 0 1 2
0 2 0 1 0 0 1 2 0 1 2 2 0 0 0 2 2 0 1 1 1 2
0 2 1 0 0 0 0 2 2 2 2 1 0 0 0 0 2 0 0 2 1 2
0 2 0 0 0 0 1 0 1 2 2 0 0 1 1 1 2 1 1 1 1 2
0 1 0 1 1 0 1 2 0 1 2 0 0 0 0 1 2 2 2 0 0 2
0 2 1 0 0 1 0 2 1 1 2 1 0 0 0 2 0 1 0 1 0 1
0 1 0 1 0 0 1 2 2 1 1 2 0 0 0 2 2 1 1 1 1 1
0 2 0 0 0 0 0 2 1 1 2 1 0 0 0 2 2 1 1 0 2 1
0 1 1 1 1 0 1 0 0 1 2 2 1 1 0 1 1 0 2 2 1 2
2 2 1 0 0 0 1 1 1 1 1 2 0 0 0 0 1 2 2 1 0 2
0 0 0 0 0 0 0 2 1 0 2 1 0 1 0 2 2 2 2 2 1 2
1 1 0 1 0 0 0 1 1 2 2 0 0 0 0 2 2 1 1 1 1 1
0 2 0 0 0 1 0 1 0 2 2 0 0 0 0 2 2 1 1 0 0 1
1 2 0 0 0 0 0 2 0 2 2 1 0 0 0 2 2 2 1 1 0 1
0 2 0 1 0 0 1 1 1 2 1 1 0 0 0 1 1 1 1 2 0 1
0 0 0 0 1 0 1 0 0 2 2 1 0 0 0 1 2 1 1 1 0 1
0 0 0 0 0 0 1 2 0 2 2 1 0 0 0 2 2 1 0 2 0 1
1 1 0 0 0 0 0 1 1 0 2 2 0 0 0 1 2 1 0 1 1 0
0 1 0 0 0 0 1 1 1 1 2 1 0 0 0 2 1 1 2 1 1 1
0 2 1 1 0 0 0 1 0 2 2 0 0 0 0 0 2 2 2 0 2 1
0 1 0 0 0 0 0 2 0 2 2 0 0 0 0 2 1 1 2 1 1 0
0 0 1 0 0 0 1 2 2 2 2 1 0 0 0 1 2 0 1 1 0 0
0 2 0 1 0 0 0 2 1 1 2 2 0 1 0 1 1 1 1 1 0 1
0 0 0 2 0 0 0 1 2 2 2 1 0 0 0 1 1 2 1 2 0 1
0 2 0 2 0 0 0 1 0 1 2 1 0 0 0 1 1 0 2 2 1 1
0 0 0 0 0 1 1 1 1 1 2 1 0 0 0 2 2 2 0 0 0 1
0 0 0 2 1 0 0 2 0 2 2 1 0 0 0 1 2 2 1 1 1 0
0 1 0 1 0 0 0 2 1 2 2 1 0 0 0 2 2 2 1 1 0 0
0 0 0 0 0 1 0 1 1 1 2 2 0 0 0 2 2 0 1 2 1 2
0 0 0 1 0 0 0 2 2 2 2 1 0 0 0 1 2 1 2 2 0 1
2 2 0 1 0 1 0 0 0 2 2 1 0 0 0 1 2 2 1 1 0 2
0 0 0 0 0 0 1 0 1 2 2 1 0 0 0 2 2 1 1 1 1 1
0 2 0 1 0 1 1 2 1 2 2 2 0 0 0 2 1 1 1 1 1 2
1 1 0 1 1 0 1 0 0 1 2 2 0 0 0 2 2 1 1 0 0 2
0 1 0 0 0 0 1 1 1 2 2 1 0 0 0 2 2 1 1 2 2 2
0 1 0 1 0 0 0 1 2 1 2 2 2 0 0 1 1 1 0 0 0 2
0 0 0 0 0 0 0 1 0 2 2 1 0 0 0 2 1 1 0 1 0 0
1 2 0 0 0 0 0 1 0 2 2 1 0 0 0 1 2 1 1 1 1 1
0 1 0 1 1 0 0 2 0 2 2 2 0 0 1 1 2 2 1 1 0 1
0 0 1 0 0 0 1 1 1 1 2 2 0 0 1 2 2 0 2 2 2 0
0 2 0 0 0 0 1 1 0 1 2 0 0 0 0 2 2 2 1 0 0 1
0 0 0 0 0 0 1 2 0 1 2 0 0 0 0 1 1 1 0 1 1 2
0 2 0 1 0 0 1 2 1 2 2 1 1 0 0 2 1 1 1 2 2 0
0 1 0 1 0 0 1 2 0 1 2 1 1 0 0 1 2 1 1 0 0 2
1 1 0 0 0 0 0 2 0 1 2 0 0 0 0 1 2 1 1 1 0 2
0 1 0 0 0 0 2 2 0 1 2 1 0 0 0 2 2 1 1 1 1 2
1 1 0 0 1 0 0 2 1 0 2 2 0 0 0 1 1 2 2 2 1 0
0 1 0 1 0 0 0 1 0 1 2 2 0 0 0 2 1 1 2 0 0 0
0 2 0 0 0 0 1 1 1 2 2 1 0 0 0 0 2 0 0 1 0 1
0 2 0 1 0 0 2 1 0 2 2 0 0 0 1 1 2 1 0 2 0 1
1 0 0 0 0 0 1 1 0 1 2 0 0 0 0 1 2 0 2 0 0 1
0 2 0 0 0 0 0 1 1 1 2 0 0 0 0 2 2 0 0 2 0 1
0 1 0 0 0 0 0 2 0 1 2 2 0 0 0 1 2 1 2 2 0 1
0 1 0 1 0 0 0 1 1 1 2 1 0 1 0 2 2 2 1 1 0 0
0 2 0 1 0 0 0 1 0 1 2 0 0 0 0 2 2 2 2 0 0 0
0 1 0 1 0 0 0 0 2 0 2 0 0 0 0 2 2 1 0 0 0 1
1 1 0 1 0 0 0 1 0 1 2 1 0 0 0 2 2 0 1 2 2 1
1 2 0 1 1 0 0 2 1 1 2 2 0 0 0 2 2 2 1 1 0 0
1 1 0 1 0 0 0 2 0 1 2 1 0 0 0 1 1 2 0 0 0 0
0 0 1 1 0 0 0 2 0 2 2 0 0 1 0 1 2 2 2 1 2 1
0 0 0 1 0 0 1 0 0 2 2 1 0 0 0 2 2 2 1 2 0 1
1 0 0 0 1 0 0 1 0 1 2 0 0 0 0 2 2 1 2 1 0 1
1 0 0 1 0 0 1 1 0 1 2 0 0 0 0 2 2 0 1 0 1 0
0 1 1 0 0 0 0 1 0 1 2 2 0 0 0 1 1 0 1 2 0 1
0 0 0 1 0 0 1 2 0 1 2 1 0 0 1 1 2 2 1 1 2 1
0 1 0 1 0 0 1 2 2 1 2 1 0 0 0 0 2 1 1 1 0 0
0 1 0 0 0 0 0 2 0 2 2 0 0 0 0 1 2 1 1 1 0 0
0 1 0 1 0 0 1 0 1 2 2 2 0 0 0 2 2 2 0 1 0 0
1 1 0 0 1 0 1 1 0 1 2 2 0 0 0 1 2 1 2 1 1 1
0 1 0 1 1 0 0 1 0 1 2 1 1 0 0 2 2 2 2 2 1 1
0 2 0 0 1 0 0 2 1 1 2 2 0 0 0 1 2 2 1 1 0 1
2 1 0 1 1 0 2 1 0 1 2 2 0 0 0 1 1 1 1 0 0 0
2 0 0 2 0 0 0 0 1 0 2 2 0 0 0 1 2 2 1 0 0 1
0 1 1 0 0 0 1 1 2 1 2 0 0 0 0 2 2 0 2 0 1 2
0 2 0 1 0 0 1 0 2 2 2 1 0 0 0 2 2 2 1 0 1 0
2 2 0 0 1 0 1 2 0 2 2 0 0 0 0 2 2 2 2 0 1 1
1 1 0 1 0 0 0 2 2 2 2 1 0 0 0 2 2 1 2 1 1 0
0 0 0 0 0 0 1 2 0 1 2 2 0 0 0 2 1 1 1 1 0 1
0 2 0 1 0 0 1 2 0 0 2 1 0 0 0 1 2 1 1 1 0 0
0 1 1 0 1 0 0 1 0 1 1 2 0 0 0 1 2 1 1 1 2 2
1 2 0 2 0 0 0 2 0 1 2 2 0 0 0 0 2 0 2 1 1 1
0 0 0 0 0 0 0 0 1 0 2 1 0 1 0 0 1 2 2 2 0 1
0 1 0 0 1 0 0 0 0 2 2 1 0 0 0 1 2 2 0 2 0 1
1 2 0 1 0 0 1 2 1 1 2 2 0 0 0 1 2 1 2 1 0 1
0 1 0 1 0 0 0 2 0 2 2 0 0 0 0 2 2 2 1 2 0 1
1 0 0 0 0 0 1 1 0 0 2 0 0 0 0 1 2 1 2 1 0 1
0 2 0 1 1 0 0 1 0 1 2 0 0 0 0 1 2 2 2 2 0 1
0 2 0 1 0 0 0 0 0 2 2 1 0 0 0 1 2 1 2 1 2 2
0 0 0 0 0 0 0 1 0 2 2 2 0 0 0 2 2 2 1 1 0 1
1 0 0 0 1 0 1 1 0 2 2 2 0 0 0 2 2 1 0 1 0 1
0 2 0 2 0 0 0 2 0 2 2 1 0 0 0 1 2 2 1 0 1 1
0 2 1 0 0 0 0 2 0 1 1 0 0 0 0 1 2 2 0 1 1 0
1 2 0 0 0 0 0 1 1 2 2 2 0 0 0 1 2 1 0 1 1 1
0 1 0 1 0 0 2 2 1 1 2 2 0 0 0 1 2 1 1 0 2 1
0 2 0 1 0 0 1 2 1 2 2 1 0 0 0 1 2 1 1 1 2 0
0 1 0 1 1 0 1 1 1 1 2 1 0 0 1 1 2 1 1 2 1 1
0 1 0 0 0 0 2 2 0 2 2 1 0 0 0 1 2 1 1 1 0 1
0 2 0 1 1 0 1 2 2 2 2 2 0 0 0 2 2 1 1 0 1 1
0 2 0 1 0 0 1 2 1 2 2 1 0 0 0 2 2 1 0 2 0 0
0 0 0 0 2 0 1 1 1 1 2 1 0 0 0 2 2 2 2 1 0 1
0 1 0 1 0 0 0 1 0 2 2 2 1 0 0 1 1 2 1 1 1 2
1 1 1 1 0 0 0 0 1 1 2 2 0 0 0 1 2 1 1 1 0 1
0 1 0 1 0 0 0 2 0 2 2 0 0 0 0 2 2 1 2 1 1 1
1 1 0 0 0 0 0 1 0 2 2 0 0 0 0 1 2 2 1 2 1 2
1 1 1 2 0 0 1 2 1 1 2 2 1 0 0 2 2 1 2 0 2 1
0 1 1 2 0 0 1 1 0 0 2 1 0 0 0 1 2 1 2 0 0 2
1 1 0 0 0 0 1 2 1 1 2 1 0 0 0 2 1 2 1 0 0 1
0 2 1 1 0 0 0 2 2 1 2 1 0 0 0 2 2 2 1 0 1 2
0 1 0 1 0 0 0 2 0 2 2 1 0 0 0 1 2 2 1 0 1 0
0 2 1 2 0 0 0 1 0 1 1 0 0 0 0 0 2 1 1 1 0 1
1 2 0 1 0 0 0 2 1 1 2 2 0 0 0 1 2 2 1 1 1 0
0 2 0 1 0 0 2 2 0 1 2 2 0 1 0 2 2 2 2 1 0 1
0 1 0 1 0 0 0 2 1 1 2 1 0 0 0 1 1 2 0 2 2 1
1 2 0 1 1 0 0 2 1 1 2 1 0 0 0 0 2 0 1 1 0 0
0 2 0 1 0 1 0 2 0 1 2 2 0 0 0 1 1 0 2 1 1 1
0 1 0 1 1 0 1 1 0 1 2 0 0 0 0 2 1 2 1 1 0 0
0 1 0 1 0 0 1 1 0 2 2 2 0 0 0 1 1 2 1 2 0 1
0 1 0 0 0 0 0 2 0 2 2 1 0 0 0 1 2 1 2 0 0 1
1 2 0 1 0 0 1 1 0 2 2 1 0 0 0 0 2 0 1 2 1 2
2 1 0 0 0 0 0 2 0 2 2 1 0 0 0 2 2 1 1 1 0 2
0 0 0 1 0 0 1 1 0 1 1 1 1 0 0 1 2 2 2 2 1 0
1 1 0 0 0 0 0 1 0 1 2 0 0 0 0 1 2 2 0 1 0 1
1 1 0 0 0 0 0 2 0 2 2 0 0 0 0 2 2 2 1 2 0 1
0 0 0 1 0 0 1 0 0 1 2 0 0 0 0 1 2 2 0 1 1 0
1 2 0 0 0 0 0 1 0 1 2 1 0 0 0 1 2 2 1 2 1 0
0 1 1 1 0 0 0 2 0 2 1 2 0 0 0 2 2 0 0 2 0 0
0 1 0 0 0 0 0 1 1 1 2 1 0 1 0 2 2 2 2 1 1 1
0 0 0 0 0 0 1 1 0 1 2 1 0 0 0 2 1 2 1 2 0 2
0 1 0 0 0 0 1 2 0 2 2 1 0 0 0 2 2 2 0 1 0 1
0 0 0 0 1 0 0 1 2 0 2 1 0 0 0 1 2 2 1 1 0 1
1 0 0 1 0 0 0 2 1 2 2 1 0 0 0 2 2 2 2 2 0 1
0 2 1 1 0 0 1 2 1 2 2 2 0 0 0 1 2 0 2 1 0 0
0 2 0 0 0 0 1 0 1 1 2 0 0 0 0 2 2 1 0 1 0 1
0 1 1 2 0 0 0 2 0 1 2 1 0 0 0 0 2 1 0 2 0 1
2 2 0 1 0 0 1 2 0 2 2 2 1 0 0 2 2 1 1 1 1 2
0 1 0 2 0 0 0 2 1 2 2 1 0 0 0 2 2 1 0 1 1 1
0 2 0 0 0 0 1 1 2 1 2 1 0 0 0 2 2 1 1 0 0 1
0 1 0 0 0 0 1 0 1 1 2 1 0 0 0 2 2 2 1 2 0 1
1 1 0 1 0 0 0 1 0 1 2 1 0 0 0 2 2 1 1 1 0 1
1 1 0 1 0 0 1 1 0 1 2 0 0 0 1 2 2 1 2 0 0 1
1 0 0 0 0 0 0 2 0 1 2 0 0 0 0 1 2 1 0 1 2 1
0 2 0 1 0 0 0 2 0 2 2 2 1 0 0 2 1 2 1 1 0 1
0 0 0 1 1 0 1 0 2 1 1 2 0 0 0 2 2 1 1 0 0 2
0 1 0 2 0 0 0 2 1 1 1 2 0 1 0 1 2 1 2 2 1 1
0 2 0 0 0 0 2 1 0 0 2 0 0 0 0 2 2 2 0 1 0 1
0 2 0 2 0 0 0 2 0 1 2 0 0 0 0 1 2 1 2 2 2 1
1 0 0 1 0 0 1 2 0 1 2 1 0 0 0 1 2 1 1 2 1 0
0 0 0 1 1 0 1 1 0 2 2 0 0 1 0 2 2 0 2 0 1 1
0 1 1 0 0 0 0 1 1 1 2 1 0 1 0 1 2 2 0 1 1 2
1 1 0 0 0 0 1 1 0 2 2 0 0 0 0 2 2 2 1 1 0 2
0 1 1 0 0 0 0 0 2 1 1 1 0 0 0 2 2 2 1 1 2 0
0 1 0 1 1 0 0 1 1 2 2 1 0 1 0 2 2 2 1 1 1 1
0 1 0 2 1 0 1 2 0 1 2 2 0 0 0 1 2 2 1 0 1 1
0 0 0 1 1 0 2 1 1 2 2 1 0 0 0 1 2 0 2 2 0 0
0 0 0 2 1 0 1 2 1 1 2 2 0 1 0 1 2 1 1 1 0 1
0 1 0 1 1 0 0 0 1 1 2 1 0 0 0 2 2 2 1 1 0 1
0 0 0 1 0 0 1 1 1 2 2 2 0 0 0 1 1 1 1 0 0 1
1 1 0 0 0 0 0 1 0 2 2 0 0 0 0 1 1 0 1 1 0 2
0 0 0 1 0 0 0 2 0 2 2 0 0 0 0 2 2 0 2 2 0 1
1 2 0 1 1 0 1 1 2 1 2 1 0 0 0 0 2 1 2 2 1 1
0 1 0 1 0 0 1 0 0 2 2 2 0 0 0 1 2 2 0 1 0 0
1 1 0 0 1 0 0 2 0 0 2 1 0 0 1 1 2 1 1 1 0 1
0 0 0 1 0 0 0 1 0 1 2 2 0 0 0 2 2 1 2 2 2 0
0 2 0 0 0 0 0 2 2 1 2 0 0 1 0 2 2 2 1 0 0 0
0 2 0 1 1 0 0 2 0 1 2 1 0 0 0 1 2 2 1 1 0 1
0 2 0 1 0 0 1 2 0 1 2 2 1 0 0 1 2 2 0 0 1 0
0 1 0 0 0 0 2 2 0 1 2 2 0 0 0 1 1 2 1 0 0 1
0 1 0 1 0 0 1 1 1 2 2 2 0 0 0 1 2 1 1 1 0 0
0 1 0 0 0 0 0 2 2 1 2 1 0 0 0 2 2 2 2 2 1 1
0 1 0 1 0 0 0 0 0 0 2 2 0 0 0 2 2 2 1 1 0 2
1 1 0 2 0 0 0 1 0 2 2 1 0 0 0 1 2 2 1 2 0 2
0 1 1 0 0 1 0 2 0 2 2 0 0 0 0 1 1 2 1 2 1 1
1 1 0 1 0 0 1 2 0 1 2 2 0 0 0 2 2 2 1 1 0 1
0 2 0 1 0 0 1 1 1 0 2 1 0 0 0 1 2 2 2 1 0 1
2 1 0 1 0 0 0 0 2 2 2 0 0 0 0 0 2 1 0 2 0 2
0 2 0 1 0 0 0 2 2 2 2 0 0 0 0 2 2 1 2 1 1 0
0 2 0 1 0 0 2 1 0 1 2 1 0 0 0 2 0 2 2 1 0 0
1 2 1 2 0 0 1 1 0 2 2 0 0 0 0 1 2 1 2 0 1 1
0 2 0 1 0 0 0 1 1 2 2 1 0 0 0 2 1 2 2 1 0 2
0 1 0 0 0 0 0 1 1 1 2 1 0 0 0 1 2 1 2 0 1 0
0 2 0 0 0 0 1 1 1 1 2 2 0 0 0 1 2 2 1 1 0 2
1 2 0 1 0 0 2 2 1 1 2 1 0 0 0 2 2 1 1 0 0 2
0 1 0 1 0 0 0 0 1 2 2 0 0 0 0 1 2 2 1 1 0 0
0 2 0 0 0 0 2 1 0 0 2 2 0 0 0 2 2 1 1 1 0 1
0 1 0 1 0 0 0 2 1 1 2 2 0 0 0 2 2 2 1 1 0 0
0 1 0 1 0 0 0 2 0 2 2 1 0 0 0 0 2 1 1 1 0 1
0 1 0 2 1 0 2 1 1 1 2 2 0 0 0 2 2 2 2 1 2 0
0 1 0 1 0 0 1 1 0 1 2 0 0 0 0 1 2 2 1 1 1 1
0 2 0 0 0 0 2 2 0 2 2 0 0 0 0 2 2 1 1 2 1 2
2 1 0 1 0 0 1 1 0 2 2 0 0 0 0 1 2 2 0 2 1 0
1 1 0 0 1 0 0 1 0 1 2 1 0 0 0 2 2 2 0 2 0 0
0 0 1 1 0 0 0 0 1 2 2 0 0 0 0 2 2 1 0 1 0 0
0 1 0 1 0 0 1 1 0 1 2 1 0 0 1 1 2 0 0 2 1 1
1 2 0 1 0 0 1 1 1 1 2 2 0 0 0 1 2 2 0 1 0 0
1 1 0 0 1 0 0 2 0 1 1 0 0 0 0 0 2 1 0 2 0 1
0 2 0 2 1 0 0 2 1 2 2 2 0 0 0 2 2 1 1 2 1 2
0 0 0 1 1 0 1 2 0 2 2 0 0 0 0 2 2 2 1 2 1 2
0 1 1 0 1 0 0 0 1 2 1 0 0 0 0 2 2 2 2 1 0 1
0 0 0 1 1 1 0 2 0 1 2 0 0 0 0 2 2 1 2 2 0 0
1 2 1 0 0 0 0 0 2 1 2 1 0 0 0 1 2 0 0 1 0 1
1 1 0 1 0 0 1 2 1 2 2 1 0 0 0 0 2 2 1 1 0 2
1 1 0 0 0 0 0 0 2 2 2 1 0 0 0 2 2 2 2 2 0 0
0 1 0 1 0 0 0 2 0 1 2 0 0 0 0 1 2 0 1 0 0 2
1 1 0 2 0 0 1 2 0 0 2 1 0 0 0 1 2 1 0 1 0 2
0 2 0 0 0 0 0 2 0 1 2 1 0 0 0 1 2 1 1 2 0 0
0 2 0 1 0 0 0 2 2 1 2 2 0 0 0 0 2 1 1 1 0 2
1 2 1 1 0 0 0 1 1 2 2 0 1 0 0 2 2 1 2 0 1 1
1 2 0 2 0 0 1 1 0 1 2 0 0 0 0 2 2 0 1 0 0 1
0 1 0 1 0 0 0 2 1 1 2 0 0 0 0 1 2 1 1 2 1 2
0 1 0 2 0 1 0 0 1 2 2 2 0 0 0 2 1 0 0 0 0 0
1 1 0 2 1 0 1 1 0 1 2 1 0 0 0 1 1 1 1 2 0 2
2 1 0 1 0 0 0 2 1 2 2 1 0 0 0 1 2 2 1 0 2 1
0 2 0 0 0 0 0 1 1 0 2 0 0 0 0 2 2 1 2 1 1 2
0 1 0 0 0 0 0 2 1 2 2 1 0 0 0 2 1 1 1 1 0 0
1 2 0 0 1 0 0 2 0 1 2 2 0 0 0 2 2 2 2 0 1 1
0 2 0 0 0 0 1 2 1 1 2 1 0 0 0 2 2 1 1 0 1 2
0 0 0 2 0 0 1 2 2 0 2 1 0 0 0 2 2 1 2 1 2 1
0 2 0 0 0 1 2 1 1 2 2 0 1 0 0 1 2 1 2 1 0 2
1 2 0 0 0 1 0 0 1 1 2 0 0 0 0 2 1 0 2 0 0 1
0 1 0 1 1 0 0 1 1 1 2 2 0 0 0 2 2 2 1 0 0 1
1 0 0 0 0 0 1 1 1 2 2 0 0 0 0 2 2 2 0 2 1 0
0 1 0 1 0 0 1 1 1 2 1 0 0 0 0 1 2 1 2 2 0 1
1 2 0 1 0 0 1 1 2 2 2 1 0 0 0 2 2 0 1 1 1 2
0 0 0 1 0 0 1 1 0 2 2 0 0 0 0 2 1 1 1 2 0 1
0 0 0 0 0 0 1 2 0 2 2 1 0 0 0 2 2 2 1 2 0 0
0 2 0 2 1 0 0 2 2 1 2 0 0 0 0 2 2 1 0 2 1 2
0 2 0 1 0 0 0 0 1 0 2 2 0 0 0 2 2 2 1 1 0 1
1 2 0 1 0 0 0 2 0 1 2 0 0 0 0 1 2 1 2 2 2 0
0 1 1 1 0 0 2 1 0 1 2 1 0 0 0 2 1 1 2 2 0 2
0 1 0 1 0 0 0 2 2 2 2 1 1 0 0 2 2 2 1 1 1 0
2 2 0 0 0 0 2 1 0 1 2 1 0 0 0 1 2 1 1 1 0 1
0 1 0 0 0 0 1 2 2 1 2 0 0 0 0 1 2 2 1 2 1 1
0 2 0 2 1 0 0 2 0 0 2 0 0 0 0 2 2 1 1 2 1 1
1 1 0 1 0 0 0 2 0 2 2 1 0 0 0 2 2 1 0 2 2 2
0 1 0 0 1 0 0 1 2 2 2 2 0 0 0 2 2 1 2 0 2 1
0 2 0 0 0 0 0 0 1 2 2 1 0 0 0 2 2 1 1 0 0 2
0 1 0 1 0 0 1 2 0 2 2 2 0 0 0 2 2 2 1 1 0 1
1 0 0 0 0 0 1 1 0 2 2 1 0 0 0 1 2 2 2 2 1 1
0 1 0 0 0 0 0 2 0 0 2 0 0 0 0 1 1 1 1 2 0 1
0 1 0 1 0 0 0 1 1 2 2 2 0 0 0 1 2 1 0 1 1 1
1 2 1 1 1 0 0 1 1 1 2 0 0 0 0 1 2 2 1 1 1 1
0 1 0 0 0 0 0 2 1 2 2 1 0 0 0 2 2 2 1 1 1 1
0 2 0 2 0 0 1 1 0 1 2 2 1 0 0 2 2 2 1 1 1 1
1 2 1 0 1 0 0 1 0 2 2 1 0 0 0 1 2 1 1 0 1 0
1 1 0 1 0 0 0 1 2 1 2 1 0 0 0 0 2 0 2 0 1 1
0 2 0 1 0 1 1 1 1 0 2 2 0 0 0 1 2 1 1 1 1 1
0 2 1 0 0 0 0 1 0 1 2 0 0 0 0 1 2 1 2 1 1 1
0 1 0 1 0 0 1 1 0 1 2 1 0 0 0 1 2 1 0 0 1 2
0 0 0 0 0 0 0 2 2 2 2 1 0 0 0 1 1 1 0 2 2 0
1 1 0 1 0 0 1 0 0 2 2 2 0 0 0 1 2 0 0 0 1 1
0 1 0 1 0 0 0 0 1 1 2 0 0 0 0 1 2 1 1 2 0 0
1 1 0 1 0 0 1 1 0 2 2 0 0 0 0 2 2 2 0 1 0 1
0 1 0 0 0 1 0 1 0 2 2 2 1 0 0 1 1 2 2 0 1 1
2 0 0 1 0 0 1 2 0 2 2 2 0 0 0 2 1 1 2 1 0 1
0 1 0 0 1 0 0 0 0 1 2 1 0 0 0 1 2 2 2 1 1 0
1 2 0 0 0 0 1 0 1 1 2 0 0 0 0 1 2 1 1 2 0 1
0 1 0 0 0 0 0 1 0 0 2 2 0 0 0 2 2 1 2 2 1 2
0 2 0 0 0 0 1 1 1 1 1 2 0 0 0 1 2 0 2 1 0 1
0 1 0 1 0 0 1 2 0 1 2 1 0 0 0 1 2 1 1 0 0 2
0 2 0 2 1 0 0 2 0 1 2 1 0 0 0 2 1 1 1 2 1 0
0 2 0 2 0 0 2 1 1 2 2 1 0 0 0 2 1 1 1 0 1 1
0 0 0 1 0 0 0 1 1 1 2 2 0 0 0 0 2 0 1 0 1 2
0 1 0 0 0 0 0 2 1 1 2 0 0 1 0 2 2 2 1 0 0 0
0 0 0 0 0 0 1 2 1 1 2 1 0 0 0 1 2 0 0 0 1 1
1 2 0 0 1 0 0 2 1 2 2 2 0 0 0 1 2 0 1 1 1 2
1 1 0 0 0 1 0 2 1 1 2 1 0 0 0 2 2 1 1 0 1 0
1 1 0 0 1 0 0 2 1 1 2 1 0 0 0 2 2 1 1 1 1 1
1 1 1 1 0 0 1 1 0 1 1 0 0 0 0 1 1 2 1 2 0 2
0 1 0 0 0 0 0 1 1 2 2 2 0 0 0 2 2 2 1 0 0 1
0 1 0 0 0 1 2 0 1 1 2 1 0 0 0 2 2 0 1 1 1 0
1 1 0 0 1 0 1 2 0 1 2 2 0 0 0 2 2 1 2 1 2 0
1 1 0 1 0 0 1 2 1 1 2 1 1 0 0 1 2 1 2 1 1 1
0 2 0 0 1 0 0 2 1 2 2 1 0 0 0 0 2 2 1 1 0 1
1 1 0 1 0 0 0 1 1 1 2 0 0 0 0 2 2 0 2 0 2 1
0 1 0 1 0 0 1 2 0 2 2 1 0 0 0 0 2 1 2 1 1 0
0 1 0 0 0 0 1 2 0 1 2 1 0 0 0 2 2 1 0 2 1 2
0 0 0 0 0 0 1 2 1 1 2 2 0 0 0 2 2 1 0 2 1 0
0 1 0 1 0 0 0 2 0 1 2 1 0 0 0 2 2 2 2 1 1 0
1 2 0 1 1 0 1 1 0 1 2 1 0 0 0 2 2 1 2 2 2 1
0 2 0 1 1 0 0 1 0 1 2 1 0 0 0 1 2 2 2 2 1 2
1 1 0 0 1 0 0 2 1 1 2 0 0 0 0 1 2 2 1 0 2 0
0 1 0 0 0 0 0 2 1 0 2 1 0 0 0 1 1 2 2 0 0 1
1 2 1 1 0 0 0 2 0 2 2 1 0 0 0 2 2 0 1 1 1 1
0 0 0 2 1 0 0 2 1 2 2 1 0 0 0 2 2 1 1 1 1 1
0 2 1 2 0 0 1 2 0 1 2 1 0 0 0 2 2 1 1 1 0 0
0 1 0 1 0 0 1 2 0 0 2 0 0 0 0 2 2 2 2 1 0 0
0 2 0 2 0 0 1 2 0 1 2 2 0 1 0 2 2 1 2 1 1 0
0 1 1 1 0 0 1 2 2 1 2 1 0 0 0 2 2 0 2 2 1 0
0 1 0 1 1 0 1 2 1 0 2 2 0 0 0 2 2 1 2 1 0 1
0 1 1 1 0 0 0 1 0 2 2 0 0 0 0 1 2 2 0 2 0 0
0 1 0 1 0 0 0 2 0 1 2 2 0 0 0 1 2 1 2 1 1 2
0 2 1 0 0 0 1 2 0 0 2 1 0 0 0 2 2 2 1 2 0 0
0 1 0 1 0 0 1 1 1 2 2 1 0 0 0 2 2 2 0 1 1 2
0 0 0 0 0 0 1 2 0 1 2 1 0 0 0 2 1 1 1 2 2 1
1 2 0 1 0 0 1 1 0 2 2 0 0 0 0 0 1 1 1 2 0 0
1 1 0 1 1 0 0 0 0 2 2 0 0 0 0 1 0 0 2 1 1 0
0 0 0 1 0 0 1 2 0 1 2 0 0 0 0 2 2 2 1 0 0 0
1 0 1 0 0 0 0 1 0 1 2 2 0 0 0 2 2 1 2 1 0 0
1 1 0 2 0 0 1 2 1 2 2 2 0 0 0 1 2 2 2 1 0 2
0 1 0 0 0 0 0 2 2 1 2 2 0 0 0 1 2 2 2 1 1 2
1 0 0 1 0 0 0 1 0 1 2 0 0 0 0 2 2 2 1 1 0 1
0 2 1 1 0 0 2 2 0 1 2 1 1 0 0 2 2 2 1 2 0 1
0 1 1 0 0 1 1 1 1 1 2 1 0 0 0 2 2 2 2 1 0 0
0 0 0 1 0 0 1 0 1 2 2 0 0 0 0 2 2 1 2 2 0 1
0 1 0 0 0 0 0 1 0 1 2 2 0 0 0 1 2 1 1 0 1 1
0 2 0 1 0 0 1 2 0 2 2 1 0 0 0 2 2 2 1 1 0 2
0 1 0 1 0 0 0 1 0 1 2 1 0 0 0 1 2 2 0 1 1 1
0 0 0 0 0 0 1 2 1 2 2 1 0 0 0 1 2 1 2 1 0 1
2 1 0 1 1 0 0 1 1 1 2 2 0 0 0 2 2 1 1 0 0 2
0 1 0 0 0 0 0 2 1 1 2 0 0 0 0 2 1 2 2 2 1 1
0 1 0 1 0 0 1 1 1 2 2 2 0 0 0 1 1 1 1 2 1 1
1 1 1 0 0 0 0 1 1 2 2 1 0 1 0 2 1 1 1 2 0 1
0 1 0 0 0 0 0 1 0 2 2 0 0 0 0 2 2 0 2 1 1 0
0 2 0 0 0 0 1 0 0 2 2 0 0 0 0 2 2 0 2 1 0 1
0 0 0 2 0 0 0 2 2 2 2 1 0 0 0 1 1 1 1 2 0 1
0 2 0 0 1 0 1 1 0 1 2 1 0 0 1 2 1 1 1 2 0 0
0 0 0 1 2 0 0 2 0 2 2 2 0 0 0 0 2 2 2 1 2 1
1 0 0 0 0 0 1 1 0 1 2 0 0 1 0 1 2 0 0 0 1 0
0 1 0 0 1 0 1 0 1 1 2 1 0 0 0 0 2 2 2 2 0 0
1 1 0 0 0 0 0 1 0 2 2 0 0 0 0 1 2 1 2 0 0 1
0 2 0 1 0 0 0 1 1 0 2 2 0 0 0 1 1 1 1 0 0 1
0 0 0 2 0 0 0 1 1 1 2 1 0 0 0 1 2 1 1 1 0 1
0 2 0 0 1 0 0 1 0 2 2 2 0 0 0 1 1 1 0 1 0 0
0 0 1 1 1 0 0 1 1 1 2 0 0 0 0 1 2 1 0 2 0 0
0 1 0 0 0 0 0 1 1 2 2 1 1 0 0 2 2 1 1 0 1 0
1 1 1 1 0 0 0 2 0 2 2 1 0 0 0 2 2 2 1 0 1 0
1 2 0 1 1 0 0 1 0 1 2 1 0 0 0 1 2 1 2 1 1 2
0 1 1 1 0 0 0 1 2 1 2 1 0 0 0 2 2 1 2 1 0 0
0 1 0 0 1 0 1 0 1 1 2 2 0 0 0 2 2 2 2 2 1 2
0 1 0 1 1 0 1 1 0 0 2 2 0 0 0 1 2 1 1 0 1 2
1 1 1 1 0 0 0 2 1 2 2 1 0 0 0 1 2 0 0 0 0 1
0 2 0 1 0 0 1 1 1 2 1 0 0 1 0 2 2 1 1 1 1 0
0 2 0 2 0 0 1 1 1 2 2 0 0 0 0 2 2 1 1 0 1 2
0 2 0 0 0 0 0 0 0 1 2 0 0 0 0 1 2 1 1 2 1 2
0 1 0 0 0 0 0 1 0 2 2 0 0 0 0 1 2 1 1 1 0 0
0 0 0 0 0 0 1 1 1 1 2 0 0 0 0 2 2 1 0 1 1 2
1 1 0 1 0 0 1 2 1 0 2 2 0 0 0 2 2 2 0 1 0 0
0 1 0 1 0 0 0 1 0 0 2 0 0 0 0 0 1 1 1 0 1 0
1 2 0 2 1 0 0 2 1 2 2 1 0 0 0 1 2 1 0 2 2 1
0 2 1 1 0 0 0 2 0 1 2 1 0 0 0 2 2 1 1 0 1 0
0 1 1 1 0 0 0 1 0 2 2 1 0 0 0 2 1 1 1 1 0 1
0 1 0 2 0 0 0 1 1 2 2 2 0 1 0 2 2 1 1 1 0 1
0 2 0 1 0 0 0 1 0 2 2 1 0 0 0 2 2 1 2 1 1 1
1 1 0 1 1 0 0 2 0 1 2 2 0 0 0 1 2 2 2 1 0 1
0 1 1 0 1 0 0 1 0 2 2 0 0 0 0 0 2 2 1 1 1 1
0 1 0 0 0 0 0 1 0 1 2 1 0 0 0 2 2 2 1 0 0 1
1 1 0 1 0 0 0 2 0 1 2 0 0 0 0 1 2 0 0 1 1 2
1 2 0 0 0 0 1 2 1 1 2 2 0 0 0 2 2 2 0 2 2 2
0 0 0 1 0 0 1 2 1 1 2 2 0 0 0 1 1 0 1 1 1 1
2 0 0 1 0 0 0 1 1 1 2 1 0 0 0 1 2 2 2 2 1 2
0 1 0 0 0 0 1 1 0 1 2 0 0 0 0 1 2 1 1 1 0 2
0 2 0 0 0 0 0 1 1 1 2 2 0 0 0 1 2 0 2 2 0 1
0 1 0 0 0 0 2 1 1 2 2 1 0 0 0 1 2 2 1 1 0 1
0 2 0 1 0 0 0 1 0 2 2 2 0 0 0 1 2 1 1 1 1 0
0 1 0 1 0 0 1 1 1 1 2 2 0 0 0 2 2 1 1 2 1 1
1 0 0 0 1 0 0 0 1 2 2 1 0 0 0 1 2 1 1 1 1 1
0 1 0 2 1 0 2 0 1 2 2 2 0 0 0 1 2 2 1 0 0 0
0 2 0 1 0 0 1 2 1 2 2 1 0 0 0 1 2 1 2 1 1 1
0 0 0 1 0 0 2 1 2 0 2 1 0 0 0 1 2 1 2 2 1 1
1 2 0 0 0 0 1 2 1 2 2 1 0 0 0 2 2 0 0 2 1 1
0 1 0 2 0 0 1 2 0 1 2 1 0 0 0 1 1 1 1 1 1 0
0 1 0 0 1 0 1 2 0 1 2 2 0 0 0 0 2 1 0 1 0 2
0 1 0 1 0 0 0 2 2 1 2 0 0 0 0 2 2 2 1 0 2 2
2 1 0 0 1 0 0 1 1 0 2 1 0 0 0 0 2 2 2 2 0 2
0 2 0 1 1 0 0 1 1 2 2 1 0 0 0 1 2 1 1 1 0 0
0 0 0 2 0 0 0 1 0 1 2 1 0 0 0 2 2 2 1 2 1 0
1 2 0 1 0 0 1 1 0 2 2 1 0 0 0 1 2 2 2 0 0 1
0 1 1 1 1 0 0 1 1 1 2 1 0 0 0 2 1 2 0 1 1 1
0 0 0 0 0 0 1 2 0 2 2 1 0 0 0 2 1 1 1 2 0 2
1 2 0 1 1 0 0 1 1 2 2 1 0 0 0 1 2 2 2 1 1 1
1 2 0 1 0 0 0 1 1 1 2 1 0 0 0 2 2 1 0 0 1 1
0 2 0 0 0 0 0 1 1 2 2 2 1 0 0 2 2 0 1 1 2 2
0 2 0 1 0 0 1 0 1 1 2 1 0 0 0 1 2 1 1 2 0 1
1 2 1 1 0 0 0 1 0 2 2 1 1 0 0 1 2 2 2 1 2 1
0 2 0 0 0 0 1 1 0 1 2 2 0 0 0 2 2 2 1 2 0 0
1 1 0 2 0 0 1 1 1 1 2 1 0 0 0 2 2 1 1 1 1 2
0 0 0 0 0 0 0 2 2 1 2 0 0 0 1 1 2 2 1 1 1 1
1 1 0 1 0 0 0 1 2 0 2 1 0 0 0 2 2 1 0 1 1 0
0 2 0 1 0 0 1 2 1 0 2 1 0 0 0 2 2 2 2 1 1 0
0 2 0 0 0 0 2 0 0 2 2 1 0 0 0 1 2 2 2 1 0 0
0 2 1 1 0 1 0 0 1 0 2 2 0 0 0 0 2 1 2 2 0 1
0 0 2 1 0 0 0 1 1 1 2 1 0 0 0 2 2 2 1 1 1 2
0 1 0 0 1 1 1 2 1 2 2 0 0 0 0 0 2 1 1 1 0 1
0 1 1 0 0 0 1 1 0 2 2 2 0 0 0 2 2 1 0 0 1 1
0 1 0 0 0 0 2 1 1 1 2 1 0 0 0 0 2 1 1 1 1 1
0 1 0 0 0 0 0 0 1 1 2 0 0 0 0 1 2 1 1 1 1 2
1 1 0 0 0 0 2 1 0 1 2 0 0 0 0 2 2 1 1 1 2 1
0 1 0 0 0 0 2 1 0 2 2 1 0 0 0 1 2 0 1 1 1 1
2 0 0 0 2 0 0 2 1 2 2 0 0 0 0 1 2 1 1 1 1 2
1 1 0 1 0 0 1 1 1 1 2 0 0 0 0 1 2 1 1 0 0 0
1 1 0 1 1 0 1 1 0 1 2 0 0 0 0 1 1 1 2 2 0 2
0 1 0 1 0 0 2 0 1 2 2 2 0 0 0 2 2 2 1 1 0 1
1 1 0 1 0 0 1 2 2 0 2 1 0 0 0 1 1 0 1 2 0 2
1 2 1 1 0 0 0 2 0 2 2 2 0 0 0 1 2 1 0 1 1 1
0 1 0 0 1 0 1 0 1 1 2 0 0 0 0 2 2 1 1 2 0 1
0 1 0 0 1 0 0 0 2 1 2 1 0 0 0 2 2 1 0 1 0 2
1 1 0 1 0 0 1 2 0 2 1 1 0 0 0 2 2 1 2 0 0 1
0 2 1 1 0 0 2 2 0 2 2 1 0 0 1 1 2 1 1 0 0 1
0 2 0 1 0 0 0 2 1 1 2 1 0 0 0 2 1 0 2 2 1 1
0 1 0 1 0 0 1 1 0 2 2 1 0 0 0 1 1 0 2 1 0 0
0 1 0 0 0 0 0 2 1 2 2 2 0 0 0 2 2 2 1 2 2 1
0 1 0 0 0 0 0 1 0 2 2 0 0 1 0 1 1 2 2 0 1 2
0 1 0 1 1 0 0 0 0 1 2 0 0 0 0 1 2 1 2 1 1 1
0 2 1 0 0 0 0 2 0 2 2 0 0 0 0 1 2 2 0 0 1 1
0 2 0 0 1 0 0 2 0 2 2 0 0 0 0 2 2 1 0 0 0 1
1 0 0 2 0 0 0 1 1 2 2 1 0 0 0 2 2 1 0 1 0 1
0 0 0 2 1 0 0 1 0 1 2 0 0 0 0 1 2 0 1 1 0 1
0 1 0 1 0 0 0 2 1 2 2 0 0 0 0 2 2 0 0 1 0 1
0 2 0 2 1 1 1 0 0 1 2 0 0 0 0 2 2 1 1 1 1 1
0 0 0 0 0 0 0 1 1 1 1 2 0 0 0 0 2 2 2 2 1 1
1 1 0 0 0 0 0 1 1 2 2 1 0 0 0 2 2 1 2 0 1 1
2 1 0 0 0 0 0 2 0 1 2 0 0 0 0 2 2 2 0 1 1 2
0 0 0 0 0 0 0 0 1 1 2 1 0 0 0 2 2 1 0 2 1 2
0 1 0 2 0 0 1 1 0 1 2 1 0 0 0 0 2 1 2 0 1 2
1 1 0 0 0 0 1 2 0 1 2 0 1 0 0 2 1 1 1 0 1 2
0 1 0 1 0 1 0 2 1 2 2 1 0 0 0 2 2 1 2 0 0 1
0 2 0 1 1 0 0 1 1 2 2 1 0 1 0 2 2 0 1 0 1 2
1 1 0 0 0 0 0 0 1 2 2 2 1 0 0 1 2 1 1 1 1 2
1 0 0 1 1 0 0 2 1 2 2 1 0 0 0 2 2 2 2 1 1 2
0 2 0 0 0 0 1 1 0 2 2 1 0 0 0 2 2 1 1 1 0 1
0 1 0 1 0 0 2 1 2 1 2 0 0 0 0 2 1 2 1 1 1 0
0 1 1 0 0 0 1 2 1 2 2 0 0 0 0 1 2 2 1 1 0 1
0 1 0 0 1 0 1 2 0 2 2 2 0 0 0 1 2 1 1 2 0 0
0 1 0 2 1 0 0 2 1 0 2 0 0 0 0 2 2 1 2 1 0 1
0 1 0 0 0 0 2 2 0 2 2 2 1 0 0 1 2 1 1 1 0 0
1 1 0 0 0 0 1 2 1 2 2 2 0 0 0 2 2 0 0 1 1 2
0 1 0 0 0 0 0 0 1 0 2 1 0 0 0 1 2 2 1 1 0 0
1 1 0 0 0 0 1 1 0 2 2 0 0 0 0 2 2 2 0 2 0 1
0 2 0 1 0 0 0 2 2 0 2 2 0 0 0 2 2 1 1 1 0 1
0 2 0 2 0 0 0 0 1 0 2 0 0 0 0 2 2 1 0 2 1 0
0 2 0 0 1 0 0 2 1 1 2 1 0 0 0 2 1 2 2 0 0 1
1 1 0 1 0 0 1 1 0 2 2 2 0 0 0 2 0 1 1 1 0 1
0 1 0 1 0 0 0 2 0 1 2 0 0 0 0 2 2 1 0 1 0 2
0 2 0 1 0 0 1 1 0 1 2 2 0 0 0 2 2 0 2 1 1 2
0 2 0 1 1 0 1 1 1 2 2 0 0 0 0 2 2 1 2 2 1 0
0 1 0 1 0 0 0 1 1 0 2 0 0 0 0 1 2 1 2 1 1 0
1 1 0 1 1 0 0 2 1 1 2 1 0 0 0 1 2 1 1 0 1 1
0 2 0 0 0 0 0 2 1 1 2 0 0 0 0 1 2 1 0 2 0 1
0 1 0 1 1 0 1 2 0 0 2 2 0 0 0 0 0 1 1 2 2 0
1 1 0 0 1 1 1 2 2 0 2 2 0 0 0 0 2 2 1 1 0 2
1 2 0 1 0 0 2 2 1 2 2 2 0 0 0 2 2 2 2 1 2 0
2 2 0 0 0 0 0 1 2 2 2 0 0 0 0 2 2 1 0 0 0 1
0 2 0 0 1 0 0 2 0 1 2 0 0 0 0 2 2 2 1 0 0 1
1 0 0 0 0 0 1 1 0 2 2 0 0 0 0 1 2 1 1 1 1 1
0 0 0 1 0 0 0 2 0 0 2 1 0 1 0 2 2 1 1 1 1 1
0 2 0 0 1 0 1 1 0 2 2 1 0 0 0 2 2 1 0 2 2 0
0 1 0 2 0 0 0 1 0 2 2 0 0 0 0 0 2 1 2 0 1 2
0 0 0 0 0 0 0 1 0 1 2 2 0 0 0 2 2 1 2 2 0 0
1 0 0 1 0 0 0 1 1 2 2 1 0 0 0 1 2 2 2 1 1 0
0 2 0 0 1 0 0 2 1 2 2 0 0 1 0 0 2 1 1 0 1 0
1 0 1 0 0 0 1 2 2 1 2 0 0 1 0 2 2 2 1 2 1 2
1 1 0 1 0 0 1 1 0 1 2 0 0 0 0 2 2 1 0 1 0 1
0 1 0 0 0 0 0 1 0 2 2 0 0 0 0 1 2 0 1 2 2 1
0 1 0 0 0 0 0 1 0 2 1 0 0 0 0 1 2 0 2 0 0 2
1 1 0 0 0 0 1 0 2 2 2 1 0 0 0 0 2 0 2 2 0 1
0 1 0 2 0 0 1 1 2 2 2 0 0 0 0 2 2 1 1 0 1 2
1 1 1 0 1 0 0 1 0 0 2 1 0 0 0 2 2 2 1 2 1 2
1 1 1 0 0 0 2 0 1 2 2 1 0 0 0 1 2 2 1 1 2 2
1 1 1 0 0 0 0 2 0 2 2 1 0 0 0 2 2 0 0 1 0 0
1 1 0 0 0 0 0 1 1 2 2 1 0 0 0 1 2 2 2 0 0 1
0 1 0 2 0 1 0 1 0 2 2 2 0 0 0 1 2 2 1 1 0 2
1 0 0 1 0 0 0 1 0 1 2 1 0 0 0 2 2 0 2 1 1 1
0 1 0 0 0 1 0 1 0 1 2 1 0 0 0 1 2 2 1 1 0 2
0 2 0 0 1 0 1 1 1 2 2 1 0 0 0 2 2 1 2 0 1 1
0 2 0 1 1 0 0 1 1 1 2 1 0 0 0 2 2 0 1 0 0 2
0 0 0 1 1 0 0 2 0 2 2 0 0 0 0 1 2 2 0 1 1 1
0 2 0 0 0 0 0 1 1 2 2 2 0 0 0 2 2 2 1 2 1 1
0 1 0 1 0 0 0 2 0 2 1 2 0 1 0 1 2 1 2 1 2 1
0 2 0 1 0 0 1 1 0 1 2 0 0 0 0 2 2 1 1 2 1 1
0 2 0 2 0 0 0 0 1 1 2 1 0 0 0 0 2 2 1 1 1 2
1 2 0 1 1 0 1 2 2 1 2 2 0 0 0 2 2 2 1 1 0 1
0 1 0 0 0 0 2 2 0 1 2 1 0 0 0 1 2 1 1 1 1 1
0 1 1 1 0 0 0 1 1 1 2 1 0 0 0 2 2 1 1 0 1 0
1 2 0 1 0 0 1 1 1 1 2 1 0 0 0 2 2 1 1 1 1 0
1 1 0 1 0 0 2 2 0 1 2 0 0 0 0 2 2 1 1 1 1 2
1 0 0 1 0 0 1 1 0 2 2 1 0 0 0 2 2 2 2 1 2 2
0 1 0 1 0 0 1 0 0 2 2 0 0 0 0 1 2 1 1 1 1 1
1 2 0 1 0 0 1 0 0 2 2 2 0 0 0 1 2 2 1 0 0 1
0 0 0 0 0 0 0 2 1 2 2 2 0 0 0 1 1 0 1 1 0 1
1 1 0 1 0 0 0 0 1 0 2 0 0 0 0 2 2 0 1 2 1 0
0 0 0 1 0 0 0 1 0 2 2 0 1 0 0 2 2 0 1 0 1 2
1 1 0 0 0 0 0 2 2 1 2 0 0 0 0 0 2 1 1 2 2 2
0 1 0 0 0 0 1 2 1 2 2 2 0 0 0 2 2 0 2 2 0 0
1 1 0 0 1 0 1 2 0 1 1 1 0 0 0 2 2 0 1 0 0 2
0 2 0 0 1 0 0 1 0 1 2 2 0 0 0 0 2 1 1 1 0 2
0 2 0 1 0 0 1 2 1 2 2 0 0 0 0 2 2 1 1 0 0 2
2 2 0 0 0 0 0 2 0 2 2 1 0 0 0 2 2 0 2 0 0 2
0 1 0 1 0 0 1 1 0 1 2 1 0 0 0 2 2 1 2 0 1 2
0 2 0 1 1 0 0 2 1 1 2 0 0 0 0 2 2 1 2 1 0 1
1 2 0 1 0 0 1 0 0 2 2 1 0 0 0 2 2 1 0 1 0 1
0 1 0 0 0 0 0 2 0 2 2 0 0 0 0 0 2 1 1 1 0 2
0 1 1 0 1 0 1 2 0 2 2 1 0 0 0 2 2 2 2 0 2 1
1 1 0 0 0 0 0 1 0 1 2 2 0 0 0 2 2 2 1 1 1 0
1 2 0 0 0 0 1 1 1 1 2 1 0 0 0 0 0 1 1 1 0 1
0 0 0 1 0 0 0 1 1 1 2 0 0 0 0 2 2 2 2 2 1 2
2 1 0 0 0 0 0 2 1 2 2 2 0 0 0 2 2 0 1 1 0 1
0 2 0 0 0 0 1 1 0 0 2 2 0 0 0 1 2 1 2 1 1 2
0 1 0 0 0 0 1 0 1 2 2 1 0 0 0 1 2 2 0 1 0 0
1 2 0 1 0 0 0 1 1 1 2 1 0 0 0 1 2 2 1 2 0 2
0 2 0 1 0 0 1 1 1 0 2 2 0 0 0 2 2 1 2 1 2 0
0 1 0 0 0 0 0 0 2 2 2 1 0 0 0 2 2 1 1 1 0 0
0 1 0 1 0 0 1 2 1 0 1 1 0 0 0 1 2 0 2 1 0 1
0 2 1 0 0 0 1 1 1 1 2 1 0 0 0 2 2 2 2 2 0 2
1 1 1 1 0 0 0 2 0 2 2 1 0 0 0 2 2 1 0 1 1 2
1 1 0 1 0 0 1 2 1 0 2 2 0 0 0 2 2 1 2 1 1 2
0 0 0 2 0 1 2 1 1 2 2 1 0 0 0 2 1 1 1 1 0 2
0 1 0 1 0 0 0 2 1 2 2 1 0 0 0 1 2 0 1 2 0 0
1 2 1 1 0 0 0 0 1 2 2 0 0 0 0 2 2 2 0 0 1 1
2 1 0 1 0 0 0 2 0 1 2 0 0 0 0 1 2 2 1 0 2 1
1 2 0 1 1 0 0 1 0 2 2 0 0 0 0 2 2 1 2 2 1 1
1 2 0 1 0 1 0 1 1 2 1 0 0 0 0 2 1 2 1 1 0 2
0 0 0 1 0 0 0 2 1 2 2 2 0 0 0 2 2 1 1 2 1 1
0 1 0 1 0 0 1 1 0 2 2 0 0 0 0 2 2 0 2 2 1 2
0 1 0 1 0 0 0 2 0 1 2 1 0 0 0 1 2 1 1 1 1 1
0 0 0 2 1 0 1 2 0 0 2 2 0 0 0 2 2 1 0 1 1 2
0 0 0 1 0 0 1 1 1 0 2 2 0 0 0 1 2 2 0 2 2 0
0 0 0 2 0 0 0 1 1 1 2 0 0 0 0 0 2 2 2 0 1 2
1 2 0 0 0 0 0 1 0 0 2 1 0 0 0 0 2 1 2 1 0 1
1 0 0 0 0 0 1 2 0 1 1 2 0 0 0 1 2 1 1 0 1 1
0 1 0 0 0 0 0 1 1 0 1 1 0 0 0 2 2 0 2 1 1 2
0 1 0 1 0 0 1 2 1 2 2 1 0 0 0 2 2 1 1 1 1 1
1 2 0 1 1 0 0 1 1 2 2 2 0 1 0 2 2 1 1 1 2 2
1 2 0 1 0 0 1 1 0 1 2 1 0 0 0 2 2 2 0 2 0 1
0 1 0 1 2 0 1 2 1 2 2 1 0 1 0 2 2 2 1 2 1 1
1 2 0 0 0 0 1 2 0 2 2 0 0 0 0 2 2 2 1 0 0 1
1 2 0 0 2 0 0 0 1 2 2 1 0 0 0 2 2 1 1 1 0 2
0 1 0 2 0 0 1 2 1 1 2 1 0 0 0 2 2 0 1 1 1 0
0 0 0 0 0 0 0 1 1 2 2 0 0 0 0 1 2 1 1 0 0 2
1 1 0 2 0 0 0 2 1 0 2 1 0 0 0 2 2 1 0 1 1 0
0 0 0 0 0 0 1 2 1 1 2 2 0 0 0 2 2 2 2 1 0 1
1 1 0 1 1 0 0 0 2 2 2 2 0 0 0 2 2 2 2 1 0 0
0 1 0 1 0 0 1 1 1 1 2 1 0 0 0 1 2 1 1 1 0 0
1 1 0 0 0 0 1 2 1 1 2 1 0 0 0 1 2 1 2 2 1 2
0 2 2 2 0 0 0 1 1 1 2 1 0 1 0 2 2 0 1 0 0 1
0 0 0 1 1 0 2 1 0 2 2 2 1 0 0 1 2 1 2 0 2 1
1 1 0 1 0 0 0 2 2 1 1 0 0 0 0 1 1 2 2 2 0 1
0 2 0 0 0 0 1 1 2 1 2 1 0 0 0 2 2 0 1 0 0 1
1 1 1 1 0 0 0 1 1 1 2 1 0 0 0 1 2 0 1 2 2 1
1 1 0 0 1 0 0 1 1 2 2 1 0 0 0 0 1 0 2 1 1 2
0 1 0 0 0 0 0 1 0 0 2 1 0 0 0 1 2 1 1 2 0 1
0 2 0 2 0 0 0 2 0 2 2 1 0 1 0 2 2 1 1 0 0 1
1 1 0 0 0 1 0 0 1 1 2 1 0 0 0 1 2 2 1 0 1 2
0 0 0 0 1 0 0 1 1 2 2 1 0 0 0 2 2 1 2 2 1 1
0 1 0 0 0 0 0 2 2 2 2 2 0 0 0 2 2 2 0 0 1 2
0 2 1 0 0 0 0 1 1 0 2 2 0 0 0 0 2 2 1 2 2 1
0 1 0 1 0 0 0 1 0 1 2 0 0 0 0 1 2 1 0 1 0 0
1 1 0 0 1 0 0 1 0 2 2 1 1 0 0 0 1 1 1 0 1 1
0 1 0 1 0 0 1 0 1 2 2 0 0 0 0 2 2 0 1 0 1 1
0 0 0 1 0 0 1 0 1 1 2 1 0 0 0 2 2 1 0 1 0 0
0 2 0 1 1 0 0 1 0 0 2 1 0 0 0 0 2 0 1 1 0 1
0 2 0 0 1 1 2 1 1 1 1 1 0 0 0 2 2 1 1 1 1 1
0 1 0 1 0 0 0 1 2 1 2 1 0 0 0 0 2 0 2 2 1 2
0 2 0 0 0 0 0 2 0 1 2 2 0 2 0 1 2 1 2 1 0 2
0 0 0 0 0 0 0 2 1 2 2 1 0 0 0 1 2 1 0 2 0 0
0 1 1 0 0 0 0 2 0 2 1 2 0 0 0 1 1 1 2 1 0 1
1 0 0 1 0 0 0 0 0 1 2 1 0 0 0 2 2 2 2 0 1 0
0 2 0 1 0 0 1 2 2 2 2 0 0 1 0 1 2 1 0 1 1 1
0 1 0 1 1 0 0 2 0 1 2 0 0 0 0 1 2 2 0 0 0 1
0 2 0 1 0 0 0 1 1 1 2 1 0 0 0 2 2 2 1 0 0 1
0 2 0 2 1 0 0 1 2 2 2 0 0 0 0 2 2 1 2 1 2 0
2 1 0 0 1 0 0 2 0 1 1 1 0 0 0 2 2 1 0 1 0 2
1 1 1 1 0 0 2 2 1 2 2 2 0 0 0 1 2 1 1 0 1 2
1 2 0 0 1 0 0 2 1 2 2 1 0 0 0 1 1 2 0 2 1 2
0 2 0 1 0 1 0 2 0 1 1 2 0 0 0 1 2 2 1 1 0 1
0 1 0 0 0 0 1 1 0 0 2 2 0 0 0 1 2 2 0 2 2 0
0 1 0 1 0 0 0 0 1 1 2 0 1 0 0 1 2 1 2 1 0 1
0 2 0 0 1 0 1 2 0 2 2 0 0 1 0 2 2 1 1 0 1 2
1 2 1 1 0 2 0 2 0 1 2 0 0 0 0 2 2 2 2 1 1 1
0 1 0 1 0 0 1 1 1 0 2 0 0 0 0 2 2 2 2 0 1 1
0 1 0 0 0 0 1 2 2 2 2 1 0 0 0 2 2 2 1 2 1 1
0 2 0 1 0 0 1 2 1 2 2 1 0 0 0 1 2 2 2 0 1 1
0 2 0 1 0 0 0 1 0 2 2 0 0 0 0 0 2 2 2 1 2 1
0 1 0 1 0 0 0 2 1 0 2 1 0 0 0 1 2 1 2 0 0 2
1 1 0 1 0 0 2 2 0 1 2 1 0 0 0 2 2 1 2 0 0 2
2 0 1 0 0 0 0 1 0 2 2 0 0 0 0 1 2 1 1 2 1 1
0 2 0 0 0 0 1 2 0 2 2 0 0 0 0 2 2 0 1 2 1 1
1 1 0 0 1 0 0 2 1 2 2 2 0 0 0 1 2 1 1 2 0 2
0 1 0 0 0 0 0 2 1 2 2 2 0 0 0 1 2 1 1 0 2 2
0 0 0 0 0 0 0 1 1 2 1 1 0 0 0 2 2 1 1 0 2 1
0 2 0 0 0 0 0 1 1 1 2 2 0 0 0 2 2 1 1 1 0 0
0 2 0 1 0 0 0 2 1 1 2 2 0 0 0 1 2 2 1 1 1 2
0 1 0 0 1 0 0 1 0 2 2 1 0 0 0 2 2 1 0 1 0 1
0 2 0 1 1 0 0 2 0 0 2 0 0 0 0 1 2 2 2 0 0 0
0 0 0 1 0 0 0 2 0 2 2 1 0 0 0 2 2 1 2 2 1 2
1 1 0 0 0 0 0 0 0 2 2 1 0 0 0 2 2 1 0 1 1 1
1 2 0 1 1 0 0 1 1 1 2 2 0 0 0 2 1 1 0 2 1 1
0 1 0 1 0 0 0 1 0 2 2 1 0 0 0 2 1 1 1 0 1 2
1 1 1 2 0 0 0 1 0 2 1 1 0 0 0 2 2 2 2 1 2 1
1 2 0 1 0 0 0 0 1 2 2 0 0 0 0 0 1 2 1 1 0 1
1 1 0 0 0 0 0 2 0 1 2 1 0 0 0 1 2 2 1 2 1 1
0 0 0 1 0 0 1 1 1 1 2 1 0 0 0 2 1 2 1 0 1 2
1 1 0 0 1 1 2 2 0 1 2 0 0 0 0 2 1 1 1 2 0 0
0 2 0 0 1 0 1 2 2 2 2 0 0 1 0 1 2 2 1 2 0 1
0 1 0 0 0 0 0 2 1 1 2 2 0 0 0 2 2 2 0 1 2 2
1 1 0 1 0 1 0 2 0 2 2 1 0 0 0 1 1 1 1 1 1 1
2 2 0 1 0 0 0 1 0 1 2 1 0 0 0 2 2 1 2 1 0 2
0 0 0 2 0 0 1 2 0 0 2 1 0 0 0 2 2 1 1 1 1 1
0 2 0 0 0 0 0 1 1 2 1 2 0 0 0 1 2 1 2 1 1 0
0 0 0 1 0 0 0 1 0 1 2 1 0 0 0 2 2 2 0 1 0 2
0 0 0 0 0 0 1 0 0 1 2 0 0 0 0 2 2 2 1 1 0 2
0 0 0 1 0 0 0 1 1 1 2 1 0 0 0 1 2 1 2 1 1 2
0 1 0 1 0 0 1 1 0 2 2 1 0 0 0 1 2 1 0 0 1 0
0 0 0 1 0 0 2 1 0 1 2 0 0 1 0 1 2 2 1 2 0 0
1 1 0 1 1 0 0 2 0 2 2 1 0 0 0 1 2 2 1 0 0 1
0 0 0 0 0 0 0 2 0 1 2 1 0 0 0 2 2 2 2 0 0 0
0 2 0 2 2 0 0 2 1 1 2 0 0 0 0 1 2 0 0 1 1 0
0 2 0 1 0 0 2 1 1 1 2 2 0 0 0 2 1 2 1 0 2 0
0 0 0 1 0 0 0 1 1 1 2 1 0 0 0 2 2 1 1 2 1 2
0 0 0 0 0 0 0 1 0 2 2 2 1 0 0 2 2 1 0 1 0 1
1 1 0 0 0 0 1 2 0 2 2 1 0 0 0 2 2 0 0 2 1 1
0 1 0 0 1 0 1 2 1 1 2 1 0 0 0 2 2 2 2 1 0 1
0 1 0 1 0 0 1 0 2 1 2 0 0 0 0 1 2 2 1 1 1 2
1 0 1 1 0 0 0 2 1 1 2 2 0 1 0 2 2 1 0 2 1 1
0 1 0 0 0 0 1 2 1 2 2 1 0 0 0 1 2 2 1 1 0 1
0 0 0 2 1 0 2 0 0 1 2 0 1 0 0 2 2 1 0 1 2 1
1 1 0 0 0 0 1 1 1 2 2 2 0 0 0 1 2 1 2 0 1 1
1 1 1 0 0 0 1 1 1 0 1 0 1 0 0 0 2 1 1 0 1 1
0 1 0 1 1 0 1 1 2 2 2 2 0 0 0 1 2 0 1 0 1 1
1 0 0 0 1 0 2 1 2 1 2 2 0 0 0 1 2 1 2 0 1 2
0 1 0 0 0 0 0 2 0 2 2 1 1 0 0 0 2 1 2 1 2 0
1 1 0 0 0 0 0 1 0 1 2 1 0 0 0 2 2 0 1 0 0 0
0 0 0 0 0 0 0 1 0 1 2 1 1 0 0 1 2 0 2 0 0 1
0 0 0 1 1 0 0 2 1 0 2 1 0 0 0 1 2 0 2 1 0 1
1 1 0 1 0 0 1 1 2 2 2 0 0 1 0 1 2 0 1 2 0 1
0 2 0 2 1 0 0 1 1 1 2 0 0 0 0 1 2 2 1 0 0 0
0 1 0 0 1 0 1 1 1 1 0 1 0 0 0 1 2 2 1 2 0 0
0 0 0 1 0 0 0 0 1 1 2 1 0 0 0 1 2 1 1 1 0 2
0 2 0 1 0 0 0 2 0 1 2 1 0 0 0 2 1 2 2 0 1 0
0 1 0 0 0 0 1 2 0 2 2 1 0 0 0 1 1 2 1 2 0 1
1 1 0 0 1 0 0 2 0 2 2 0 0 0 0 1 1 0 2 1 0 1
0 1 0 2 0 0 1 2 1 1 2 1 0 0 0 2 2 2 1 1 1 0
0 2 0 0 1 0 1 1 1 2 2 0 0 0 0 2 2 2 1 2 0 0
0 2 0 1 1 0 1 2 0 1 2 0 0 0 0 0 2 1 2 1 0 2
0 1 1 1 0 0 1 2 0 2 2 0 0 0 0 1 2 1 2 2 0 0
1 1 0 2 0 0 1 0 0 2 2 0 0 0 0 2 2 2 2 1 1 1
1 1 0 1 0 0 2 2 1 2 2 1 0 0 0 1 2 2 1 0 1 2
0 0 1 0 0 0 1 1 1 1 2 0 0 0 0 2 1 2 2 0 0 1
0 1 0 0 0 0 0 1 1 1 2 0 0 0 0 1 2 0 2 2 1 0
1 2 0 0 0 0 1 2 2 1 2 2 0 0 0 2 2 2 0 1 1 0
0 1 0 0 0 0 0 2 1 1 2 1 0 0 0 2 2 1 0 1 1 0
1 2 1 2 2 0 1 2 2 2 2 2 0 0 0 0 2 2 0 2 1 1
0 1 0 0 0 0 1 2 1 2 2 2 0 0 0 1 2 2 2 1 1 1
0 1 1 1 0 0 0 1 1 1 2 2 0 0 0 2 2 1 2 2 0 2
0 2 0 2 1 0 0 0 0 2 2 0 0 1 0 2 1 0 1 2 0 0
0 2 0 0 0 0 1 2 0 1 2 0 0 1 0 2 2 2 1 0 0 1
0 1 0 2 0 0 0 1 0 1 2 1 0 0 0 1 1 0 1 2 1 1
0 1 0 1 0 0 0 1 0 2 2 0 0 0 0 2 2 2 1 1 0 1
1 2 1 1 0 0 1 2 0 0 2 1 0 0 0 2 1 1 2 1 1 1
0 0 0 2 0 0 1 2 0 1 2 1 0 0 0 1 2 2 2 1 0 1
0 1 0 2 0 0 1 1 1 1 2 2 0 0 0 1 2 1 1 2 1 2
0 2 0 1 0 0 1 1 1 1 2 2 0 2 0 1 2 1 2 1 1 0
1 2 0 1 0 0 0 2 0 1 2 0 0 1 0 1 2 2 1 2 0 0
0 1 0 1 0 0 0 1 1 1 2 0 0 0 0 1 2 1 1 1 0 0
1 1 0 0 0 0 0 2 0 1 2 1 1 0 0 2 2 2 0 1 0 1
0 0 0 1 0 0 0 1 0 1 2 1 0 0 0 1 2 2 1 1 0 1
1 2 0 0 0 0 2 2 0 0 2 1 0 0 0 1 2 2 2 1 0 2
1 0 1 1 1 0 0 1 0 1 2 0 0 0 0 1 2 2 0 2 1 2
0 1 0 0 0 0 1 2 1 0 2 1 0 0 0 2 2 2 1 0 1 1
1 2 0 1 0 0 0 1 2 2 2 0 0 0 0 1 2 0 1 1 0 1
0 1 0 1 0 0 0 1 0 2 2 0 0 0 0 2 1 0 2 1 1 1
0 2 0 1 0 0 0 2 0 2 2 0 0 0 0 1 2 1 2 1 0 0
0 0 0 2 0 0 0 2 0 1 2 1 0 0 0 1 2 2 1 1 0 1
0 1 0 1 0 0 1 1 1 1 2 2 0 0 0 1 2 2 2 0 0 2
0 1 0 1 0 0 1 0 1 2 2 0 0 0 0 0 2 1 2 2 1 2
0 1 0 2 0 0 0 1 0 2 2 1 0 0 0 1 1 2 0 2 1 0
0 2 0 2 2 2 0 2 1 1 2 2 0 0 0 2 2 1 1 2 1 0
0 0 0 1 0 0 1 2 1 2 2 0 0 0 0 2 1 2 1 1 0 0
0 2 0 1 0 0 0 2 1 1 2 0 0 0 0 2 1 2 2 2 1 1
1 1 0 0 1 1 1 1 1 1 2 0 0 0 0 0 2 2 1 1 1 2
2 2 0 1 0 0 0 2 1 0 2 2 0 0 0 1 2 1 1 1 0 2
0 1 0 2 0 0 0 1 0 2 2 1 0 0 0 1 2 2 2 1 1 1
0 1 0 1 0 0 0 2 2 2 2 2 0 0 0 2 2 2 2 2 0 1
0 0 0 1 1 0 1 0 0 2 2 1 0 0 0 1 1 2 0 2 1 1
0 2 0 0 0 0 0 1 0 2 2 1 1 0 0 2 2 2 0 2 2 1
2 0 0 1 0 0 0 2 1 1 2 1 0 0 0 1 2 2 2 1 0 0
0 2 0 0 1 0 0 2 0 2 2 2 0 0 0 1 1 0 1 0 1 1
0 0 0 0 0 0 1 1 1 1 2 2 0 0 0 1 2 2 2 1 1 1
0 0 0 0 0 0 0 1 1 1 2 1 0 0 0 2 2 1 1 2 0 1
