rs6691251 rs753770 rs6547286 rs4848636 rs3791962 rs334555 rs11732292 rs2580109 rs3020377 rs703808 rs3812604 rs10996942 rs9415866 rs1908338 rs423207 rs2588399 rs9593124 rs2469120 rs3785632 rs552228 rs12971309 rs11701104
1 2 0 0 1 2 1 1 1 2 0 2 0 2 0 2 0 2 1 0 0 1
0 2 0 0 1 1 2 1 2 2 0 2 0 2 1 2 0 2 1 0 0 1
0 2 0 0 0 1 2 2 0 2 1 2 0 2 2 1 0 1 1 0 0 1
2 2 1 0 1 2 1 1 1 2 1 1 1 1 2 1 0 1 0 1 0 2
1 1 0 0 1 2 1 1 1 2 2 2 0 1 2 1 0 2 1 1 1 2
1 2 0 0 1 2 0 0 1 2 2 2 0 2 2 2 0 2 2 1 1 1
1 2 0 0 2 2 0 0 1 2 1 2 0 2 1 2 0 2 1 0 0 2
1 1 0 0 0 2 1 1 2 2 1 1 0 2 1 2 0 2 2 1 0 1
1 2 0 0 0 1 2 1 1 2 0 2 1 2 0 2 0 1 0 0 1 2
2 1 0 0 0 1 1 2 2 2 2 2 0 2 2 2 1 1 2 1 0 1
0 2 2 0 1 1 0 2 0 2 2 1 0 1 1 1 0 2 1 1 0 2
1 1 0 0 0 1 1 1 1 2 1 2 1 2 1 2 0 2 2 0 0 2
2 2 1 0 0 1 2 2 1 2 2 2 2 2 1 1 0 2 2 0 0 1
2 2 0 0 0 2 1 1 1 2 2 1 0 2 2 2 0 2 0 0 0 1
1 2 2 0 0 1 2 1 1 2 1 1 0 1 2 1 0 2 1 0 0 2
0 2 0 0 1 2 1 1 2 2 2 2 0 2 1 2 0 2 1 0 0 1
0 1 0 0 0 2 0 1 2 2 2 1 1 2 2 2 0 2 0 0 1 2
1 2 1 0 1 2 1 2 1 2 1 1 1 2 1 2 1 2 1 0 0 1
1 2 0 0 1 2 0 0 0 2 1 2 0 1 2 2 1 2 0 0 1 2
1 2 0 0 0 2 2 2 2 2 1 2 0 2 1 2 0 1 1 0 0 1
2 2 0 0 2 2 1 1 1 2 0 2 0 2 2 2 0 2 2 1 0 1
0 1 0 0 2 2 0 2 1 2 0 2 0 1 1 1 1 2 0 1 0 2
1 1 0 0 1 2 1 2 1 2 1 2 0 2 1 2 0 2 1 0 0 2
2 1 1 0 0 2 1 1 1 2 1 1 0 2 1 2 0 2 1 0 0 2
2 1 0 0 0 1 2 1 0 2 1 2 0 2 1 2 0 1 1 1 0 2
2 2 1 0 1 2 2 1 2 1 2 2 0 2 2 1 0 1 0 0 1 2
1 1 1 1 0 2 2 1 0 1 2 0 0 2 1 2 0 2 1 0 0 2
1 2 1 0 0 2 0 1 0 2 2 2 2 2 1 1 0 1 0 0 0 2
0 1 1 0 1 2 2 1 1 2 1 1 0 2 1 2 1 2 1 0 0 2
1 2 1 0 1 2 1 1 1 2 0 2 0 2 1 2 0 2 0 0 0 1
1 2 0 0 0 1 2 2 2 2 0 2 0 2 2 2 0 2 1 0 0 2
1 2 0 1 1 2 1 1 2 1 1 2 1 2 1 2 0 2 1 0 0 2
0 2 0 0 0 2 1 1 1 2 1 1 2 2 1 2 0 2 0 1 0 1
0 2 2 0 0 2 2 1 0 2 2 2 0 2 2 2 0 2 0 0 0 1
1 1 1 0 0 2 1 2 2 2 0 0 0 2 1 2 0 2 1 0 0 2
0 2 0 0 1 1 1 1 2 2 1 2 0 1 2 2 0 1 2 0 0 2
2 2 0 0 1 2 2 1 1 2 1 1 0 1 2 2 0 1 0 0 0 2
0 2 1 0 0 2 1 2 1 2 1 1 0 2 2 1 0 2 0 0 1 0
0 1 2 0 0 2 2 2 0 2 1 2 0 2 2 1 0 1 1 2 0 2
1 1 0 0 0 2 2 1 2 2 2 2 0 2 2 1 0 2 1 0 0 2
2 2 0 0 0 2 2 0 1 2 2 2 0 1 2 2 0 2 1 1 0 2
0 2 0 0 1 1 2 2 0 1 0 2 0 2 2 2 0 1 1 0 0 2
1 1 0 0 1 1 2 2 1 2 1 1 0 1 2 2 0 2 1 0 0 1
0 1 1 0 0 2 2 0 2 2 2 0 0 0 2 0 0 2 1 0 0 2
1 2 1 0 0 2 2 1 0 2 1 2 1 2 0 1 0 2 1 1 0 2
2 2 0 0 0 2 0 2 1 2 1 1 0 2 2 2 0 1 1 0 0 2
1 2 0 0 0 1 2 1 2 2 1 2 0 1 0 2 0 2 1 1 0 2
0 2 0 0 0 2 1 2 2 2 1 2 1 2 2 2 0 1 1 1 0 1
1 2 1 1 1 2 1 2 2 2 1 1 1 2 1 2 0 2 0 1 0 0
1 1 0 0 0 1 2 1 2 2 2 1 1 2 1 2 0 2 1 0 0 2
1 1 0 0 0 1 0 2 1 2 0 0 1 2 2 1 0 2 1 0 1 2
1 2 0 0 1 1 0 2 2 2 1 2 0 1 0 0 2 2 1 0 0 2
2 2 1 0 0 2 1 1 2 2 2 1 0 2 2 2 0 2 2 0 1 2
2 1 0 0 1 2 2 2 1 2 2 2 0 2 2 1 0 2 0 0 0 2
1 2 0 0 2 2 1 0 2 2 1 2 0 2 2 2 0 2 0 1 0 1
0 2 1 0 1 2 2 0 1 2 2 1 1 2 1 1 0 2 1 1 0 1
1 1 0 0 1 2 1 0 1 2 1 2 1 2 2 2 0 0 2 1 0 1
0 2 0 0 0 2 1 2 2 2 1 1 0 2 2 2 0 2 0 1 0 2
1 2 0 0 0 2 1 0 1 2 2 1 0 1 2 2 0 2 0 0 0 2
0 2 2 0 2 2 1 2 2 1 2 2 0 2 1 2 0 2 0 0 1 2
0 2 1 0 1 1 0 1 2 2 1 2 0 2 2 2 1 2 0 0 0 1
1 2 0 0 0 2 2 2 1 1 1 1 0 2 1 1 0 2 0 0 0 1
1 2 0 0 1 2 2 2 0 2 2 2 0 2 1 2 1 2 1 0 0 2
0 2 0 0 0 2 1 1 1 2 2 2 1 2 2 1 0 2 0 0 0 1
2 2 1 0 0 2 1 2 1 2 0 1 0 2 1 0 1 2 0 1 0 1
1 2 1 0 0 2 0 2 2 2 1 2 0 1 0 1 0 2 1 0 0 1
0 2 0 0 1 1 2 1 1 2 2 1 0 1 2 2 1 1 0 1 0 2
1 2 2 0 1 1 0 0 2 2 1 2 0 2 1 0 0 1 0 0 0 2
2 2 0 0 0 2 2 2 1 2 2 1 0 1 2 2 2 2 0 0 0 1
2 2 1 0 1 1 2 2 2 2 2 2 1 2 2 2 0 1 0 0 0 2
1 2 1 0 0 2 1 2 0 2 0 0 1 2 1 1 0 2 0 0 0 1
1 1 0 0 0 2 2 2 1 1 1 2 0 1 1 2 1 2 1 1 0 2
1 1 0 1 1 0 1 0 1 2 2 1 0 2 1 2 1 2 1 0 0 1
0 2 1 0 0 2 1 2 2 1 0 2 1 2 0 2 1 0 2 2 0 2
0 2 0 0 1 2 2 2 1 2 2 1 0 1 1 2 0 1 1 0 1 1
1 2 0 0 0 2 1 2 1 2 1 1 0 1 0 2 0 1 1 0 1 2
2 2 0 0 1 1 1 1 1 1 1 2 1 2 2 2 0 2 0 0 0 2
2 1 0 0 1 2 2 1 1 2 2 2 1 2 1 2 1 2 2 0 0 2
1 2 2 0 1 1 2 1 2 2 1 2 1 1 2 2 0 2 0 0 0 1
2 2 0 0 0 1 1 1 2 2 2 2 1 1 2 2 0 2 1 1 0 2
1 2 1 0 1 1 2 1 2 2 1 2 1 1 1 2 0 2 1 1 0 2
2 2 0 0 0 1 1 2 1 2 2 2 0 1 1 1 0 2 1 0 0 1
1 0 0 0 1 2 1 0 1 2 1 1 0 2 0 2 0 2 0 0 0 2
1 2 0 0 0 2 1 2 1 2 1 2 0 2 2 1 0 2 2 0 0 2
2 2 0 1 1 2 2 2 2 2 1 1 1 2 2 1 0 1 1 0 0 2
1 2 0 0 1 1 2 1 2 2 0 2 1 2 2 2 1 2 0 0 0 2
1 2 0 0 0 2 0 2 1 2 2 0 1 0 1 2 0 2 0 2 0 1
0 1 0 0 1 1 2 1 1 2 2 1 0 2 1 2 0 2 2 0 0 0
2 2 1 0 1 2 2 2 1 2 2 1 0 2 1 1 0 1 0 0 1 2
2 1 0 0 0 2 1 2 2 2 2 2 0 1 1 1 0 1 0 1 0 0
0 0 1 0 1 0 1 1 1 1 1 2 0 2 1 2 1 2 1 0 0 2
0 1 0 0 2 1 2 2 1 2 1 2 1 2 1 2 0 2 0 0 0 1
0 2 0 0 1 2 1 1 1 1 0 2 0 2 2 2 0 2 1 1 0 2
2 0 0 0 0 2 2 1 1 2 1 2 0 2 0 2 0 2 1 0 0 2
2 1 0 0 0 2 1 2 2 2 2 1 0 1 2 1 0 2 0 0 0 2
0 2 0 0 1 2 1 2 2 2 1 2 1 2 0 1 0 2 0 1 0 1
0 2 0 0 1 2 1 2 2 2 2 1 0 2 2 2 1 2 1 1 1 1
0 2 0 0 0 1 1 0 1 2 1 2 1 1 2 2 0 2 1 0 0 2
1 2 0 0 1 1 1 2 2 2 0 2 0 2 1 2 0 1 1 0 0 2
0 1 1 0 2 2 2 2 1 2 1 2 0 1 1 0 0 1 1 0 1 2
1 2 0 1 1 2 2 0 1 1 2 2 1 2 2 1 0 2 0 0 0 2
1 0 0 0 0 2 2 2 2 2 1 1 1 2 2 2 0 2 1 0 0 2
2 2 0 0 0 2 1 1 0 1 2 1 0 1 1 2 0 1 1 1 0 1
2 2 1 0 0 2 1 0 2 2 2 0 1 2 1 2 1 2 1 1 0 2
1 2 2 0 0 2 2 1 1 1 1 1 0 1 1 2 0 2 1 2 0 2
0 1 0 0 0 2 1 2 2 2 1 2 0 1 2 1 2 2 1 0 1 1
2 2 0 0 1 2 2 2 2 2 1 2 0 2 1 2 0 1 2 2 0 1
0 1 0 0 0 2 1 1 1 2 1 2 1 2 2 2 0 1 1 0 0 0
1 1 0 0 2 2 1 2 2 2 1 1 0 2 0 1 0 1 1 1 0 2
1 2 0 0 2 1 1 1 2 2 2 2 0 1 0 2 0 2 1 0 0 1
2 2 1 0 0 2 1 1 2 2 2 1 1 1 2 2 0 2 0 0 0 2
0 2 0 0 1 2 1 1 1 2 1 2 0 2 2 2 0 1 0 0 0 2
0 2 0 0 0 1 1 1 2 2 2 2 0 2 1 1 1 2 2 0 1 2
1 2 0 0 1 2 2 1 1 1 1 2 0 2 2 2 0 2 1 0 1 2
2 2 0 0 1 2 1 0 2 2 1 2 0 1 2 1 0 2 1 0 0 2
2 2 1 0 1 2 2 1 1 2 1 2 1 2 2 1 0 1 1 1 0 2
2 2 1 0 1 2 2 1 2 2 2 1 1 2 2 2 1 2 1 0 0 1
0 2 1 0 0 2 2 1 2 2 1 2 1 2 2 2 0 1 0 0 1 2
0 2 0 0 0 1 1 2 2 2 1 2 1 2 2 1 0 2 1 1 0 1
2 1 1 0 0 1 2 1 1 2 1 1 0 2 1 1 1 2 0 0 0 2
1 2 0 0 1 2 2 1 1 2 0 2 1 2 2 1 0 1 1 0 0 2
1 2 0 0 0 2 2 2 1 2 2 1 1 1 2 1 0 2 2 1 0 2
1 2 0 0 1 2 2 2 2 2 2 1 0 2 2 2 0 1 2 0 0 2
1 1 0 0 0 1 1 0 2 1 1 2 0 1 1 1 0 2 1 0 0 2
1 2 1 0 1 2 1 1 2 2 0 1 1 2 0 2 0 1 1 0 0 1
1 1 1 0 0 1 0 1 2 2 1 2 0 2 2 2 0 1 1 0 0 1
2 2 0 0 0 1 1 1 1 2 2 2 1 2 1 2 1 1 0 1 0 1
0 2 1 0 0 1 1 1 1 0 1 2 0 0 1 1 1 1 2 1 0 2
1 2 0 0 1 1 2 2 2 2 1 2 1 2 1 2 0 1 2 1 0 2
0 2 0 0 1 2 2 2 1 2 1 2 0 2 2 2 0 2 1 1 0 2
2 2 0 0 2 2 1 2 2 2 2 2 0 2 2 2 0 2 1 1 0 2
1 2 0 0 1 1 2 0 1 2 0 2 0 2 1 1 0 2 1 1 0 1
1 2 0 1 0 2 2 1 0 2 1 2 1 2 1 1 0 1 1 0 0 2
1 2 0 0 1 2 1 2 2 2 1 2 0 2 2 1 0 1 0 0 0 2
2 2 1 0 1 2 2 1 1 2 0 2 0 1 1 2 0 2 2 0 0 2
1 2 0 0 1 1 1 0 1 2 1 2 0 2 2 0 0 2 1 0 0 1
1 2 0 0 0 0 0 1 1 2 1 2 0 2 1 1 0 2 0 0 0 2
2 2 1 0 1 2 2 2 2 2 1 2 1 1 0 1 0 2 2 0 0 2
1 2 1 0 1 1 2 2 2 2 1 1 0 2 2 2 0 1 0 0 0 1
1 2 0 0 1 2 2 0 2 2 2 1 1 2 1 1 0 2 1 0 0 2
0 2 0 0 0 2 2 0 1 0 2 1 0 2 1 1 0 1 1 0 0 1
2 2 0 0 0 2 1 0 2 2 1 2 0 2 2 1 0 2 1 0 0 2
2 2 0 0 1 2 2 1 1 1 2 2 0 2 2 2 0 2 1 0 0 2
2 2 0 0 1 2 1 1 1 2 2 2 0 2 1 2 0 1 1 0 0 2
1 1 0 0 0 2 2 2 2 2 2 2 0 2 2 2 0 2 1 0 0 2
0 2 0 0 1 2 2 1 1 2 1 2 0 2 2 1 0 2 2 1 0 2
2 1 0 0 0 2 1 0 2 2 1 2 0 2 1 2 0 2 0 1 0 2
1 2 0 0 1 1 1 1 2 2 1 2 2 2 2 2 1 2 2 0 0 2
2 1 1 0 2 2 1 0 1 2 1 2 0 2 2 0 0 1 2 0 0 2
1 2 1 0 0 2 2 2 2 2 1 2 1 1 2 2 1 1 1 0 0 2
1 2 0 0 0 2 0 1 1 2 2 2 1 1 2 2 0 2 0 0 0 2
0 2 0 0 1 2 1 2 2 2 1 2 0 2 1 2 1 2 2 0 0 1
1 2 1 0 0 2 0 2 2 2 1 1 0 1 1 2 0 2 1 0 0 2
1 2 0 0 0 2 2 2 1 2 1 2 0 2 2 2 0 2 1 1 0 2
0 2 0 0 1 2 2 2 1 2 1 2 0 1 2 1 0 1 0 0 0 2
0 1 0 0 0 1 1 2 2 2 0 2 1 0 0 2 1 2 1 0 0 2
0 0 2 0 0 1 0 2 2 2 2 2 1 1 1 2 1 0 1 0 0 0
1 2 2 0 1 1 1 1 0 2 2 2 1 2 1 2 0 2 1 0 0 1
0 2 0 0 0 1 1 0 2 2 0 2 1 2 2 0 1 0 1 1 0 0
2 2 0 0 1 2 0 1 1 2 2 2 0 2 2 2 1 1 0 0 0 2
2 1 1 0 0 2 1 2 2 2 1 1 0 2 2 2 0 2 1 0 0 1
2 2 0 0 1 1 1 2 1 2 1 1 1 2 2 2 1 2 1 0 0 0
1 2 0 0 0 1 1 1 1 2 1 1 1 1 1 2 1 2 1 1 0 2
1 2 0 0 0 2 1 1 2 2 0 1 0 2 1 2 0 2 1 0 0 1
1 2 2 0 1 2 1 2 2 1 1 2 1 1 0 2 0 1 1 1 0 2
2 2 0 0 0 2 2 2 2 2 1 2 1 2 2 1 0 2 0 0 0 1
2 2 0 0 1 2 0 1 1 1 1 2 0 2 1 1 0 2 1 0 0 1
0 2 0 0 1 1 1 1 2 2 2 1 0 2 2 2 1 2 2 0 1 2
0 2 0 0 0 2 1 1 0 2 2 2 0 2 2 1 1 1 2 0 0 1
1 1 0 0 0 2 2 0 2 2 1 1 0 2 2 2 0 1 0 1 1 2
1 1 2 0 2 2 1 1 1 2 1 1 0 2 2 1 0 2 0 0 0 1
2 2 0 0 1 2 1 2 1 2 0 2 0 2 2 1 0 2 0 0 0 2
2 2 1 0 0 2 2 1 2 2 0 2 0 2 1 2 1 1 1 1 0 2
1 0 2 0 0 1 0 2 1 2 0 1 0 1 2 1 0 2 2 0 0 2
0 0 0 0 0 1 1 0 2 2 2 2 0 2 2 2 0 2 0 0 0 2
2 2 1 0 0 1 1 0 2 2 1 2 0 2 1 2 0 1 2 0 0 2
1 2 0 0 0 2 2 1 1 1 2 1 0 1 1 0 0 1 0 1 1 1
2 0 0 0 0 2 2 0 2 2 1 2 0 1 2 2 0 0 1 1 1 1
2 2 0 0 0 1 1 1 2 1 2 2 0 2 2 1 0 2 0 0 0 1
1 1 0 0 1 2 1 2 2 1 1 2 0 2 2 2 0 2 2 0 0 0
2 2 0 0 2 1 1 1 1 2 0 2 2 2 2 2 0 2 0 0 0 2
2 1 0 0 0 2 1 1 1 2 1 1 0 1 1 1 0 1 1 0 1 2
0 2 0 0 1 1 1 1 0 2 0 2 0 1 0 0 0 2 0 0 0 1
1 2 1 0 0 1 1 1 2 2 1 2 0 2 1 1 1 2 2 0 0 1
0 1 1 0 1 2 2 0 0 2 1 2 0 2 2 1 1 2 1 0 0 2
1 2 0 0 0 2 2 1 1 1 1 1 0 2 2 2 1 2 2 0 0 2
1 1 1 0 0 1 1 2 0 2 1 2 0 2 1 2 0 2 0 0 0 2
0 1 1 0 1 1 2 1 2 2 2 1 0 2 1 0 0 2 2 1 1 2
2 2 0 0 0 2 1 2 2 2 0 1 1 2 2 1 1 1 1 1 0 1
0 2 0 0 1 2 1 1 1 2 1 1 0 2 1 2 0 1 0 0 0 2
2 1 1 0 1 1 1 0 0 1 1 1 1 2 2 2 0 2 0 0 0 1
2 2 1 0 1 1 1 1 2 1 2 1 0 2 2 2 0 0 0 0 0 2
1 2 0 1 1 2 1 2 1 2 2 1 0 2 2 1 0 2 2 0 0 2
1 2 0 0 1 2 1 2 0 2 1 1 2 2 2 2 0 2 1 0 0 1
2 1 1 0 0 2 2 1 2 2 1 2 1 2 2 2 0 1 1 0 1 1
2 2 0 0 0 1 0 2 0 2 2 2 0 2 2 2 0 2 1 1 0 1
1 2 0 0 1 1 2 1 0 2 1 1 0 1 2 2 0 1 2 0 0 2
2 1 1 0 1 2 1 1 2 2 2 2 0 2 1 2 0 1 0 0 0 2
1 1 1 0 0 1 1 0 2 2 2 1 0 2 2 0 0 1 1 0 0 2
2 2 1 0 0 2 1 0 0 2 2 2 1 2 0 2 1 2 1 1 0 1
0 2 1 0 0 2 1 1 2 2 2 2 1 2 2 2 0 2 1 0 0 2
1 1 1 0 1 2 0 2 1 1 0 0 0 0 2 1 0 2 1 0 0 1
2 2 0 0 0 1 1 2 1 2 2 1 0 2 0 1 0 2 0 0 0 2
1 2 0 0 0 1 1 1 1 2 1 2 0 1 0 1 0 1 1 0 1 1
2 2 0 0 1 2 1 2 1 2 0 2 1 2 2 2 0 2 1 0 0 2
2 1 1 0 0 2 1 1 2 1 2 1 0 1 2 1 1 1 0 0 0 2
0 2 0 0 0 2 1 1 1 2 1 2 1 2 2 2 0 0 0 0 0 2
2 2 0 0 0 1 2 2 0 2 2 2 0 1 1 2 0 2 0 0 0 2
2 2 2 0 1 1 2 2 1 2 2 2 1 1 2 2 1 1 1 1 0 2
0 2 1 0 0 2 1 1 1 2 1 2 0 2 2 2 1 2 1 1 0 1
1 2 0 0 0 1 2 2 2 2 2 2 0 2 2 2 0 2 1 1 0 0
1 1 0 1 0 2 0 0 1 2 2 2 0 1 2 2 0 2 2 0 0 2
1 2 0 0 1 2 1 2 2 2 1 2 0 2 2 2 0 2 1 2 0 1
1 2 1 0 0 1 2 1 1 2 1 1 1 1 0 2 0 1 0 0 0 2
1 2 2 1 0 2 1 1 1 2 0 1 1 2 2 2 0 2 1 2 0 2
1 2 0 0 0 2 0 1 2 2 1 2 0 1 2 1 0 2 0 0 0 2
1 2 0 0 0 1 0 0 1 2 0 0 1 2 1 1 0 2 0 0 1 1
1 1 1 0 2 2 1 2 1 2 2 2 0 1 2 1 0 2 0 1 0 2
1 2 0 0 1 2 2 1 2 2 1 2 1 2 2 2 1 1 1 0 0 1
0 2 0 0 1 2 2 0 0 1 1 1 0 2 2 2 0 2 1 0 0 1
0 2 0 0 0 1 2 1 1 2 1 2 0 2 2 1 1 2 1 0 0 2
2 2 1 0 1 2 0 2 2 2 2 1 0 2 1 2 0 2 1 1 1 1
2 2 0 0 1 2 1 1 2 2 1 2 1 2 2 2 1 2 0 0 0 2
1 2 0 0 1 2 2 1 2 2 2 2 0 2 2 1 1 2 1 1 1 2
2 2 0 0 0 2 0 1 0 2 1 2 0 1 2 2 0 0 1 0 0 1
1 2 0 0 0 2 1 1 1 2 1 2 0 2 1 2 0 0 1 0 0 2
0 1 1 0 0 1 1 0 2 2 1 2 1 2 1 2 0 2 1 0 1 2
1 2 1 0 2 2 0 2 1 2 1 1 1 2 2 2 0 2 1 0 0 2
1 2 0 0 2 2 1 2 2 2 1 2 0 1 2 2 1 2 0 0 0 1
1 2 1 0 0 2 1 2 1 2 1 2 0 2 2 2 0 2 1 1 0 1
0 2 0 0 1 2 1 0 2 2 1 1 0 1 1 2 0 2 1 0 0 2
1 1 1 0 0 2 1 1 2 1 2 2 0 2 2 2 0 2 0 0 1 1
1 2 1 0 1 1 2 1 2 2 0 2 1 1 1 1 1 2 0 1 0 2
1 2 0 0 0 2 0 2 2 2 1 1 0 2 2 2 0 2 1 0 0 0
1 2 0 0 1 2 1 0 2 2 0 2 1 2 2 2 0 1 2 0 0 1
0 2 1 0 1 2 2 2 1 2 2 2 1 2 1 2 1 2 1 0 0 2
2 2 0 0 0 1 2 0 1 2 1 2 0 2 2 1 0 2 1 1 0 2
1 2 0 0 0 2 2 0 2 2 1 1 1 2 2 2 0 2 2 0 1 2
0 2 1 0 1 2 2 1 1 1 1 0 1 2 0 2 0 2 1 0 0 2
1 1 0 0 1 1 1 0 2 2 1 2 0 2 1 1 0 2 1 0 0 1
0 1 0 0 1 2 2 1 1 1 2 2 0 1 2 2 0 2 2 0 1 2
0 2 1 0 0 2 1 1 2 2 2 2 0 2 2 0 0 2 0 0 0 2
1 2 1 0 1 1 1 2 1 2 1 1 1 2 2 2 0 2 0 0 0 1
1 1 1 0 0 1 2 1 2 2 1 1 1 2 2 2 0 1 1 0 0 1
2 2 2 0 0 2 2 2 2 2 1 1 1 2 2 2 0 2 1 0 0 2
1 2 1 0 0 2 2 1 1 1 1 2 0 2 1 1 0 1 2 0 0 2
1 2 0 0 0 2 1 1 2 2 1 2 0 1 1 2 0 2 1 0 0 2
2 2 1 0 0 2 1 1 2 1 0 2 0 2 2 2 0 2 1 1 0 2
1 2 1 0 1 2 1 2 2 2 0 2 0 2 2 1 0 2 1 1 1 2
0 2 0 0 0 1 1 0 2 2 1 1 1 1 2 0 0 2 2 0 1 1
1 2 0 0 1 2 1 0 2 2 1 1 0 1 1 2 0 1 1 0 0 2
1 1 0 0 1 2 2 2 1 2 1 2 0 2 1 1 0 1 0 0 0 1
0 2 0 0 1 2 2 0 2 1 2 0 0 2 2 2 0 2 0 1 0 1
0 1 0 0 1 1 2 2 2 1 1 1 1 2 1 2 0 1 0 1 0 1
1 1 0 0 1 2 1 1 1 2 2 2 1 1 2 2 0 2 2 0 0 2
2 2 0 0 0 1 2 1 2 2 1 2 0 2 2 2 0 2 0 0 0 1
0 2 0 0 0 1 1 1 2 2 0 2 1 2 2 2 0 1 0 0 0 2
1 1 0 0 1 2 2 2 1 2 1 1 0 2 2 1 0 2 1 0 1 1
1 2 0 0 2 2 2 1 1 1 2 2 0 1 2 2 0 2 1 0 0 2
2 2 1 0 1 2 2 1 1 1 1 2 1 2 2 2 0 2 1 0 1 2
0 1 1 0 1 2 2 2 2 2 1 2 0 2 1 2 0 2 2 0 0 1
1 2 0 0 1 1 2 1 2 2 2 2 1 1 2 2 0 1 1 1 0 2
0 2 1 0 0 2 1 1 1 2 1 0 1 2 2 2 0 1 1 1 0 2
1 2 1 0 0 2 1 2 1 2 2 2 0 1 1 2 0 2 1 1 1 0
1 2 1 0 0 2 2 1 2 2 0 2 1 2 2 0 0 1 1 0 0 2
0 2 1 0 1 2 1 1 2 2 1 2 0 2 0 2 0 2 0 0 0 1
0 2 0 0 1 1 2 2 1 2 1 1 1 1 0 1 0 2 2 0 1 2
0 1 1 0 1 2 1 1 1 2 1 2 0 2 0 2 0 2 2 1 0 1
0 1 1 0 0 1 2 2 1 2 1 2 0 2 2 1 0 2 2 1 0 1
2 2 0 0 0 2 1 2 0 2 2 2 0 2 2 1 0 2 1 0 0 2
0 2 0 0 0 1 0 1 1 2 2 2 2 2 1 2 0 1 1 0 1 1
2 2 0 0 1 2 0 2 2 2 0 2 1 2 1 2 0 2 2 0 0 2
1 1 0 0 2 2 1 1 2 2 1 2 1 2 1 1 0 2 0 1 0 1
1 1 1 0 0 1 2 2 1 2 2 2 0 1 2 2 1 2 1 0 0 1
1 1 0 0 0 1 1 0 2 2 1 2 1 2 1 2 2 1 1 0 0 2
0 2 0 0 0 2 1 1 2 2 1 1 0 2 2 2 0 2 0 0 0 2
0 2 0 0 1 2 2 1 1 2 1 2 0 2 2 2 0 2 0 0 1 2
0 2 0 0 0 2 1 1 1 2 2 2 0 2 2 1 0 2 1 0 0 2
2 2 1 1 0 1 2 1 2 2 1 2 0 2 2 2 0 1 1 0 0 2
2 2 0 0 0 2 2 0 1 2 0 1 0 2 2 2 0 2 1 1 0 2
1 2 0 1 1 1 2 0 2 2 1 2 1 2 2 1 0 1 1 0 0 1
0 1 0 0 0 2 1 1 1 2 1 1 0 1 2 2 0 1 1 1 0 2
0 2 1 0 1 2 1 1 0 2 2 2 0 2 2 2 0 2 1 0 1 2
2 2 0 0 0 2 1 2 1 2 1 2 0 2 2 2 0 2 1 1 0 2
1 2 0 0 0 1 0 1 1 2 0 1 0 2 2 1 0 2 0 0 0 1
1 2 0 0 1 2 2 1 2 2 1 1 0 2 0 0 1 2 1 0 0 2
0 2 0 0 1 2 0 1 2 2 1 2 1 2 2 1 0 2 1 0 0 2
1 2 0 0 0 2 2 0 0 2 1 2 1 2 1 1 0 2 1 0 0 2
1 2 1 0 1 2 1 2 2 2 1 1 0 1 1 2 1 2 2 1 0 1
1 2 0 0 1 2 1 2 1 2 2 1 0 2 1 1 0 2 0 0 0 1
0 2 0 0 0 2 0 1 1 2 2 2 0 1 1 1 0 2 0 2 0 1
0 2 1 1 2 1 2 2 1 2 0 1 0 1 1 1 0 2 1 1 1 2
1 2 0 0 0 2 1 2 2 1 1 2 1 2 1 2 0 2 2 0 0 2
2 1 0 0 1 2 0 1 2 2 1 2 0 2 2 1 0 2 0 0 0 0
1 2 1 0 0 2 2 2 1 2 2 1 1 2 2 2 0 2 0 1 0 1
2 2 0 0 0 2 2 1 2 1 1 2 1 2 0 2 0 2 1 0 0 2
2 2 1 0 2 2 0 1 2 2 2 1 0 2 2 1 0 2 0 0 0 2
1 1 0 0 1 1 2 1 2 1 2 0 0 1 2 2 0 2 2 0 0 2
1 0 0 0 1 2 2 2 1 2 0 2 0 2 1 1 0 2 0 0 0 2
1 2 1 0 0 2 2 1 1 2 1 2 0 2 1 2 0 2 1 0 0 2
2 2 0 0 0 2 2 2 2 2 2 1 1 2 2 1 0 2 1 1 1 2
1 2 0 0 0 1 0 1 1 2 2 1 0 1 2 1 0 1 1 0 0 2
2 2 2 0 0 2 2 2 1 2 2 2 0 0 1 1 0 2 1 0 0 1
1 2 1 0 0 1 2 1 2 2 1 2 0 1 1 1 0 2 0 0 0 2
1 2 1 0 0 2 2 2 1 2 1 2 1 1 2 2 1 1 0 0 0 2
2 1 0 0 1 2 1 2 2 2 1 2 0 2 2 2 0 1 1 1 0 2
0 1 0 0 1 2 1 2 2 1 1 1 1 2 1 1 0 2 1 0 0 1
1 2 0 0 0 2 1 2 1 2 2 1 0 2 2 1 0 2 0 0 0 2
0 2 1 0 1 2 2 0 1 2 2 1 1 2 1 1 0 2 2 1 0 1
0 1 0 0 2 2 1 2 1 2 0 2 2 2 2 1 1 1 1 0 0 0
2 2 0 0 0 1 2 1 2 2 2 1 0 1 2 2 0 2 1 0 0 1
1 2 0 0 1 2 2 1 0 2 2 1 1 1 0 2 0 2 2 1 0 2
0 0 1 0 1 1 1 1 1 2 1 2 0 2 1 2 0 2 2 0 0 1
1 2 0 0 0 2 2 1 1 2 2 2 0 2 0 1 0 2 1 0 1 2
1 2 0 0 0 2 1 1 2 2 0 2 0 1 0 1 0 1 0 0 1 2
1 1 0 0 2 2 2 1 1 2 1 1 1 2 1 1 1 2 1 0 1 1
2 2 0 0 0 1 1 2 1 2 1 1 0 2 1 2 0 2 0 1 0 2
1 2 1 0 1 1 2 2 0 1 2 1 0 2 2 2 0 1 1 0 0 2
1 2 0 0 0 2 1 2 1 2 2 2 0 2 1 2 0 1 0 1 0 2
0 1 0 0 0 2 1 1 2 2 0 2 0 2 1 1 0 1 2 1 0 2
2 1 1 0 1 2 2 1 2 2 1 2 0 2 2 2 0 2 0 0 1 2
2 2 1 0 0 2 2 1 1 2 1 2 0 2 2 1 0 1 1 1 0 2
1 1 0 0 0 1 0 2 2 2 0 2 1 2 2 2 0 2 0 0 0 1
1 1 0 0 1 1 1 0 0 2 2 1 0 1 2 2 0 2 1 0 0 0
0 2 0 0 1 2 2 1 2 2 1 2 1 2 2 1 0 2 2 1 0 1
1 2 1 0 0 1 1 1 1 2 2 2 1 2 2 2 0 2 0 0 0 1
0 2 0 0 0 1 1 1 0 1 2 1 0 2 1 1 1 2 1 0 1 2
1 2 0 1 0 1 1 1 1 1 2 2 0 2 0 1 0 0 0 0 0 2
1 2 0 0 1 2 1 2 1 2 1 2 0 2 1 2 0 1 1 0 0 2
1 2 0 0 1 2 0 1 2 2 2 2 1 2 2 1 0 2 1 0 0 2
1 2 0 0 0 2 2 1 0 2 2 2 0 2 1 0 0 2 1 0 0 2
1 1 0 0 0 2 2 2 1 2 2 1 0 2 2 1 0 0 1 0 0 1
1 1 2 0 0 2 1 0 1 2 0 1 1 2 2 1 0 2 2 0 0 2
0 1 1 0 0 2 2 2 0 2 2 2 0 2 2 1 0 1 0 0 0 2
1 2 0 0 0 1 0 2 1 2 1 1 0 2 2 2 0 1 1 0 0 1
1 2 0 0 1 2 2 1 2 2 0 2 1 2 2 2 0 2 0 1 0 2
1 2 0 0 0 2 1 2 1 2 1 1 1 2 1 2 0 1 1 0 0 2
0 2 0 0 1 2 2 1 1 2 2 1 0 1 1 2 0 2 1 0 0 1
0 2 0 1 1 2 1 2 1 2 2 2 0 1 2 2 0 2 1 0 1 1
1 2 1 0 0 2 2 2 1 2 2 2 0 2 2 2 1 2 1 1 0 1
2 2 1 0 1 2 1 2 2 2 1 1 1 1 1 1 1 2 2 0 0 2
1 2 0 0 1 2 1 1 1 0 1 2 0 2 2 2 0 1 0 1 0 1
1 2 0 0 0 2 2 1 2 2 1 2 0 2 2 2 0 1 2 1 0 2
1 2 0 0 0 0 2 1 1 2 1 2 2 2 2 1 1 1 2 2 0 1
2 2 1 1 0 2 0 1 2 2 1 2 0 2 2 2 0 1 2 0 1 2
1 2 1 0 1 1 2 1 0 2 1 2 1 1 1 1 1 2 0 0 1 1
0 2 0 1 0 2 1 1 1 2 2 1 1 2 2 2 0 2 0 0 0 2
2 2 1 0 0 2 2 2 2 2 0 2 0 1 1 2 0 2 2 0 0 1
0 2 0 0 0 2 1 1 2 2 0 2 1 1 2 2 0 1 1 0 0 1
1 2 1 0 0 2 2 1 2 1 1 2 0 2 2 1 0 2 2 0 0 1
1 2 1 0 0 2 1 1 0 2 2 2 0 2 1 1 0 2 0 2 0 2
2 2 0 0 0 2 1 2 2 2 2 1 1 2 2 1 0 1 1 0 0 1
0 2 0 0 0 2 2 2 2 2 2 1 0 1 2 2 0 2 1 1 0 2
0 1 0 0 0 1 1 1 2 2 2 2 1 1 2 0 0 2 1 0 0 2
1 2 0 0 1 2 1 0 1 2 1 1 1 2 2 2 0 2 1 0 0 2
0 2 1 0 1 2 2 1 2 2 1 2 0 1 1 2 1 2 0 0 0 2
0 2 0 0 0 2 1 1 2 1 0 2 0 2 1 2 0 2 1 0 0 1
1 2 1 0 0 2 2 2 2 2 0 1 1 1 1 1 0 1 1 0 0 1
1 2 1 0 0 2 1 2 2 2 1 2 0 2 2 2 0 2 2 0 0 2
1 2 0 0 1 2 2 1 2 2 1 1 0 2 2 0 0 2 2 0 0 2
1 2 1 0 0 2 2 0 2 2 2 2 1 1 1 1 0 2 2 1 2 2
1 2 0 0 0 2 1 2 2 2 1 0 0 2 2 1 0 0 1 0 0 2
2 2 0 0 0 2 1 1 1 2 2 2 1 2 2 1 0 2 0 1 0 1
2 1 0 0 1 2 1 1 0 2 1 2 1 2 1 2 0 2 0 1 0 0
2 2 1 0 0 1 2 1 2 2 1 1 1 2 1 2 0 1 1 0 0 1
2 2 0 0 0 2 2 2 1 2 2 1 1 2 2 1 0 2 0 0 0 1
1 2 2 0 1 1 2 0 0 2 1 2 1 2 2 1 0 1 2 0 0 1
0 2 0 0 0 1 0 2 2 2 1 2 0 2 1 2 0 1 1 0 0 2
2 2 0 0 0 2 1 1 1 2 0 2 0 1 2 2 0 1 1 1 0 2
1 2 0 0 0 1 0 2 0 2 1 2 0 2 1 2 0 0 1 0 0 2
0 2 0 0 0 2 2 2 2 2 1 2 1 1 1 2 0 1 2 0 0 1
1 1 0 0 2 2 1 1 2 1 2 2 0 2 1 1 0 2 1 0 0 1
2 2 1 0 1 2 1 2 0 2 1 2 0 2 1 2 0 2 1 0 0 1
0 2 1 0 0 2 2 1 1 2 0 1 0 2 2 2 0 1 1 0 0 1
1 2 1 0 0 2 0 2 2 2 2 2 0 2 2 0 0 2 0 0 1 2
2 2 1 0 0 2 1 1 1 2 1 1 0 2 2 2 0 2 0 0 1 2
2 1 0 0 0 2 2 2 1 1 1 1 2 2 2 2 0 2 0 0 0 1
2 2 1 0 0 2 1 2 1 2 1 2 1 2 2 2 0 2 1 0 0 1
2 2 1 0 0 0 2 2 1 2 1 2 1 1 2 2 0 0 2 1 0 2
2 2 2 0 1 2 2 0 1 2 0 1 0 2 2 2 1 2 1 1 0 1
2 2 0 0 0 1 1 2 2 2 0 2 0 2 2 1 0 1 2 0 0 1
1 2 0 0 0 2 0 2 2 2 2 2 0 1 1 2 0 2 1 0 0 1
1 2 0 0 0 2 1 0 2 2 1 1 0 2 1 1 0 2 2 0 0 1
1 2 0 0 0 2 2 2 2 1 2 2 1 2 2 1 1 2 2 0 0 1
1 1 2 0 0 1 1 2 1 1 2 1 0 2 2 2 0 2 1 0 0 1
1 2 0 0 1 1 0 0 2 2 0 2 0 2 1 2 0 1 1 1 0 2
0 2 0 0 1 2 1 2 2 2 1 1 2 1 2 1 0 2 0 0 0 1
1 2 0 0 0 2 2 1 1 2 1 1 0 1 2 1 1 2 1 1 0 1
1 1 1 0 0 2 2 1 2 2 2 2 1 1 0 1 0 2 1 1 0 0
1 2 0 0 0 2 1 1 1 2 0 2 1 2 2 2 0 1 1 0 0 0
2 2 0 0 1 2 1 1 2 2 0 2 1 2 1 1 0 2 1 1 1 1
0 2 0 0 0 2 2 1 1 2 2 2 1 2 2 2 0 2 2 0 1 2
1 2 1 0 0 2 0 2 0 2 1 2 0 2 1 1 0 2 1 1 0 1
0 1 0 0 1 1 1 0 2 2 2 2 1 0 1 1 0 1 0 0 0 0
0 2 1 0 0 2 1 1 1 1 1 1 1 2 1 2 1 2 0 0 0 2
2 2 2 0 1 2 1 1 2 2 1 2 0 1 2 2 0 2 1 0 0 2
1 2 0 0 0 2 1 2 2 2 1 1 0 1 1 1 0 2 0 0 0 1
1 2 0 0 1 0 1 0 1 2 2 1 0 2 2 2 0 1 0 0 0 2
0 1 1 0 0 2 0 1 1 1 1 2 0 2 1 2 0 2 0 0 0 2
1 2 1 0 1 0 2 1 2 2 1 2 0 2 1 2 0 2 0 0 0 1
2 2 1 0 0 1 0 2 0 2 2 1 0 2 1 2 0 2 0 0 0 2
0 2 0 0 0 2 2 1 2 2 0 2 0 2 2 2 0 1 0 0 0 2
1 2 2 0 1 2 1 1 2 2 1 2 0 2 1 2 0 2 0 0 0 2
1 2 2 0 1 2 1 1 0 2 1 2 0 1 2 1 1 1 1 0 1 2
0 2 1 0 1 2 1 1 2 2 1 2 0 2 2 2 0 2 1 0 0 1
1 2 0 0 2 1 0 1 2 2 1 1 1 2 2 2 0 1 1 0 1 2
0 2 1 0 0 1 2 0 1 1 2 2 0 2 1 2 1 2 0 0 0 2
1 2 1 0 1 2 0 2 1 2 0 2 2 2 2 1 0 2 1 0 0 2
1 2 0 0 1 1 1 2 1 2 1 1 0 2 2 2 0 0 2 0 0 1
2 2 1 0 1 1 0 1 2 2 1 2 0 2 2 2 0 1 1 0 0 2
0 2 0 1 0 2 0 2 2 2 1 2 0 2 0 1 0 1 1 0 0 1
2 2 0 0 1 2 1 2 1 2 1 1 1 2 2 2 0 1 1 0 0 2
0 2 1 0 0 2 1 0 1 2 1 1 1 2 2 2 0 1 1 0 1 2
2 2 0 0 1 1 1 2 1 2 1 2 0 2 2 2 0 2 2 0 0 2
1 2 1 0 1 2 1 2 0 2 2 2 0 1 1 2 1 2 0 1 0 1
1 1 0 0 2 1 2 2 2 2 2 1 0 1 1 2 0 2 1 0 0 2
1 2 1 0 0 1 1 2 2 2 1 2 1 2 2 2 0 1 1 0 0 0
1 2 0 0 0 2 1 1 1 1 2 1 0 1 1 2 0 2 1 0 0 2
1 2 0 0 0 2 2 1 2 2 2 2 0 2 2 1 0 2 1 2 0 2
2 1 0 0 0 0 2 1 1 2 2 2 0 1 0 2 0 1 1 0 0 2
0 2 0 0 1 2 2 1 2 2 1 1 0 2 1 1 0 2 0 0 0 1
0 2 0 0 0 2 2 2 1 2 1 2 0 2 1 2 0 2 1 1 0 2
2 2 0 0 1 2 1 1 2 2 1 2 1 0 1 2 0 1 0 0 0 2
2 1 1 0 2 2 1 1 1 2 2 2 2 2 2 1 0 2 1 0 0 2
2 2 0 0 0 1 2 1 2 2 1 2 1 2 2 2 0 2 1 0 0 1
1 2 0 0 0 2 2 2 2 2 1 2 2 2 0 2 0 1 1 0 0 2
1 1 0 0 0 2 1 0 1 1 2 2 0 2 2 1 0 1 2 0 0 1
1 1 1 0 1 2 2 0 2 2 2 2 0 2 2 1 0 2 1 1 0 2
1 2 0 0 0 1 2 0 2 2 1 1 1 2 2 2 1 1 1 0 0 2
1 2 1 0 1 2 2 2 1 2 1 0 0 1 2 2 0 2 0 0 0 0
2 2 0 0 0 2 0 1 0 2 0 1 0 2 2 2 0 2 0 0 0 1
2 2 1 0 1 2 1 2 2 2 1 2 0 2 2 2 0 2 1 0 0 1
2 2 0 0 1 1 1 1 1 2 1 2 0 2 1 2 0 2 2 0 0 2
1 2 0 0 0 2 0 2 2 1 2 2 0 2 2 1 0 2 1 1 0 2
0 2 0 0 0 1 2 2 2 2 0 2 1 1 0 2 1 1 1 1 0 1
2 2 0 0 0 2 1 0 1 2 1 2 0 1 2 1 0 2 1 0 0 1
2 2 0 0 0 0 1 1 1 2 2 1 1 2 2 1 1 2 2 0 1 2
1 2 0 0 1 2 1 2 2 2 2 1 0 1 2 2 0 1 0 1 0 2
1 0 1 0 1 0 1 1 2 2 0 2 1 2 0 1 0 2 1 1 0 2
2 2 0 0 1 1 2 1 0 1 2 1 0 1 2 2 0 2 2 0 0 1
0 2 1 0 1 2 1 2 2 2 2 2 0 1 2 1 0 2 0 0 0 2
1 2 1 0 1 2 2 2 2 2 1 1 1 2 0 2 0 2 2 0 0 2
2 2 0 0 0 1 1 1 2 2 1 2 0 2 2 2 0 1 2 0 0 1
1 2 1 0 1 2 2 2 0 2 1 2 0 2 1 1 0 1 2 1 0 1
2 2 0 0 0 2 1 2 1 2 1 2 0 2 2 1 0 2 1 0 0 2
1 2 0 0 0 1 2 0 1 1 1 2 0 2 2 2 1 2 1 1 0 2
1 2 1 0 0 2 1 1 0 2 2 2 1 2 2 2 0 2 2 0 0 0
1 1 0 0 1 1 0 2 1 2 1 2 1 2 1 1 0 0 1 0 0 1
2 1 1 0 1 2 2 1 2 2 1 1 1 2 2 0 1 0 1 1 0 2
2 1 2 0 1 2 2 1 2 2 1 1 0 2 1 1 0 1 2 0 0 1
1 2 0 0 0 1 1 1 0 2 2 2 1 2 1 1 0 1 0 0 0 2
1 2 2 0 0 2 2 2 1 2 1 2 1 1 1 1 1 2 1 0 1 2
1 2 0 0 0 2 1 1 1 2 1 2 0 1 2 1 0 2 1 0 0 2
1 2 1 0 0 1 2 1 1 2 2 1 0 2 2 2 0 2 1 0 0 1
1 1 0 0 1 1 1 1 1 2 1 0 1 2 2 2 0 2 1 0 0 2
2 1 0 0 1 2 2 2 2 2 1 1 0 2 1 2 1 2 0 0 0 2
0 2 2 0 0 1 1 1 2 2 1 1 0 2 2 2 0 2 1 0 0 1
0 2 1 0 0 2 1 1 2 2 2 2 0 2 2 1 0 2 0 0 0 1
2 2 0 0 0 1 0 2 1 2 2 1 0 2 1 0 0 2 1 0 0 2
1 2 0 0 1 1 1 1 2 2 2 2 0 2 1 2 0 1 0 0 0 2
1 2 0 0 0 1 1 2 2 2 1 2 0 1 2 1 1 2 2 0 0 1
2 2 0 0 2 2 1 1 2 2 1 2 0 2 2 1 1 2 0 1 0 2
2 2 0 0 0 2 2 2 1 2 0 1 1 2 0 1 0 2 1 0 0 2
1 1 0 0 1 2 2 1 2 2 0 2 0 2 1 2 0 2 1 1 0 2
2 1 0 0 0 2 1 2 1 2 1 1 0 2 2 2 0 0 0 0 0 1
1 1 1 0 2 2 1 1 2 1 2 1 0 2 1 2 1 2 2 0 0 2
1 0 0 0 1 2 2 0 1 2 2 1 0 2 2 2 0 2 2 0 0 2
1 2 0 0 0 2 1 2 1 2 1 2 0 2 2 1 1 2 0 0 0 2
2 2 0 0 0 1 1 1 1 2 1 1 0 1 1 1 0 1 2 0 0 2
1 2 1 0 0 2 1 1 2 2 2 1 0 0 1 2 1 1 1 0 0 2
0 1 1 0 1 2 1 2 1 1 0 2 0 2 1 2 0 2 1 1 0 2
1 2 0 0 1 2 2 1 2 2 1 1 0 1 2 2 1 1 0 1 1 2
0 2 0 0 2 2 1 2 0 1 2 1 0 2 1 2 0 0 2 0 0 0
0 1 0 0 0 2 2 1 1 2 0 2 0 2 2 1 0 0 0 0 0 0
2 1 1 0 0 2 1 1 1 2 1 1 0 2 2 0 0 2 1 1 0 1
1 2 0 0 0 2 1 0 2 2 1 0 0 2 2 1 0 2 1 1 0 1
2 2 2 0 0 2 2 0 1 2 0 1 0 1 2 1 0 1 0 1 0 1
1 0 0 0 1 2 1 1 2 2 1 2 1 1 1 2 0 2 2 0 0 1
1 2 0 0 0 2 2 1 1 2 1 2 0 2 1 2 0 2 0 0 0 1
0 2 0 0 0 1 2 1 2 2 0 0 0 2 1 2 0 1 2 1 0 1
2 2 2 0 0 2 0 2 2 2 2 2 0 2 0 2 0 2 1 0 0 2
1 2 0 0 0 2 2 1 0 2 1 2 0 1 1 2 0 2 0 0 0 1
1 2 1 0 1 2 1 1 2 2 1 2 1 2 2 2 0 2 1 0 1 1
2 2 2 0 1 1 1 2 1 2 1 1 0 2 1 1 1 1 1 1 0 1
0 2 1 0 1 1 1 2 2 1 2 1 0 2 2 2 0 1 1 0 0 2
1 2 0 0 1 1 0 2 0 2 1 2 0 2 2 2 0 2 0 0 0 1
0 1 0 0 1 2 1 2 2 2 1 1 0 2 2 2 0 2 2 1 0 2
1 1 0 0 0 1 1 1 2 2 1 2 0 2 2 1 0 2 1 1 0 2
2 1 1 0 1 2 1 2 1 2 0 1 0 2 1 2 0 2 1 1 0 2
0 2 1 0 0 2 0 2 1 2 2 2 1 2 1 1 0 2 0 1 0 2
2 2 0 0 1 1 2 2 1 2 0 2 0 2 1 2 1 2 0 0 0 1
0 1 2 0 0 1 1 2 1 2 1 2 0 2 1 1 0 2 1 0 0 1
1 2 0 0 0 2 1 0 0 2 1 1 1 2 2 1 0 2 1 1 1 1
2 2 0 0 1 1 0 2 2 2 2 2 1 1 2 2 0 2 1 1 0 2
1 2 0 0 0 2 0 0 1 2 2 1 1 2 0 2 0 2 0 0 0 1
1 2 1 0 0 2 2 2 1 2 1 2 1 1 2 1 0 1 0 0 0 2
0 1 0 0 1 2 1 0 2 2 1 1 1 0 1 2 1 2 0 1 0 2
0 2 0 0 0 1 2 1 2 2 2 2 0 1 0 0 0 2 0 1 0 2
0 2 0 0 0 1 2 1 1 2 2 2 1 2 1 2 1 2 2 1 0 1
2 2 0 0 0 2 2 2 2 2 1 2 1 2 2 1 0 2 1 0 0 1
0 1 1 0 0 2 0 1 1 2 2 1 0 1 1 1 0 2 0 1 0 1
2 2 1 0 1 1 2 1 1 1 1 1 0 2 1 2 0 1 0 0 0 0
1 2 0 0 1 2 2 1 2 2 0 2 0 1 2 2 0 2 1 0 1 2
2 2 0 0 1 2 1 1 0 1 1 2 0 1 1 2 0 2 0 0 1 1
1 2 0 0 1 2 2 1 2 2 0 1 1 2 2 2 0 2 1 0 0 2
0 2 1 1 0 2 0 2 2 2 1 2 0 2 2 1 0 2 0 0 0 1
0 0 1 0 1 1 2 2 1 2 2 2 1 2 1 1 0 1 0 0 0 2
2 2 0 0 0 2 2 1 1 2 2 2 0 2 1 1 0 2 2 0 0 1
1 1 1 0 0 2 1 1 1 2 2 2 0 2 2 2 0 2 1 0 0 1
1 2 0 0 1 2 2 2 1 2 1 1 0 2 2 1 0 2 1 0 0 2
2 2 1 0 0 2 2 1 1 1 0 2 1 2 2 1 0 2 0 0 1 2
0 2 1 0 1 2 1 1 2 2 0 2 0 2 1 1 0 2 2 1 0 1
0 1 0 0 0 2 1 2 2 1 0 1 0 1 1 2 0 2 0 0 0 1
1 2 0 0 0 2 1 2 2 2 1 0 0 1 2 2 0 2 0 0 0 2
0 2 0 0 0 2 1 0 2 2 1 2 0 2 2 2 1 2 0 1 0 1
1 2 0 0 1 1 0 2 2 2 1 2 1 2 2 1 0 1 1 0 0 2
2 2 0 0 1 2 2 2 1 2 2 2 0 1 0 1 0 2 2 1 0 1
2 2 0 0 0 2 1 2 2 2 1 2 0 1 2 2 0 1 1 0 0 2
1 2 0 0 1 2 2 1 2 2 1 1 0 2 2 1 0 2 1 0 0 1
1 1 0 0 0 2 2 2 1 2 2 2 0 2 2 1 0 2 1 1 0 2
1 2 1 0 0 1 1 1 2 2 0 2 1 2 2 1 0 2 1 0 0 1
1 1 0 0 1 2 1 1 1 1 0 2 1 2 2 2 0 2 0 1 1 1
0 2 1 0 0 2 2 2 2 2 2 2 1 2 2 2 0 2 1 1 0 2
1 2 0 0 1 1 1 2 1 2 0 2 0 2 2 2 0 1 1 0 0 1
0 2 1 0 0 2 1 0 1 2 2 2 1 2 2 2 0 2 1 0 0 2
2 2 1 0 0 1 2 2 1 2 2 2 1 1 2 2 0 2 1 1 0 1
0 1 1 0 0 2 1 1 2 2 1 1 0 2 2 2 0 2 1 0 0 0
2 2 0 0 1 2 1 2 2 2 1 2 0 0 2 2 0 2 2 0 0 2
0 2 0 0 0 2 2 1 2 2 2 1 1 1 2 2 0 2 2 1 0 2
1 2 0 0 1 2 1 2 1 1 2 2 1 1 1 2 1 2 2 0 0 1
1 2 0 0 0 1 2 1 2 2 1 2 0 1 2 2 1 2 0 0 0 2
0 0 0 0 1 2 1 1 2 2 2 1 1 2 0 2 1 2 2 0 0 2
1 2 1 0 0 2 2 1 2 2 1 2 2 2 2 2 0 1 0 0 0 1
1 2 0 0 1 2 0 1 1 2 2 1 0 1 2 1 0 2 1 2 0 1
1 2 0 0 0 1 1 0 2 2 1 2 0 2 2 2 0 1 2 0 0 1
1 1 0 0 1 2 1 2 1 1 2 2 1 2 0 1 0 1 0 1 1 2
0 1 0 0 1 1 2 2 2 1 0 2 0 1 2 1 1 1 1 1 0 2
1 2 1 0 0 2 2 2 1 2 1 2 0 1 1 1 0 2 0 0 0 1
2 2 0 0 1 2 2 2 2 2 0 2 0 2 1 2 1 1 2 1 0 2
1 2 1 0 0 1 2 1 1 2 1 2 0 2 2 1 0 2 1 0 0 1
1 2 1 1 0 2 1 1 1 2 2 2 0 2 1 2 0 2 1 0 0 2
0 2 0 0 0 2 2 2 2 1 2 1 0 2 2 1 0 2 0 1 0 1
1 2 0 0 1 1 1 2 2 2 1 2 1 2 2 1 0 1 1 0 0 2
1 2 1 0 0 2 2 0 1 2 1 2 0 2 1 1 0 2 0 0 0 2
1 2 1 0 0 2 0 1 2 2 2 1 0 2 2 1 0 1 1 0 0 2
2 1 0 0 1 2 0 0 1 2 2 1 0 2 2 1 0 0 0 1 0 2
0 2 0 0 0 2 2 2 1 2 1 2 0 2 1 2 0 2 0 0 0 1
0 2 0 0 1 2 0 2 1 2 2 1 0 2 1 1 0 2 0 0 0 2
2 2 0 0 1 2 1 2 0 2 0 0 0 1 2 2 0 1 0 1 1 0
0 2 0 0 1 2 1 2 1 2 1 1 1 2 2 2 0 2 1 1 0 1
1 2 0 0 1 2 2 0 2 2 2 2 0 1 2 2 0 2 1 0 0 2
1 2 0 0 0 2 1 2 2 2 1 1 0 2 2 2 0 2 1 0 0 2
2 2 0 0 0 2 1 2 2 2 2 2 0 1 2 2 1 1 0 0 0 2
0 2 0 0 1 2 0 0 2 2 1 2 0 2 2 2 0 0 1 0 0 2
1 2 1 0 0 1 1 2 1 2 1 2 0 2 1 2 0 2 2 2 0 0
2 1 1 0 1 2 0 1 2 2 1 2 1 2 2 2 0 2 0 0 0 0
1 2 0 0 1 2 2 2 2 2 2 1 0 1 1 1 0 2 0 0 0 2
1 2 0 0 1 1 1 1 2 2 1 2 0 1 2 2 0 1 2 2 0 2
0 2 0 0 0 2 2 1 2 2 2 2 0 0 2 2 0 2 1 0 0 1
1 0 1 0 0 2 1 2 1 2 1 2 0 2 1 2 0 1 0 0 0 2
1 2 1 0 0 2 1 2 1 2 2 1 2 2 1 1 0 2 0 0 0 1
1 2 0 0 0 1 2 1 1 2 0 2 1 2 1 2 0 2 0 0 0 2
0 2 1 0 1 2 0 2 0 2 0 2 1 1 0 2 0 2 1 0 0 1
1 1 1 0 0 1 0 1 1 2 1 1 1 2 0 1 0 2 0 0 0 1
0 2 0 0 1 2 2 2 2 2 0 2 0 2 2 1 0 2 0 0 1 2
0 2 0 0 1 2 0 2 2 1 2 2 0 2 2 2 0 2 2 0 0 1
2 2 0 0 0 2 2 1 0 2 0 0 1 2 2 2 0 2 1 0 0 2
0 0 0 0 0 2 1 1 1 2 1 2 0 1 2 2 0 2 2 0 0 2
0 2 0 0 0 1 2 0 1 2 2 1 0 2 1 2 1 2 0 0 0 0
0 1 1 1 0 2 1 1 2 2 1 2 1 2 2 2 0 1 0 0 0 2
1 2 0 0 1 2 2 2 1 2 2 0 1 1 1 1 0 1 2 0 0 2
1 2 0 0 1 1 2 2 1 2 1 2 1 2 1 1 0 2 0 0 0 2
2 1 1 0 0 2 2 1 1 2 0 2 0 2 1 1 0 2 1 0 0 2
1 2 0 0 0 2 2 1 1 2 1 2 0 2 2 2 0 2 1 1 0 2
1 1 0 0 0 2 1 1 1 2 0 1 0 2 2 1 0 1 1 0 0 1
2 2 0 0 1 1 0 1 1 2 1 0 0 1 1 2 0 1 0 0 0 2
1 1 0 0 1 1 1 2 2 2 1 2 2 2 0 2 1 2 0 1 0 2
1 2 1 0 0 2 2 1 1 2 0 2 1 2 2 2 0 2 0 0 0 1
1 1 0 0 1 1 1 0 1 2 0 2 0 1 2 1 0 1 0 1 0 2
1 2 0 0 0 1 1 1 2 2 1 1 1 2 1 1 0 1 0 0 0 2
2 2 2 0 1 2 2 2 2 2 1 1 1 2 0 1 0 2 0 0 0 2
0 2 0 0 1 0 2 2 1 2 2 2 0 1 2 2 0 2 2 2 0 1
0 2 0 0 0 2 2 2 1 2 1 1 0 2 1 1 0 2 1 0 0 2
1 1 0 0 1 1 1 2 1 1 2 2 1 2 1 2 0 2 1 1 0 2
1 2 0 0 0 2 1 1 2 2 2 2 0 1 1 2 0 2 1 0 0 2
2 2 0 0 1 0 2 2 2 1 1 1 1 2 2 2 0 2 0 0 1 2
1 1 0 0 0 2 1 1 2 2 2 1 0 1 1 0 1 1 1 0 0 1
1 2 1 1 0 2 2 1 1 2 1 2 0 1 1 2 0 2 1 1 0 2
2 1 0 0 1 2 2 1 1 2 1 2 0 2 1 1 0 1 1 0 0 1
1 2 2 1 1 2 2 2 2 1 1 1 0 2 1 2 0 1 1 0 0 2
1 2 1 0 1 2 1 0 1 2 1 2 0 2 1 2 0 2 0 0 0 1
1 2 0 0 1 2 2 1 1 2 1 2 0 2 1 2 0 1 0 0 0 2
1 2 0 1 1 2 2 0 2 1 1 1 0 2 2 2 0 1 0 0 0 1
1 1 1 0 0 2 2 0 2 2 2 2 1 1 2 1 0 2 2 1 0 1
1 2 0 0 0 2 2 2 1 2 0 2 0 2 1 2 0 1 1 0 0 1
0 2 2 0 0 2 1 1 1 2 1 2 0 2 1 2 0 2 2 0 0 2
1 1 0 0 0 2 1 2 2 2 1 2 0 2 0 2 0 2 1 2 0 1
1 1 1 0 0 2 2 1 1 1 2 1 0 2 2 2 0 2 2 2 0 0
0 2 1 0 0 2 1 1 1 2 1 2 0 2 1 1 0 1 1 0 0 1
1 1 0 0 1 1 2 1 1 2 1 2 0 2 2 2 0 1 2 2 0 2
1 2 0 0 0 1 1 1 2 2 2 2 2 2 2 2 0 2 2 0 0 2
2 2 0 0 0 2 2 2 0 2 1 2 1 2 2 2 0 2 0 1 0 1
0 2 0 0 0 2 2 2 1 2 1 2 0 2 0 2 0 2 1 0 0 0
2 1 0 0 1 1 1 2 1 1 1 2 2 1 2 2 0 2 0 1 0 2
2 2 1 0 0 1 1 2 0 2 2 2 0 2 0 2 0 1 2 0 0 1
1 2 0 0 0 1 0 0 1 2 1 2 1 1 0 2 0 2 2 0 0 2
0 2 1 0 0 1 2 1 1 2 1 1 1 1 1 2 1 2 2 2 0 2
1 2 1 0 1 2 2 2 2 2 1 1 0 1 2 1 1 2 1 0 0 2
1 2 0 0 1 2 1 0 2 2 2 2 1 2 2 2 1 2 1 0 0 2
0 2 0 0 1 2 1 2 2 1 2 2 1 1 0 2 1 1 1 0 0 2
2 2 0 0 1 1 2 1 1 2 2 2 0 2 2 2 0 2 2 1 0 1
0 1 1 0 0 2 0 1 1 2 1 2 1 2 2 2 0 2 1 1 0 2
1 2 0 0 0 1 2 2 0 2 1 2 0 2 1 1 1 2 1 1 1 2
1 1 1 0 0 2 2 0 2 2 1 2 1 2 1 2 0 2 0 0 0 2
0 2 1 0 0 2 2 1 2 2 2 2 0 2 1 2 0 2 1 0 0 1
1 2 0 0 1 2 1 1 1 2 1 2 1 1 2 2 0 2 2 0 0 1
1 2 1 0 1 2 2 1 0 2 1 1 0 1 2 1 0 1 1 0 0 1
0 1 0 0 1 2 1 1 2 1 0 2 1 2 2 2 1 2 2 0 0 2
0 2 2 0 1 2 1 2 1 2 2 1 0 2 2 2 0 2 1 1 0 0
1 2 0 0 1 1 1 1 2 1 1 1 0 2 1 1 0 1 0 0 0 1
0 2 0 0 1 2 1 0 1 2 2 2 0 2 2 2 0 2 1 1 0 1
0 2 0 0 1 2 2 2 2 2 1 2 0 2 1 0 0 1 1 1 0 1
1 2 1 0 0 2 1 1 2 2 1 2 0 2 2 2 2 2 1 0 0 1
1 1 0 0 0 2 1 2 1 2 2 2 0 2 2 2 0 2 2 1 1 1
0 1 0 0 0 2 1 0 2 2 2 2 1 2 2 2 0 2 0 0 0 0
1 2 0 0 0 2 2 2 0 2 1 2 0 1 2 1 0 2 2 0 0 1
2 2 0 0 0 2 1 1 1 2 1 2 2 2 2 2 0 2 2 0 0 2
0 2 2 1 1 2 1 2 1 2 2 2 0 2 2 0 0 1 0 0 0 1
1 2 0 0 1 1 1 0 2 1 1 2 0 1 0 2 0 2 2 0 0 2
0 2 0 0 0 2 2 1 2 2 1 2 1 2 2 2 0 1 0 1 0 0
0 2 0 0 1 1 2 1 2 1 2 2 0 2 2 1 0 1 1 0 0 2
1 2 0 0 0 1 2 2 2 2 1 2 1 2 0 2 0 2 2 0 0 1
1 2 1 0 0 2 2 1 2 2 1 1 0 2 2 1 1 1 1 0 0 2
2 1 0 0 0 1 1 1 1 2 2 2 1 2 2 2 0 2 2 0 0 1
1 2 0 0 2 1 2 2 2 2 1 2 0 0 1 2 0 1 1 0 0 1
0 2 0 0 0 1 2 2 2 2 2 2 1 2 2 1 0 1 0 1 0 2
1 1 0 0 1 2 2 1 2 2 1 2 0 2 2 1 0 2 1 0 0 1
1 2 1 0 0 2 0 0 2 2 1 1 0 2 1 2 0 2 0 1 0 2
0 2 0 0 0 2 1 2 1 2 1 2 0 2 2 2 1 2 1 0 0 2
2 2 0 0 0 0 1 0 1 2 1 2 1 2 1 2 0 2 1 0 0 2
0 1 0 0 1 2 1 1 2 2 2 0 1 2 2 2 0 2 1 0 0 2
1 2 1 0 1 2 1 0 1 2 1 2 0 2 1 1 0 2 0 0 0 2
2 2 0 0 0 1 2 1 2 2 1 1 0 2 1 2 0 2 1 0 0 2
2 2 0 0 0 0 2 1 1 2 2 2 0 2 1 1 0 2 1 2 0 2
2 2 0 0 0 2 1 1 2 2 1 2 0 2 2 2 0 2 0 2 0 1
1 2 1 0 2 2 2 0 2 2 0 2 0 2 2 2 0 2 1 0 0 1
1 1 1 0 0 2 1 2 2 2 1 2 1 1 2 1 0 2 1 1 0 1
1 1 0 0 1 2 1 0 2 2 2 2 0 2 2 2 0 2 0 0 0 2
0 2 0 0 0 1 1 1 1 2 2 2 0 2 1 1 0 2 1 0 0 2
0 2 1 0 1 2 2 2 1 2 2 2 0 2 1 2 0 2 1 1 0 2
2 2 1 0 0 2 2 0 2 2 1 2 0 1 2 2 0 2 1 0 0 1
1 0 0 0 1 1 2 2 2 2 1 2 0 1 1 2 0 1 1 1 0 2
2 2 0 0 0 1 1 1 1 2 1 2 0 2 1 1 0 2 0 0 1 1
1 2 0 0 1 2 2 1 2 2 1 2 0 2 1 2 0 2 0 1 0 2
1 2 0 0 0 2 1 1 2 2 1 2 0 2 1 1 0 2 1 0 0 2
1 2 1 0 0 2 1 1 1 2 1 2 0 2 2 2 0 2 1 0 1 2
2 2 0 0 0 2 1 2 0 2 1 2 0 1 2 2 0 2 0 0 0 1
2 2 1 0 0 2 2 1 1 2 1 1 0 2 0 2 0 2 1 0 0 1
1 2 1 0 0 2 2 2 1 2 2 2 1 1 1 2 0 1 1 0 0 1
0 2 1 0 0 2 1 2 2 2 1 2 0 2 2 2 0 2 1 0 0 1
0 2 0 1 0 1 1 2 1 2 1 2 0 2 1 2 0 2 1 0 1 2
0 2 1 0 1 2 2 2 1 2 1 2 1 2 2 2 0 2 1 0 0 2
1 2 0 0 1 1 1 2 0 2 0 2 0 2 2 2 0 0 1 1 0 2
2 2 0 0 0 2 2 1 1 2 2 2 0 2 0 2 0 2 1 0 0 2
1 2 0 0 1 2 1 2 1 1 2 2 0 2 1 1 0 2 0 0 0 2
0 2 1 0 0 2 0 2 1 2 1 1 1 2 2 1 0 2 0 1 0 2
0 0 2 0 1 2 2 0 1 2 2 2 0 2 1 1 0 2 0 0 0 2
1 0 0 0 1 1 2 2 1 2 2 2 0 2 2 1 1 2 2 1 0 2
2 2 1 0 1 2 2 1 1 2 1 2 0 1 2 2 1 2 0 1 0 1
1 2 1 0 0 2 1 2 1 2 2 0 1 2 2 2 0 2 2 0 1 2
0 2 0 0 0 2 1 1 2 2 0 2 0 1 2 2 0 2 2 0 1 2
1 1 1 0 1 2 2 2 1 1 1 1 1 2 1 1 0 2 1 1 0 1
1 2 0 0 1 1 1 1 1 2 2 1 0 2 1 2 1 2 2 0 0 2
2 2 1 0 0 2 1 1 2 2 2 2 0 2 2 1 1 1 0 0 1 2
1 1 1 0 0 2 1 1 1 2 0 2 1 2 2 2 2 2 1 0 0 2
1 0 1 0 1 2 1 2 1 2 2 2 1 1 2 2 0 2 1 0 0 1
1 2 1 0 1 2 0 1 1 2 1 2 0 2 2 2 0 2 0 1 0 2
2 2 1 0 1 2 0 1 2 2 1 2 0 2 2 2 2 2 0 0 0 2
0 2 1 0 1 1 2 0 2 2 2 1 0 2 2 1 0 2 1 0 0 0
1 2 0 0 0 2 2 1 1 1 1 2 1 2 2 2 0 1 0 1 0 2
1 2 0 0 1 1 2 1 2 2 0 1 0 2 2 1 0 2 0 0 0 1
1 2 0 0 0 1 2 2 2 2 1 2 0 2 0 1 0 2 0 1 0 2
1 2 1 0 1 2 2 1 1 2 2 1 0 2 2 1 0 1 2 1 0 0
1 2 0 0 1 2 2 2 1 2 1 2 1 1 2 0 1 1 1 0 0 1
1 1 0 0 0 2 1 2 1 2 1 2 1 1 2 2 0 1 1 0 0 1
0 2 0 0 1 2 1 1 1 2 2 2 0 2 1 1 0 1 1 2 0 0
1 1 1 0 0 2 0 2 1 2 1 2 1 2 2 2 0 2 0 0 0 2
1 2 0 0 2 0 2 1 1 1 2 2 0 2 2 1 0 2 2 1 0 2
2 1 0 0 1 2 1 1 1 2 0 1 1 1 1 0 0 2 1 1 1 1
0 2 0 0 1 2 1 1 2 2 0 1 1 1 0 2 0 1 2 0 0 1
1 1 0 0 0 1 2 2 2 1 2 1 1 2 1 0 1 2 1 1 0 1
2 1 0 0 1 2 1 2 0 2 1 2 0 2 2 2 0 2 0 1 0 2
0 2 0 0 0 2 0 2 2 2 0 2 0 2 1 2 0 1 0 0 0 2
1 1 1 0 0 2 1 1 1 2 1 1 0 2 2 2 0 2 0 0 1 2
1 2 0 0 2 2 1 1 2 2 2 1 2 2 2 2 0 2 2 0 1 2
0 2 0 0 2 2 0 2 1 2 1 1 1 2 2 1 0 2 0 0 0 2
2 2 0 0 1 1 2 0 2 2 2 2 0 2 1 2 0 1 1 2 0 2
0 2 0 0 1 0 2 2 2 2 1 2 0 2 2 2 1 2 0 0 1 2
2 2 0 0 0 1 1 0 2 2 1 2 0 2 1 1 1 2 0 0 0 2
0 2 1 0 1 2 1 2 2 2 1 1 0 2 1 0 0 1 1 1 1 2
1 2 0 0 0 2 2 1 2 1 2 1 0 2 2 1 1 2 1 1 0 1
1 2 1 0 1 1 1 1 1 2 1 1 1 2 1 2 0 1 0 1 1 2
0 2 0 0 0 2 1 1 2 2 0 2 1 2 2 2 1 1 0 0 0 1
2 2 1 0 2 2 2 2 0 2 1 2 0 2 1 2 0 2 2 2 0 2
1 1 0 0 1 2 1 1 2 2 0 1 0 2 2 2 0 2 2 0 0 1
2 2 2 0 2 2 2 2 2 2 2 1 1 2 1 2 1 2 1 0 0 2
2 2 1 0 2 1 2 1 2 2 2 1 0 2 2 2 0 1 0 0 1 1
1 2 0 0 2 2 1 2 1 2 1 1 0 2 2 1 1 2 0 0 0 2
0 2 0 0 1 2 1 1 2 1 2 2 0 2 1 1 1 2 1 0 1 1
1 2 0 0 0 2 2 2 2 2 0 2 0 2 2 1 0 1 1 0 0 2
2 2 1 0 1 2 1 1 0 2 1 1 0 2 2 2 1 2 1 0 0 2
0 2 1 0 0 1 1 2 2 2 1 1 2 0 2 2 0 2 1 1 1 2
1 2 1 0 1 1 2 1 1 2 1 2 0 2 2 2 0 2 0 0 0 2
1 2 0 0 0 2 2 1 1 2 1 0 0 2 1 2 0 2 0 1 0 2
1 1 0 0 1 2 2 1 2 2 2 1 0 2 2 0 0 1 1 0 0 1
1 1 0 0 1 1 1 2 1 2 1 1 1 2 1 2 1 1 0 2 0 2
1 2 0 0 0 2 1 1 1 2 2 2 0 2 1 2 0 1 1 0 0 2
2 2 0 0 0 1 2 2 2 1 2 2 2 2 2 1 0 2 0 0 0 2
1 1 0 0 2 2 2 2 1 2 1 2 0 2 0 2 0 1 1 0 0 2
0 0 0 0 0 2 2 2 0 2 0 2 0 2 2 1 0 2 0 1 0 1
2 2 0 0 2 1 2 2 1 2 2 2 0 2 2 2 0 1 0 2 0 2
1 2 0 0 1 2 2 0 0 2 1 2 0 2 2 2 1 2 1 0 1 2
1 2 1 0 0 2 2 2 2 2 0 1 1 2 0 2 0 2 0 0 0 2
0 2 0 0 1 2 2 1 2 2 0 2 0 2 2 1 0 2 2 0 0 2
1 1 0 0 1 2 1 2 2 1 1 1 1 1 2 2 0 0 0 1 0 2
1 2 1 0 0 2 1 2 0 2 2 1 0 2 2 2 0 2 0 0 1 1
2 2 0 0 1 2 1 1 2 2 0 1 0 2 2 2 0 1 1 0 0 1
2 2 0 0 0 2 1 2 2 1 1 1 0 2 2 2 0 1 1 0 0 2
1 2 0 0 2 2 2 2 1 1 2 2 0 2 0 2 0 2 1 0 0 2
1 2 0 0 1 2 1 2 1 1 1 2 0 2 2 2 1 1 2 0 0 2
1 2 0 0 0 2 2 1 0 2 0 2 0 2 2 1 0 1 1 0 0 2
1 1 0 0 0 2 1 2 1 2 2 2 0 2 2 2 0 1 1 0 0 2
2 2 0 0 0 2 0 2 2 2 1 2 0 2 1 2 0 2 1 0 0 2
1 1 0 0 1 2 2 2 1 2 1 2 0 2 1 0 0 2 0 0 0 2
1 2 0 0 1 1 2 2 2 2 1 2 0 2 2 2 0 2 0 0 0 1
1 1 0 0 0 2 1 2 1 2 1 2 0 2 2 2 1 2 0 0 0 1
0 2 0 0 0 2 2 2 2 2 0 2 1 2 2 2 0 1 0 0 1 1
2 2 0 0 0 2 1 1 0 2 0 1 0 2 1 2 0 2 0 1 0 2
1 2 2 0 1 2 1 2 2 1 2 2 0 2 2 1 1 2 0 0 0 2
0 2 0 0 0 2 2 1 1 2 1 1 1 1 2 1 0 1 2 0 1 1
0 2 1 0 2 2 2 2 2 2 1 1 0 1 1 2 0 2 1 0 0 2
2 2 0 0 0 1 1 1 1 1 1 2 0 2 2 2 0 1 1 0 0 1
0 2 0 0 1 2 2 0 1 2 2 2 0 2 2 2 0 2 1 1 0 2
0 2 1 0 0 2 1 1 2 2 1 1 0 2 0 2 0 2 0 0 0 1
1 1 0 0 2 1 2 1 2 2 2 2 0 2 2 2 0 2 1 1 0 1
1 2 1 0 0 1 1 1 2 2 1 1 0 2 1 1 0 1 2 0 0 2
0 2 1 0 2 2 1 1 1 2 2 2 0 2 1 2 0 2 1 1 1 2
1 2 0 0 1 2 1 2 2 2 1 1 0 2 1 2 0 2 1 1 0 1
1 2 0 0 1 2 2 2 0 2 1 1 0 0 1 2 0 2 1 0 0 2
2 2 0 0 0 1 2 1 2 2 1 1 0 1 2 2 0 2 0 0 0 2
0 1 2 0 0 1 0 2 1 2 2 0 0 1 2 2 0 2 1 1 0 1
2 2 1 0 1 1 2 1 1 2 1 2 1 2 2 2 0 1 1 0 0 1
2 2 0 0 0 2 2 2 2 2 0 2 0 2 2 1 0 1 0 0 1 2
2 1 0 0 2 2 2 1 2 2 2 2 0 2 2 1 0 1 1 0 0 1
0 2 1 0 1 1 2 2 2 2 1 1 1 1 1 2 0 2 1 0 0 2
2 2 0 0 0 2 1 2 1 1 2 2 0 2 1 1 0 2 1 0 1 2
1 1 0 0 1 2 1 1 2 2 0 2 1 2 2 2 1 2 1 1 0 2
0 2 0 0 1 2 2 2 2 2 2 1 0 1 1 1 0 2 2 1 0 2
1 2 0 0 0 2 1 2 1 2 2 2 0 2 1 2 0 1 1 1 0 2
1 0 0 0 1 2 0 1 1 2 2 1 1 2 1 2 0 1 2 0 0 2
1 2 0 0 1 1 2 1 1 2 0 1 0 2 1 0 0 1 0 0 0 1
0 2 0 0 0 1 1 2 2 2 0 2 0 2 2 1 2 1 0 0 0 1
1 1 1 0 1 2 0 1 1 1 1 2 0 2 1 2 0 2 2 2 0 2
1 2 1 0 1 1 0 2 2 2 1 2 0 2 1 2 0 2 0 0 0 2
1 2 0 0 0 1 1 1 2 2 1 2 0 2 1 2 1 2 0 0 0 2
1 2 0 0 0 1 1 2 2 2 0 2 0 2 1 2 0 1 0 0 0 1
1 2 0 0 0 1 1 1 1 2 2 0 1 2 2 2 0 1 2 0 0 2
0 1 0 0 0 2 1 2 0 1 0 1 1 2 2 2 0 2 1 2 0 0
1 2 0 0 0 1 0 2 2 2 1 2 0 2 1 1 0 2 1 1 0 1
2 2 0 0 1 2 1 1 0 1 0 2 0 2 2 2 0 2 1 0 0 2
1 2 0 0 1 0 2 2 1 2 1 1 1 1 1 2 0 2 1 1 0 2
1 1 0 0 1 1 1 2 2 2 1 1 1 1 2 2 0 1 0 0 0 2
1 2 1 0 0 1 2 2 1 2 1 2 0 1 2 2 0 2 0 0 2 1
1 2 1 0 2 2 0 2 2 2 0 2 0 1 1 1 0 1 1 1 0 1
1 2 1 0 0 2 1 1 1 2 1 2 0 2 1 1 0 2 2 0 0 2
1 2 1 0 0 2 2 1 0 2 1 2 0 2 2 2 0 1 0 1 0 2
1 2 0 0 0 2 2 1 1 2 2 2 0 2 2 1 0 2 1 0 0 1
1 2 0 0 2 2 1 2 0 2 2 2 0 2 2 2 0 2 1 0 0 2
0 2 0 0 0 2 2 1 2 2 2 0 0 2 2 2 0 2 1 2 0 2
0 2 1 0 0 2 1 2 1 2 1 2 0 2 2 1 0 2 0 0 0 1
1 2 1 0 1 2 1 2 1 2 1 2 1 1 2 1 1 2 1 0 0 2
1 2 0 0 0 2 1 2 2 2 1 2 0 2 2 2 1 1 1 1 0 2
1 2 0 0 1 2 1 1 2 2 1 2 0 2 2 2 0 2 1 1 0 2
1 2 0 0 0 1 1 0 1 2 2 2 2 2 2 2 1 2 2 0 0 1
1 0 0 0 0 2 1 1 2 2 2 2 0 2 2 1 0 2 0 2 1 2
0 2 0 0 1 1 2 1 1 2 1 2 0 2 1 1 0 1 1 1 0 2
1 2 1 0 0 2 2 0 0 2 0 0 0 2 1 0 0 2 1 0 0 2
1 2 0 0 0 2 1 2 2 2 0 2 0 2 2 2 1 1 2 1 0 2
2 1 0 0 0 2 1 1 1 2 1 1 0 2 2 1 0 2 1 0 0 1
0 2 0 0 1 2 2 1 1 2 1 2 0 2 1 1 0 2 1 0 0 1
1 2 0 0 0 1 2 1 1 2 2 2 0 1 1 2 0 2 0 0 0 2
1 2 1 0 0 2 2 2 2 1 2 1 0 2 1 2 0 2 0 0 0 1
1 1 0 0 0 2 2 2 1 1 2 1 0 0 2 1 2 1 1 0 0 1
1 2 0 0 0 1 2 1 2 2 2 1 1 1 1 2 0 1 1 0 0 2
1 2 0 0 0 2 1 1 0 1 2 2 0 2 2 2 1 1 0 0 0 2
1 2 0 0 0 2 2 2 2 2 1 2 0 2 2 2 0 2 1 1 0 1
0 2 0 0 1 1 1 0 2 2 2 2 1 2 1 2 0 1 0 1 0 2
1 2 0 0 0 2 1 2 1 2 1 2 1 2 2 1 0 2 1 0 0 1
0 2 0 0 0 2 1 1 2 2 0 1 1 2 2 2 0 1 1 0 0 1
0 2 1 0 0 1 1 2 2 1 1 2 0 2 2 1 0 2 1 0 0 2
0 2 0 0 0 2 2 0 1 2 1 1 2 2 2 2 0 2 1 0 0 2
1 2 0 0 1 2 1 0 1 2 2 2 0 2 0 1 1 2 1 1 0 2
1 2 0 0 0 1 2 2 1 2 1 1 0 2 2 2 0 2 2 0 1 2
0 2 1 0 1 1 1 0 2 2 2 2 1 2 1 2 0 2 0 1 0 2
2 2 0 0 1 2 0 1 1 2 1 2 1 2 2 2 1 2 2 1 0 1
1 2 1 0 0 1 1 0 2 2 1 1 1 1 1 2 0 2 1 1 0 2
1 2 0 0 1 2 1 2 2 2 1 1 0 2 1 1 0 0 1 0 0 1
1 2 0 0 1 2 2 0 1 2 2 2 0 2 1 1 0 2 0 1 0 1
2 1 1 0 2 2 0 1 2 2 2 1 0 0 1 2 0 1 1 1 0 0
0 2 0 0 1 2 2 2 2 2 1 1 0 1 2 1 0 1 1 1 0 1
2 2 1 0 0 2 2 2 2 2 2 2 1 2 1 2 0 2 0 1 1 2
0 2 0 0 1 1 0 1 0 2 0 1 0 2 2 1 1 2 2 0 0 2
1 2 0 0 1 2 2 2 1 2 1 0 0 1 1 2 0 2 1 0 0 2
1 1 0 0 0 2 2 2 1 2 1 0 1 2 2 2 1 2 0 2 0 2
0 2 0 0 0 2 2 1 1 2 2 2 2 2 0 1 0 1 0 1 0 2
2 1 0 0 0 2 1 1 2 2 1 2 0 1 2 1 1 2 1 1 0 2
2 1 1 0 0 2 1 1 1 1 1 1 1 1 0 2 1 1 0 0 0 1
0 2 0 0 0 2 2 1 2 2 2 2 0 1 2 2 0 1 2 0 0 1
0 1 1 0 1 1 2 1 2 2 1 2 1 2 1 2 0 1 1 0 1 1
0 2 2 0 1 2 0 1 2 2 0 1 0 1 2 2 0 2 1 0 0 0
1 2 1 0 0 2 1 1 2 2 2 2 1 2 1 2 0 2 0 0 0 2
1 2 2 0 0 2 0 2 2 2 0 2 1 2 2 2 0 2 0 0 0 2
1 2 0 0 0 1 2 1 1 2 1 1 1 2 1 2 1 1 1 0 0 0
0 1 0 0 1 2 2 2 2 1 0 1 1 1 2 1 0 2 0 0 0 1
0 2 2 0 0 1 1 2 1 2 2 2 0 2 1 2 1 2 2 0 0 2
1 2 1 0 0 2 0 0 2 2 0 2 0 2 1 1 0 2 0 0 0 1
0 2 1 0 0 2 1 2 0 2 2 2 1 1 2 2 0 1 0 0 0 2
1 2 0 0 0 2 1 1 1 2 1 2 0 2 2 0 0 2 2 1 0 1
1 2 0 0 0 0 2 1 2 1 0 1 0 1 2 2 1 2 0 1 0 1
1 2 1 0 1 2 1 2 1 2 0 1 0 1 2 2 0 2 0 0 0 2
0 1 0 0 0 2 0 2 2 2 1 2 0 2 1 1 0 1 0 0 0 2
1 1 0 0 1 1 1 1 1 2 2 2 2 2 1 2 1 2 1 0 0 1
1 2 0 0 0 1 2 1 1 2 1 1 0 2 0 2 0 1 1 1 0 2
0 2 0 0 1 2 2 0 2 2 1 2 0 2 2 2 1 2 1 0 0 2
1 2 0 0 0 1 2 1 1 2 2 2 1 1 1 2 0 2 0 0 0 2
0 1 1 0 2 2 0 2 1 2 0 2 1 2 1 2 1 1 2 0 0 1
1 2 2 0 1 2 1 0 0 2 1 1 0 2 1 2 1 1 0 0 0 1
1 2 0 0 1 2 1 1 1 2 0 2 1 2 0 2 1 2 2 1 0 1
1 1 0 0 0 2 0 2 2 2 1 1 0 2 2 2 0 2 0 0 0 1
0 2 1 0 0 2 1 1 1 2 1 1 0 1 1 2 1 2 1 0 1 1
1 2 0 0 1 2 0 0 2 2 1 2 0 2 0 1 0 1 1 1 0 2
0 2 1 0 0 2 2 2 2 2 0 2 1 2 1 2 1 2 0 0 0 2
0 2 1 0 1 2 2 1 2 2 1 2 1 2 0 2 0 2 1 0 0 1
1 1 0 0 0 2 2 2 2 2 2 2 0 2 2 1 1 2 1 1 0 1
0 2 0 0 1 2 1 2 1 2 0 2 1 1 0 2 0 2 2 1 0 2
2 2 1 0 1 1 1 2 2 2 1 2 0 2 2 2 1 2 1 0 0 2
1 2 0 0 0 2 2 1 0 2 0 2 0 2 1 2 0 2 1 0 0 2
2 2 0 0 1 1 2 1 2 2 0 2 0 1 2 2 0 2 0 0 0 2
0 2 0 0 1 1 2 1 0 2 0 0 0 0 2 1 0 1 1 0 0 1
1 2 1 0 1 2 2 2 0 1 1 2 1 1 2 2 0 2 2 1 0 2
0 2 0 0 0 2 1 1 1 2 1 2 0 2 1 2 0 2 1 0 0 1
0 2 0 0 0 1 2 2 2 2 0 1 0 2 2 1 0 2 1 0 0 2
1 1 1 0 1 2 1 2 1 2 1 2 1 1 2 2 0 2 2 2 0 1
0 1 0 0 1 2 2 0 1 2 2 2 2 2 1 2 0 2 2 1 0 2
0 2 0 0 0 2 1 1 0 2 1 2 0 2 1 1 1 1 0 0 0 2
0 2 1 0 1 2 2 0 2 1 2 1 1 2 1 2 0 2 1 1 0 1
1 2 0 0 1 2 1 1 2 2 2 0 0 2 2 1 0 2 1 1 0 1
1 1 0 0 1 2 1 2 1 2 1 0 0 2 1 2 0 2 1 0 0 1
2 2 0 0 1 1 2 0 2 2 1 2 1 2 2 1 0 0 1 0 0 0
1 2 0 0 0 2 2 1 2 2 0 1 0 2 2 2 0 2 1 0 0 1
1 2 0 0 0 2 1 1 1 2 1 1 0 1 1 1 0 2 0 1 0 1
0 2 0 0 0 2 0 2 2 2 2 2 0 2 1 2 0 2 0 0 0 1
1 2 1 0 1 2 1 1 1 2 1 2 1 2 2 2 1 2 2 0 1 2
2 2 1 1 2 2 2 1 2 2 2 2 0 1 0 0 0 2 1 0 0 2
0 2 1 0 1 1 2 2 2 1 1 2 0 2 2 1 0 2 2 0 0 2
2 2 0 0 1 2 2 1 1 2 2 1 0 0 1 1 2 2 0 2 0 2
1 2 1 0 1 2 1 2 2 2 2 2 0 2 1 1 1 1 0 1 0 2
1 2 1 0 1 1 1 1 1 2 2 2 0 1 2 2 0 1 1 0 0 1
2 2 1 0 1 2 1 2 1 2 2 1 0 1 2 2 0 2 2 2 0 2
1 2 0 1 2 2 2 2 1 2 0 1 1 2 2 1 0 1 0 0 0 1
1 2 0 0 1 1 2 0 1 2 1 2 1 1 1 1 0 2 0 1 0 2
0 2 0 0 0 2 2 1 2 1 2 2 0 2 2 2 1 1 1 0 1 1
2 1 2 0 0 2 2 1 2 2 1 2 0 2 1 1 0 2 0 1 0 2
0 2 0 0 2 2 0 2 1 2 1 2 1 2 2 1 0 2 1 1 0 2
0 2 0 0 1 2 1 1 0 2 1 1 0 2 1 2 0 1 1 1 0 2
1 2 1 0 0 1 1 0 1 2 1 1 0 2 2 2 1 2 1 0 0 1
1 2 0 0 2 2 2 1 2 2 1 2 0 1 0 1 1 1 2 0 0 2
1 2 2 0 1 2 0 2 1 2 2 2 0 2 2 2 1 1 0 0 0 2
1 2 0 0 1 2 1 2 1 2 2 2 0 2 1 2 1 2 0 0 0 2
2 2 0 0 0 1 2 2 2 2 1 2 1 2 2 0 0 2 1 1 1 1
2 2 1 0 0 2 1 1 0 2 1 2 1 1 1 2 0 2 1 0 1 1
2 2 0 0 0 1 2 1 2 1 2 2 0 2 0 2 0 1 1 1 0 2
1 2 0 0 0 1 1 2 2 2 2 1 1 1 2 1 1 2 0 0 0 2
0 2 0 0 0 2 1 2 2 2 1 2 0 2 1 1 0 1 1 0 0 2
1 1 1 0 1 2 1 2 2 2 2 1 0 2 2 2 0 2 0 1 0 1
2 0 0 0 0 2 1 2 2 2 1 2 1 2 2 2 0 1 0 1 0 2
2 2 1 0 1 2 1 1 2 2 2 2 0 2 2 2 0 2 0 0 0 2
0 2 0 0 0 2 0 2 1 2 1 2 0 2 1 2 0 2 2 0 0 1
1 1 0 0 0 2 2 1 2 2 2 2 0 2 1 1 0 2 1 2 0 1
1 1 1 0 0 2 2 1 1 2 2 1 1 2 2 2 0 2 1 0 0 1
1 2 0 0 0 2 1 1 1 2 1 1 0 2 2 2 1 2 2 0 0 1
2 2 1 0 0 1 1 2 1 2 2 2 0 2 1 1 0 2 1 0 0 2
1 2 1 0 1 1 1 2 1 2 1 2 1 2 2 2 1 2 1 0 0 1
2 2 1 0 1 2 0 1 2 2 2 1 0 1 1 1 1 2 1 0 0 1
2 1 0 0 0 1 1 2 2 2 0 2 0 2 1 2 0 2 1 0 0 2
2 2 1 0 1 2 1 1 2 2 0 2 0 2 1 2 0 2 0 0 1 2
1 2 0 0 0 2 2 1 0 2 1 2 0 2 1 1 0 2 1 1 0 1
2 2 0 0 0 1 2 1 2 2 0 1 0 2 2 2 0 2 0 2 1 1
0 2 1 0 0 2 2 1 1 1 0 2 0 2 2 2 0 2 1 1 0 1
1 2 0 0 1 2 0 2 1 2 0 2 0 2 2 2 0 2 1 1 0 0
2 1 2 0 0 1 2 2 2 2 2 1 0 2 1 2 0 2 1 0 0 0
0 2 0 0 1 2 1 1 1 2 1 2 0 2 2 1 1 2 1 0 0 1
1 2 0 0 1 2 1 2 2 2 1 1 1 2 2 1 1 1 0 0 0 2
1 2 0 0 0 1 2 2 2 2 1 2 0 1 1 1 0 1 1 0 0 2
1 1 0 0 0 2 1 2 1 2 1 2 0 1 2 2 0 2 1 1 0 0
0 2 1 0 0 2 2 1 2 1 2 1 1 2 2 2 0 1 1 0 0 1
1 1 0 0 1 1 0 2 1 2 1 0 1 1 1 0 0 2 0 1 0 2
1 2 1 0 0 2 1 1 1 2 0 2 1 2 2 2 1 2 1 0 0 2
1 2 0 0 0 2 1 2 2 2 2 1 0 2 2 2 0 1 1 1 0 2
2 2 1 0 1 2 1 2 2 2 1 0 0 2 1 2 0 2 0 0 0 1
2 2 1 0 1 2 0 1 1 2 0 1 0 1 1 1 0 2 1 1 0 1
1 2 0 0 1 2 2 1 1 2 0 1 0 1 2 2 0 2 1 1 0 2
1 2 2 0 0 2 1 2 2 2 2 2 1 2 1 2 0 2 0 0 0 2
1 2 0 0 1 2 1 1 1 2 1 1 1 1 0 1 0 1 1 0 0 2
0 2 0 0 1 2 2 1 0 2 0 2 0 2 2 2 0 1 1 0 0 1
0 2 0 0 2 2 1 1 2 1 1 2 0 1 1 2 0 2 0 0 0 2
0 2 0 0 0 2 2 2 1 2 2 2 0 2 1 2 0 2 1 1 0 2
1 2 0 0 0 2 2 2 1 2 1 2 0 2 2 1 0 2 0 0 0 1
1 1 0 0 1 2 1 1 1 2 2 2 0 2 2 2 1 2 2 1 0 1
2 2 1 0 1 2 2 2 1 2 1 2 0 2 1 1 0 2 0 0 0 2
0 2 0 0 0 2 2 2 1 2 0 2 0 1 1 1 0 2 1 0 0 2
1 2 1 0 0 1 1 1 1 2 2 1 0 1 2 2 0 1 0 0 0 2
0 2 1 0 0 2 1 2 1 2 0 1 0 1 2 2 0 2 0 1 1 2
2 2 0 0 0 1 1 2 1 2 1 2 0 2 2 2 0 2 1 2 0 2
1 2 1 0 1 1 2 0 1 1 1 1 0 1 1 1 0 2 0 0 0 1
1 1 0 0 0 2 2 2 1 2 0 2 0 1 2 2 0 2 0 1 1 2
2 2 0 0 0 2 0 1 1 1 1 2 1 2 1 1 0 2 1 0 0 2
1 2 0 0 2 2 1 2 2 1 1 1 1 2 2 1 0 2 0 0 1 2
1 2 0 0 1 2 1 1 1 2 1 1 0 2 2 1 0 1 1 0 0 1
1 1 0 0 0 2 1 2 1 1 1 2 0 2 1 2 0 2 1 1 0 2
2 1 0 0 1 2 1 1 2 2 0 1 0 2 2 2 0 2 0 0 0 2
2 2 1 0 0 1 2 2 2 2 1 2 0 2 2 2 0 2 1 0 1 2
0 2 0 0 0 1 1 0 1 2 2 2 0 2 2 2 0 2 2 1 0 2
2 2 0 0 1 2 2 2 2 2 1 1 0 2 2 2 0 1 0 1 0 1
1 2 1 0 0 2 2 2 2 1 2 1 1 1 2 1 0 2 2 1 0 2
1 1 1 0 1 1 1 2 1 2 0 2 0 1 2 1 0 2 2 0 0 2
2 2 1 0 1 2 2 2 2 2 1 2 0 2 2 2 1 2 1 0 0 2
2 2 0 1 1 2 0 1 1 2 0 1 0 2 1 2 0 1 2 0 0 2
1 2 1 0 1 2 1 1 2 2 0 2 0 2 2 2 0 1 2 0 0 2
0 1 0 0 0 2 2 1 2 2 2 2 0 2 2 1 1 2 2 1 0 2
1 2 0 0 1 2 2 2 2 2 1 2 0 2 2 2 1 2 0 0 0 1
1 1 1 0 0 1 1 1 1 2 1 1 1 2 1 2 1 2 1 0 0 1
2 2 0 0 0 2 1 0 2 2 0 2 0 2 2 2 0 2 2 1 0 1
1 2 0 1 0 2 1 1 2 2 2 1 0 2 1 1 0 1 2 0 0 2
0 1 0 0 2 2 1 2 2 2 2 2 0 2 2 2 1 2 0 0 0 1
0 2 0 0 1 2 2 2 2 1 2 2 2 1 2 2 0 2 1 0 0 2
2 2 0 0 1 1 1 0 1 2 1 2 0 1 2 1 0 2 0 0 0 1
2 2 1 0 0 2 0 2 1 1 1 2 0 2 2 2 0 2 2 0 0 0
1 1 1 0 0 2 1 1 2 2 1 2 1 2 0 1 0 1 1 0 0 1
1 2 1 0 1 2 2 1 2 2 2 2 1 2 1 1 0 2 0 0 0 1
0 2 0 0 1 2 1 2 2 2 1 1 0 2 1 2 0 2 1 0 0 1
0 1 0 0 0 1 0 1 2 1 0 1 0 2 1 1 0 2 0 1 0 2
1 2 0 0 0 1 0 2 2 2 2 1 0 1 1 1 0 2 2 1 1 1
2 2 0 0 0 2 1 0 2 2 0 2 0 2 1 2 1 1 0 1 0 2
0 2 0 0 1 2 2 2 2 1 1 2 0 2 2 2 0 2 2 0 0 2
1 1 2 0 0 1 2 2 2 2 2 2 1 2 2 1 0 1 0 0 0 2
2 2 0 0 2 2 1 1 1 2 1 2 0 2 1 1 1 1 1 0 0 2
1 2 1 0 1 1 1 2 1 2 1 2 0 2 2 2 1 2 2 1 0 2
2 2 1 0 0 0 2 2 2 2 0 2 0 1 2 2 0 2 0 0 0 2
0 2 0 0 1 2 1 2 2 2 1 2 1 1 2 2 1 2 1 0 0 2
2 2 0 0 2 2 1 2 2 2 1 2 1 2 1 2 1 2 2 1 0 1
1 1 1 0 1 2 1 1 2 1 2 1 1 1 2 1 0 1 0 0 0 2
1 2 0 0 1 2 2 1 2 2 2 2 0 2 2 2 0 1 2 1 0 1
2 2 0 0 1 2 1 1 1 2 1 1 1 1 1 1 1 2 1 0 0 2
0 2 0 1 1 2 1 2 0 2 0 2 1 2 1 2 0 1 0 0 0 2
1 2 0 0 1 2 1 2 1 2 0 1 0 2 1 2 0 0 0 0 0 2
1 2 0 0 2 2 2 1 0 1 2 1 0 2 2 2 0 2 0 0 0 1
2 2 0 0 0 2 2 2 2 2 0 0 0 2 1 1 0 2 1 0 0 2
1 2 0 0 0 1 1 2 0 2 2 1 0 2 2 2 0 2 1 0 0 2
1 2 1 0 0 0 2 1 2 2 0 1 1 2 2 1 1 2 1 0 0 2
0 1 0 0 1 1 1 2 2 2 1 2 1 2 2 1 0 1 1 0 0 2
2 2 0 0 1 1 2 1 2 2 1 2 1 2 1 2 0 2 0 1 0 0
2 2 0 0 0 1 1 1 1 0 2 2 0 2 1 1 0 2 1 0 0 2
1 2 0 0 1 2 1 1 1 2 0 2 0 1 2 2 0 2 2 0 0 1
2 1 0 0 0 2 2 2 2 2 2 1 0 2 2 2 0 2 0 1 0 0
0 2 1 0 0 2 1 2 2 2 1 1 0 2 2 2 1 2 0 0 0 1
0 2 0 0 1 2 1 1 1 2 2 2 0 2 1 0 0 1 1 0 0 1
2 2 0 0 0 2 2 1 1 2 2 2 0 2 2 2 0 2 1 1 2 2
1 2 0 0 1 2 0 0 1 2 0 2 1 2 1 1 0 1 0 0 0 2
2 2 1 0 0 1 1 2 1 2 1 2 1 2 0 2 0 1 0 0 0 0
1 1 0 0 0 2 2 2 2 2 2 2 0 2 1 0 0 2 0 0 0 2
0 2 0 0 1 2 2 2 2 2 1 2 1 2 2 2 1 2 1 1 0 2
0 2 0 0 1 2 1 2 1 2 2 1 0 1 2 2 1 2 1 1 0 2
1 2 0 0 1 2 2 2 1 2 1 2 0 2 2 2 0 2 1 0 0 2
2 2 0 0 0 1 0 2 1 2 2 1 1 2 2 2 0 2 1 0 0 2
1 2 0 0 0 2 2 2 1 2 2 1 0 2 1 2 0 2 1 1 1 2
1 2 0 0 0 2 1 2 2 2 1 2 0 1 1 2 0 2 1 0 0 2
2 2 1 0 0 2 2 1 2 2 0 2 0 1 2 2 0 2 1 0 0 2
2 2 0 0 0 1 0 1 2 1 1 2 0 2 1 1 0 2 0 0 1 1
1 1 0 0 0 1 2 2 2 1 1 1 0 2 1 1 0 1 0 1 0 2
2 2 0 0 0 2 2 1 2 2 1 1 1 2 2 2 0 2 1 0 0 0
2 2 0 0 0 2 2 1 1 1 1 2 0 2 2 2 1 1 1 0 0 2
1 2 0 0 0 2 1 2 2 2 1 1 0 2 0 1 2 1 2 1 0 2
1 1 0 0 0 2 0 2 2 2 0 2 0 2 2 2 0 2 1 0 0 1
0 2 0 0 1 2 0 1 1 2 2 1 0 2 2 2 0 1 1 0 1 1
1 2 0 0 1 1 0 2 1 2 2 1 0 1 1 1 0 2 0 0 0 2
0 1 0 1 1 1 2 1 1 2 1 2 0 2 1 2 0 1 1 0 0 2
0 2 0 0 0 1 1 2 2 2 1 1 0 2 1 1 0 2 1 0 1 2
0 2 0 0 1 2 2 1 1 2 1 2 1 2 2 2 0 2 0 0 0 1
0 1 0 1 0 1 2 2 1 2 2 2 0 1 1 2 0 1 2 0 0 2
1 2 0 0 1 2 2 1 1 2 0 0 0 2 1 1 0 2 1 0 0 2
1 2 1 0 0 2 1 1 1 2 1 1 1 2 1 2 0 2 1 1 0 2
2 2 2 0 1 2 1 1 1 2 2 1 1 2 2 2 0 2 0 1 1 1
1 2 1 0 1 2 1 1 1 1 0 2 2 2 0 2 0 1 1 0 0 2
0 2 0 0 0 2 1 2 1 2 1 2 0 2 2 2 1 2 0 0 0 0
2 2 0 0 0 2 2 2 1 1 0 1 0 1 2 2 1 2 0 1 0 1
2 2 0 0 0 2 0 2 2 2 2 1 1 2 0 1 1 2 0 0 0 1
0 2 0 2 1 1 2 1 1 2 2 2 0 2 2 1 0 2 1 0 0 1
0 2 1 0 1 2 2 2 2 2 1 2 0 1 2 2 0 2 1 1 0 2
2 2 0 0 0 2 1 2 2 2 1 1 1 2 2 1 0 2 1 0 0 2
0 2 0 0 0 1 0 1 2 2 1 2 1 2 2 2 0 1 1 0 0 1
0 2 1 0 0 2 2 2 1 2 2 2 1 2 2 2 0 2 0 0 0 2
1 2 2 0 1 2 2 1 1 2 1 1 0 2 2 2 0 2 1 0 0 2
2 2 1 0 0 2 2 2 2 1 1 1 2 2 2 1 0 2 2 0 1 2
1 2 0 0 1 2 2 2 2 2 2 2 0 2 2 2 1 2 1 0 0 1
1 1 0 0 1 2 1 1 1 2 1 2 1 1 2 1 1 1 0 1 1 1
2 1 0 0 2 1 2 1 2 2 2 1 0 2 1 1 0 1 0 0 0 1
1 2 0 0 2 1 0 2 1 2 1 0 1 2 1 1 0 2 0 1 1 2
1 2 0 0 1 2 2 1 2 2 1 1 0 2 1 2 0 2 2 0 1 2
1 2 0 0 0 2 2 2 2 1 2 1 1 2 0 1 0 2 0 1 0 1
1 2 0 0 0 1 1 1 2 2 2 1 0 2 2 2 0 2 1 1 0 2
1 2 0 1 1 2 2 1 2 2 2 1 0 2 2 1 0 2 1 0 0 2
0 2 1 0 0 1 1 1 2 2 2 2 0 2 0 0 0 2 1 0 0 1
1 2 0 0 1 2 1 1 2 1 0 1 1 2 1 1 0 2 2 0 0 2
0 2 1 0 0 2 1 2 2 2 0 2 2 1 2 1 0 1 0 0 0 1
0 2 0 0 1 2 2 0 2 2 1 2 0 1 2 2 0 2 0 1 0 1
2 2 0 0 0 1 1 1 2 2 2 2 0 1 1 0 0 2 1 1 0 1
2 2 1 0 0 2 2 2 1 2 1 1 0 2 1 2 0 2 0 0 0 2
0 2 0 0 1 2 1 2 2 1 1 2 1 2 2 2 0 2 0 0 0 2
0 2 0 0 1 2 2 1 2 1 2 2 1 2 2 0 0 2 1 0 0 2
2 2 0 0 1 1 2 1 1 2 2 1 0 2 1 1 1 2 0 0 0 2
2 2 1 0 1 1 1 2 1 1 1 1 0 1 1 2 1 1 0 0 0 1
0 2 1 0 0 2 2 2 2 2 1 2 0 1 1 2 0 1 0 0 1 1
1 2 1 0 1 2 2 2 2 2 1 2 1 1 1 2 0 2 0 1 0 2
1 2 0 0 2 1 2 2 2 2 2 1 0 2 1 2 2 1 1 0 0 2
0 2 0 0 1 2 2 0 0 2 1 1 0 2 1 2 0 2 2 1 0 1
1 2 0 0 1 2 1 1 1 2 0 2 1 2 1 1 0 2 0 0 0 2
1 1 0 0 0 2 1 1 1 2 1 1 0 2 1 2 0 2 0 1 0 2
1 2 1 0 0 1 1 1 0 2 1 2 0 2 1 2 0 2 1 0 0 2
1 2 1 0 0 2 1 1 0 2 1 2 0 2 1 2 1 2 2 0 0 1
2 2 0 0 1 1 1 2 2 2 1 2 1 1 2 2 1 2 1 0 0 1
2 2 0 0 0 1 2 2 2 2 1 2 0 1 2 2 1 1 0 1 0 1
1 2 0 0 1 2 1 2 2 1 1 1 1 2 1 0 0 2 1 1 0 2
0 2 0 0 0 2 0 2 2 1 2 1 0 2 2 1 1 1 2 0 1 2
0 2 0 0 0 2 2 2 2 2 1 2 1 2 1 1 0 2 1 0 0 2
1 2 1 0 1 1 2 2 0 2 0 2 1 2 2 2 0 2 1 1 0 0
0 2 0 0 1 2 1 2 2 1 1 1 1 1 1 0 0 2 2 1 0 2
2 2 0 0 0 2 1 2 2 2 0 0 1 2 2 2 0 2 2 0 0 1
1 2 1 0 0 2 2 1 2 2 2 1 0 1 0 1 1 2 0 0 0 1
2 2 0 0 1 1 1 1 2 2 1 2 0 2 2 2 0 1 0 0 0 1
1 2 0 0 0 2 1 1 1 2 2 2 1 1 0 1 0 2 1 0 0 2
1 2 0 0 0 2 1 2 1 2 0 0 1 1 2 1 1 2 1 1 0 1
1 2 0 0 0 2 2 1 2 2 2 2 0 2 2 2 1 2 0 1 0 2
2 2 1 0 0 2 2 1 2 2 1 2 0 2 2 1 1 2 2 0 1 2
1 2 0 0 0 1 1 1 1 2 1 1 1 1 1 1 0 1 0 0 0 1
2 2 0 0 0 2 1 1 1 2 1 2 0 2 0 2 2 2 0 0 1 2
1 1 0 0 0 1 2 2 2 2 0 2 2 2 1 2 0 2 1 0 0 2
1 2 0 0 1 2 2 1 2 2 1 1 0 1 1 1 0 2 2 0 0 1
1 2 0 0 0 2 2 2 2 1 2 2 0 2 2 0 0 2 2 0 0 1
1 2 1 0 2 2 1 2 1 1 0 2 1 1 2 0 1 2 1 0 0 2
1 2 1 0 1 2 1 1 1 2 1 1 0 2 2 2 0 1 0 0 0 1
1 1 0 0 1 2 1 2 1 1 0 2 0 2 2 1 1 2 0 1 0 1
2 1 0 0 1 2 1 2 2 2 1 2 1 2 2 1 0 2 2 0 0 2
0 2 0 0 2 2 1 0 2 2 1 2 0 0 2 2 0 2 0 0 1 1
1 2 0 0 0 2 2 1 2 2 0 2 0 2 1 2 2 1 1 0 0 2
2 2 1 0 0 2 2 1 1 2 1 2 1 2 2 2 1 2 2 0 0 2
0 2 0 0 1 2 2 2 1 2 1 2 1 2 1 1 0 2 0 1 0 2
1 1 1 0 1 2 2 1 1 2 0 1 0 2 2 1 0 2 1 0 0 2
2 2 1 0 1 2 0 2 1 2 2 2 1 1 1 2 0 2 2 0 0 1
1 1 0 0 1 1 1 2 2 2 2 2 0 2 1 2 0 2 0 0 0 2
0 2 1 0 0 2 2 2 2 2 1 2 0 1 2 2 2 2 0 1 0 2
1 2 0 0 1 2 1 0 1 2 2 2 0 2 2 2 0 2 2 0 0 1
2 2 0 0 1 1 1 2 1 2 2 1 1 1 0 2 0 1 1 0 0 2
0 2 0 0 0 1 0 1 1 2 1 1 0 2 1 1 0 2 0 0 1 0
1 2 0 0 1 1 2 1 1 2 0 0 0 1 2 2 0 1 0 1 1 1
2 1 1 0 1 2 1 1 1 1 2 2 0 2 0 2 0 2 0 1 0 2
0 2 1 0 0 0 1 2 1 2 0 2 0 0 2 1 0 2 0 0 0 2
1 2 1 0 0 2 2 2 1 2 1 1 1 1 1 2 0 2 1 0 0 2
2 2 1 0 2 2 0 1 1 2 1 2 0 2 2 2 1 2 1 2 0 2
1 2 0 0 1 2 1 1 1 2 1 2 0 1 1 2 0 2 1 0 0 2
1 2 0 0 0 2 2 1 1 1 1 2 1 2 2 1 0 2 2 0 0 2
2 2 2 0 1 2 2 2 2 2 1 2 0 2 2 1 0 2 1 0 0 2
1 2 1 0 0 2 1 2 2 2 2 2 0 2 1 1 2 2 0 0 0 1
1 2 1 0 1 1 1 1 1 2 0 2 0 1 1 2 0 2 1 1 0 0
1 2 1 0 2 2 1 1 1 2 2 2 0 2 1 2 0 1 0 1 0 1
2 2 1 0 0 1 2 1 2 2 1 2 0 1 2 1 1 2 0 0 0 2
2 2 1 0 1 1 1 0 2 2 2 2 0 2 2 2 0 2 0 0 0 1
0 2 0 0 1 1 1 2 1 2 2 2 1 2 2 1 0 2 1 0 0 2
2 2 0 0 2 2 1 1 2 2 1 1 0 2 1 2 0 1 1 1 0 2
1 2 0 0 0 1 1 1 2 2 2 2 0 2 2 1 1 1 0 0 0 1
2 2 0 0 2 2 2 1 1 2 1 2 0 1 1 2 0 2 2 0 0 2
2 2 2 0 0 1 2 2 0 2 1 2 1 2 1 1 0 1 1 0 0 2
2 2 0 1 0 2 1 2 2 2 1 1 1 2 2 2 1 2 0 0 0 1
1 2 0 0 0 2 1 2 2 2 0 2 1 1 1 2 2 2 1 0 0 2
2 2 1 0 0 1 1 1 2 2 2 0 0 2 2 1 0 1 1 0 0 2
2 2 1 0 0 2 0 2 1 2 2 1 0 2 0 2 0 1 1 0 0 1
2 2 0 0 1 2 1 2 0 2 0 2 0 2 1 2 0 2 1 1 0 1
1 2 1 0 0 2 1 1 1 2 2 2 0 2 2 2 0 2 1 1 0 1
1 2 0 0 1 2 1 2 2 2 1 2 1 1 1 2 1 2 0 0 0 1
0 0 0 0 0 2 2 1 2 2 2 2 0 2 2 1 0 2 1 0 0 2
1 1 0 0 0 2 2 1 2 2 2 1 0 2 2 1 1 1 1 1 0 2
1 2 0 0 0 2 1 1 2 2 2 1 0 2 2 2 0 2 2 0 0 2
1 2 0 0 0 1 1 1 1 1 2 2 0 2 2 2 1 2 1 1 0 2
1 2 0 0 1 2 1 2 2 2 1 2 0 2 1 2 0 2 0 0 0 1
1 2 0 0 1 2 2 0 2 1 1 2 0 2 1 2 0 1 1 1 0 1
0 2 0 0 1 1 1 2 2 2 2 2 0 2 1 2 2 1 1 0 0 1
1 2 0 0 2 2 1 1 1 1 1 2 0 2 2 1 1 2 0 0 0 1
0 2 0 0 1 2 2 2 2 2 2 2 1 2 2 1 0 2 2 0 0 1
1 2 0 0 2 1 2 2 2 2 0 1 0 1 1 1 0 2 1 0 0 2
0 2 0 0 0 2 1 2 1 2 2 2 0 2 2 2 0 2 1 0 0 2
0 2 0 0 1 2 0 2 2 2 2 1 0 2 2 1 0 2 0 0 0 2
1 2 0 0 0 2 0 1 2 2 1 2 0 2 2 2 1 2 1 0 0 2
1 2 0 0 0 2 2 1 2 2 1 1 0 1 2 0 0 2 0 0 0 1
0 2 2 0 1 1 2 1 1 2 1 2 1 0 1 1 0 2 1 1 0 1
0 1 1 0 0 2 2 1 1 0 1 2 0 1 1 1 0 2 1 0 0 1
0 2 0 0 1 2 1 1 2 2 2 2 1 2 1 2 1 1 0 1 0 2
2 2 0 1 2 2 1 0 2 2 0 1 0 2 2 1 0 2 1 0 0 1
1 2 0 0 0 1 1 1 1 2 2 2 1 2 1 2 0 1 0 0 0 2
1 2 1 0 1 1 2 2 2 2 1 1 0 2 2 0 0 2 1 0 0 2
1 2 0 0 0 1 1 1 2 2 0 2 1 2 1 0 0 2 0 0 0 2
0 2 0 0 0 1 2 2 1 1 0 1 0 2 0 0 0 1 1 0 0 2
1 2 0 0 0 1 1 1 2 2 1 1 0 2 2 1 1 1 0 0 0 2
2 1 1 0 0 1 2 2 2 2 1 2 2 1 2 1 1 2 0 0 0 2
1 1 1 0 1 2 2 2 1 1 1 2 2 2 1 1 1 2 0 0 1 2
1 1 1 0 0 2 1 1 1 2 2 2 1 2 1 1 0 0 1 0 0 2
0 2 0 0 1 1 0 0 2 2 0 2 0 2 1 0 0 2 1 0 0 2
2 1 0 0 0 2 1 2 2 2 2 1 0 2 2 2 0 2 1 0 0 1
1 2 1 0 1 0 2 1 2 2 1 1 0 0 2 2 0 2 0 0 0 1
1 2 0 0 1 2 2 0 1 1 1 2 0 1 1 2 0 2 1 0 0 2
0 2 0 0 2 2 1 0 2 2 2 2 0 2 1 1 0 1 1 0 0 2
0 2 1 0 1 2 2 1 2 2 2 2 2 2 1 1 1 2 1 0 0 2
1 2 0 0 1 1 1 2 2 1 0 2 0 2 2 1 1 2 1 1 0 2
0 2 0 0 1 2 1 1 1 2 0 1 0 2 1 1 0 1 0 0 0 2
1 2 1 0 1 2 1 2 2 2 2 2 1 2 2 2 0 2 0 0 0 1
1 2 0 0 1 2 0 2 2 2 2 2 0 1 2 2 2 2 1 0 0 1
0 2 0 0 1 1 1 2 1 2 0 2 0 2 2 1 1 2 1 0 0 1
0 2 2 0 0 2 2 2 1 2 0 1 1 2 2 2 1 2 0 0 0 2
1 2 0 0 0 2 1 2 2 2 1 1 0 1 1 2 0 1 1 1 0 1
1 2 1 0 1 2 1 2 2 2 2 1 0 2 1 2 0 1 0 1 0 2
0 2 0 0 0 1 0 1 2 2 1 1 1 2 1 1 0 2 0 0 0 0
2 2 0 0 0 1 2 1 2 2 1 2 1 2 2 2 1 2 1 0 0 1
2 2 2 0 1 2 1 2 0 2 0 1 0 2 2 2 0 2 1 0 0 0
2 2 0 0 0 1 2 1 2 2 1 1 1 2 2 2 0 2 1 0 1 1
2 1 0 0 1 2 1 1 2 2 2 1 1 2 2 2 0 2 2 0 1 2
1 2 0 0 0 1 0 1 2 2 0 2 0 2 1 2 0 2 0 0 0 2
1 2 1 0 0 2 1 1 2 1 1 2 1 1 2 1 0 2 0 0 0 1
1 2 0 0 0 2 0 1 1 2 1 0 0 2 2 1 0 0 1 0 0 2
1 2 1 0 1 2 1 2 2 2 0 2 0 2 1 1 0 2 1 0 0 1
2 1 0 0 1 2 1 2 2 2 2 2 2 1 1 2 0 1 1 0 0 1
0 2 0 0 0 2 1 2 2 2 2 2 0 1 0 1 0 2 2 0 0 2
1 2 0 0 1 2 2 2 2 2 0 2 1 2 2 1 0 2 2 0 0 2
0 1 0 0 1 2 0 0 2 1 2 2 1 1 2 2 1 2 1 1 0 2
1 2 0 0 1 1 2 1 1 2 1 2 0 2 2 2 0 2 1 2 0 2
1 2 0 0 2 1 2 2 2 2 0 1 1 2 2 0 0 2 0 0 0 2
0 0 0 0 0 1 2 2 2 2 2 2 0 2 2 2 1 2 1 0 0 2
1 2 0 1 0 2 0 2 0 2 1 2 0 2 2 2 0 1 2 2 0 2
1 2 0 0 1 2 2 2 2 2 1 2 0 2 2 1 0 1 1 1 0 2
1 2 1 0 0 2 2 2 2 2 0 0 0 2 2 2 0 2 1 0 0 2
2 2 0 0 0 1 2 1 1 2 2 2 0 1 2 2 0 1 1 0 0 1
0 2 0 0 2 2 1 1 2 2 0 2 0 1 1 1 0 2 1 0 0 2
1 2 1 0 0 0 2 2 1 2 2 2 0 2 1 1 0 2 1 0 0 2
2 2 2 0 1 1 2 1 1 1 1 2 0 1 2 2 1 2 1 0 0 1
1 2 0 0 0 2 1 1 1 2 1 1 0 2 1 1 0 1 1 0 0 2
1 2 0 0 0 2 2 1 1 2 1 2 1 2 0 1 0 1 1 1 0 2
0 2 0 0 0 2 1 1 1 2 2 2 1 2 1 2 0 2 0 0 0 1
1 1 1 0 1 2 1 2 2 1 0 1 2 2 2 2 0 2 0 0 0 2
0 2 0 0 1 2 1 1 2 0 2 2 0 2 2 1 1 2 1 0 1 2
1 2 0 0 0 2 1 1 2 2 1 1 1 2 2 0 0 1 0 0 0 2
2 2 2 0 1 2 1 1 2 2 2 0 0 2 2 1 0 2 1 1 0 2
1 2 0 0 0 2 2 1 1 2 1 2 1 1 1 2 0 2 0 0 0 2
1 2 0 0 0 1 2 2 2 2 1 2 0 2 1 1 0 2 1 1 0 2
1 2 1 0 1 1 1 1 2 2 0 2 0 2 2 2 0 2 1 0 0 2
0 2 0 0 1 1 1 2 2 2 1 2 1 2 1 0 0 2 1 0 0 2
2 2 0 0 1 2 2 1 0 2 0 2 1 2 2 2 0 2 1 1 0 2
0 2 0 0 1 0 2 1 2 2 1 2 1 2 2 1 1 2 1 0 0 2
2 1 1 0 1 1 1 1 1 2 1 2 1 2 0 1 1 0 0 0 1 2
2 2 0 0 1 1 1 1 2 2 1 1 0 2 2 2 0 2 1 0 0 2
1 1 0 0 0 1 2 1 2 2 1 2 1 2 0 1 0 2 0 2 0 2
1 2 0 0 1 2 2 2 2 2 1 2 1 2 2 2 0 1 0 0 0 1
2 2 0 0 0 2 1 2 1 2 1 2 0 2 1 1 0 2 2 0 0 2
0 2 1 0 0 2 2 2 1 2 2 2 2 2 1 1 0 1 1 1 0 2
1 1 0 0 0 2 1 2 2 2 2 2 1 2 1 1 0 1 1 0 0 2
2 2 1 0 0 1 1 0 2 2 1 2 1 2 2 2 0 2 0 1 0 2
1 2 0 0 2 2 2 2 2 2 1 2 1 2 2 1 0 1 2 0 0 1
1 2 0 0 0 1 2 2 1 1 1 2 0 2 2 2 0 2 1 0 0 1
0 2 0 0 0 1 2 1 2 2 1 1 1 2 1 2 1 2 0 0 0 2
2 2 0 0 0 2 2 2 1 2 2 2 0 2 0 1 1 2 1 0 0 2
1 1 0 0 1 1 0 2 1 2 1 1 1 1 1 2 1 2 0 0 0 2
1 2 0 0 1 2 1 2 2 2 2 1 0 1 1 2 2 1 1 2 0 1
0 1 0 0 0 2 2 1 2 2 2 2 0 2 2 2 0 2 0 0 0 2
1 2 2 0 0 1 2 1 1 2 2 2 0 2 2 1 0 1 1 0 1 2
1 2 1 0 0 2 2 2 2 2 1 2 0 1 1 2 0 1 1 0 0 1
0 2 0 1 0 2 1 0 2 2 0 2 1 2 2 2 1 1 1 0 0 1
1 2 0 0 1 1 1 2 2 2 1 2 2 1 1 0 0 1 1 0 0 2
2 2 0 0 1 2 0 1 0 2 2 2 0 2 2 2 0 2 0 0 0 2
1 2 0 0 1 1 1 0 1 2 1 2 1 2 1 1 0 2 0 1 1 2
0 2 0 0 1 2 2 2 2 2 1 2 0 0 0 1 0 2 0 0 0 0
2 1 0 0 0 1 1 2 1 2 2 2 1 2 2 2 1 2 1 0 0 2
2 1 1 0 0 1 2 1 2 2 0 1 0 2 1 0 0 2 2 0 0 2
0 2 0 0 0 2 2 1 2 2 0 1 2 2 2 2 1 2 2 0 0 1
1 2 0 0 0 1 2 2 2 2 1 1 0 2 1 1 0 1 0 1 0 2
1 1 0 0 0 2 1 1 2 2 0 2 0 2 1 2 0 1 1 0 0 2
1 1 0 0 1 1 2 0 2 1 1 2 1 1 2 1 0 2 1 0 0 2
0 2 0 0 0 1 0 2 2 2 1 1 0 1 2 2 0 1 0 0 0 2
1 2 1 0 0 2 0 1 2 2 2 2 0 1 2 1 1 1 1 1 0 1
2 2 2 0 1 0 2 1 0 2 1 2 0 1 2 2 0 2 1 1 0 2
2 2 1 0 0 1 2 2 1 2 2 2 0 2 1 1 0 2 2 0 0 2
0 2 0 0 1 1 0 0 1 2 1 2 0 1 1 2 0 2 0 0 1 1
1 2 0 0 0 1 1 1 2 2 0 2 1 1 2 1 0 1 1 0 1 2
1 1 0 0 1 2 1 2 2 2 0 1 0 1 2 1 2 2 1 0 0 2
1 2 0 0 1 1 2 2 1 2 1 0 1 2 1 2 1 2 1 0 0 2
2 1 1 0 0 2 0 2 1 2 1 2 2 1 2 0 0 1 0 1 0 2
2 2 0 0 0 2 0 2 1 2 1 2 0 2 1 2 0 1 1 0 0 2
1 2 0 0 0 2 1 2 2 2 0 2 0 2 2 1 0 2 1 1 0 2
1 1 0 0 0 2 2 2 2 2 2 2 1 2 2 1 0 2 0 0 0 2
2 2 0 0 1 1 2 1 2 2 1 2 1 1 1 2 0 2 1 1 0 2
2 2 0 0 1 1 2 1 2 2 1 2 1 2 1 1 0 1 1 0 1 2
2 2 0 0 2 1 1 1 2 2 1 2 0 2 1 1 0 2 0 0 0 0
1 2 0 0 1 1 2 2 2 2 0 2 0 1 2 2 0 2 1 1 0 2
0 2 0 0 2 2 2 0 2 1 1 1 0 2 1 0 0 2 1 0 0 2
2 1 0 1 1 2 1 2 2 2 1 2 1 2 2 2 0 2 1 0 0 0
2 2 0 0 1 2 2 1 2 2 2 2 1 2 1 2 0 2 0 0 0 2
2 2 0 0 1 2 2 2 2 2 0 2 0 1 2 2 0 2 1 0 0 2
1 2 0 0 0 2 2 1 1 2 2 2 1 1 2 2 0 1 1 0 1 2
1 2 0 0 1 2 1 2 1 2 1 2 1 1 1 2 0 1 2 0 1 1
1 1 1 0 2 2 1 2 2 2 1 1 0 2 1 2 0 1 1 0 0 1
0 2 1 0 1 2 2 2 2 2 2 2 0 2 1 1 0 2 0 0 0 2
2 2 0 0 1 0 2 2 1 2 1 2 1 2 1 2 0 2 0 0 0 1
0 2 0 0 0 2 2 2 2 2 1 1 0 2 2 2 1 2 0 0 0 1
2 1 0 0 0 1 1 1 2 2 2 1 0 2 1 2 0 2 0 0 0 2
1 2 0 0 0 1 1 2 1 2 2 1 0 2 1 0 0 2 0 0 0 1
0 2 0 0 2 2 2 2 1 2 1 1 1 2 1 2 1 2 0 0 0 1
1 1 0 0 2 2 0 1 1 2 1 2 1 2 2 2 0 2 2 0 0 0
2 1 1 0 1 2 2 1 2 2 1 2 0 1 1 2 0 2 0 0 0 0
1 2 0 0 0 2 2 1 1 2 1 2 0 2 2 2 0 2 1 0 0 1
2 1 0 0 0 2 2 1 2 1 1 2 0 2 2 0 0 2 1 1 0 1
2 1 0 0 2 2 2 2 0 1 2 2 0 2 2 2 1 2 1 1 0 2
0 2 0 0 2 2 1 0 1 2 2 1 0 2 1 1 1 2 2 0 0 2
1 2 0 0 0 2 1 2 1 2 2 2 1 2 2 1 2 2 1 1 0 2
0 2 0 0 0 2 2 2 2 2 1 2 1 2 2 1 0 1 0 0 0 2
2 2 0 0 1 2 2 2 2 2 0 0 0 1 1 0 0 2 1 0 1 2
1 2 0 0 0 1 2 2 1 2 1 2 0 1 2 1 0 2 1 0 0 1
1 2 0 1 1 2 1 0 1 2 2 2 0 2 1 2 0 1 0 0 0 2
1 1 0 0 0 2 2 2 1 2 0 2 0 2 1 1 0 2 0 0 0 2
1 2 1 0 0 2 2 1 2 2 2 1 0 2 2 2 0 2 0 1 0 2
1 2 0 0 0 1 1 1 1 2 2 1 1 0 1 2 0 2 0 0 0 1
1 2 0 0 0 2 2 1 1 2 1 2 0 2 1 1 0 2 1 0 0 2
1 2 1 0 1 2 2 2 1 2 1 2 0 2 2 2 0 2 0 1 0 2
1 2 2 0 1 2 2 0 2 0 1 1 0 1 2 2 0 2 0 1 0 0
1 1 0 0 0 2 1 1 1 2 2 0 0 1 1 2 0 2 1 0 0 2
2 1 2 0 1 2 1 1 2 2 1 2 2 2 2 2 1 2 1 0 0 1
2 2 1 0 1 1 2 2 2 2 1 2 1 2 2 2 0 2 2 1 0 2
1 2 0 0 0 1 2 1 1 1 0 1 0 1 1 1 1 1 1 0 0 2
1 2 0 0 1 2 2 1 0 2 1 1 0 2 2 1 1 2 1 1 1 2
1 0 2 0 1 0 2 2 1 2 2 2 0 2 1 2 0 2 1 0 0 2
1 2 0 0 1 2 1 1 2 2 0 1 0 2 2 1 0 2 0 1 0 2
1 2 0 0 1 1 2 2 1 2 2 2 0 2 2 2 1 2 2 0 0 1
2 2 0 0 1 2 2 2 1 1 0 1 1 1 2 1 0 1 1 0 0 2
1 2 1 0 1 2 2 1 2 2 0 2 1 2 2 2 1 2 0 1 1 2
1 2 0 0 0 2 0 2 2 2 1 1 0 2 1 1 0 2 1 0 0 2
0 2 0 0 1 2 1 2 2 1 1 1 0 1 1 2 0 2 2 0 1 2
0 2 1 0 1 2 2 2 2 2 0 0 0 2 2 1 0 2 0 0 0 2
1 2 1 0 0 1 1 2 1 1 1 1 0 2 2 1 0 1 0 1 0 2
1 2 1 0 2 2 2 1 2 2 1 1 0 2 1 2 0 2 0 0 0 1
1 2 1 0 2 2 1 2 2 2 0 2 0 2 0 2 0 2 0 1 0 2
0 2 0 0 1 1 2 2 0 2 1 2 1 1 2 1 0 2 0 1 1 2
1 2 1 0 2 2 1 1 2 2 1 2 0 1 2 2 0 2 1 0 0 2
2 0 2 0 0 2 2 1 2 2 1 1 0 2 2 2 0 2 1 0 0 2
0 2 1 0 1 2 1 0 1 2 1 1 0 2 2 2 0 1 1 1 0 2
0 2 0 0 1 2 1 2 2 2 0 2 0 0 2 2 0 2 0 1 0 2
2 1 2 0 2 1 2 2 1 2 0 1 0 2 1 1 1 1 0 0 0 2
0 2 0 0 1 2 2 2 0 2 1 1 0 1 2 2 0 1 1 0 0 2
0 1 0 0 1 0 1 2 2 1 1 1 0 2 1 1 1 2 1 0 0 0
0 2 1 0 0 2 2 2 0 2 2 1 1 2 2 1 0 2 0 0 1 2
1 2 0 0 2 1 2 1 1 2 1 2 0 2 1 1 1 2 1 0 0 1
0 1 0 0 0 2 2 2 1 2 2 1 1 2 1 2 1 2 1 0 0 2
0 2 0 1 0 1 2 2 2 2 2 2 1 2 1 2 0 2 1 0 0 0
0 2 0 0 0 1 1 1 2 2 1 1 0 2 1 1 2 1 1 1 0 1
0 2 1 0 1 2 2 0 2 2 2 1 0 2 2 2 0 2 0 1 0 1
0 1 0 0 0 2 1 1 2 2 2 2 0 2 1 2 0 2 2 0 0 2
1 0 0 0 2 2 2 1 2 2 1 1 1 2 1 1 0 2 0 1 0 1
1 2 0 0 0 2 1 2 1 2 0 2 0 2 2 2 0 1 1 1 0 2
0 2 0 0 0 1 2 2 2 2 1 0 1 1 2 1 0 1 1 1 0 2
1 1 0 0 1 2 2 2 2 2 1 2 0 2 1 1 0 2 1 0 0 2
0 2 0 0 0 2 2 2 1 2 1 2 1 2 1 2 0 2 0 0 0 1
2 2 2 0 0 2 1 2 2 2 2 2 1 2 2 2 0 2 0 0 1 2
1 1 0 0 1 2 2 2 2 2 2 1 0 2 1 1 0 2 1 0 0 2
2 2 0 0 0 2 2 2 1 2 0 1 0 2 1 1 0 2 1 0 1 2
0 1 0 0 0 2 1 1 2 2 0 2 0 1 2 1 0 2 1 1 0 1
1 2 0 1 0 2 2 0 2 2 1 2 0 2 1 1 1 2 0 0 0 2
1 2 0 1 0 1 2 1 1 2 1 1 0 2 2 1 1 2 0 0 1 1
2 2 1 0 1 1 0 1 2 2 1 1 1 0 2 1 0 2 1 0 0 2
2 2 0 0 0 2 2 1 2 2 0 2 0 2 2 1 0 1 1 1 0 1
1 2 0 0 0 2 2 0 2 2 1 2 0 1 2 1 0 2 1 0 0 2
1 2 1 0 1 2 0 2 1 1 2 1 1 2 2 2 0 2 0 0 0 2
2 2 0 0 0 2 1 1 1 2 2 1 0 2 0 1 0 0 2 0 0 2
1 2 2 0 1 2 2 2 1 2 2 1 0 2 2 1 0 2 1 0 0 2
1 2 0 0 0 1 0 2 2 1 0 2 0 2 2 2 1 0 2 0 1 1
2 2 0 0 2 1 2 1 0 2 2 2 0 2 0 1 0 2 2 0 0 1
1 2 0 0 0 1 1 1 2 2 1 1 0 2 1 2 0 1 2 1 0 1
0 1 0 0 0 1 2 1 2 2 2 2 0 2 2 0 1 2 1 0 0 1
2 2 0 0 2 1 1 2 1 2 1 2 0 2 2 2 0 2 1 1 0 1
2 1 0 0 1 2 0 1 2 2 1 1 1 0 2 2 1 2 0 0 0 2
1 1 0 0 2 2 0 2 1 2 2 1 0 1 2 1 1 2 0 0 0 1
1 2 1 0 0 1 1 1 2 2 2 2 0 2 2 1 0 2 1 1 0 2
2 2 0 0 0 2 1 2 2 2 2 2 0 2 1 1 1 2 1 0 0 1
0 2 0 0 1 2 2 1 1 2 0 2 0 2 2 2 0 1 0 0 0 2
0 2 0 0 0 1 1 2 1 1 2 2 1 2 1 1 0 2 1 0 1 2
0 2 0 0 2 1 1 1 1 2 1 2 0 0 1 2 0 1 0 1 0 2
2 2 0 0 0 2 2 1 2 2 1 2 0 2 1 2 1 2 1 0 0 2
1 2 0 0 0 2 1 1 1 1 2 2 1 1 2 2 0 2 1 0 0 2
0 2 0 0 1 2 0 2 1 1 1 2 2 2 2 2 0 2 0 0 1 2
1 2 0 0 1 2 2 2 2 2 1 1 0 1 2 2 2 2 0 0 0 2
0 2 0 0 1 1 2 1 2 2 2 0 0 2 2 2 1 2 2 0 0 0
1 1 1 0 1 2 0 1 2 2 1 2 1 2 2 2 0 2 0 1 0 2
2 0 0 0 1 1 2 1 2 2 2 2 0 2 1 1 0 2 2 0 0 2
2 2 0 0 1 1 2 1 2 2 2 2 0 2 1 1 0 1 0 0 1 2
2 2 0 0 1 1 0 1 1 2 0 2 1 2 0 2 1 1 0 0 0 2
2 1 0 0 0 2 1 1 2 2 1 2 1 2 2 2 0 1 0 0 0 2
1 2 0 0 0 1 1 1 2 2 1 2 0 2 2 1 0 1 0 1 0 2
1 2 0 0 0 2 2 2 2 2 2 1 1 1 2 1 1 2 1 0 0 2
1 2 0 0 1 2 0 1 1 1 1 0 0 2 1 2 0 2 0 0 0 1
0 2 0 0 0 1 2 2 2 2 1 1 0 2 2 2 0 2 1 1 0 1
1 2 1 0 1 2 1 1 1 2 1 1 0 2 2 1 0 1 0 1 0 1
1 2 2 0 0 2 2 1 2 2 2 1 0 2 2 1 0 2 1 0 0 2
1 2 0 0 1 2 0 2 2 2 2 1 0 2 1 2 0 2 1 0 0 2
1 2 0 0 0 1 0 2 1 2 1 1 0 2 1 0 0 2 0 0 0 2
2 2 0 0 0 2 2 2 1 2 1 2 0 2 1 1 0 2 2 0 0 1
0 1 0 0 0 1 0 2 2 2 2 2 0 2 2 1 0 2 0 0 0 2
2 1 0 0 0 1 2 2 2 2 0 2 0 2 2 2 0 2 0 1 0 2
1 1 0 0 0 2 1 1 0 2 2 2 0 2 1 1 1 2 1 0 0 1
1 2 1 0 0 2 2 0 2 2 0 2 0 2 0 2 0 2 0 0 0 0
1 2 0 0 1 2 2 1 1 2 1 1 1 2 0 2 0 2 0 0 0 1
1 1 1 0 0 1 1 0 1 2 0 2 0 2 1 2 0 1 1 0 0 2
1 0 0 0 0 2 2 2 1 0 1 2 1 1 2 2 0 1 1 0 0 2
1 2 1 0 0 1 1 1 1 2 2 1 1 2 2 2 1 2 2 0 0 2
0 2 1 0 0 2 2 1 2 2 1 2 0 2 1 1 1 2 0 0 0 2
2 2 0 0 0 1 1 2 1 2 1 1 0 1 2 1 0 2 0 1 0 1
2 2 0 0 0 1 1 1 1 2 1 2 1 2 2 1 0 2 0 0 0 2
1 2 0 0 1 1 2 1 2 2 1 2 0 1 2 2 0 2 1 0 1 1
1 2 0 0 1 2 0 1 1 2 1 1 0 2 2 2 0 2 1 0 1 1
1 2 1 0 0 2 2 1 2 2 1 2 0 2 2 2 1 2 1 0 0 2
0 2 1 0 2 2 0 2 1 2 1 2 0 2 2 2 0 2 1 1 0 2
0 2 1 0 1 2 0 1 1 2 2 2 0 2 1 1 0 2 1 0 0 2
0 2 0 0 1 2 1 2 1 2 1 1 0 2 2 1 0 2 1 0 0 2
0 2 0 0 1 2 1 1 2 2 1 2 1 2 2 2 0 1 1 1 1 2
1 2 0 0 1 2 1 2 2 2 1 2 0 2 2 2 0 2 1 0 1 2
1 1 2 0 1 1 2 2 1 2 2 1 0 2 0 2 0 2 0 0 1 1
1 2 1 0 1 2 1 2 2 2 2 2 0 2 2 2 1 2 1 0 1 2
2 2 1 0 0 2 2 2 1 2 1 2 0 2 0 1 0 1 0 0 0 2
1 1 0 0 0 2 2 2 1 2 2 1 1 2 2 1 0 2 2 0 0 0
2 2 0 0 1 2 1 1 1 2 2 1 0 1 2 2 0 2 1 0 0 2
1 1 1 0 1 2 1 2 1 2 1 2 0 2 2 2 0 2 1 0 0 0
1 2 0 0 2 2 0 1 1 1 2 2 0 2 2 2 0 2 1 0 0 0
1 2 2 0 1 2 1 1 2 2 0 2 1 2 2 0 1 2 1 0 0 1
1 2 0 0 0 1 2 1 1 2 0 2 1 2 1 1 0 2 0 0 0 2
1 2 0 0 1 1 0 1 1 2 0 2 0 2 0 2 0 2 0 1 1 2
1 2 1 0 0 1 2 2 2 2 1 2 0 2 2 1 0 2 0 0 0 2
1 2 0 0 1 1 1 2 2 2 1 1 0 2 2 2 0 2 2 0 0 2
1 0 1 0 0 2 2 1 1 0 2 2 0 2 2 0 1 1 1 1 0 1
2 2 1 0 0 2 1 2 1 2 2 2 0 2 2 2 0 2 1 0 0 1
1 1 0 0 0 1 2 2 2 2 1 0 0 2 1 2 1 2 1 0 0 2
1 2 0 0 0 2 2 1 1 2 1 2 0 2 2 0 0 2 1 0 0 2
2 1 0 0 1 2 2 2 2 2 2 2 1 1 2 1 0 2 0 1 0 1
1 2 0 0 0 2 2 1 2 2 1 1 0 2 2 2 2 2 1 0 0 2
1 2 0 0 2 2 1 1 2 2 1 2 0 2 0 1 0 2 1 2 0 2
1 2 0 0 0 2 1 1 2 2 0 2 0 2 2 2 1 2 1 0 0 2
0 2 2 0 1 2 2 1 2 1 2 2 0 2 2 2 0 1 2 0 0 2
1 2 0 0 0 2 1 1 2 2 1 2 1 2 2 2 0 1 2 0 0 1
1 2 1 0 1 2 1 2 1 2 1 2 1 2 2 2 0 2 0 0 0 2
1 1 1 0 2 2 2 2 2 2 1 2 0 1 2 0 1 1 1 1 0 1
0 2 0 0 1 2 1 1 2 2 2 0 0 2 2 1 0 1 1 0 0 2
0 2 1 0 1 2 0 1 1 2 0 2 0 2 2 2 1 1 1 1 1 2
2 2 0 0 1 2 1 0 1 1 1 2 2 2 0 1 0 2 0 1 0 2
1 0 0 0 2 1 2 2 2 2 2 2 0 2 2 0 0 2 1 0 0 1
1 2 0 0 1 0 1 2 2 2 0 1 1 2 1 0 0 1 2 0 0 2
1 2 0 0 1 1 0 2 2 1 2 1 0 2 2 2 0 2 1 1 1 2
2 2 0 0 0 1 1 1 0 1 1 1 0 2 2 2 0 2 1 0 0 2
1 2 1 0 2 2 2 1 1 2 2 2 1 2 2 1 0 1 1 0 0 2
1 2 0 0 0 2 2 2 2 2 2 2 0 2 2 1 0 1 0 1 0 1
1 2 0 0 1 2 1 1 1 2 0 2 1 2 2 1 0 2 1 0 0 2
1 1 0 0 0 1 2 1 2 2 2 2 0 2 2 2 0 2 1 0 0 1
0 1 1 0 0 2 1 1 2 2 2 0 0 2 2 1 0 2 1 0 0 2
0 1 0 0 0 2 0 1 2 2 2 2 1 2 1 2 0 1 0 1 0 2
1 2 0 0 1 2 1 0 0 2 0 1 1 2 2 2 0 2 0 0 0 1
1 2 0 0 0 1 1 2 1 2 2 2 0 2 2 2 0 2 0 2 0 1
1 1 0 0 0 2 1 2 1 2 1 2 1 1 2 0 0 2 0 1 1 2
1 2 0 0 0 2 2 2 2 2 0 2 0 2 2 1 0 2 2 1 0 1
1 2 0 0 1 1 1 1 2 0 2 2 1 1 1 2 0 1 1 0 0 2
1 2 0 0 2 1 1 2 2 2 1 1 0 2 1 1 0 2 0 1 0 2
2 2 1 0 0 2 1 1 2 2 2 2 0 0 2 1 0 1 0 1 0 2
0 1 0 0 0 1 1 2 0 1 0 2 1 2 2 0 0 1 1 0 0 1
0 1 0 0 1 2 0 2 2 2 1 2 1 2 1 2 0 1 0 0 1 0
1 2 0 0 1 2 1 2 1 2 2 1 0 2 1 1 0 2 2 0 0 1
1 2 0 0 1 2 1 1 1 2 2 1 2 2 1 1 0 2 2 0 0 2
2 2 0 0 0 1 2 2 1 2 1 1 0 2 2 2 0 2 0 0 0 0
1 2 0 0 1 2 0 2 2 2 1 1 1 2 2 0 0 2 1 0 0 2
1 2 0 0 0 2 0 0 1 2 2 0 1 1 1 2 0 0 0 0 0 2
1 2 0 0 0 1 1 1 2 2 2 2 0 2 0 2 0 1 2 2 0 2
2 2 0 0 2 1 1 2 2 2 2 2 0 2 2 1 0 2 0 0 0 1
2 2 1 0 0 1 2 0 0 2 2 2 1 0 1 2 0 1 1 0 0 2
1 2 1 0 1 1 2 1 1 2 0 2 0 2 2 1 0 2 0 0 0 1
1 1 0 0 0 1 1 2 1 2 0 1 1 2 0 1 0 2 1 2 0 2
0 2 1 0 0 2 1 1 2 2 0 1 0 2 2 2 1 2 1 1 0 2
1 2 1 0 1 2 1 1 1 2 1 2 0 2 2 2 1 2 0 1 0 1
2 2 0 0 0 1 1 2 1 2 1 2 1 2 2 2 0 1 2 0 0 1
1 2 0 0 1 1 2 1 0 2 0 1 0 1 1 1 0 1 1 0 0 2
0 2 2 0 0 2 2 1 2 2 2 2 2 1 1 1 0 2 1 0 0 1
1 2 0 0 0 2 1 2 2 2 2 2 1 2 2 2 1 1 1 0 1 1
0 1 1 0 1 2 0 1 2 2 2 2 0 2 2 1 0 2 0 0 0 2
2 2 1 0 0 2 0 0 2 2 0 2 0 2 2 2 0 2 2 0 0 1
0 2 0 1 0 2 2 2 2 1 2 1 0 1 2 1 0 2 2 0 1 2
2 2 0 0 0 2 1 0 1 2 1 2 0 2 2 1 0 2 0 1 1 2
1 2 0 0 1 2 1 1 1 2 1 2 0 2 1 2 0 1 1 0 0 2
1 2 0 0 0 2 2 2 0 2 1 1 0 1 2 0 0 2 2 0 0 2
0 2 0 0 1 1 1 2 0 2 0 1 1 1 2 1 0 2 2 0 0 1
0 2 0 0 0 1 2 1 2 2 1 2 0 1 1 1 1 2 1 0 0 1
0 1 1 0 0 1 1 1 2 2 2 1 0 2 1 2 0 1 1 0 1 1
2 2 0 0 1 1 1 2 1 2 1 2 0 2 2 1 0 0 2 0 0 2
2 2 0 0 1 1 2 2 0 2 2 1 0 2 2 2 0 1 1 0 0 2
2 2 1 0 2 2 1 2 1 1 1 1 0 2 1 2 0 1 0 0 0 1
0 2 0 0 1 1 0 2 1 2 2 2 0 2 1 2 1 2 1 1 0 2
1 2 0 0 0 1 2 1 2 2 2 2 1 1 1 2 0 1 0 2 0 1
0 2 0 0 1 1 2 2 1 2 1 2 0 1 1 2 0 1 1 0 0 0
0 1 1 0 1 2 1 1 1 1 2 2 0 2 2 2 1 1 0 0 0 1
1 2 1 1 1 2 1 2 2 1 0 2 0 2 0 1 0 1 1 1 0 0
2 1 1 0 1 0 2 1 1 2 1 2 0 1 1 2 1 1 0 1 0 1
1 1 1 0 0 2 1 1 2 1 1 2 1 1 1 2 0 2 2 1 0 1
1 2 1 0 1 2 2 2 2 2 1 1 0 1 1 2 0 0 0 0 0 2
0 2 0 0 1 2 1 2 0 2 0 2 0 2 1 2 0 2 0 1 0 2
0 2 0 0 1 1 1 2 2 2 1 0 0 2 1 2 1 1 1 2 1 1
1 1 0 0 1 2 2 2 2 1 1 1 0 1 1 2 1 1 0 2 0 1
2 2 0 0 1 2 2 2 1 2 2 2 0 2 1 1 2 1 1 0 0 2
0 2 1 0 1 2 0 0 1 1 1 2 0 2 1 1 0 1 1 0 0 2
1 2 0 0 2 1 2 2 1 2 0 2 1 1 1 0 1 1 1 0 1 2
1 2 1 0 1 2 0 2 1 2 0 2 1 1 2 1 0 2 0 0 0 2
1 2 0 0 0 1 1 0 0 2 1 2 1 2 2 1 1 2 1 1 0 0
1 1 0 0 2 1 2 2 1 2 2 2 1 2 1 2 1 2 1 0 0 1
1 2 0 0 0 2 2 2 1 2 0 2 0 1 1 2 0 2 0 0 0 1
0 2 0 0 0 2 2 1 2 2 1 1 0 2 2 2 0 2 1 0 0 2
0 2 1 0 0 2 1 1 1 2 1 1 0 2 2 1 0 1 0 0 0 1
1 2 0 0 2 2 1 1 2 2 1 0 1 2 2 2 0 2 2 1 0 2
0 1 0 0 1 1 0 1 1 1 1 2 1 2 2 2 0 2 0 0 0 2
0 2 0 0 0 2 0 1 1 2 1 1 0 2 2 1 1 1 0 0 0 2
1 2 0 0 1 2 2 2 2 2 2 1 1 1 2 2 0 2 1 1 0 0
1 2 0 0 0 2 1 1 2 1 2 2 0 2 2 2 0 2 1 1 0 1
0 2 0 0 1 2 2 1 1 2 1 2 2 2 1 1 0 2 2 1 0 1
0 1 1 0 2 0 2 0 2 1 2 1 0 2 1 2 0 1 2 0 0 2
1 2 1 0 1 2 1 2 2 2 1 2 0 1 0 1 0 1 2 0 0 2
0 2 0 0 1 1 2 1 2 1 2 2 0 1 2 2 0 2 1 1 0 2
0 2 1 0 2 2 2 2 1 2 2 2 0 2 1 2 0 2 0 0 1 1
2 2 0 0 1 1 2 2 2 2 1 1 0 2 2 2 1 1 1 1 0 2
2 2 0 0 0 2 1 1 2 2 2 2 0 2 0 1 1 1 2 1 1 2
0 2 0 0 0 1 1 2 1 2 2 2 0 2 1 1 0 1 0 1 1 2
2 2 0 0 0 1 2 1 1 1 0 0 0 1 1 2 0 2 2 0 0 1
0 2 0 0 1 1 1 0 1 2 1 0 0 2 1 2 0 2 1 0 0 1
1 2 0 0 1 2 2 2 2 2 1 2 0 1 2 2 1 0 1 0 0 2
0 2 1 0 0 2 2 1 2 2 2 2 0 1 1 1 0 1 0 0 0 2
1 1 0 0 1 2 2 1 1 2 2 0 0 2 2 2 2 2 0 0 0 2
2 1 1 0 0 2 1 2 1 2 2 2 0 2 2 0 0 1 1 0 1 2
0 2 2 0 0 2 1 1 2 1 0 1 0 2 1 2 0 2 2 0 0 1
0 2 0 0 0 2 2 2 2 2 0 2 0 2 1 2 0 2 1 0 0 2
1 1 0 0 0 2 1 2 2 2 1 2 1 2 2 1 0 2 1 1 0 1
0 2 0 0 0 2 2 0 0 2 2 2 0 2 2 1 1 2 0 2 0 2
0 2 0 0 0 2 1 2 2 2 2 1 0 2 2 1 1 2 1 0 0 2
0 2 1 0 1 2 2 1 2 2 1 2 0 2 2 2 0 2 0 0 1 2
1 2 0 0 1 2 0 1 2 2 1 1 0 2 2 2 0 2 0 1 0 2
2 2 0 0 1 2 2 0 2 2 1 2 0 2 2 2 0 1 1 0 0 2
1 2 1 0 0 2 2 2 2 1 1 2 0 2 1 1 0 2 0 1 0 2
2 2 0 0 0 2 1 2 2 1 0 2 0 2 1 2 0 1 2 0 0 1
2 2 1 0 1 2 1 2 1 2 2 2 0 1 1 2 0 2 2 0 0 1
2 2 0 0 1 2 1 1 1 2 1 2 1 1 1 2 1 2 1 0 0 2
2 2 1 0 0 2 0 2 1 2 0 2 1 2 2 1 0 2 1 0 0 2
1 2 0 0 2 1 2 1 2 2 2 1 1 2 1 2 0 2 1 0 0 2
1 2 0 0 0 2 2 2 2 2 0 2 0 2 1 0 0 1 1 0 0 1
1 1 1 0 1 1 2 1 2 2 2 1 1 2 2 2 1 2 0 0 0 2
2 2 0 0 1 1 2 1 1 2 1 1 1 0 1 2 0 2 2 0 0 2
1 2 1 0 1 2 1 2 2 2 0 1 1 2 1 2 0 2 1 1 0 2
1 2 0 0 1 2 2 1 1 1 0 2 0 2 2 1 0 1 1 0 0 2
1 2 1 0 1 1 0 1 2 2 2 1 0 2 2 2 0 2 1 0 0 2
1 2 0 0 0 2 1 0 2 2 1 1 0 2 1 2 0 2 0 1 0 1
1 2 1 1 0 2 1 2 2 2 2 0 0 1 1 1 0 2 0 0 0 2
0 2 0 0 1 1 1 1 1 2 1 2 0 2 2 1 1 2 0 0 0 2
1 2 0 0 2 2 1 1 2 2 1 1 2 2 2 1 0 2 1 1 0 2
1 2 1 0 0 2 1 1 2 2 2 2 0 2 2 1 0 2 1 0 0 1
0 2 1 0 0 2 1 1 2 2 0 2 0 1 2 2 0 2 1 0 0 1
0 2 0 0 1 0 1 2 2 2 1 2 0 1 1 2 0 1 0 2 0 1
1 2 0 0 0 2 2 1 1 2 1 2 0 2 2 2 1 2 1 0 0 2
2 2 0 0 0 1 0 2 1 1 1 2 0 2 2 1 0 2 1 0 0 0
1 2 1 0 1 1 0 2 2 1 2 2 1 2 2 1 0 2 1 0 0 1
0 1 0 0 2 2 2 1 1 2 1 2 1 1 2 2 0 2 0 0 0 1
1 2 0 0 1 1 1 2 1 2 1 2 0 2 2 1 0 2 0 0 1 2
1 1 0 0 0 2 1 2 0 2 1 2 0 2 2 2 0 2 0 0 1 1
2 2 1 0 1 2 0 2 2 2 1 2 0 2 1 1 0 2 1 0 0 1
1 2 0 0 0 2 2 1 1 2 1 1 0 2 1 2 0 1 1 0 1 1
0 2 0 0 0 2 1 2 2 2 2 0 0 1 1 0 0 1 1 1 0 2
1 1 1 0 0 2 1 2 1 2 1 2 0 2 1 2 0 2 1 0 1 2
0 2 0 0 1 0 0 2 2 2 2 2 1 2 2 2 0 1 1 0 0 2
1 2 1 0 0 1 1 2 1 2 2 1 1 1 2 2 0 2 1 0 0 2
1 2 0 0 0 1 1 1 2 2 2 2 0 1 2 2 1 1 0 1 0 2
2 2 0 0 2 1 1 1 1 2 2 2 1 2 2 2 0 2 1 0 1 2
0 2 0 0 0 2 1 1 2 2 0 1 0 1 2 2 0 2 2 0 0 2
1 2 0 0 0 2 0 1 2 2 1 2 2 1 1 2 0 1 0 0 0 1
1 2 2 0 0 2 0 2 0 2 2 2 0 2 2 1 0 0 0 0 0 2
0 2 0 0 0 1 1 1 1 2 2 1 0 2 1 2 0 1 2 0 0 0
1 2 1 0 0 1 1 1 2 2 1 2 1 2 1 0 0 2 1 1 0 2
1 2 0 0 0 2 2 2 0 2 2 1 0 2 2 2 0 2 0 0 1 1
1 2 0 0 0 1 2 2 1 2 1 2 1 2 1 0 1 2 1 0 0 1
0 2 0 0 0 2 1 0 2 2 1 0 1 2 2 2 0 2 0 0 0 2
0 1 0 0 1 2 1 2 2 2 0 2 0 2 1 2 0 2 1 0 0 2
1 2 0 0 1 2 1 1 2 2 2 2 1 1 2 0 0 2 1 0 0 2
0 1 0 0 1 2 1 2 1 1 1 2 1 2 1 1 1 2 0 0 0 1
0 2 1 0 0 1 1 1 0 2 1 2 0 2 1 1 0 2 1 0 0 1
1 0 1 0 1 2 1 2 1 2 1 2 0 2 0 1 1 2 1 2 0 2
0 2 0 0 0 2 2 2 2 2 1 0 1 2 2 1 0 2 0 0 1 0
1 1 2 0 1 2 0 2 2 2 2 1 1 1 2 2 1 2 0 1 0 2
2 2 1 0 0 2 2 2 1 2 2 1 0 2 0 2 0 2 0 0 0 2
1 2 0 0 0 2 2 1 2 2 1 2 1 1 2 1 0 2 1 1 0 1
2 2 0 0 2 2 1 2 2 2 2 1 1 2 1 2 0 2 1 1 0 2
2 2 0 0 0 2 2 2 2 1 2 1 1 2 2 2 0 1 1 0 0 2
2 2 1 0 2 1 0 2 0 2 1 1 0 2 1 2 0 1 1 0 0 2
0 2 0 0 1 2 1 1 1 2 1 1 0 2 2 2 1 2 1 0 0 2
1 2 0 0 1 2 0 2 1 2 2 1 0 2 2 2 1 2 0 0 1 1
1 2 0 0 0 1 2 2 2 2 1 2 2 2 1 2 0 1 0 0 0 2
2 2 0 0 1 0 2 1 0 2 1 1 0 2 2 1 0 2 2 0 0 1
2 1 1 0 1 2 1 1 1 2 2 2 0 2 2 2 0 2 0 0 0 2
2 2 0 0 1 1 1 2 2 2 1 2 0 2 1 1 0 2 1 0 0 1
2 2 0 0 0 1 1 2 2 2 2 1 1 2 2 2 0 2 1 0 0 2
1 2 0 0 0 2 2 2 2 2 1 1 1 2 2 1 0 2 0 0 0 1
0 2 0 0 0 2 2 2 2 2 0 1 1 2 2 2 0 1 2 1 0 2
1 1 1 0 0 2 1 2 2 2 0 2 0 2 1 2 1 1 1 1 0 2
1 1 0 0 0 2 2 1 1 2 0 2 1 2 1 2 0 2 1 1 0 1
2 2 0 0 1 2 0 1 2 2 1 1 0 2 2 2 1 2 0 1 0 1
0 2 0 0 1 2 2 1 2 2 2 0 0 2 2 2 0 1 1 0 0 2
1 2 1 0 0 2 2 1 2 2 2 2 0 2 2 2 0 2 0 1 0 1
0 2 0 0 0 1 1 2 2 2 2 1 0 2 2 2 0 1 0 0 0 2
2 2 1 0 2 2 2 2 1 2 2 0 0 2 1 1 2 2 0 1 0 2
2 1 0 0 0 2 2 2 2 2 0 2 0 2 1 2 0 2 0 1 0 1
2 2 0 0 0 2 1 1 2 2 2 0 0 2 1 2 0 1 1 0 0 1
2 2 1 0 0 2 2 2 0 2 2 1 0 1 2 1 0 2 0 0 0 2
2 1 0 0 1 2 1 1 1 2 0 2 1 2 1 2 1 2 0 1 0 2
1 2 0 0 0 2 1 2 1 2 0 1 0 2 2 2 0 2 1 1 0 2
1 2 1 0 0 1 2 2 1 2 1 2 0 2 2 1 1 2 0 0 0 0
2 2 0 0 0 2 2 2 2 2 2 1 1 2 1 2 0 1 0 1 0 0
2 2 0 0 1 2 2 2 2 2 2 1 0 1 1 2 0 2 0 0 0 2
2 2 0 0 1 1 1 1 1 2 1 2 0 2 2 2 0 0 0 0 0 2
2 1 0 0 2 2 0 1 2 2 1 2 0 2 2 2 0 2 1 1 0 2
0 1 0 0 1 2 1 1 1 1 0 1 1 2 2 1 0 2 1 0 0 2
2 2 0 0 1 2 1 1 1 2 2 2 0 1 1 2 0 1 1 1 0 2
1 2 1 0 1 1 2 1 1 2 2 2 1 2 1 2 0 2 1 1 0 1
1 2 0 0 1 2 0 1 1 2 2 2 1 2 1 2 0 2 0 0 0 2
2 2 0 0 1 2 1 2 2 1 2 2 0 2 2 1 0 2 1 1 0 2
1 1 1 0 1 2 1 1 2 2 0 2 0 2 1 1 0 2 0 0 0 2
1 2 1 0 0 2 1 2 2 1 2 2 0 2 1 2 0 0 0 0 0 2
1 2 0 0 1 2 1 2 1 1 1 2 0 2 1 1 0 2 0 1 0 1
1 2 0 0 0 2 1 2 1 2 2 2 0 2 2 2 1 2 0 0 0 1
1 1 0 0 0 2 2 1 2 2 2 0 0 2 2 2 0 1 2 1 0 2
0 1 0 1 0 2 1 2 1 2 2 2 0 2 2 1 0 2 2 1 0 2
2 2 0 0 1 2 2 2 1 2 1 2 0 2 0 2 1 1 0 0 0 1
1 2 1 0 1 1 0 2 0 2 2 2 1 1 0 0 0 2 0 0 0 2
2 2 1 0 1 2 2 0 1 1 2 1 0 2 2 2 0 2 1 1 0 2
2 2 0 0 0 2 2 1 2 2 0 1 1 2 0 2 1 2 0 1 1 2
0 2 0 1 0 1 1 1 2 2 1 2 1 1 2 1 0 2 0 0 0 0
0 2 0 0 0 2 2 1 1 2 2 1 0 1 2 1 0 2 0 0 1 1
0 2 0 0 1 0 1 0 1 1 1 2 0 1 1 1 0 2 0 1 1 2
2 2 0 0 1 2 1 1 2 2 2 2 1 2 2 0 0 1 0 0 0 1
0 2 1 0 1 2 2 2 2 2 0 1 1 1 2 1 0 2 0 0 0 1
1 2 0 0 1 2 2 1 2 1 1 2 0 2 1 1 1 1 1 0 0 2
1 1 1 0 1 2 1 2 2 2 2 1 0 1 2 2 0 2 0 0 0 2
2 1 0 0 0 2 2 2 2 2 0 2 0 2 2 0 0 2 2 0 0 2
2 1 0 0 1 2 1 2 1 2 1 2 1 1 1 2 0 2 2 0 0 1
1 1 0 0 1 1 1 2 2 2 1 1 0 0 1 2 0 2 1 1 1 2
1 2 1 0 1 1 1 2 2 2 1 2 1 2 2 1 0 2 0 1 0 1
2 2 0 0 0 1 1 1 0 2 1 1 0 2 2 2 0 1 1 1 0 1
1 1 1 0 0 1 2 2 0 2 1 2 0 2 1 2 0 2 1 0 0 1
1 2 1 1 0 2 1 2 0 0 2 2 0 2 1 2 0 1 1 0 0 2
0 2 0 0 0 1 2 1 1 2 1 2 0 2 1 1 1 2 0 0 0 0
0 1 0 0 2 2 1 2 2 2 1 2 1 1 2 1 0 2 0 0 0 1
1 1 0 1 1 2 1 1 2 2 2 0 0 1 1 2 0 2 0 0 0 1
0 1 0 0 0 1 1 1 1 1 1 1 0 2 2 2 0 2 2 0 0 1
1 2 0 0 2 2 2 2 2 2 1 1 1 2 1 0 0 2 1 0 1 1
1 2 1 0 1 2 1 2 1 2 2 1 2 1 1 2 0 1 2 0 0 2
1 2 0 0 1 2 1 0 1 2 0 1 0 2 2 1 0 2 1 0 0 1
1 1 0 0 0 2 1 0 2 2 1 1 0 2 2 1 0 1 1 1 0 1
0 2 0 0 1 2 2 2 1 2 0 2 0 1 1 1 0 2 0 0 0 0
0 2 0 0 0 2 1 2 2 2 2 2 0 2 2 2 1 2 0 0 0 2
1 2 0 0 0 1 2 1 1 2 0 2 0 2 1 2 0 1 0 2 0 2
1 1 1 0 1 1 2 1 2 2 2 1 1 2 1 2 0 2 0 1 0 2
0 2 1 0 0 2 1 1 1 2 2 1 0 1 1 2 0 2 1 2 0 2
1 2 0 0 2 2 2 2 1 2 1 2 0 2 2 1 0 2 2 0 1 1
2 2 0 0 0 1 1 2 2 2 0 1 1 2 1 2 0 2 0 0 0 1
2 2 1 0 2 2 2 1 1 2 1 2 0 2 2 2 0 2 0 0 0 2
1 2 2 0 0 2 2 2 1 0 0 0 0 2 2 2 0 2 1 0 0 1
0 2 0 0 2 1 2 2 2 2 2 2 0 2 2 1 0 2 2 0 0 1
2 2 0 0 0 2 1 2 1 2 0 2 0 2 0 2 0 2 1 0 1 2
1 2 1 0 1 1 1 2 2 2 0 2 1 1 2 2 0 2 1 0 1 2
0 2 0 0 1 2 2 2 2 1 1 1 0 1 2 2 0 1 0 0 0 2
1 2 0 0 0 2 1 1 1 2 1 1 0 2 2 1 0 1 0 0 0 2
0 2 0 0 0 2 1 2 2 2 1 2 1 2 2 1 0 2 1 0 0 2
1 2 1 0 0 2 2 1 2 2 1 2 0 0 1 2 0 2 0 0 0 1
0 2 0 0 0 1 2 2 2 2 1 2 1 1 1 2 1 2 0 0 0 1
2 2 0 0 0 2 0 2 2 2 2 1 2 2 1 2 0 2 1 0 0 1
0 2 0 0 0 2 1 1 2 2 0 1 0 1 2 1 0 2 1 1 0 2
2 2 0 0 1 1 1 0 1 2 1 1 0 2 1 2 0 1 2 0 0 2
1 2 0 0 1 1 1 2 2 2 2 2 0 2 1 1 0 2 0 1 0 2
1 2 0 0 0 2 2 2 2 2 1 1 0 1 1 2 1 2 1 0 0 1
1 2 2 0 0 2 0 2 1 2 0 1 0 2 2 1 1 2 1 0 0 2
0 2 0 0 2 1 1 1 2 2 1 2 0 2 2 2 0 2 1 0 0 2
0 2 1 0 2 2 2 2 1 2 2 1 1 1 2 2 1 2 1 0 0 2
1 1 0 0 1 2 1 1 2 2 1 2 1 2 2 2 0 2 1 0 0 1
1 2 1 0 1 1 2 2 2 2 1 2 2 2 1 2 0 2 0 0 0 2
0 1 0 0 1 2 1 1 1 2 1 2 1 2 1 2 0 2 0 0 0 1
2 2 0 0 0 1 1 0 1 2 0 2 0 2 2 2 0 2 0 0 0 2
1 2 1 0 0 2 1 0 2 2 1 2 0 1 2 2 0 2 2 0 0 2
1 2 0 0 0 2 2 1 2 1 0 2 1 2 2 2 0 1 1 0 1 1
1 2 1 0 1 2 1 1 1 2 0 2 0 1 1 2 0 2 0 0 0 1
2 2 0 0 2 2 1 2 2 2 1 2 0 2 0 2 1 2 1 1 0 2
1 2 0 0 0 2 1 2 1 2 1 2 0 1 2 2 2 2 2 0 0 1
1 1 0 0 1 1 2 2 1 2 2 2 0 1 2 2 0 2 0 1 0 1
0 2 2 0 1 2 2 2 1 2 1 2 0 2 1 1 1 2 1 1 1 2
0 2 0 0 0 2 1 2 0 2 1 2 0 1 2 0 1 2 2 0 0 2
0 2 0 0 0 2 1 1 2 1 1 2 0 1 1 2 1 1 2 0 0 1
1 2 0 0 0 2 1 1 2 1 0 1 1 1 2 2 0 2 2 2 0 2
1 2 1 0 0 2 2 1 1 2 1 1 2 2 2 1 0 2 1 1 0 2
1 2 0 0 1 2 1 2 2 2 2 2 1 2 2 2 0 2 1 0 0 1
0 2 0 0 0 2 1 2 1 2 1 2 0 2 2 2 2 1 1 1 0 2
1 2 0 0 0 2 2 2 2 2 1 2 2 2 1 2 0 2 2 0 0 1
1 2 0 0 1 2 1 2 1 2 1 1 1 2 2 1 0 2 1 1 0 2
2 0 0 0 0 2 1 1 0 2 1 2 1 2 1 1 0 2 0 0 0 2
2 2 1 0 1 2 2 1 0 2 2 1 0 2 2 1 0 2 2 1 1 1
1 2 0 0 0 2 2 1 2 2 1 2 0 2 1 1 0 1 2 0 0 1
0 2 1 0 0 1 0 0 1 1 0 2 1 2 2 2 0 2 1 0 0 2
1 2 1 0 0 1 2 2 2 2 1 1 1 1 2 2 1 2 1 0 0 0
2 1 0 0 2 1 2 1 1 2 2 1 0 2 2 1 1 2 2 1 1 1
0 1 0 0 0 2 1 1 1 2 1 1 0 2 2 1 0 2 1 1 0 2
1 2 0 0 1 2 0 2 1 2 1 2 0 2 2 2 0 2 0 0 0 2
2 0 0 0 0 1 2 0 1 2 2 2 0 2 2 2 0 2 1 0 0 1
0 2 0 0 1 1 1 1 2 1 1 2 1 2 2 1 0 2 0 1 0 1
2 1 1 0 0 2 2 1 0 1 2 1 0 1 1 2 0 1 0 1 0 2
2 2 0 0 0 0 1 2 2 2 0 2 0 2 2 1 0 2 1 0 0 2
1 2 0 0 1 2 1 0 2 2 2 2 0 2 2 1 1 2 1 1 0 2
0 1 0 0 0 2 2 2 2 1 2 2 0 0 2 1 0 2 1 0 0 2
1 2 1 0 0 1 1 0 2 1 1 2 0 1 2 2 1 2 0 0 0 2
0 2 1 0 0 0 2 1 0 2 1 2 0 2 2 1 1 2 0 1 0 2
2 2 0 0 0 1 0 0 1 2 1 2 0 2 2 1 0 2 0 0 0 1
1 2 0 0 0 2 1 2 1 2 1 2 0 2 1 2 0 2 1 0 0 2
1 1 0 0 1 2 0 2 2 2 2 1 0 0 2 2 0 2 1 0 0 2
1 2 1 0 1 2 1 1 2 2 2 1 1 1 2 1 0 2 1 1 0 2
1 2 0 0 0 1 2 2 1 2 1 1 0 1 1 2 0 2 1 2 1 2
1 2 0 0 1 2 2 0 0 1 2 2 1 2 1 0 0 2 1 0 0 1
2 2 0 0 1 2 2 2 1 1 1 2 0 2 1 1 0 2 0 0 0 2
1 1 0 0 0 2 2 2 2 2 1 2 1 2 1 1 0 2 1 0 0 2
1 2 1 0 0 2 1 1 2 2 0 2 1 2 1 2 0 2 1 1 0 2
1 2 0 0 1 2 2 1 2 1 0 1 0 2 2 2 0 2 0 0 1 1
1 2 0 0 1 2 2 1 0 2 2 2 0 1 2 2 0 2 1 0 0 2
1 2 0 0 1 2 0 2 2 1 1 2 0 2 0 1 1 1 0 1 0 2
1 2 0 0 0 1 0 2 2 2 2 2 0 2 1 2 0 2 1 0 0 2
0 2 1 0 0 2 1 2 1 2 2 2 1 2 2 0 0 2 2 1 0 1
2 2 0 0 0 2 1 1 2 2 2 1 0 2 1 1 2 2 1 0 0 2
0 1 0 0 1 1 1 2 1 2 1 1 0 2 2 1 0 2 1 0 0 2
0 2 1 0 2 1 2 2 0 1 2 1 1 2 2 2 0 2 2 1 0 2
1 2 0 0 1 1 2 2 1 2 2 2 0 2 2 2 0 2 1 2 0 1
