rs1430749 rs6749456 rs1511192 rs6745529 rs929937 rs10934505 rs2153155 rs316340 rs9383599 rs17663614 rs542663 rs2394192 rs7902294 rs11814533 rs17243454 rs2588413 rs9573626 rs1553106 rs8074026 rs573269 rs7252630 rs2018329
1 0 0 2 1 1 0 1 2 2 1 1 0 0 0 0 0 2 0 2 2 2
2 0 0 0 1 2 1 0 2 2 0 1 0 0 1 0 0 1 2 0 1 1
2 0 1 1 1 2 1 1 2 2 0 2 0 0 2 0 0 2 1 1 2 1
0 0 1 0 1 2 0 1 2 2 1 1 0 1 2 0 0 1 1 1 2 2
1 1 0 2 2 2 1 1 2 2 2 2 0 0 2 0 0 2 1 1 2 2
1 0 1 1 1 2 1 1 2 2 0 0 0 0 2 0 1 2 2 2 2 2
1 0 1 2 1 1 1 1 2 2 0 2 1 0 1 0 0 1 2 1 2 2
1 1 0 1 1 2 2 1 2 2 2 2 0 0 1 1 0 2 2 2 2 2
1 0 1 1 0 2 0 1 2 2 1 2 0 0 1 0 0 2 1 1 2 2
0 1 1 0 1 2 1 2 2 2 0 1 0 0 2 1 0 1 1 1 0 2
2 0 2 2 1 2 0 0 2 1 1 2 1 1 1 1 0 2 1 2 1 2
1 1 0 0 0 1 1 1 2 1 1 1 0 0 1 2 0 1 2 0 2 2
0 0 0 2 0 2 0 1 2 1 0 2 0 0 1 0 0 2 1 1 1 2
0 0 1 1 0 0 1 2 2 2 0 2 0 0 2 0 0 1 1 0 0 1
1 0 0 0 0 2 1 2 2 2 0 2 1 1 2 0 0 1 2 1 2 2
2 0 0 1 1 2 0 2 2 2 1 2 0 0 1 1 0 2 2 1 2 2
2 1 1 1 1 1 0 0 2 2 2 2 0 0 2 0 0 2 0 1 2 2
1 0 0 1 1 2 0 1 2 2 0 2 1 0 2 1 0 1 0 2 1 2
1 0 1 1 1 2 1 0 2 1 0 1 0 1 2 0 0 2 2 2 2 2
1 0 0 0 0 2 1 2 2 2 0 0 0 0 1 0 0 2 2 1 2 2
0 0 2 0 2 2 1 1 2 1 0 2 1 0 2 0 0 2 2 1 2 2
2 1 1 1 1 0 0 2 2 2 0 2 0 1 1 0 0 2 1 0 2 2
1 1 1 2 1 1 1 0 2 2 0 1 0 0 1 1 0 1 1 1 2 2
0 1 1 0 0 1 1 1 2 2 0 2 0 0 2 0 0 1 1 2 1 2
0 1 1 1 0 2 0 1 2 2 0 2 0 0 1 1 0 1 1 2 2 2
0 0 0 1 1 1 0 2 2 2 1 1 1 0 2 1 0 2 2 2 2 2
1 1 1 2 1 2 1 1 2 2 1 2 0 0 0 1 1 2 2 1 1 2
1 0 0 2 0 2 1 1 2 2 0 1 0 0 2 1 0 1 1 1 1 2
2 1 1 1 1 1 1 1 2 2 1 2 0 0 1 1 0 2 2 1 1 2
1 0 1 2 1 2 2 2 2 2 0 1 1 0 1 2 0 1 2 0 1 2
1 0 0 2 0 2 0 0 2 1 0 2 0 0 2 2 0 2 2 1 2 2
1 0 0 2 2 2 0 1 2 1 0 0 0 0 1 0 0 1 1 1 2 2
2 0 1 2 0 0 1 2 2 1 0 1 0 0 1 0 0 2 2 2 1 2
2 0 0 2 0 2 1 1 2 2 0 2 0 0 2 0 0 2 2 2 1 2
1 1 0 1 0 2 0 2 2 1 0 2 0 0 1 0 0 1 1 2 1 2
2 0 0 0 1 2 0 2 2 2 1 2 1 1 2 1 0 2 1 0 1 2
0 0 1 1 1 2 1 1 2 1 0 1 0 1 2 0 0 2 2 1 2 2
2 0 0 0 0 2 0 0 2 2 0 2 2 0 2 0 0 1 2 2 2 2
1 1 0 1 0 2 1 1 2 2 1 1 0 0 2 0 0 2 2 2 2 2
1 1 1 2 0 0 2 1 2 2 0 2 1 0 2 1 0 1 2 0 0 2
0 0 2 2 0 2 1 1 2 2 0 1 1 1 2 1 0 2 1 2 2 2
2 0 0 0 1 1 1 1 2 2 1 2 0 0 2 1 0 1 2 1 1 2
1 1 2 1 1 2 0 0 2 2 1 2 0 1 2 0 1 2 1 2 2 1
2 1 2 1 0 1 2 2 2 2 0 2 0 2 2 0 0 0 0 2 1 2
1 0 1 2 1 2 0 1 2 2 0 2 1 0 1 0 0 2 1 1 1 2
0 0 1 1 1 2 1 1 2 2 0 2 1 0 2 1 0 1 2 1 2 2
1 0 1 1 2 2 0 1 2 2 1 1 1 1 1 1 0 2 2 1 2 2
2 0 0 1 1 2 1 1 2 1 0 2 1 0 2 1 0 2 1 1 2 2
1 0 1 1 1 2 2 0 2 2 0 2 0 0 1 1 0 2 2 2 1 2
1 1 0 1 0 2 2 0 2 2 1 2 0 0 1 0 0 2 1 2 1 2
1 1 0 1 0 2 0 0 2 2 1 2 0 0 2 1 0 1 2 1 2 2
1 0 1 0 1 2 0 0 2 1 1 1 0 1 0 0 0 2 2 2 1 2
0 0 1 1 1 2 1 2 2 2 1 1 1 0 2 1 0 2 2 1 2 2
0 1 1 1 1 1 1 0 2 1 1 2 0 0 2 0 0 2 2 1 1 2
1 0 1 2 2 2 1 1 2 2 1 0 1 0 2 1 0 2 2 1 2 2
2 0 0 0 1 1 2 0 2 1 0 2 0 0 1 1 0 2 2 1 1 2
1 1 1 2 1 2 0 2 2 1 1 1 0 0 2 0 0 2 1 2 2 1
2 0 0 1 1 2 0 1 2 2 0 2 1 0 2 1 0 2 2 1 1 2
1 0 1 2 0 1 2 0 2 1 0 2 0 1 2 1 0 2 2 1 2 2
2 0 0 1 2 2 1 2 2 2 0 1 2 0 1 1 0 2 1 2 2 2
2 0 0 1 1 2 2 1 2 1 0 1 1 0 1 1 0 1 1 2 1 2
1 0 1 1 2 2 2 1 2 2 0 1 0 0 1 0 0 2 2 0 1 2
1 0 0 0 1 2 0 1 2 2 1 2 2 0 2 0 0 1 1 2 2 1
2 0 1 2 0 2 2 2 2 2 1 2 0 0 2 0 0 1 2 1 1 1
0 0 0 0 0 0 0 2 2 2 1 2 1 0 1 0 0 2 1 1 1 1
1 0 0 0 1 2 1 2 2 2 0 1 2 1 0 1 0 1 1 2 1 1
2 0 0 1 1 2 1 2 2 2 0 1 1 1 2 1 0 1 1 1 1 2
1 0 1 1 1 2 0 0 2 2 0 0 0 0 1 0 0 1 0 2 2 2
0 0 0 2 0 2 1 1 2 2 0 2 0 1 2 1 0 2 2 2 2 2
0 0 1 1 0 2 0 2 2 2 0 1 0 0 2 0 0 2 1 1 2 2
1 0 1 1 0 2 1 1 2 2 1 2 0 0 1 0 1 2 2 2 1 2
1 1 1 0 0 1 1 1 2 2 0 2 0 1 2 1 0 2 1 1 2 2
1 1 0 1 0 2 1 0 2 2 0 2 0 0 1 0 0 2 2 2 2 2
2 0 0 2 0 2 1 1 2 1 0 1 0 0 1 2 0 2 2 2 0 2
2 0 1 1 2 2 1 1 2 2 1 2 0 1 1 0 0 2 2 2 2 2
1 0 0 0 0 2 1 1 2 1 2 2 0 1 0 0 0 2 1 2 1 2
0 0 2 1 1 2 1 0 2 2 0 0 0 0 2 2 0 1 1 1 2 2
0 1 2 1 1 2 1 1 2 2 0 2 0 0 0 0 0 1 1 1 0 2
1 0 0 1 1 1 0 2 2 2 0 2 1 1 2 2 0 2 2 2 1 2
0 0 1 0 1 1 0 0 2 2 0 1 0 1 1 1 0 2 1 2 2 2
1 0 0 1 1 2 1 1 2 2 1 2 0 1 1 1 0 2 2 2 0 2
0 0 0 1 0 2 1 1 2 2 0 2 0 1 1 0 0 2 2 0 2 2
1 2 0 1 1 2 1 1 2 1 2 2 0 0 1 0 0 2 0 2 2 2
1 0 2 1 0 1 1 1 2 2 1 2 0 0 2 0 0 2 1 1 2 2
0 0 0 2 2 1 0 1 2 2 0 2 0 0 2 0 0 2 1 1 0 2
1 0 0 1 1 2 1 1 2 2 0 2 0 0 2 0 0 2 1 1 1 2
1 0 1 2 0 2 0 1 2 2 1 2 0 2 1 1 0 2 1 2 2 2
2 1 2 1 2 1 1 0 2 2 1 1 0 0 1 1 0 0 1 0 2 2
0 0 1 1 1 2 1 2 2 2 0 2 1 0 2 0 0 2 1 1 2 2
0 1 0 0 0 2 1 2 2 2 0 2 0 0 1 0 0 2 2 1 2 1
2 2 1 1 1 2 2 1 2 1 0 2 1 0 1 1 0 1 2 1 2 2
2 1 1 1 2 2 2 1 2 1 0 1 0 0 1 1 0 1 2 2 1 2
2 0 1 2 1 2 1 2 2 2 0 2 0 0 2 1 1 1 1 2 1 2
0 2 2 1 1 1 1 2 2 2 0 2 0 0 1 0 0 1 2 1 1 2
0 1 0 1 0 2 2 2 2 2 1 2 0 1 2 0 1 1 2 1 1 2
2 0 0 2 1 2 1 1 2 2 1 2 0 0 0 1 0 2 1 1 1 2
2 0 0 1 1 2 1 1 2 2 1 2 0 0 2 0 0 2 2 2 2 2
2 0 1 1 1 2 0 2 2 2 1 1 0 1 2 1 0 2 2 2 2 2
1 0 1 1 1 2 1 2 2 2 0 1 1 0 1 1 0 2 1 2 2 2
2 1 1 1 2 1 1 2 2 2 0 1 1 1 2 0 0 2 2 1 2 2
1 0 0 1 0 1 1 2 2 2 0 2 0 0 2 1 0 1 2 2 2 2
1 2 1 1 1 2 0 1 2 1 0 2 0 0 2 0 0 2 1 2 2 2
0 0 1 1 0 1 1 0 2 2 1 2 0 1 1 0 1 2 2 1 0 2
0 0 1 0 0 2 0 2 2 2 1 2 0 0 1 0 0 2 2 2 1 2
1 0 0 2 0 2 2 2 2 2 0 2 0 0 1 1 0 1 0 2 1 2
2 1 1 2 1 2 0 2 2 2 0 1 0 1 2 0 0 1 2 1 2 2
0 0 0 1 1 2 1 1 2 2 1 1 0 0 1 1 0 2 1 0 1 1
2 1 0 1 0 1 0 1 2 2 1 1 0 0 2 0 0 2 2 1 2 2
1 1 1 0 2 1 1 2 2 2 0 2 0 0 0 0 0 1 1 2 2 2
1 0 0 1 2 2 1 1 2 2 0 0 0 1 0 0 0 1 2 0 1 2
0 0 1 2 0 1 2 1 2 2 0 2 1 1 2 1 0 1 1 0 2 2
2 0 1 1 1 0 1 2 2 2 0 2 0 1 2 1 1 2 2 2 2 2
2 0 1 2 0 2 0 2 2 2 0 2 1 0 1 1 0 1 2 1 2 2
1 0 1 1 1 2 0 0 2 2 1 1 1 0 2 0 0 1 2 1 1 2
0 0 1 0 1 2 2 2 2 2 0 2 0 1 2 0 0 2 2 2 1 2
0 0 0 0 1 1 1 2 2 2 0 2 0 0 2 0 0 1 2 1 1 2
0 0 0 2 1 1 0 0 2 2 0 1 0 0 2 1 0 1 1 1 2 1
2 0 0 2 1 2 1 2 2 2 0 2 0 0 2 0 1 2 0 1 2 2
2 0 1 1 0 2 0 2 2 2 0 1 0 0 2 1 0 2 2 2 2 1
0 1 1 0 0 1 1 0 2 1 0 2 1 0 1 1 0 2 2 1 1 2
1 0 1 1 1 0 1 1 2 2 0 2 0 0 2 1 0 2 2 0 2 2
1 0 1 0 0 1 1 1 2 2 0 1 0 1 2 1 1 1 1 1 2 2
1 0 1 0 1 1 0 1 2 0 1 2 0 0 2 1 0 1 2 0 1 2
1 1 0 1 0 1 1 0 2 2 0 1 0 1 1 0 0 2 1 1 2 2
1 0 0 0 2 1 1 2 2 2 0 2 0 0 0 1 0 1 1 2 2 2
1 1 0 0 1 2 1 2 2 1 0 2 0 0 2 0 0 2 0 2 2 2
0 0 1 2 0 1 1 1 2 1 1 1 1 0 1 0 0 2 2 2 2 2
2 0 0 2 1 2 1 1 2 1 0 2 0 2 1 1 0 2 2 1 1 2
1 0 0 0 1 2 1 0 2 2 0 2 0 0 1 2 0 2 1 2 1 2
2 0 1 1 1 2 0 0 2 2 0 0 0 0 2 1 0 1 1 1 1 2
0 0 1 1 1 2 0 1 2 1 1 2 0 0 2 1 0 2 2 1 2 2
1 0 1 1 1 2 0 1 2 2 0 2 0 0 1 0 0 2 0 1 1 2
1 0 1 2 1 2 1 2 2 2 1 1 0 0 1 0 0 2 2 0 2 2
0 0 0 1 1 2 1 1 2 2 0 2 1 0 2 0 0 1 1 2 1 2
0 0 1 2 1 1 1 2 2 2 0 2 0 1 1 1 0 2 2 1 1 2
1 0 1 1 1 2 0 1 2 2 0 2 0 0 2 0 0 2 2 2 2 1
1 0 1 2 0 2 0 1 2 2 0 1 1 0 1 0 0 2 1 2 1 2
0 0 0 1 1 1 2 2 2 1 1 2 0 1 0 0 0 1 2 2 2 2
1 0 1 1 1 2 0 0 2 2 0 1 2 0 2 1 0 2 2 2 1 1
1 0 1 0 1 2 1 1 2 1 1 2 0 0 1 1 0 2 1 1 1 2
2 0 1 1 1 2 1 1 2 1 0 1 1 0 1 0 0 2 1 2 0 2
0 0 1 1 1 1 0 0 2 1 0 2 0 0 2 0 0 0 1 1 2 2
0 0 2 0 1 1 0 2 2 1 0 1 0 0 2 0 2 1 2 1 2 2
0 0 0 1 2 2 1 2 2 2 0 2 0 0 1 1 0 2 1 2 2 2
1 1 1 1 0 2 0 2 2 2 0 1 0 0 2 2 0 1 1 2 1 2
2 0 1 0 1 1 1 2 2 2 0 2 2 0 2 0 0 1 1 2 1 2
0 1 1 2 0 2 1 0 2 2 1 2 1 0 1 1 0 2 2 1 2 1
1 0 1 2 1 2 1 0 2 2 1 2 0 1 2 0 0 2 2 0 2 2
0 1 0 1 2 2 0 2 2 1 2 2 0 0 2 0 0 2 1 2 0 2
1 0 0 0 0 2 2 1 2 1 1 2 0 1 2 0 0 2 1 1 1 2
1 0 0 2 0 1 0 0 2 2 0 2 0 1 2 1 0 1 2 2 2 2
2 0 0 2 0 2 0 1 2 1 1 2 0 0 1 0 0 2 1 2 2 2
1 0 1 0 1 2 2 2 2 2 1 2 1 1 1 1 0 1 0 2 1 2
1 0 1 1 0 2 0 1 2 2 1 2 0 0 2 0 0 2 1 1 0 2
2 0 1 2 2 2 1 1 2 2 0 2 1 1 2 1 0 2 2 1 2 2
2 1 1 1 1 2 1 0 2 2 1 2 0 2 1 0 0 2 2 2 1 2
2 2 1 0 0 2 2 0 2 1 0 2 0 1 2 1 0 1 2 1 2 2
1 0 1 2 2 2 1 1 2 1 0 1 1 0 1 0 0 1 1 2 1 1
2 0 1 1 0 2 0 1 2 1 0 1 0 0 2 0 0 1 2 2 1 2
0 0 1 1 1 2 1 2 2 2 1 2 2 0 2 1 0 2 2 1 2 2
0 1 0 2 0 0 0 1 2 2 1 2 0 0 2 0 0 2 2 1 1 2
0 0 1 1 1 2 0 1 2 2 0 1 0 0 2 1 1 2 1 2 2 2
1 0 1 1 0 2 0 1 2 2 0 2 0 1 1 0 0 2 2 1 1 1
1 0 1 2 0 2 1 1 2 2 0 2 0 0 1 0 0 2 2 1 2 2
1 0 2 1 0 0 1 2 2 1 0 0 0 1 0 1 0 2 1 2 1 2
0 0 1 1 0 2 1 0 2 2 0 1 0 0 2 1 0 1 1 1 1 1
0 0 0 1 0 2 1 2 2 2 0 2 1 0 1 0 0 1 1 1 1 2
2 0 1 1 1 2 1 1 2 2 0 2 0 0 2 0 0 2 2 2 2 2
2 0 0 1 0 2 0 0 1 2 2 2 0 0 2 0 0 1 2 0 1 2
1 1 1 1 0 2 2 0 2 2 0 2 0 0 2 1 0 1 2 1 1 2
1 1 1 2 2 2 0 2 2 2 0 2 0 0 2 0 0 2 1 0 2 2
0 0 1 1 1 2 1 1 2 2 1 1 0 0 2 0 0 2 2 2 1 2
0 0 0 2 0 2 2 1 2 1 0 0 0 0 1 0 0 2 2 1 1 2
1 2 1 0 0 1 1 1 2 1 1 2 0 1 2 1 0 2 2 1 2 0
2 2 2 1 0 2 0 1 2 1 0 1 0 0 2 1 0 2 2 2 1 2
0 0 1 1 1 2 1 1 2 1 0 2 1 0 2 1 0 1 1 1 1 2
1 0 1 2 0 1 1 0 2 2 0 2 0 0 2 0 0 1 1 2 1 1
0 2 1 0 0 2 0 2 2 2 0 2 1 0 2 1 0 2 2 2 1 2
0 0 0 1 1 2 2 1 2 2 1 1 0 0 2 0 0 1 2 1 1 2
1 1 1 1 1 1 1 1 2 2 0 2 1 0 2 0 0 1 1 1 1 2
0 0 1 1 2 2 0 0 2 2 1 2 0 0 2 0 0 2 1 2 2 2
0 1 1 0 0 2 1 2 2 2 1 2 0 1 1 1 0 1 1 1 1 2
2 0 0 0 0 2 1 1 2 1 0 1 0 1 1 0 0 2 1 0 0 2
1 0 0 0 0 1 0 1 2 1 0 1 0 0 0 0 0 1 2 2 2 2
2 1 1 0 1 2 1 2 2 2 1 1 0 0 2 0 0 2 0 2 2 2
1 0 0 0 0 2 0 1 2 2 0 2 0 0 2 0 0 1 1 2 2 2
1 1 1 2 0 2 0 1 2 2 0 1 1 0 1 1 0 2 2 1 2 2
2 1 1 1 1 2 1 1 2 2 0 2 0 0 2 0 0 2 2 2 2 2
0 0 0 0 0 1 1 2 2 1 0 2 1 0 2 1 0 0 2 1 1 2
2 0 1 1 1 2 2 1 2 2 0 2 0 0 1 1 0 2 2 1 2 2
0 1 0 1 1 2 1 2 2 2 0 1 1 0 2 0 0 2 2 1 1 2
0 0 0 1 2 2 1 1 2 2 0 2 0 0 2 1 0 2 1 1 2 2
1 0 0 1 1 2 1 2 2 1 0 2 0 0 2 1 0 1 1 1 1 2
1 0 1 1 1 1 0 2 2 2 0 1 0 0 2 0 0 2 2 2 1 1
0 1 1 2 0 1 1 2 2 2 0 2 2 0 2 1 0 1 2 0 2 1
0 0 1 1 0 2 0 2 2 2 1 1 0 0 2 1 0 2 2 2 1 1
1 0 0 1 1 2 1 0 2 1 1 2 0 1 2 0 1 1 2 0 2 2
0 1 0 1 1 2 1 1 2 2 0 1 1 0 2 0 0 2 1 2 1 2
1 1 0 1 0 2 0 1 2 2 0 2 0 0 2 0 1 2 2 1 1 2
0 0 0 1 0 2 0 1 2 2 0 2 0 0 0 0 0 0 1 1 1 2
2 0 1 0 1 1 0 1 2 2 0 2 0 0 2 2 0 2 2 1 2 2
1 1 1 2 2 2 1 2 2 2 0 2 0 2 2 0 0 1 2 2 1 2
0 0 1 2 0 2 0 1 2 2 1 1 0 1 0 0 0 2 1 1 2 2
1 0 1 0 0 2 0 0 2 2 0 2 1 1 0 1 0 2 2 2 2 2
0 0 0 1 1 2 0 0 2 2 1 2 0 0 2 0 0 2 2 1 2 2
0 1 1 0 1 1 0 1 2 1 1 2 0 1 2 1 0 2 2 2 1 2
2 0 0 1 1 1 2 2 2 2 0 1 0 0 2 0 0 1 2 1 2 2
0 0 2 0 0 1 2 1 2 2 0 2 0 1 1 1 0 1 1 1 1 2
0 0 1 0 1 2 1 1 2 1 0 2 0 1 2 1 0 2 2 1 2 2
2 0 0 2 0 2 1 1 2 2 0 2 1 0 2 0 0 2 2 1 2 2
1 0 1 2 0 2 1 1 2 2 0 1 0 0 2 0 0 1 2 2 2 2
1 1 0 1 0 2 0 1 2 2 0 2 0 1 2 1 0 2 2 2 2 2
0 0 0 1 1 1 1 1 2 1 0 2 1 0 2 0 0 1 2 2 2 0
1 0 1 1 0 2 0 1 2 2 0 2 0 1 0 1 0 1 2 1 1 2
1 0 0 2 1 1 1 1 2 2 0 1 0 0 2 0 0 1 2 2 1 2
1 0 1 2 0 1 1 1 2 1 0 1 1 1 2 0 0 1 2 2 2 2
1 0 1 2 0 2 1 1 2 2 0 2 0 0 1 1 0 2 1 0 1 2
1 1 1 1 2 2 1 1 2 1 0 2 0 1 2 0 0 2 2 2 1 2
1 0 1 1 1 2 2 1 2 2 0 0 0 0 2 0 0 2 2 1 2 2
2 0 0 2 1 2 2 1 2 2 0 2 1 0 2 2 0 2 2 2 1 1
2 0 1 0 0 2 0 1 2 2 1 2 0 0 1 0 0 2 2 2 0 2
0 0 0 0 1 2 1 2 2 2 0 2 1 0 1 0 0 2 2 2 2 1
1 0 1 1 1 1 0 2 2 2 0 2 0 0 2 2 0 2 1 2 2 2
1 0 0 1 1 1 0 1 2 2 0 1 0 0 2 0 1 2 2 2 2 1
0 0 0 2 0 2 0 1 2 2 1 2 1 1 2 0 0 1 2 1 2 2
1 0 1 1 0 2 0 2 2 2 0 2 1 0 1 1 0 1 1 2 1 2
2 1 0 2 1 2 1 1 2 2 0 2 1 0 1 2 0 1 2 1 2 2
1 0 0 2 1 2 1 1 2 2 1 1 0 0 2 1 0 2 1 1 2 1
1 0 2 2 2 1 1 2 2 2 1 1 2 1 2 1 0 2 2 1 1 2
1 0 0 1 0 1 1 2 2 2 0 1 0 0 2 2 0 2 2 2 2 2
2 0 0 1 2 1 1 1 2 2 0 1 0 1 1 2 0 2 2 1 2 2
1 1 0 2 1 2 0 2 2 1 1 1 0 0 2 0 0 0 2 2 2 2
1 0 0 1 0 2 2 1 2 2 0 2 1 1 2 0 0 2 1 2 2 2
1 0 0 1 1 1 0 2 2 2 0 1 0 0 2 1 0 2 2 2 1 1
1 0 1 0 1 2 2 1 2 2 0 2 0 0 2 0 0 2 1 2 1 1
2 0 0 1 1 2 2 0 2 2 0 2 0 0 1 1 0 2 1 1 1 2
0 0 1 0 0 2 2 0 2 2 0 2 0 0 2 1 0 1 1 1 1 2
1 0 0 1 0 0 0 0 2 2 0 2 0 0 2 0 0 1 2 2 2 2
2 0 0 2 1 2 0 0 2 1 0 2 0 0 0 1 0 1 1 2 2 2
1 1 0 2 1 2 0 1 2 2 1 2 0 0 2 0 0 1 1 2 1 2
2 1 1 2 2 2 1 2 2 2 0 2 0 1 2 1 1 1 2 2 2 2
2 0 0 1 0 2 1 1 2 1 0 2 0 0 2 0 0 2 2 2 1 2
1 0 1 1 1 1 0 2 2 2 1 1 0 0 2 1 0 2 1 0 1 2
1 1 1 0 1 2 1 1 2 2 2 2 1 0 2 1 0 2 2 1 1 2
0 0 0 1 0 2 1 2 2 2 0 2 1 0 2 2 0 2 2 0 2 2
1 0 0 2 1 2 1 1 2 2 0 2 1 0 1 0 0 2 2 2 1 2
1 0 0 2 0 2 2 2 2 2 0 2 1 1 1 2 0 0 2 2 2 2
0 0 0 2 0 2 1 1 2 2 0 2 0 0 2 1 0 1 2 1 1 2
1 0 1 1 0 1 1 0 2 2 1 1 0 0 2 0 0 2 1 2 2 2
2 0 0 2 1 2 1 0 2 2 0 2 1 1 2 0 0 2 2 1 2 2
1 0 0 1 0 1 2 0 2 2 0 2 0 1 1 1 0 2 2 1 1 2
1 1 1 1 1 2 0 1 2 1 0 2 1 0 1 0 0 1 2 2 2 1
2 0 1 1 1 2 0 2 2 2 0 2 0 0 2 0 1 2 2 1 1 2
2 1 0 1 1 2 1 0 2 1 0 2 0 0 2 0 0 2 1 1 2 2
1 1 1 0 1 2 0 2 2 2 0 1 0 1 2 0 0 2 2 0 1 1
0 0 1 1 0 2 0 0 2 2 2 1 0 0 2 0 0 1 2 1 2 1
2 0 1 0 1 2 0 1 2 2 0 2 1 0 2 1 0 1 2 2 2 2
1 1 1 0 1 2 1 1 2 2 1 2 0 0 2 0 0 2 2 1 2 2
1 0 2 1 1 1 1 0 2 2 1 2 0 1 2 2 0 0 2 0 2 2
0 0 1 2 1 2 0 1 2 2 0 2 0 0 2 0 0 1 1 2 2 1
2 1 0 2 0 2 1 1 2 2 0 1 1 0 1 0 0 2 2 1 2 1
1 0 1 1 1 2 0 0 2 2 1 2 0 1 2 1 0 2 2 2 2 2
2 0 1 2 0 2 1 2 2 2 1 2 0 0 2 1 0 1 2 1 2 2
1 0 0 1 0 2 0 2 2 2 0 2 0 1 1 1 0 2 2 2 1 2
1 0 1 1 1 2 1 2 2 2 0 2 0 0 2 0 1 2 2 2 1 2
2 0 1 0 1 1 1 1 2 2 0 2 1 0 0 0 0 1 2 2 1 0
2 0 0 1 2 2 0 2 2 1 0 2 0 1 0 1 0 1 1 0 1 2
2 1 0 1 1 2 2 0 2 2 1 2 0 0 0 1 0 2 2 2 2 2
2 1 0 0 0 2 0 1 2 1 1 2 0 0 2 1 1 2 1 1 2 2
0 0 1 2 2 2 1 2 2 2 0 2 0 0 2 1 0 2 2 2 1 2
2 0 1 1 0 2 2 1 2 2 0 1 0 0 0 0 1 2 2 1 2 2
0 0 0 1 1 1 0 1 2 2 0 2 0 0 1 0 0 2 2 2 1 2
1 1 1 1 2 2 0 0 2 2 0 1 0 0 1 0 0 2 2 2 1 2
1 1 0 1 0 2 1 0 2 2 0 2 0 1 2 0 0 2 1 1 2 1
1 1 1 0 0 1 0 2 2 2 1 1 0 0 1 1 0 2 1 1 1 2
2 0 1 1 0 1 1 1 2 2 0 1 0 0 2 1 0 1 2 1 2 2
2 0 0 2 1 1 1 0 2 2 0 2 0 0 2 0 0 2 2 1 2 1
2 0 0 1 1 2 2 0 2 2 0 1 1 0 2 0 0 1 2 0 2 2
0 0 1 1 1 2 0 0 2 2 0 1 1 1 2 2 0 1 2 2 1 2
0 0 1 2 0 1 2 1 2 2 0 2 1 0 2 0 0 1 2 1 0 2
1 0 0 2 1 2 1 0 2 2 0 1 0 0 2 0 0 2 1 2 2 2
2 1 1 1 0 2 1 2 2 2 1 2 0 1 2 0 0 1 2 2 2 2
2 0 1 0 2 2 2 1 2 2 1 1 0 0 2 0 0 1 2 1 2 2
0 0 0 0 0 2 0 1 2 1 0 1 1 0 2 0 0 2 2 2 0 1
1 0 0 2 1 1 1 2 2 2 0 2 0 0 2 0 0 1 2 1 1 2
1 0 1 1 0 2 0 1 2 2 0 1 1 0 1 0 0 1 1 2 0 1
2 0 0 1 1 1 1 1 2 2 0 2 0 0 2 0 0 2 1 1 2 2
1 0 2 1 0 0 1 1 2 2 0 2 0 0 2 0 0 2 2 2 1 2
1 0 0 2 1 2 2 1 2 1 0 1 1 1 1 0 0 2 1 1 2 1
1 0 1 2 1 2 0 0 2 2 0 2 1 0 1 0 0 2 1 1 1 2
2 0 0 1 0 2 1 0 2 2 0 1 0 1 1 0 0 2 2 0 2 0
2 0 1 1 2 2 0 2 2 2 0 2 0 1 2 0 0 1 1 2 2 2
1 0 1 2 0 1 1 0 2 2 0 2 0 1 1 0 1 2 2 2 2 1
0 1 0 2 2 2 0 0 2 2 0 1 0 0 2 1 1 2 2 2 2 0
1 0 0 1 0 2 0 0 2 1 1 1 0 0 2 0 0 1 2 0 2 2
0 0 0 1 1 2 0 1 2 2 2 2 0 0 0 2 0 2 2 2 2 2
0 0 1 0 1 2 2 1 2 2 2 2 0 0 2 1 0 2 2 2 2 2
1 1 0 0 1 2 0 2 2 1 2 2 1 1 2 0 0 2 1 2 2 2
1 2 1 2 1 1 1 0 2 2 1 2 0 0 2 1 0 2 1 2 2 2
1 0 0 0 1 2 1 2 2 2 0 2 0 0 2 1 0 2 2 1 2 1
0 0 1 1 0 2 0 2 2 2 0 2 0 0 2 0 0 2 1 0 1 2
1 0 1 2 1 2 1 1 2 2 0 2 0 1 2 0 1 2 2 2 1 2
0 0 0 2 1 2 0 2 2 2 0 0 0 2 2 1 0 2 2 2 2 2
1 0 0 1 0 2 1 1 2 1 1 2 1 1 1 0 0 1 2 0 1 2
1 0 1 0 0 1 0 1 2 2 1 1 0 1 2 0 0 1 2 2 2 1
0 1 0 1 1 2 1 2 2 2 0 1 0 0 2 1 0 1 1 2 2 1
2 1 1 2 1 1 0 1 2 2 1 2 0 0 1 0 0 2 0 2 2 2
1 0 1 2 0 2 1 1 2 1 1 2 1 0 2 0 0 2 1 1 1 2
2 0 1 1 1 0 1 2 2 2 1 2 0 0 1 0 0 2 2 1 2 2
2 1 1 0 2 2 1 2 2 2 0 1 0 0 2 0 0 1 1 0 1 1
0 0 1 2 0 1 1 1 2 2 0 2 0 1 2 0 0 2 2 0 1 1
1 0 0 1 1 1 1 1 2 2 1 2 0 1 1 0 0 1 2 2 0 2
2 2 2 0 1 2 1 0 2 0 0 1 0 0 1 1 0 0 1 1 2 2
1 0 0 0 1 1 0 2 2 2 0 1 0 0 0 0 0 1 2 2 2 2
1 0 1 0 0 1 0 0 2 2 0 1 0 1 0 0 0 2 1 1 2 1
1 1 0 1 2 2 2 2 2 2 0 2 0 0 2 0 0 1 2 1 2 0
0 0 1 1 1 2 0 0 2 2 1 2 0 0 1 0 1 2 1 2 1 2
1 0 1 2 1 2 1 1 2 2 0 2 1 0 2 0 0 2 1 1 2 2
1 0 0 2 0 1 1 1 2 2 0 2 0 0 1 0 0 2 1 2 1 2
2 1 1 2 0 2 0 1 2 1 1 2 0 0 1 1 0 2 1 1 2 2
0 1 0 2 1 2 0 1 2 1 0 2 0 0 2 0 0 1 2 2 2 1
0 0 1 1 0 2 0 2 2 2 0 2 1 0 2 0 0 2 2 2 2 2
1 1 1 0 1 2 1 0 2 1 0 2 0 0 2 0 0 2 2 2 1 2
1 1 0 0 1 1 0 2 2 2 0 2 1 1 2 0 0 2 2 2 1 1
2 0 1 2 1 2 1 2 2 1 0 1 0 0 2 1 0 2 2 1 2 2
1 0 0 1 0 2 2 0 2 2 0 2 0 0 2 0 0 1 2 1 2 1
2 0 0 2 0 2 1 1 2 1 0 2 0 0 1 1 0 1 1 2 2 2
1 0 0 1 0 2 2 1 2 2 2 1 0 0 1 1 0 2 2 1 1 1
1 0 0 1 1 2 1 1 2 2 2 2 1 0 1 0 0 2 1 2 2 1
1 0 1 1 1 2 0 1 2 1 1 1 0 0 2 0 0 2 2 0 1 1
1 0 0 0 2 2 1 0 2 2 0 1 0 0 1 0 0 0 1 1 2 2
1 1 1 1 0 2 2 0 2 2 0 1 1 0 2 0 0 1 2 0 1 2
1 1 0 2 0 2 1 1 2 2 1 2 0 0 2 0 0 2 2 2 2 1
2 1 1 0 0 2 0 1 2 2 0 1 0 0 2 0 0 2 2 2 2 1
1 0 0 2 1 2 1 0 2 2 2 2 0 0 2 1 0 1 1 1 2 1
1 0 0 2 1 2 1 1 2 1 0 2 1 0 1 1 0 1 0 2 2 2
1 0 0 1 1 2 0 1 2 2 1 2 1 0 1 0 1 2 2 2 1 2
2 0 1 2 0 2 0 0 2 1 1 2 1 1 1 1 0 2 1 1 2 2
2 0 1 1 2 0 0 1 2 2 0 2 0 1 2 0 0 2 2 1 2 2
1 0 0 1 0 1 1 0 2 2 1 1 1 0 2 1 0 2 1 2 2 1
0 0 0 2 2 2 0 0 2 2 0 2 1 1 1 1 0 0 1 2 2 2
1 0 1 2 0 1 0 1 2 2 1 1 0 0 2 0 0 0 2 2 2 2
1 0 1 2 1 1 0 1 2 2 0 1 0 0 2 0 0 2 1 1 1 1
1 0 1 0 0 2 0 0 2 2 0 1 0 0 2 0 0 2 1 2 2 2
0 0 0 0 1 2 0 0 2 1 1 2 0 0 2 1 0 2 1 2 1 2
1 0 1 2 1 2 0 0 2 2 0 0 0 1 1 0 0 1 1 2 2 2
2 0 0 2 0 2 2 1 2 2 0 2 0 0 2 0 0 2 2 2 1 2
0 0 1 2 0 1 0 2 2 2 1 1 0 1 2 1 0 2 2 1 2 1
2 0 1 0 1 2 1 2 2 2 0 1 0 1 2 1 0 1 1 1 1 2
1 0 1 1 1 2 0 1 2 2 0 2 1 0 2 0 0 1 2 2 2 2
1 0 0 1 0 1 0 1 2 1 0 1 0 0 1 1 0 1 1 1 2 2
0 0 1 0 0 1 1 0 2 2 0 2 0 0 2 0 0 1 1 2 1 2
2 0 1 1 0 1 1 0 2 2 1 2 0 1 2 2 0 1 2 2 2 2
2 1 0 2 0 2 0 0 2 1 1 2 1 1 2 0 0 2 2 1 1 2
1 0 1 1 1 2 0 1 2 2 0 2 0 0 2 1 0 0 2 1 1 1
2 0 1 1 1 2 1 0 2 2 1 2 1 1 1 2 0 2 1 1 2 2
2 0 1 2 0 2 1 0 2 1 1 2 0 0 1 1 0 2 2 1 2 2
1 0 0 1 0 2 1 2 2 2 0 2 0 1 1 0 0 0 2 2 2 2
1 0 0 2 0 2 1 1 2 2 1 2 1 0 2 0 0 2 2 2 2 2
1 0 1 1 1 1 0 1 2 2 0 2 1 0 2 0 0 1 1 0 1 2
1 0 1 2 0 2 1 0 2 1 0 2 0 1 1 1 0 2 2 2 2 2
1 0 1 2 0 2 0 0 2 1 0 2 0 0 2 1 0 1 2 2 1 2
0 0 2 2 0 2 0 2 2 2 0 1 0 0 2 0 0 1 2 2 2 2
0 1 2 2 1 1 1 2 2 2 2 2 0 0 1 0 0 1 2 2 1 1
0 0 0 1 0 2 0 1 2 2 1 1 0 0 1 0 0 2 2 2 2 2
0 0 0 1 1 2 0 1 2 2 0 2 0 0 2 0 0 1 1 2 1 2
1 0 1 1 1 2 0 1 2 2 0 2 0 0 2 0 0 2 1 1 0 2
2 0 1 2 0 1 1 1 2 2 0 2 1 0 1 1 1 2 1 1 2 1
0 0 1 1 1 2 2 2 2 2 0 1 0 1 2 2 0 1 2 1 1 1
1 0 0 1 0 1 1 2 2 2 1 2 0 0 1 1 0 2 2 2 2 2
2 0 1 2 0 2 0 1 2 2 0 1 0 1 2 1 1 2 2 1 2 2
1 1 2 1 2 2 1 1 2 2 0 2 1 0 1 0 0 1 1 2 2 2
0 0 1 0 1 1 1 0 2 2 0 2 0 0 1 2 1 0 2 1 2 2
2 0 1 2 1 2 1 2 2 2 0 2 0 0 2 0 0 2 2 1 1 2
1 0 0 1 0 2 2 0 2 1 0 1 1 0 2 0 0 1 2 2 1 2
0 0 0 1 0 1 1 1 2 2 0 2 0 0 1 0 0 2 2 2 1 2
0 1 2 2 0 2 0 0 2 2 0 2 0 0 2 0 0 2 2 1 1 2
0 0 2 2 0 1 0 0 2 2 1 2 1 0 2 0 0 2 2 0 2 2
0 0 0 1 0 2 0 0 2 2 0 1 1 1 2 1 0 2 1 1 2 2
0 0 0 2 2 2 0 1 2 2 0 2 0 0 2 1 0 2 2 2 1 2
0 0 2 2 1 1 0 0 2 2 0 2 0 0 2 0 0 0 1 0 1 2
1 0 0 1 1 2 1 1 2 1 2 1 0 1 1 1 0 2 2 2 2 1
1 0 0 1 0 1 0 0 2 2 2 2 0 0 2 1 0 1 2 2 2 2
1 0 0 1 0 2 0 1 2 2 0 2 1 0 2 1 0 1 1 2 1 2
1 1 0 2 0 2 0 1 2 2 0 2 0 0 2 0 0 2 2 1 2 2
1 0 0 1 1 2 0 0 2 1 0 1 0 0 1 0 0 2 2 1 1 1
2 0 0 1 0 2 1 2 2 2 0 1 0 1 2 0 0 0 1 1 2 2
1 0 0 2 1 2 1 2 2 2 0 1 1 1 2 0 0 2 2 1 2 2
1 1 0 1 0 2 0 1 2 2 0 0 0 1 0 0 0 1 2 0 2 2
1 0 0 1 0 2 2 1 2 1 0 2 0 0 2 1 0 2 2 2 2 2
0 0 1 1 2 1 2 1 2 2 0 1 0 0 1 0 0 2 2 2 1 2
2 0 1 1 0 2 0 0 2 2 0 1 0 0 2 0 0 1 2 1 2 1
1 0 1 1 0 2 0 0 2 2 0 2 2 0 1 0 0 1 0 2 1 2
2 1 0 2 0 2 1 1 2 1 1 2 0 1 1 1 0 2 2 2 1 1
2 0 1 1 0 1 0 1 2 1 2 2 0 0 1 0 0 1 2 1 2 2
0 0 1 1 1 2 1 1 2 2 0 2 0 1 2 1 0 2 2 1 2 2
1 0 0 2 1 2 0 2 2 1 0 2 0 1 1 0 0 2 2 2 2 2
1 0 0 0 1 2 1 2 2 2 0 2 0 0 2 1 0 2 2 2 1 2
2 1 1 2 1 1 1 1 2 2 0 1 1 0 1 0 0 2 2 1 1 1
1 0 0 2 1 2 1 0 2 2 1 1 0 0 1 0 0 1 2 0 2 2
0 0 1 2 0 2 1 1 2 2 0 1 0 0 1 1 0 2 2 1 2 2
2 0 2 2 0 1 1 1 2 2 0 0 0 0 2 0 1 2 2 1 1 2
1 0 1 0 1 2 2 0 2 2 0 1 1 0 1 0 0 1 1 1 1 2
1 0 1 0 1 2 0 1 2 1 0 1 0 1 1 1 0 2 1 0 1 2
2 0 0 2 1 1 0 2 2 2 1 1 0 0 2 1 0 2 2 1 2 2
1 0 1 0 1 2 1 1 2 2 0 2 0 0 2 0 0 2 2 1 2 2
2 0 0 0 0 2 1 1 2 1 1 2 0 0 1 0 0 2 2 1 1 2
1 0 0 0 1 2 0 0 2 2 1 1 0 0 2 0 0 1 1 0 2 1
1 0 1 0 0 1 0 0 2 2 0 2 0 0 2 1 0 2 2 1 2 2
0 0 1 1 1 2 1 2 2 2 1 2 0 0 2 2 0 2 2 1 2 1
2 0 0 2 1 2 1 1 2 2 0 2 0 0 0 0 0 2 2 2 1 1
0 0 1 2 1 1 2 0 2 2 0 2 0 0 2 1 0 2 2 2 2 1
2 0 0 2 1 0 1 1 2 2 0 2 1 0 2 1 0 1 1 2 2 2
0 0 0 1 1 2 0 1 2 2 0 0 0 0 2 2 0 2 1 2 2 2
1 0 1 0 1 1 0 2 2 1 1 1 2 1 1 1 0 2 2 2 1 1
1 1 1 1 2 2 2 1 2 2 2 2 1 1 1 1 0 2 2 1 1 2
1 0 0 1 0 1 1 1 2 2 1 2 0 0 2 0 0 2 2 1 2 0
1 0 1 2 0 2 1 2 2 2 1 2 0 1 1 1 0 1 1 1 2 2
1 0 1 1 0 2 1 0 2 2 1 2 0 1 2 1 0 2 1 2 1 2
0 1 0 1 0 2 0 0 2 2 0 2 0 1 0 0 0 1 2 2 1 2
2 0 1 2 1 2 1 1 2 2 0 2 0 0 0 1 0 0 1 1 2 2
2 0 1 1 0 2 0 1 2 1 2 1 0 0 1 1 0 1 2 2 1 2
0 0 1 2 0 1 1 0 2 1 0 2 0 2 2 0 0 2 2 0 1 2
0 1 0 1 2 1 0 1 2 2 0 1 0 0 2 0 0 2 2 1 2 2
0 0 0 1 1 2 1 0 2 1 1 2 0 0 2 2 0 2 2 1 1 2
1 0 0 1 1 1 0 0 2 2 0 1 0 0 0 0 0 1 2 2 1 2
1 1 1 0 1 2 0 1 2 2 0 2 1 0 2 0 0 1 2 1 2 2
1 1 0 2 1 1 1 1 2 2 0 2 0 0 2 0 0 2 1 2 2 1
1 0 1 1 0 1 1 1 2 2 0 2 0 0 2 0 0 2 1 2 1 2
1 0 1 1 1 1 0 1 2 2 0 2 0 1 2 0 0 2 1 1 2 1
0 0 0 0 0 2 0 1 2 2 1 2 0 0 2 1 0 2 1 1 2 2
0 0 0 1 0 1 0 2 2 2 0 2 1 0 2 1 0 1 2 2 1 2
0 0 0 1 0 2 0 1 2 2 0 2 0 0 1 0 0 2 2 2 2 2
1 0 2 0 0 1 0 1 2 2 1 1 1 0 2 0 0 1 2 1 2 2
2 0 0 2 0 2 0 1 2 1 0 2 0 0 0 1 0 2 1 0 1 2
0 0 0 1 0 1 1 1 2 2 0 1 0 1 2 1 0 2 2 1 2 2
0 0 1 1 0 2 0 0 2 1 0 2 1 0 1 0 0 2 1 2 2 2
1 0 2 1 0 2 0 0 2 2 0 2 0 1 2 0 0 2 2 1 2 2
1 2 0 2 1 2 0 2 2 2 0 0 2 0 1 0 0 2 1 1 2 2
0 0 1 1 1 2 2 2 2 2 1 2 0 1 2 0 0 2 1 2 2 2
2 0 0 1 0 2 0 1 2 2 1 1 0 1 2 0 0 2 2 1 0 2
1 0 0 0 1 0 2 0 2 2 0 1 0 0 0 0 0 1 2 2 0 2
0 0 0 0 0 1 1 1 2 2 0 2 0 0 2 0 0 1 1 1 2 2
1 0 0 1 1 0 1 2 2 2 0 2 2 0 1 1 0 2 2 1 1 2
0 0 2 2 0 2 1 0 1 2 0 1 0 1 2 0 0 1 1 2 2 2
1 0 1 2 0 1 2 0 2 2 1 2 0 1 2 0 0 0 1 2 0 2
1 0 0 1 0 1 1 2 2 2 1 2 0 0 2 1 0 0 2 2 2 2
1 1 0 1 1 2 0 1 2 1 0 2 0 0 1 0 0 0 2 2 2 2
0 1 0 1 1 1 1 2 2 2 0 1 0 0 2 0 0 1 1 2 1 2
0 1 0 2 1 1 1 1 2 1 2 2 0 0 1 1 0 2 2 0 1 2
1 0 1 1 1 1 1 2 2 2 1 1 0 0 2 1 0 1 2 2 1 2
1 0 1 2 0 1 1 2 2 2 0 1 0 1 1 0 0 1 1 2 2 2
1 0 0 2 1 2 1 2 1 2 0 2 1 1 2 0 0 2 1 2 2 2
1 0 1 0 0 2 0 1 2 2 0 1 1 0 2 0 0 2 1 1 2 2
1 1 1 2 2 1 2 0 2 2 1 2 0 0 2 0 0 2 2 0 2 2
0 1 1 2 1 1 0 0 2 2 1 2 1 0 1 1 0 2 2 2 2 2
2 0 0 2 0 2 1 2 2 2 1 2 0 0 2 0 1 2 2 1 2 2
2 0 1 0 1 1 2 0 2 2 0 2 0 0 2 1 0 0 2 1 1 2
0 0 0 1 2 2 2 0 2 2 1 2 0 0 1 0 2 2 1 0 1 1
1 0 1 2 1 1 2 1 2 2 0 1 0 0 1 1 0 2 2 0 2 2
1 0 1 0 0 1 0 0 2 2 1 1 0 1 2 0 0 2 2 1 2 2
0 0 0 0 2 2 0 0 2 1 0 1 0 0 2 0 0 1 0 2 2 2
0 0 1 2 0 0 2 0 1 2 0 2 0 0 0 1 0 2 1 0 2 1
1 1 1 2 1 2 1 1 2 2 0 2 1 0 1 0 0 2 1 1 2 2
0 1 1 1 0 2 1 0 2 2 1 2 0 0 2 0 0 2 2 0 1 2
1 1 1 0 2 1 1 2 2 0 0 1 1 0 1 1 0 2 2 2 0 2
1 2 0 0 1 2 0 1 2 2 0 2 0 0 2 1 0 2 0 2 2 2
1 0 0 1 0 2 1 0 2 2 0 1 1 0 2 0 0 2 2 1 1 1
0 0 2 2 0 2 1 2 2 2 0 2 2 1 1 0 0 2 2 2 1 2
1 0 0 1 0 1 2 2 2 1 1 2 1 2 1 0 0 1 0 2 2 2
2 1 0 0 1 2 1 2 2 2 2 2 1 0 1 0 0 1 1 1 2 2
1 0 1 1 2 1 0 1 2 2 0 2 0 1 2 0 0 1 1 1 2 2
2 0 0 0 2 2 1 0 2 2 0 2 0 0 1 1 0 2 1 0 0 2
2 1 1 2 1 2 1 2 2 2 0 1 1 0 2 0 0 2 2 1 2 1
0 1 0 2 0 1 0 1 2 2 0 1 0 0 2 0 0 2 2 1 1 1
1 0 1 1 0 0 1 2 2 2 0 2 1 0 2 0 0 1 1 2 2 2
0 0 1 2 0 2 1 1 2 2 0 2 0 1 2 0 1 2 2 2 1 1
1 2 1 1 1 2 1 2 2 2 0 2 0 1 1 0 0 2 1 2 2 2
1 0 1 0 0 1 0 2 2 1 0 2 1 0 1 2 0 2 1 2 1 2
2 0 0 2 1 2 0 1 2 2 0 2 0 0 1 1 0 1 2 2 1 2
0 0 0 0 0 2 1 1 2 2 1 2 0 0 0 0 0 1 1 2 2 2
1 0 0 1 0 2 1 0 2 2 0 2 1 1 1 1 1 2 2 0 0 2
1 0 1 1 2 0 0 1 2 2 0 1 0 0 2 1 0 2 2 1 2 1
0 0 0 2 0 2 1 1 2 2 0 1 0 0 1 0 0 2 2 0 2 2
2 0 1 1 1 2 0 0 2 2 0 2 1 0 2 1 0 2 2 2 2 2
1 0 0 1 1 2 1 1 2 2 1 2 1 0 2 0 0 1 1 1 2 2
2 1 1 0 2 1 0 1 2 2 2 1 1 0 2 1 0 1 2 1 2 2
1 1 1 1 0 2 1 1 2 2 2 2 0 0 2 0 0 2 1 1 1 2
0 1 0 1 1 1 1 2 2 2 0 2 0 0 1 2 0 1 1 0 2 2
2 0 1 2 0 2 1 0 2 2 1 1 0 0 1 1 0 2 2 1 2 2
0 0 0 1 2 2 0 0 2 0 0 2 0 0 1 1 0 1 1 1 2 2
2 1 0 2 0 1 1 0 2 1 0 2 0 0 1 0 0 2 2 2 1 2
1 0 1 1 1 0 2 2 2 1 0 2 0 1 2 0 1 1 2 2 2 2
0 0 1 1 1 2 0 1 2 2 1 2 0 1 2 1 0 2 2 1 2 2
1 0 0 1 0 1 1 0 2 2 0 2 0 0 0 0 0 2 2 2 2 1
1 0 0 1 0 2 0 1 2 2 1 2 0 1 2 0 0 1 2 2 2 2
2 1 1 0 2 1 1 1 2 1 0 2 0 2 1 0 1 2 1 1 1 1
2 0 2 1 0 2 1 2 2 2 0 1 1 1 0 0 0 2 2 1 2 2
2 0 1 2 1 2 0 2 2 1 0 1 0 0 2 0 0 2 2 2 2 2
0 0 1 2 0 2 1 2 2 2 0 2 0 0 2 0 1 2 2 2 2 2
2 1 2 0 0 2 1 1 2 2 1 2 1 1 1 0 0 2 2 2 1 1
0 0 0 2 1 2 0 2 2 2 0 1 0 0 1 0 0 2 1 1 2 2
1 0 0 0 1 2 0 0 2 2 0 1 0 1 2 0 0 2 2 1 2 2
0 0 1 2 1 2 1 0 2 2 0 1 0 1 1 2 0 2 2 2 2 2
1 0 0 1 1 2 1 1 2 2 1 2 0 0 2 0 0 0 2 1 0 2
2 0 1 1 1 2 1 1 2 2 0 1 1 0 2 0 0 2 1 1 1 2
2 2 0 1 1 2 1 1 2 2 1 2 0 0 1 1 0 1 2 1 2 2
0 0 1 1 0 1 1 2 2 2 0 1 2 0 1 1 0 2 1 2 1 1
1 1 0 0 1 0 1 2 2 1 1 2 0 0 2 1 0 2 2 1 0 1
1 0 1 1 2 2 0 1 2 2 0 2 1 0 2 1 0 2 2 1 2 2
0 0 1 0 0 2 0 1 2 2 0 2 0 0 2 1 1 2 1 2 2 2
2 0 2 2 1 1 1 1 2 2 2 2 1 0 1 0 0 2 2 1 1 1
2 1 1 0 0 1 1 1 2 2 1 2 0 1 1 1 0 2 2 1 1 1
1 0 1 0 0 2 1 1 2 2 0 2 1 1 2 1 0 1 1 1 2 2
2 0 0 1 0 2 1 0 2 2 0 2 0 0 2 0 0 1 2 2 2 2
1 0 0 1 1 1 0 0 2 2 0 1 0 0 2 1 0 1 2 2 1 2
0 0 1 2 1 2 1 1 2 2 0 0 0 1 0 0 0 2 1 1 1 0
0 0 0 1 0 2 1 1 2 2 0 1 0 1 2 0 0 1 1 2 2 1
1 0 2 2 1 1 0 0 2 1 1 1 0 0 2 1 0 2 2 0 1 1
1 1 1 1 0 2 0 1 2 2 1 1 0 0 2 0 0 2 2 2 2 2
1 0 0 0 0 1 1 2 2 2 1 1 0 0 2 1 0 1 2 2 2 1
1 1 0 1 1 2 1 1 2 2 0 2 1 0 2 1 0 2 1 1 2 1
2 0 0 2 0 1 1 0 2 2 1 1 0 0 2 0 0 2 1 1 2 2
1 0 1 2 1 1 0 1 2 2 0 2 1 0 2 1 0 2 2 2 1 1
2 0 0 2 0 1 1 1 2 1 0 2 1 0 2 0 0 2 2 1 1 2
0 0 1 0 0 2 2 1 2 2 0 1 0 1 2 0 0 2 2 0 2 1
2 1 0 2 1 0 0 1 2 1 1 1 2 0 2 0 0 2 2 1 1 2
0 0 1 1 1 1 1 1 2 2 2 1 1 2 2 2 0 2 2 2 2 2
2 0 1 1 0 2 1 1 2 1 0 2 0 1 2 0 0 2 2 1 2 2
1 0 2 0 2 2 0 2 2 2 0 2 0 1 1 1 0 1 2 1 2 1
1 0 1 1 0 1 2 0 2 2 0 1 0 1 2 1 0 2 1 1 1 2
2 2 1 2 1 1 1 2 2 2 0 1 0 0 1 0 0 2 1 1 1 2
1 0 1 0 0 2 1 0 2 2 1 1 0 0 2 1 0 1 0 2 1 1
1 0 0 2 1 2 0 1 2 2 0 2 0 1 2 0 0 1 1 0 2 2
1 0 0 2 1 2 1 1 2 2 0 1 0 0 2 1 0 1 2 0 2 2
1 1 1 1 1 2 1 1 2 1 1 2 0 0 1 1 0 2 0 2 2 1
2 1 1 2 1 1 2 1 2 2 1 2 1 1 2 0 0 2 2 2 2 2
1 0 1 2 1 2 2 0 2 2 0 2 0 1 1 0 0 2 2 2 2 2
0 0 1 2 1 2 1 0 2 1 1 2 0 0 1 1 0 1 1 2 2 2
1 0 1 2 1 2 0 1 2 2 0 1 0 0 2 0 0 2 0 1 2 1
1 0 1 1 0 1 1 1 2 1 0 2 1 0 1 0 0 2 1 1 2 2
2 0 1 1 0 1 2 1 2 2 1 1 0 0 2 1 0 2 2 2 1 1
1 0 1 2 1 2 2 1 2 2 1 2 1 0 2 0 0 1 1 1 1 2
1 0 0 1 0 2 0 0 2 2 0 2 0 0 1 0 0 2 1 0 1 2
1 0 1 0 0 2 1 2 2 2 0 2 0 0 2 1 0 2 2 2 0 2
0 1 1 2 1 1 1 1 2 2 2 1 0 1 2 0 0 2 2 1 0 2
2 0 0 0 0 1 1 1 2 2 1 1 1 0 2 1 0 2 1 2 1 2
2 0 2 1 1 2 0 1 2 2 0 2 0 0 1 0 0 1 1 1 1 2
0 0 0 1 2 2 1 1 1 2 0 2 0 1 2 1 0 2 1 2 2 2
2 0 0 2 1 2 0 1 2 2 0 1 0 0 2 1 0 2 2 2 2 2
1 0 0 1 1 2 2 1 2 2 1 2 1 1 2 0 0 0 2 2 1 2
1 0 0 1 1 1 1 2 2 2 0 2 0 0 2 0 0 1 2 0 1 1
0 0 0 1 2 1 1 2 2 2 0 2 0 1 2 0 0 1 2 0 0 2
2 0 2 2 1 2 0 1 2 2 1 1 0 1 2 1 0 2 1 1 1 2
1 0 1 0 0 2 2 1 2 2 1 2 0 0 1 2 0 2 2 2 2 1
0 1 1 1 1 2 0 0 2 2 0 1 1 0 2 1 0 2 2 2 2 2
1 0 0 1 1 1 0 1 2 2 1 2 1 1 1 0 0 1 2 2 0 2
1 0 0 1 1 2 1 1 2 2 0 1 2 1 2 1 0 2 0 2 1 2
2 0 0 1 0 1 1 2 2 2 0 2 0 2 2 1 0 2 1 0 1 2
1 2 0 2 0 1 1 1 2 2 0 1 1 0 1 0 0 2 2 2 2 2
1 0 1 2 0 1 0 2 2 2 1 1 0 0 1 1 0 2 2 0 2 2
1 0 1 2 0 2 0 1 2 1 2 0 0 0 1 1 0 2 1 1 2 1
2 0 0 0 1 2 0 2 2 2 0 2 0 1 0 1 0 1 2 1 2 2
1 1 0 1 1 2 2 2 2 2 0 2 0 0 0 0 0 1 2 2 2 2
2 0 0 0 1 0 0 1 2 2 0 1 0 0 2 0 0 1 2 1 2 2
2 0 1 1 1 1 0 0 2 2 1 1 1 0 1 1 0 2 1 1 1 2
0 0 1 1 0 2 2 1 2 2 1 2 0 0 2 1 0 2 1 1 2 2
2 2 2 1 0 2 1 1 2 2 0 1 1 1 2 0 0 2 2 0 1 2
2 0 1 0 0 2 1 1 2 2 1 1 0 0 1 2 0 2 2 2 2 2
2 1 2 1 1 2 0 1 2 2 0 2 0 0 2 1 0 2 1 1 2 2
1 0 2 1 1 2 1 1 2 2 0 2 0 1 1 0 0 2 1 0 0 2
1 0 0 2 1 2 0 0 2 2 1 1 1 0 1 1 1 1 1 2 1 2
0 1 0 0 0 2 0 1 2 2 0 1 0 0 1 0 1 2 2 2 2 2
1 0 0 1 2 2 2 0 1 2 0 1 1 0 2 1 0 1 2 2 1 2
1 1 0 2 1 2 0 1 2 2 0 2 0 0 2 0 0 1 2 2 0 0
0 0 0 1 1 2 0 2 2 2 0 2 0 1 1 1 0 2 2 1 2 2
1 1 1 2 1 2 0 1 2 2 1 1 0 0 1 0 0 2 1 2 1 1
1 0 0 1 0 1 0 1 2 1 0 1 0 0 2 1 0 2 0 1 2 2
1 1 1 1 1 1 1 2 2 2 1 1 0 1 2 1 0 1 1 2 2 2
1 0 2 0 0 2 2 1 2 1 1 2 0 0 1 0 0 2 2 2 1 2
0 0 0 2 1 2 2 2 2 2 0 1 0 0 1 0 0 1 2 1 2 2
2 0 1 1 1 2 0 0 2 2 0 1 0 1 2 1 0 1 2 1 2 2
2 0 0 1 0 2 0 1 2 1 1 2 2 0 2 0 0 0 2 1 1 2
1 1 1 0 1 1 1 1 2 2 0 0 0 0 2 1 0 2 1 0 1 2
1 0 1 2 1 1 1 2 2 1 1 2 0 1 1 1 0 1 2 1 2 1
0 0 1 1 1 2 1 2 2 1 1 2 0 0 2 1 0 2 2 2 1 2
1 1 0 0 1 1 0 0 2 2 1 2 0 1 1 0 0 1 1 2 1 2
1 0 0 0 0 2 0 0 2 2 1 2 0 1 1 1 0 2 1 1 2 2
0 1 0 2 1 2 1 1 2 1 0 1 0 0 1 0 0 2 2 0 1 2
1 0 0 0 1 2 2 2 2 2 0 2 0 0 1 1 0 1 2 1 2 2
1 0 0 0 0 1 0 1 2 2 0 1 1 0 1 0 0 2 1 1 2 2
1 0 0 2 0 2 0 2 2 2 0 2 1 0 1 1 0 2 2 2 1 2
1 0 1 1 1 1 1 1 2 1 0 1 1 0 2 0 0 1 2 2 2 2
1 1 1 1 0 2 1 1 2 1 1 1 0 1 2 0 0 2 1 2 2 2
1 0 1 2 0 2 0 2 2 2 0 1 0 0 2 1 0 2 2 1 2 1
2 0 1 0 0 1 1 1 2 2 0 2 0 0 2 1 0 1 1 1 2 2
1 1 1 0 0 2 1 2 2 2 0 2 0 0 0 2 0 2 2 2 1 2
1 1 2 0 0 2 1 1 2 2 0 2 0 0 2 1 0 2 1 0 1 1
2 0 1 1 0 2 1 2 2 1 1 2 0 0 1 1 0 2 2 2 1 2
1 1 0 2 1 2 0 0 2 2 0 2 2 0 2 0 0 2 1 1 1 2
1 0 1 1 0 2 2 2 2 2 0 2 0 0 2 2 0 2 2 2 2 1
0 0 0 1 1 1 1 1 2 2 0 2 0 0 2 2 0 2 0 1 2 2
2 0 1 2 0 2 2 1 2 2 0 2 0 0 0 1 0 2 1 1 0 2
0 1 1 2 1 1 0 1 2 2 0 2 0 1 2 0 1 2 2 1 2 2
0 0 0 1 1 1 1 0 2 2 0 2 2 1 0 2 0 1 1 2 2 2
1 0 0 0 0 2 1 1 2 2 0 2 0 1 1 1 1 2 2 1 2 2
2 0 1 1 0 2 0 2 2 2 0 1 0 1 1 1 0 2 1 2 2 2
1 0 0 0 1 1 1 1 2 2 1 1 1 1 2 0 0 2 2 1 1 2
1 0 0 1 0 2 0 1 2 2 0 2 1 0 2 1 0 1 2 2 0 2
2 0 1 1 1 0 1 1 2 2 1 2 1 1 0 1 0 2 2 2 1 2
0 0 0 0 1 2 0 1 2 2 0 1 0 0 2 0 0 2 2 0 1 1
2 1 0 0 0 1 1 1 2 2 0 2 1 0 2 0 0 2 1 1 0 1
1 0 0 1 0 2 2 1 2 2 1 2 0 0 1 0 0 1 0 1 1 1
1 1 1 1 0 2 1 0 2 2 0 2 0 0 2 0 0 2 1 2 0 2
2 0 2 0 0 1 2 0 2 2 0 1 0 0 1 1 0 2 1 0 2 1
1 0 2 0 0 2 0 1 2 1 0 2 1 1 2 1 0 2 1 2 1 1
1 0 0 1 2 1 1 1 2 2 1 2 0 1 2 0 0 2 1 2 2 2
2 1 1 1 1 2 1 2 2 2 1 1 0 0 2 1 0 1 2 1 2 2
2 0 0 0 1 2 0 2 2 1 2 2 1 0 2 0 0 1 2 2 1 2
1 0 1 2 1 1 0 0 2 2 0 2 0 0 1 1 1 2 1 1 2 0
2 0 1 2 0 2 0 0 2 1 1 2 0 0 2 1 0 2 2 2 2 2
2 0 0 2 2 1 0 1 2 2 0 1 0 0 1 0 0 0 2 1 2 2
1 0 0 1 0 2 0 0 2 2 1 1 1 0 2 0 0 2 2 2 2 1
1 1 0 1 0 2 1 1 2 2 1 1 0 0 2 0 0 2 1 2 2 1
2 1 0 2 0 1 1 0 2 2 0 2 0 0 2 0 0 2 2 1 2 2
1 0 0 1 0 2 1 1 2 1 1 1 0 1 2 0 0 1 1 2 2 1
0 0 1 2 0 2 0 1 2 2 0 2 0 0 2 1 0 2 2 2 2 2
2 0 0 2 1 2 0 0 2 2 2 2 0 0 2 0 0 2 0 0 0 2
1 0 1 2 1 2 2 0 2 2 0 2 0 1 0 1 0 1 2 2 2 2
2 0 1 2 0 2 0 1 2 1 0 2 0 0 2 0 0 1 2 2 2 1
2 0 2 1 1 2 1 1 2 2 0 2 0 0 2 0 0 1 2 1 1 2
1 0 2 1 1 2 0 0 2 1 1 2 0 0 1 1 0 1 2 2 1 2
1 0 0 0 0 1 1 1 2 2 0 1 0 0 2 0 0 2 2 1 1 2
0 1 1 1 0 2 2 1 2 1 0 1 1 0 2 1 0 2 2 2 2 1
1 0 1 1 1 2 1 1 2 2 0 1 2 2 1 1 0 2 2 1 2 2
2 0 0 0 1 2 0 1 2 2 0 2 1 0 1 0 0 2 1 0 2 2
1 1 0 0 1 1 1 0 2 2 1 2 1 0 2 1 0 1 2 0 1 2
1 0 0 0 1 1 2 0 2 2 2 1 0 0 1 1 0 2 1 1 2 2
2 0 0 2 0 2 1 1 2 2 0 2 0 0 2 0 0 2 1 1 2 1
0 0 0 2 0 2 1 0 2 2 0 1 0 0 1 0 0 2 2 1 2 1
2 1 2 2 1 2 2 0 2 2 1 2 0 0 2 2 0 2 1 2 1 2
1 0 1 2 1 2 1 0 2 2 0 2 0 0 2 1 0 2 1 2 1 2
0 0 2 0 0 1 1 2 2 2 1 2 1 0 1 0 0 1 2 1 1 2
0 0 1 1 1 2 0 2 2 2 1 2 1 0 1 0 0 1 0 2 1 2
0 0 1 0 0 1 1 1 2 1 0 2 1 0 2 0 0 1 2 1 2 1
1 0 1 0 2 2 0 0 2 2 0 1 0 0 2 1 0 2 1 1 2 2
1 1 1 2 2 1 0 1 2 2 0 1 1 1 2 0 0 2 2 2 2 2
1 1 1 2 1 1 1 2 2 2 0 1 2 0 2 0 0 2 1 2 1 2
2 0 0 1 0 2 1 0 2 0 2 2 0 0 2 1 0 1 2 1 2 1
2 0 1 1 1 2 0 0 2 2 0 2 1 0 1 0 0 1 0 2 2 2
0 0 0 0 0 1 0 1 2 2 1 2 0 1 2 1 0 2 2 1 2 2
1 2 0 1 1 1 0 2 2 2 0 2 0 1 1 0 0 2 1 2 2 2
0 0 1 2 0 2 1 1 2 1 1 1 0 0 1 0 0 1 2 2 2 2
1 0 1 2 0 2 2 0 2 2 0 2 1 0 1 1 0 2 2 1 2 2
1 0 1 1 0 1 1 1 2 2 1 2 0 1 1 1 0 0 2 1 1 2
1 0 1 0 0 1 0 0 2 2 1 2 0 1 2 0 0 0 1 1 2 1
0 0 1 2 0 2 1 1 2 2 2 2 0 1 2 0 0 2 0 2 1 2
0 0 1 2 1 2 1 2 2 2 0 2 0 0 0 1 0 2 2 0 1 2
1 0 0 2 0 2 0 1 2 2 0 2 0 1 1 1 0 2 2 2 2 2
2 0 0 1 0 2 0 2 2 1 2 1 0 0 2 1 0 1 2 2 1 2
2 0 1 1 0 1 2 2 2 2 0 2 0 0 1 0 0 2 0 1 1 2
2 0 0 1 2 2 0 2 2 2 0 1 0 0 2 1 0 2 1 2 1 2
1 0 2 0 0 2 0 2 2 2 0 1 1 0 2 0 0 1 1 1 2 2
0 0 1 1 0 1 0 2 2 1 1 2 0 0 0 0 0 1 1 2 1 2
1 0 1 2 2 2 0 0 2 1 0 1 0 0 1 0 1 2 2 1 0 2
2 0 0 0 0 2 1 1 2 2 0 1 0 0 2 0 0 2 1 0 2 2
2 2 0 2 1 1 1 1 2 2 1 1 0 1 2 1 0 2 2 2 1 1
1 2 2 1 1 2 0 0 2 2 0 1 0 0 2 0 0 2 1 1 1 2
0 0 1 0 1 2 0 1 2 0 1 2 0 1 2 1 0 2 1 1 2 1
1 0 1 1 0 2 1 0 2 2 1 2 0 0 2 1 0 2 1 1 2 2
2 0 1 0 0 2 1 1 2 2 0 2 2 1 2 0 0 1 2 2 2 2
1 1 1 0 1 1 1 1 2 2 1 2 0 0 1 0 0 0 2 0 2 2
1 0 0 1 1 2 2 1 2 1 0 2 0 0 1 1 0 2 2 2 2 2
0 0 0 0 1 2 0 1 2 2 0 2 1 0 2 1 0 2 1 2 2 2
1 1 0 0 0 1 0 0 2 2 0 2 1 0 2 0 0 2 0 1 2 2
1 2 1 2 1 1 0 2 2 2 0 2 0 1 2 1 0 2 2 2 2 2
1 0 0 1 1 1 0 2 2 1 0 1 1 0 2 0 0 2 0 2 1 2
0 0 0 1 1 2 2 1 2 2 0 1 1 0 2 1 0 2 2 2 2 2
2 0 0 1 1 2 0 1 2 2 0 2 0 0 2 0 0 1 0 1 1 2
1 0 1 0 1 1 0 0 2 2 1 1 1 0 2 0 0 2 1 2 1 2
1 0 2 2 1 2 1 2 2 2 0 2 1 0 1 1 0 2 1 2 2 2
1 0 0 2 0 2 1 2 2 2 1 1 0 0 0 0 0 2 2 2 0 2
1 0 1 1 1 1 0 2 2 1 0 2 0 0 2 1 0 2 2 2 1 2
1 0 1 2 1 1 2 2 2 1 0 2 0 1 2 0 0 2 1 0 0 2
1 1 1 2 0 2 1 1 2 2 1 2 0 1 2 2 0 1 1 2 1 2
2 0 1 2 1 2 0 1 2 1 0 2 1 0 1 0 0 2 1 2 2 2
1 1 0 0 0 1 1 0 2 2 0 1 1 0 2 0 0 1 0 1 2 2
1 0 1 2 1 2 0 2 2 2 0 2 0 0 2 1 0 2 2 2 1 2
0 1 0 1 1 2 1 1 2 2 1 1 1 1 1 0 0 2 2 2 2 2
2 0 2 1 1 2 1 2 2 2 1 2 1 1 0 1 0 2 2 1 2 1
1 1 1 1 0 2 1 1 2 2 1 1 0 0 1 1 0 2 2 2 2 2
0 1 0 1 1 2 1 1 2 2 0 2 0 0 2 0 0 2 1 1 2 2
2 0 1 0 0 1 0 1 2 2 2 2 1 0 1 1 0 2 2 1 1 2
1 1 0 0 0 2 1 2 2 2 1 2 0 0 2 0 0 2 1 1 2 2
1 0 1 1 2 2 0 1 2 2 1 2 0 0 2 0 0 2 2 2 2 2
2 0 1 1 2 2 1 1 2 1 0 2 0 0 2 0 0 2 2 0 2 1
0 0 0 1 1 2 1 2 2 1 0 2 0 0 1 1 0 1 2 1 1 2
2 0 2 1 2 2 0 2 2 2 0 2 1 0 2 0 0 2 2 1 1 2
0 0 1 1 0 2 0 0 2 2 1 0 0 0 1 0 0 1 1 1 2 1
2 0 0 2 1 1 1 2 2 2 0 2 0 0 1 0 0 2 0 2 2 2
1 0 0 1 1 1 0 1 2 1 0 2 1 0 2 0 0 2 2 2 1 2
1 0 1 0 2 2 1 1 2 2 1 2 0 0 1 1 0 1 1 1 2 2
1 0 1 0 0 0 1 1 2 2 1 2 1 0 2 1 0 2 2 1 2 1
0 0 2 1 2 1 2 1 2 1 0 1 0 0 1 0 0 2 2 1 1 2
1 1 1 1 1 2 0 0 2 2 2 1 0 0 2 1 0 2 0 1 0 1
0 0 0 1 2 2 2 0 2 2 0 2 0 0 1 0 0 1 1 2 1 2
0 0 0 1 2 1 1 1 2 2 0 2 0 0 2 1 0 2 2 2 1 2
1 0 1 1 2 2 0 1 2 2 0 2 0 0 2 1 0 1 1 2 1 2
2 0 1 0 1 1 1 1 2 2 1 2 0 0 1 1 0 2 2 0 1 2
1 0 0 1 0 2 0 1 2 2 0 2 0 0 2 1 0 2 1 0 1 2
0 0 2 2 1 2 0 2 2 2 0 1 2 0 2 1 0 1 2 1 2 1
2 0 1 2 0 2 1 2 2 2 0 1 0 2 2 1 0 2 1 1 1 2
1 0 0 1 1 2 0 0 2 2 1 2 0 0 2 1 0 2 0 2 2 2
1 0 1 1 0 1 1 1 2 1 0 2 0 0 1 2 0 2 2 1 1 2
1 1 1 1 1 2 0 1 2 2 0 2 1 0 2 0 0 2 2 1 2 1
1 1 1 1 1 2 0 1 2 2 0 2 0 0 1 0 0 2 2 1 2 2
1 0 0 1 0 2 0 1 2 2 1 2 0 0 1 1 0 1 0 2 2 2
0 0 0 1 0 1 1 1 2 1 0 1 0 0 2 0 0 2 2 2 0 2
1 1 2 2 2 2 1 2 2 2 1 2 1 0 0 0 0 1 2 0 2 2
2 2 1 0 0 2 1 2 2 2 2 2 0 0 2 0 0 2 2 1 1 2
0 0 0 1 1 2 0 2 2 2 0 2 1 0 2 0 0 2 2 1 0 2
1 0 1 1 2 2 1 1 2 2 0 2 1 0 2 2 0 2 1 2 2 1
1 0 0 1 1 2 0 1 2 1 0 2 1 0 1 0 0 2 2 1 2 2
2 0 1 1 1 2 1 2 2 2 1 2 0 0 2 0 0 2 0 1 2 2
1 1 1 2 2 2 1 1 2 1 0 2 1 1 2 0 0 1 1 1 1 2
1 0 1 1 1 2 0 1 2 2 0 2 0 0 2 1 0 2 2 1 2 1
0 0 1 1 2 2 2 1 2 1 0 2 0 0 2 2 1 2 0 2 2 2
0 0 1 2 0 2 1 1 2 2 0 2 1 0 2 0 0 2 2 2 2 1
1 0 1 2 2 2 1 1 2 2 0 2 1 0 0 1 0 2 2 2 2 2
1 0 0 1 1 2 0 1 2 1 0 1 0 0 2 1 0 2 1 0 2 2
1 0 1 0 0 2 0 2 2 2 0 1 1 0 1 0 0 2 1 1 0 2
1 1 2 2 0 1 0 0 2 2 0 1 1 0 2 1 0 2 1 1 2 2
0 0 1 1 0 2 1 2 2 2 2 2 1 0 1 0 1 2 2 2 2 2
1 1 0 1 0 2 1 2 2 2 0 2 0 0 1 0 0 1 2 2 2 2
1 0 0 1 0 2 1 0 2 2 0 2 0 0 2 0 0 2 0 1 1 2
1 1 1 1 1 2 1 0 2 2 0 2 0 0 2 1 0 2 1 2 2 2
2 0 1 2 0 2 1 2 2 2 1 1 0 0 2 0 1 2 1 1 2 2
0 0 1 2 1 2 1 2 2 2 0 2 0 0 1 1 0 2 1 1 1 2
1 0 0 1 2 2 0 1 2 2 1 2 1 0 2 1 0 2 0 1 2 2
2 0 0 1 1 2 2 0 2 2 0 2 1 1 2 0 0 2 2 2 2 2
2 0 1 2 1 2 1 2 2 2 0 2 0 1 1 0 0 2 2 1 1 2
0 0 1 0 0 2 1 0 2 2 1 2 0 0 2 1 0 1 1 0 2 2
2 0 1 0 1 2 1 1 2 1 0 2 0 0 2 2 0 2 1 2 1 2
2 0 0 0 0 2 0 1 2 2 0 1 0 0 0 1 1 1 2 2 1 2
1 1 1 1 2 2 1 1 2 2 0 1 2 0 2 0 0 2 1 1 1 2
1 0 0 1 0 1 0 2 2 2 0 1 0 0 1 0 0 2 2 0 2 2
2 0 0 1 2 1 0 1 2 2 0 2 1 0 1 1 0 2 0 1 1 2
1 0 0 1 1 1 1 1 2 1 0 2 1 0 1 0 1 2 2 0 1 2
1 0 1 2 1 2 0 1 2 2 1 1 1 2 1 0 0 1 1 1 2 1
0 0 1 1 0 2 0 2 2 2 0 2 0 1 2 1 0 1 2 1 1 2
2 1 0 2 0 2 1 1 2 2 1 2 0 1 2 1 0 2 1 2 2 2
0 0 0 1 1 2 0 1 2 2 0 1 0 0 2 0 1 2 2 1 1 2
0 0 1 0 0 2 2 2 2 2 0 1 0 0 2 0 0 2 1 2 1 2
0 1 1 2 2 0 1 1 2 2 0 1 1 0 2 1 0 2 2 1 2 2
2 0 0 1 1 2 2 1 2 1 1 2 0 1 1 0 0 2 2 2 1 2
1 0 0 2 0 1 0 2 2 0 1 1 0 0 1 0 0 2 0 1 2 1
1 1 1 0 1 2 1 2 2 2 0 2 0 0 2 0 0 1 0 1 1 2
2 0 1 2 1 2 0 1 2 2 1 1 0 1 1 0 0 2 2 1 0 2
1 0 0 2 0 2 1 1 2 2 1 2 0 0 1 0 0 1 1 2 1 2
1 2 0 0 1 2 0 1 2 2 0 1 0 0 1 0 0 2 1 2 1 2
1 0 1 2 0 1 0 1 2 2 2 2 0 0 1 0 0 2 2 1 2 1
2 0 1 1 0 1 1 1 2 2 2 2 0 0 2 0 0 2 0 1 1 1
1 1 2 1 1 0 1 1 2 2 1 1 0 0 1 1 0 1 1 2 2 2
1 0 0 1 2 1 0 2 2 2 1 1 0 1 2 0 0 2 1 1 2 2
1 0 0 1 0 2 0 2 2 2 0 2 0 0 1 1 0 2 2 1 2 1
1 0 0 1 1 2 0 1 2 2 0 2 0 0 1 0 1 2 1 2 1 2
1 0 0 1 0 2 1 1 2 2 1 2 0 0 2 1 0 2 2 1 0 2
2 1 0 1 0 2 1 0 2 1 0 1 0 0 2 0 0 1 1 1 1 2
1 0 0 2 0 2 0 2 2 1 0 1 0 0 1 0 0 2 1 2 1 1
0 0 0 0 1 2 1 0 2 2 1 1 0 0 2 0 0 1 1 1 2 2
1 0 0 1 1 2 0 1 2 2 2 2 1 1 1 0 0 2 2 1 2 2
1 1 1 2 1 2 0 0 2 1 0 2 0 1 2 1 1 2 2 2 2 2
1 0 0 1 1 1 0 0 2 2 0 2 1 1 2 0 0 2 1 2 2 2
1 0 0 1 2 2 1 1 2 1 0 2 0 1 1 0 0 2 1 2 2 2
1 0 0 1 1 2 1 2 2 2 1 2 1 0 2 1 0 2 2 2 2 1
1 0 1 2 0 1 2 2 2 2 0 1 1 0 2 1 1 1 2 2 2 2
1 0 0 0 0 2 0 1 2 2 0 2 0 0 2 0 0 2 2 2 0 2
1 0 2 0 2 2 0 2 2 2 0 1 1 0 2 0 0 1 2 1 2 1
2 0 1 1 1 2 1 1 2 2 2 2 1 0 2 1 0 0 1 2 1 2
2 0 0 0 1 2 1 0 2 2 0 2 0 0 2 0 0 2 1 1 2 2
1 0 1 2 1 2 1 0 2 1 0 2 0 0 2 1 0 2 2 2 1 2
1 0 1 1 1 2 2 1 2 2 0 2 1 0 2 2 0 2 2 2 1 2
1 0 1 2 1 2 1 1 2 2 1 0 1 0 2 2 0 2 1 1 2 2
1 0 0 1 0 2 1 1 2 2 0 1 0 0 2 0 0 1 2 2 0 2
1 2 0 0 0 2 1 1 2 2 1 1 0 0 2 0 0 1 1 2 2 2
2 0 1 0 1 2 1 1 2 2 0 2 1 0 1 0 0 2 0 2 0 2
1 0 0 0 0 1 2 0 2 2 0 2 0 0 1 0 0 1 2 2 1 2
1 0 0 1 1 1 0 1 2 2 0 1 0 0 2 1 0 1 1 1 2 2
0 1 1 2 0 1 1 2 2 2 0 2 1 0 2 0 0 2 2 2 2 2
2 0 0 1 1 2 0 0 2 2 0 1 0 0 1 0 0 2 2 1 2 2
1 0 0 1 1 2 0 2 2 0 0 1 0 1 1 0 0 2 2 1 1 2
1 0 1 1 1 2 0 1 2 2 0 2 1 0 1 1 0 2 1 1 2 2
1 1 0 2 0 1 2 2 2 2 1 2 0 2 2 1 0 2 2 2 2 1
1 0 1 2 0 2 1 0 2 2 0 2 1 1 1 1 0 2 2 2 1 2
1 0 0 2 0 2 0 2 2 2 0 1 0 0 2 1 0 2 1 2 2 1
1 0 0 2 1 2 1 0 2 2 1 2 1 0 2 1 0 2 2 1 2 2
2 0 1 1 1 2 1 2 2 2 0 0 0 0 1 0 1 1 1 0 1 2
1 0 0 0 0 2 1 1 2 2 0 2 0 1 2 1 0 1 0 2 2 2
2 0 1 2 0 1 0 0 2 2 1 2 0 0 2 0 0 2 2 1 1 2
2 0 0 0 0 2 2 2 2 1 1 1 1 0 2 1 0 1 2 2 2 1
2 0 1 1 0 2 1 1 2 2 1 1 0 0 2 2 0 1 1 1 2 1
1 0 0 1 1 1 0 2 2 1 0 2 0 0 0 0 0 2 1 1 2 2
1 0 0 1 0 2 1 1 2 2 0 1 0 0 2 2 0 2 1 2 2 2
2 0 0 0 2 2 1 1 2 1 0 2 0 0 1 1 1 2 2 1 2 2
0 0 0 0 0 2 1 2 2 2 1 1 0 0 2 1 0 2 1 1 2 2
1 0 0 0 0 2 2 2 2 2 0 2 0 1 1 0 0 2 2 2 2 2
1 0 0 1 0 1 0 2 2 0 0 1 0 0 2 1 0 0 1 2 2 2
1 0 0 1 0 2 1 1 2 2 0 1 0 0 1 0 0 2 1 1 1 2
0 1 1 2 2 2 1 2 2 2 2 2 1 1 1 0 0 1 1 1 1 2
2 0 0 2 0 2 0 1 2 2 0 2 0 1 2 0 1 2 1 1 1 2
0 0 1 0 0 2 1 1 2 1 0 1 1 0 1 1 0 1 1 2 2 2
2 0 0 1 2 1 1 0 2 2 0 2 0 0 2 1 0 1 2 1 2 2
1 0 2 1 1 1 0 1 2 2 1 2 1 1 1 1 0 2 0 0 1 2
1 1 0 2 1 2 2 1 2 2 0 2 0 0 2 1 0 2 2 2 2 2
2 0 0 1 1 0 1 1 2 2 1 2 0 0 0 0 0 2 1 2 1 2
0 1 1 0 0 1 1 0 2 2 0 1 0 1 2 0 0 1 1 1 2 2
0 1 0 2 0 2 0 2 2 2 0 2 0 1 1 2 0 1 2 2 1 2
2 0 0 1 0 2 1 1 2 2 1 1 0 1 2 1 0 2 1 1 2 2
2 1 0 1 0 2 0 2 2 2 0 1 0 0 1 1 0 1 0 0 2 2
2 0 1 2 1 1 1 1 2 2 1 2 0 1 2 0 0 1 2 1 2 2
1 0 0 0 1 1 2 1 2 1 1 1 0 0 2 1 0 2 1 2 2 2
1 0 0 2 1 2 1 1 2 2 0 1 0 0 2 0 0 2 1 0 2 2
1 0 1 0 0 2 1 2 2 1 0 1 0 0 0 0 0 2 1 2 1 2
2 1 1 1 0 1 0 0 2 2 0 1 1 2 2 0 0 2 2 0 1 2
2 0 0 2 1 2 2 0 2 2 1 2 0 0 2 2 0 2 2 0 2 1
1 0 1 1 1 0 1 0 2 2 0 1 0 0 1 1 0 1 2 2 1 1
2 0 0 0 0 1 2 0 2 2 0 2 0 1 2 0 1 2 2 0 2 2
1 0 1 2 1 1 0 2 2 2 0 2 0 0 2 0 0 1 0 2 2 2
1 0 1 0 0 2 1 1 2 2 0 2 0 1 2 0 0 2 2 1 1 2
1 0 0 2 1 2 1 1 2 2 0 2 0 1 2 1 0 2 2 1 1 2
2 1 1 1 0 2 1 1 2 2 0 2 0 0 1 0 0 1 2 2 1 2
1 1 0 2 2 1 1 2 2 1 1 1 0 0 2 0 0 2 2 1 2 2
1 0 0 0 0 2 2 1 2 2 2 2 0 0 0 1 0 2 1 1 2 2
2 0 0 0 0 2 1 0 2 2 1 1 0 0 2 1 0 2 2 1 2 2
1 0 1 1 0 2 0 1 2 1 0 2 0 1 1 1 0 1 0 1 1 1
2 1 0 2 2 1 0 1 2 2 0 2 0 0 1 0 0 0 0 1 1 1
1 0 0 1 1 2 1 0 2 2 0 2 2 1 1 1 0 1 0 2 2 2
1 0 0 1 1 1 1 1 2 2 0 2 1 0 0 1 0 1 1 1 2 2
1 1 1 2 1 1 0 2 2 2 2 2 0 0 2 2 0 2 1 1 2 1
2 0 1 2 1 2 0 1 1 2 1 1 0 1 1 0 0 1 2 1 2 1
1 0 1 2 0 2 0 1 2 2 1 2 0 0 0 0 1 1 2 2 2 2
2 0 0 1 1 1 0 1 2 2 0 2 0 0 2 0 0 2 1 0 2 2
2 0 0 1 1 0 0 1 2 2 1 1 0 0 0 0 0 1 1 2 1 1
1 1 1 2 0 1 1 1 2 2 1 2 0 0 2 0 0 2 2 1 1 1
2 0 0 2 1 1 1 1 2 2 1 1 1 1 0 0 0 2 2 1 2 2
0 0 0 1 1 2 0 2 2 2 0 2 0 0 2 0 0 2 2 1 2 1
1 0 0 0 1 2 0 1 2 2 0 2 0 1 2 1 0 1 2 1 2 2
0 0 0 1 2 2 0 1 2 2 1 2 0 1 2 0 0 2 1 1 2 2
2 0 0 1 2 2 1 2 2 2 1 2 0 2 2 0 0 2 2 2 1 2
1 0 1 1 1 1 0 1 2 1 0 1 1 1 2 0 0 1 1 2 2 2
2 0 1 2 0 1 0 1 2 2 0 0 1 0 1 0 0 2 1 1 2 2
2 0 0 1 0 2 1 1 2 2 1 1 0 0 2 0 0 2 2 0 1 2
1 1 0 2 0 1 1 2 2 1 1 1 1 1 1 1 0 2 1 1 1 2
2 1 1 1 1 0 2 1 2 1 0 2 0 0 1 0 0 2 1 1 2 1
2 0 1 0 0 2 2 1 2 1 0 2 0 0 1 1 0 0 2 1 2 2
2 0 1 1 0 2 0 1 2 2 1 2 0 0 1 0 0 2 2 1 1 1
1 0 2 1 1 2 1 2 2 2 1 2 0 0 2 0 0 1 2 2 2 1
1 1 1 0 1 1 1 1 2 1 0 2 1 0 1 0 0 2 1 2 2 2
0 0 1 2 2 2 0 1 2 2 1 2 0 0 2 0 1 2 2 0 2 1
1 0 0 1 0 0 1 2 2 2 0 1 1 0 2 0 0 2 2 1 2 2
1 0 1 2 1 1 2 0 2 2 1 2 0 1 1 0 0 2 1 2 1 2
2 0 1 1 0 1 0 1 2 2 1 1 0 1 1 0 0 0 1 1 2 2
1 0 0 0 1 1 1 2 2 2 0 0 0 0 2 1 0 2 0 1 2 2
0 0 0 0 2 2 1 0 2 0 0 1 0 1 0 0 0 2 2 1 2 1
2 0 0 0 1 2 0 0 2 1 0 2 0 0 2 0 0 2 2 1 2 2
0 0 0 0 1 1 0 1 2 2 0 2 0 2 1 0 0 1 2 2 1 2
1 0 0 1 1 1 0 2 2 2 0 1 0 0 2 0 0 2 1 2 1 2
1 0 1 1 1 1 0 1 2 2 1 0 2 1 2 0 0 2 2 1 2 2
0 0 0 1 1 1 0 2 2 2 1 1 0 1 2 0 0 2 1 2 2 1
1 0 0 2 2 2 0 2 2 2 0 2 0 0 2 0 0 2 2 2 1 2
1 0 1 0 1 1 1 0 2 2 0 2 0 1 2 0 0 2 1 1 2 2
2 0 1 2 0 1 1 2 2 2 0 2 1 0 2 0 0 2 2 2 1 1
0 1 0 2 0 2 0 2 2 1 0 1 1 0 1 0 0 2 0 2 2 2
2 0 2 1 2 2 1 2 2 2 0 2 1 0 2 1 0 1 1 0 2 2
2 0 1 1 2 2 1 0 2 2 0 2 0 0 1 0 0 2 2 2 2 2
1 0 1 1 0 2 0 1 2 2 0 2 1 0 2 2 0 2 2 0 2 2
1 0 1 1 2 2 0 1 2 1 1 1 1 1 0 1 0 1 2 2 2 2
1 0 0 0 1 2 2 0 2 2 0 1 0 0 2 0 0 2 2 2 2 2
1 0 0 0 0 0 1 0 2 2 0 2 1 0 1 2 0 1 2 1 1 2
0 0 0 1 0 2 0 1 2 2 0 1 1 0 2 0 1 1 1 1 2 2
0 0 1 1 0 0 0 0 2 2 0 2 0 1 1 1 1 2 2 1 1 2
0 0 1 1 1 2 1 2 2 1 1 2 1 0 1 0 0 2 1 2 1 2
1 0 1 2 1 1 1 2 2 2 0 2 0 1 2 1 0 1 2 1 1 2
2 0 1 2 0 2 1 2 2 2 0 1 0 1 1 0 0 2 1 1 2 2
1 1 2 2 1 2 1 1 2 1 0 1 0 0 2 0 0 1 2 1 2 1
0 2 1 1 0 1 0 2 2 2 0 1 0 0 2 1 0 2 1 2 2 2
0 0 1 0 0 2 1 0 2 2 0 2 1 0 2 0 0 2 2 0 2 2
2 0 1 0 0 2 0 1 2 2 1 2 0 0 1 1 0 2 2 1 2 1
1 1 2 1 0 2 0 1 2 2 0 1 0 0 1 1 0 1 1 1 1 2
1 1 1 1 1 1 0 1 2 2 0 1 0 0 2 1 0 2 0 2 1 2
1 0 1 2 0 2 1 1 2 2 0 2 0 0 2 0 0 1 1 2 2 1
0 0 2 2 0 2 1 2 2 1 0 2 2 0 1 0 0 2 2 1 0 1
1 0 1 0 2 2 0 1 2 2 0 1 0 0 2 0 0 2 2 1 2 1
0 0 0 1 1 2 0 1 2 2 0 1 1 1 1 1 0 2 1 1 2 2
0 1 0 1 1 2 0 1 2 2 1 1 0 0 1 1 1 1 1 2 2 2
0 0 1 2 1 0 1 1 2 2 0 1 0 0 1 1 0 2 1 0 1 2
1 0 0 1 1 1 1 2 2 2 0 2 0 0 1 0 0 1 1 1 2 2
0 0 1 0 0 2 1 0 2 2 0 2 0 0 1 1 0 2 2 2 2 2
2 0 1 2 1 2 0 0 2 2 0 2 0 1 2 0 0 1 2 2 2 2
1 0 1 1 1 2 0 0 2 1 0 2 0 0 2 0 0 1 0 1 2 2
0 1 1 2 1 1 0 0 2 2 0 2 1 1 1 0 0 2 1 0 2 2
2 0 1 0 0 2 0 1 2 2 0 0 1 0 2 0 0 2 2 1 2 0
1 0 0 2 1 2 0 0 2 2 0 1 0 0 2 1 0 2 1 0 1 2
1 0 2 1 0 2 1 2 2 2 0 2 0 1 1 0 1 2 1 0 2 2
1 1 1 1 0 1 0 2 2 2 0 1 1 1 2 1 0 2 2 1 2 2
2 0 0 2 0 2 0 0 2 2 0 2 0 0 2 0 0 1 1 1 2 2
1 1 1 2 0 1 0 1 2 2 0 2 0 1 2 0 1 2 2 2 1 2
1 0 0 0 0 2 0 0 2 2 0 2 0 0 2 0 0 0 2 0 2 2
1 0 0 0 1 0 1 1 2 1 0 2 0 0 2 2 0 1 0 1 2 2
0 0 0 0 1 0 0 1 2 2 1 2 1 1 1 0 0 2 1 0 2 2
0 0 1 2 2 1 0 0 2 2 1 2 1 1 1 0 0 2 1 1 2 2
1 0 1 1 1 2 0 2 2 2 0 2 0 1 2 0 0 2 1 2 1 2
1 0 1 1 0 2 1 0 2 2 0 2 0 0 1 1 0 2 2 0 2 1
1 0 1 1 2 1 1 1 2 2 0 2 0 1 0 0 0 2 2 2 2 2
2 0 0 1 1 2 1 1 2 2 0 2 0 0 2 1 0 1 2 2 2 1
2 0 1 1 2 2 1 1 2 2 0 2 0 2 1 1 0 2 1 1 1 2
2 0 1 0 0 2 0 1 2 2 0 1 0 0 1 1 0 2 1 1 2 2
1 0 1 1 1 1 2 1 2 2 1 1 1 0 2 0 0 1 1 1 1 2
1 1 0 1 1 2 0 1 2 2 0 2 0 0 2 0 0 1 1 2 2 2
0 0 1 1 1 2 1 0 1 2 0 2 0 0 1 0 0 1 0 1 1 2
2 0 1 2 0 2 2 1 2 2 0 2 1 2 1 0 0 1 1 0 2 2
1 0 0 2 0 2 2 1 2 2 0 2 0 1 2 0 0 2 1 2 1 1
2 0 0 0 0 2 1 1 2 2 1 2 0 1 2 0 0 2 2 2 2 2
0 0 1 1 1 2 0 2 2 1 0 1 0 0 2 1 0 2 2 1 1 2
1 0 0 2 1 1 0 1 2 1 0 2 1 1 1 0 0 2 2 2 1 2
1 1 1 1 0 1 1 1 2 2 0 1 0 1 2 1 0 2 1 1 2 2
0 0 1 2 0 1 0 0 2 2 1 1 0 0 1 0 0 2 1 1 2 2
1 0 0 2 2 2 1 1 2 2 0 1 1 0 2 0 0 2 1 1 2 2
1 0 1 2 1 2 0 0 2 1 2 2 1 0 2 0 0 1 2 1 2 2
1 1 0 2 0 2 0 1 2 2 2 1 0 0 1 1 0 1 2 2 2 2
0 1 1 1 1 2 0 0 2 2 0 2 0 0 2 1 0 2 1 0 1 1
0 0 1 2 0 1 0 1 2 1 1 2 0 0 2 1 0 1 2 2 2 2
2 0 0 2 0 2 0 0 2 2 0 2 1 0 2 0 0 1 1 2 1 2
0 0 0 0 2 2 1 1 2 2 0 2 0 0 2 1 0 1 1 1 1 1
1 0 0 1 0 2 1 0 2 2 0 2 0 1 2 1 1 2 2 2 1 2
1 1 0 2 1 2 1 1 2 2 0 1 0 1 2 0 0 1 1 2 1 2
0 0 0 1 1 2 0 1 2 1 1 2 0 0 2 1 0 1 2 2 1 2
0 0 0 2 1 2 1 1 2 2 0 1 2 0 2 2 0 1 2 1 1 2
1 0 0 0 1 1 0 1 2 2 0 2 0 0 2 2 0 2 1 2 2 2
2 1 1 2 0 2 0 1 2 2 1 1 1 0 2 0 0 1 2 1 2 2
1 0 1 1 2 1 0 1 2 2 1 2 1 0 2 1 0 1 1 2 1 1
1 1 1 1 0 2 0 2 2 1 1 2 0 0 0 1 0 2 1 2 2 1
0 0 1 2 0 2 0 1 2 2 0 2 0 0 2 0 0 2 1 1 2 2
1 0 0 1 0 2 1 2 2 2 0 2 0 0 2 1 0 2 2 1 1 2
2 1 0 1 1 2 0 1 2 2 1 2 0 0 2 0 0 2 1 1 1 2
2 0 0 0 1 2 1 1 2 2 0 2 0 1 2 0 1 2 1 1 1 2
0 0 0 2 0 1 0 1 2 1 1 1 0 1 2 0 0 2 2 1 1 2
0 0 1 0 1 2 0 1 2 2 0 2 0 0 2 0 0 1 1 1 1 1
1 1 0 1 0 2 0 2 2 2 0 1 0 0 0 1 0 1 2 0 2 2
1 0 0 1 1 2 1 2 2 1 1 1 0 0 1 0 0 1 2 2 1 1
2 0 0 1 1 1 0 2 2 1 1 2 0 0 1 0 0 1 0 2 1 1
2 1 2 2 0 2 0 1 2 2 1 1 0 0 1 0 0 2 2 1 1 1
1 0 1 2 0 2 0 1 2 2 0 1 0 2 1 0 0 1 2 2 2 1
0 0 0 2 0 1 1 1 2 2 0 2 1 0 1 1 0 2 1 0 2 0
2 0 0 1 1 2 1 1 2 2 0 1 0 0 2 1 0 2 1 1 2 2
1 1 0 2 1 2 0 1 2 2 0 1 1 0 2 0 0 2 2 1 2 2
0 0 0 1 2 1 1 0 2 2 0 2 1 0 2 0 0 2 2 2 2 1
1 0 0 0 1 1 0 1 2 2 0 1 1 0 2 1 0 1 2 0 2 2
0 0 1 0 0 2 2 0 2 1 1 1 0 1 2 0 1 2 1 2 2 1
2 0 1 1 1 1 2 2 2 2 1 1 1 1 2 2 0 1 2 2 0 2
0 0 1 0 2 2 0 2 2 1 0 2 0 0 1 2 1 1 1 1 2 1
1 1 0 1 1 2 1 0 2 2 0 2 0 1 2 0 1 2 1 2 2 2
1 0 0 2 1 1 0 2 2 1 1 1 0 0 2 0 0 2 2 1 2 2
0 0 1 0 1 2 1 1 2 0 1 2 0 1 1 0 0 2 2 1 1 2
2 0 0 1 1 2 1 1 2 2 1 2 1 0 1 0 0 0 1 1 2 2
1 0 0 1 2 1 0 2 2 2 0 1 1 0 1 1 0 2 2 1 1 2
1 0 1 0 1 2 1 1 2 2 1 2 0 0 2 1 0 2 2 0 2 2
0 0 0 1 0 2 0 2 2 1 0 2 0 0 1 0 0 1 1 1 1 2
1 0 0 1 1 2 1 1 2 1 0 2 1 0 2 1 1 2 2 1 1 2
1 0 0 2 0 2 0 1 2 2 1 2 0 0 2 0 0 2 0 2 2 1
2 1 1 1 2 2 2 2 2 1 0 2 0 0 2 0 1 2 2 1 2 2
0 0 1 2 1 2 0 1 2 1 2 2 0 0 1 1 0 1 2 2 2 2
0 0 0 2 0 2 0 0 2 2 0 2 1 0 1 1 0 2 1 0 2 1
1 0 1 0 1 1 2 1 2 1 0 1 1 1 2 0 0 2 1 2 1 2
0 1 0 2 0 2 0 2 2 2 0 2 0 0 2 1 0 1 1 0 1 1
2 0 0 2 1 1 1 1 2 2 1 2 0 0 2 1 0 1 1 2 2 2
2 0 0 2 0 1 2 2 2 2 0 1 0 0 1 0 0 1 2 1 2 2
0 0 0 0 1 2 0 1 2 1 0 1 0 0 2 0 0 0 2 2 2 2
1 0 1 1 1 2 1 2 2 2 0 2 0 0 1 0 0 1 1 1 1 2
0 0 0 1 0 2 1 2 2 2 0 2 0 0 0 0 0 2 1 1 2 2
1 1 0 1 1 2 1 1 2 2 0 2 0 0 1 0 0 1 1 2 2 2
2 0 1 1 0 2 1 2 2 1 0 1 0 1 2 0 0 2 1 2 2 2
2 0 0 2 2 2 2 0 2 2 0 2 0 1 2 0 0 1 1 2 2 2
1 0 0 2 1 2 1 1 2 2 1 2 0 0 2 0 0 2 2 1 0 2
0 0 1 0 1 2 1 1 2 2 0 2 0 0 2 1 0 2 1 1 2 2
1 0 1 2 0 2 0 1 2 2 0 2 0 0 1 1 0 1 2 0 2 2
1 0 0 0 0 2 2 1 2 2 1 2 0 1 1 0 0 2 1 0 2 2
0 0 1 2 0 1 0 2 2 2 0 2 1 1 2 0 0 1 0 1 1 2
0 0 0 1 0 2 1 1 2 1 0 2 1 0 1 1 0 1 2 1 1 1
1 1 0 2 0 1 0 0 2 2 0 2 0 0 1 0 0 2 1 0 2 2
0 0 0 2 0 2 2 1 2 2 1 2 0 0 2 1 0 1 1 2 1 2
0 0 1 2 0 2 1 0 2 1 0 1 1 0 2 0 0 2 1 1 1 2
1 0 1 2 1 2 1 1 2 2 0 2 0 0 0 0 0 1 2 1 0 2
1 1 0 2 0 2 0 1 2 2 0 2 0 0 2 0 0 2 1 1 0 2
2 0 0 1 2 1 1 1 2 2 1 2 1 0 2 2 0 2 2 2 1 2
1 0 1 0 1 2 1 1 2 2 0 2 0 1 1 0 1 1 2 1 2 1
2 1 2 1 1 2 1 2 2 2 2 2 0 0 1 2 1 2 1 0 2 2
2 0 2 2 1 2 0 1 2 1 0 2 1 0 1 1 0 2 1 1 1 2
2 0 1 1 2 1 2 2 2 2 0 1 0 0 2 0 0 2 2 2 2 2
2 1 2 1 1 2 1 0 2 2 0 2 2 1 1 0 0 2 0 1 0 2
1 0 1 1 2 2 1 0 2 2 0 2 1 0 1 1 0 1 1 1 2 2
1 0 0 2 1 1 0 1 2 2 0 1 1 0 1 1 0 2 1 1 1 2
0 0 0 2 2 1 0 1 2 2 1 1 0 0 2 0 0 1 2 1 2 1
1 0 1 2 1 2 1 1 2 2 0 2 0 0 0 1 0 2 1 1 2 2
2 0 2 2 0 1 2 2 2 2 1 2 0 0 2 0 0 2 2 2 1 2
0 0 1 2 1 1 2 2 2 1 0 2 0 1 2 1 0 2 2 2 1 1
0 0 1 1 0 1 1 1 2 2 0 1 0 0 1 1 0 1 1 1 2 2
2 0 0 1 2 2 0 1 2 1 0 2 1 0 2 0 0 2 1 2 1 2
2 0 1 1 1 2 0 0 2 2 0 2 0 1 2 0 0 2 1 0 2 2
0 0 1 1 0 1 2 2 2 1 0 2 0 0 2 0 0 1 1 1 1 1
2 0 0 1 1 2 1 1 2 2 0 1 0 0 2 0 0 2 1 1 1 2
2 0 1 0 1 1 2 2 2 1 0 1 1 0 2 1 0 0 1 1 1 2
1 0 1 1 1 0 2 0 2 2 0 1 0 0 2 1 1 1 2 2 0 2
0 0 1 1 1 1 1 2 2 1 0 2 0 0 2 1 0 2 1 1 1 2
1 0 1 1 1 2 0 1 2 2 0 1 0 0 2 1 0 2 2 2 2 2
1 1 0 0 1 2 0 1 2 0 1 1 0 1 2 0 0 1 1 2 1 2
0 1 2 2 2 1 1 1 2 2 0 2 1 0 1 1 0 2 2 1 1 2
1 0 1 1 1 2 1 1 2 2 0 2 0 0 1 1 0 2 1 1 2 2
1 0 1 1 1 2 0 1 2 2 0 2 0 0 1 1 0 2 0 1 2 2
1 0 1 2 0 2 1 0 2 1 0 1 0 0 0 0 0 1 1 1 2 1
1 0 1 2 0 1 0 1 2 1 0 2 1 0 2 2 0 1 1 2 2 2
1 0 1 1 1 1 0 0 2 1 0 2 0 1 2 0 0 2 1 1 2 2
2 0 1 2 1 2 0 1 2 2 0 1 0 0 0 0 0 2 2 2 2 2
1 0 1 0 1 2 1 1 2 1 0 1 0 0 1 1 0 1 2 2 1 2
2 0 0 0 1 2 1 1 2 2 0 2 0 1 2 1 0 1 1 1 2 2
2 0 1 0 1 1 1 1 2 2 1 2 1 1 2 1 0 1 1 2 2 1
0 0 1 1 1 2 1 2 2 2 0 1 0 1 1 0 0 1 0 2 1 1
0 0 1 2 1 1 0 1 2 2 0 2 2 0 1 0 0 1 1 0 2 2
2 0 0 1 1 2 0 1 2 2 0 2 2 0 2 1 1 2 1 1 2 2
2 0 0 1 2 1 1 1 2 2 1 1 1 0 2 0 0 1 1 2 1 2
0 0 1 2 1 1 0 2 2 2 1 1 0 0 1 0 0 0 2 2 2 2
0 0 0 1 1 1 1 1 2 2 0 2 1 1 1 1 0 2 2 0 1 2
2 0 1 2 0 1 2 2 2 2 1 2 0 1 1 0 0 2 2 2 1 2
1 0 0 2 1 2 0 0 2 2 1 2 0 1 1 1 0 2 2 2 2 2
1 0 1 0 1 2 1 2 2 2 1 2 2 0 1 0 0 1 2 1 2 2
2 0 1 1 1 2 1 1 2 2 0 2 1 0 1 1 0 1 1 2 2 2
1 0 0 1 1 1 0 0 2 2 0 0 0 1 1 0 0 2 2 1 0 2
1 1 1 2 0 2 1 0 2 1 0 2 1 0 1 2 0 1 1 1 2 2
1 0 0 0 1 2 1 1 2 2 0 2 1 0 1 0 0 2 2 2 1 1
1 0 0 1 1 2 1 0 2 2 0 2 1 0 1 0 0 2 1 2 1 2
0 0 1 1 1 2 1 2 2 2 0 2 0 1 2 1 0 2 2 2 2 2
0 0 1 2 0 2 0 2 2 2 1 1 0 1 2 2 0 2 1 2 1 2
1 0 1 2 1 1 1 2 2 2 1 1 1 0 1 0 0 2 1 2 2 2
2 0 0 1 0 1 0 1 2 2 0 2 0 0 2 1 0 2 1 2 2 2
2 0 1 1 0 2 0 2 2 2 2 1 1 0 2 1 0 2 1 1 2 2
1 0 0 1 1 2 2 2 2 2 0 1 0 1 2 0 0 1 1 1 2 2
2 0 1 2 1 2 0 1 2 1 1 2 1 1 1 0 0 2 1 1 2 2
0 0 0 1 0 2 1 2 2 1 0 2 0 0 2 0 0 2 2 1 2 1
1 0 1 0 0 2 0 2 2 2 0 2 0 1 0 0 0 2 2 1 1 2
0 0 0 1 1 2 2 1 2 1 1 1 0 0 2 0 0 1 2 1 1 2
1 0 1 0 1 2 0 2 2 2 1 2 1 1 1 0 0 1 1 1 1 1
1 0 2 1 1 1 1 1 2 2 0 2 0 1 2 0 0 2 1 1 2 1
1 0 0 0 0 2 1 1 2 2 1 1 1 0 2 0 0 2 2 1 1 2
0 0 1 0 1 2 2 1 2 2 0 1 0 0 2 0 0 2 1 0 2 2
1 0 0 2 1 1 2 1 2 2 0 2 0 0 1 0 0 1 2 1 2 2
0 0 0 0 1 1 1 1 2 2 0 1 0 0 0 1 0 2 1 1 2 2
1 1 1 2 1 2 2 2 2 1 0 2 0 0 1 0 0 2 1 1 2 1
1 0 1 1 1 2 0 2 2 1 0 2 0 1 1 1 0 2 1 1 2 1
1 0 0 1 0 2 0 1 2 1 0 1 1 0 2 0 0 2 1 1 2 2
1 0 0 0 2 1 0 1 2 2 1 2 0 1 2 0 0 2 1 2 2 2
1 0 0 1 1 1 1 1 2 1 1 2 0 0 2 1 0 1 2 2 1 2
1 1 0 0 1 1 0 1 2 2 1 1 0 0 2 1 0 2 2 1 1 2
0 1 1 1 2 1 1 1 2 2 0 1 0 0 2 0 0 2 1 0 2 2
2 0 1 2 2 2 0 1 2 2 0 0 0 2 2 1 0 1 2 2 2 2
1 0 1 2 0 1 1 2 2 2 1 1 0 0 1 1 0 2 2 1 1 2
0 0 0 1 0 2 0 1 2 2 1 2 0 0 2 1 0 1 2 2 0 2
2 0 1 0 1 2 0 0 2 1 0 1 0 0 1 0 0 2 2 2 0 2
1 1 1 2 2 1 1 0 2 2 1 1 0 0 2 0 0 1 1 1 2 2
1 0 0 0 2 2 0 0 2 2 0 2 1 0 1 0 0 2 2 2 1 2
1 1 0 2 1 2 1 2 2 2 0 2 1 0 2 1 0 2 2 2 2 2
2 0 1 1 0 1 2 1 2 2 0 2 1 0 2 1 0 2 1 0 1 2
1 0 1 1 1 0 1 1 2 2 0 2 1 0 2 0 0 0 2 1 1 0
0 0 0 1 2 2 1 1 2 1 1 2 0 0 0 1 0 2 2 2 2 2
2 0 1 1 0 1 2 1 2 2 0 1 0 0 1 1 0 1 2 1 2 1
1 0 0 0 1 2 0 0 2 2 0 2 0 1 2 1 0 2 2 1 2 1
0 0 0 1 1 1 0 1 2 2 0 2 0 0 0 0 0 2 1 2 1 1
2 0 1 0 0 2 2 1 2 2 0 0 1 2 2 0 0 1 1 2 1 2
1 0 0 1 1 0 2 2 2 1 0 1 0 1 1 1 0 1 1 2 1 2
0 0 0 2 2 2 1 1 2 2 1 1 1 0 2 0 0 1 0 2 1 2
1 0 0 1 1 2 1 2 2 2 0 1 0 1 1 1 0 2 2 1 1 2
1 0 1 1 1 1 2 1 2 2 1 2 0 0 2 0 0 2 0 2 0 2
0 0 0 1 1 2 1 1 2 2 0 0 0 0 2 0 0 2 2 0 2 1
1 0 1 1 1 1 1 0 2 1 0 2 0 0 1 1 0 1 1 1 1 2
1 0 0 1 0 1 0 1 2 2 1 2 1 1 1 1 0 2 2 1 2 2
1 0 0 1 1 2 1 2 2 2 1 1 2 0 1 0 0 1 2 2 2 1
0 0 0 2 1 2 0 1 2 2 1 1 2 1 2 1 0 1 1 2 1 2
0 0 1 2 1 2 0 0 2 1 1 2 1 0 2 1 0 1 2 2 2 2
2 0 0 2 2 2 1 0 2 2 0 2 1 0 2 0 0 1 1 1 2 2
0 0 1 0 2 2 1 1 2 2 1 2 0 0 1 1 0 2 1 1 1 2
1 0 0 2 0 2 0 1 2 1 1 2 0 0 1 0 0 2 1 1 1 2
0 0 2 2 2 2 2 2 2 2 0 1 1 1 1 0 0 1 1 1 2 2
0 0 0 0 0 2 1 2 2 2 0 1 1 0 1 0 0 1 2 0 1 1
0 0 1 1 0 2 0 1 2 2 1 2 0 0 2 0 0 2 1 0 1 2
1 0 1 2 0 1 1 1 2 2 0 2 0 0 1 2 0 1 1 0 2 2
0 0 1 0 0 2 1 1 2 2 1 2 1 0 2 1 0 2 2 1 2 2
0 0 0 2 1 1 1 1 2 2 1 1 0 0 1 1 1 0 2 0 2 2
0 0 1 1 1 1 2 1 2 2 0 1 1 0 2 1 0 2 2 1 2 2
1 0 1 1 0 1 1 0 2 2 1 1 0 0 2 0 0 2 1 0 1 2
1 0 1 1 1 2 1 1 2 1 0 1 0 0 1 1 0 0 1 1 0 2
2 2 0 1 1 2 1 1 2 2 0 2 1 0 2 0 0 2 2 2 1 2
1 1 0 1 0 2 0 1 2 2 0 2 0 0 2 1 0 2 1 2 1 2
1 0 1 1 1 2 1 1 2 2 0 2 1 0 2 0 0 2 0 0 2 2
1 0 0 2 1 2 1 2 2 1 0 1 0 0 2 1 0 2 0 2 1 2
1 0 1 1 1 2 0 1 2 2 0 1 0 0 1 1 0 2 0 1 1 2
1 0 2 1 1 2 1 2 2 2 1 2 1 0 1 1 0 1 0 1 1 2
2 0 1 2 2 2 1 1 2 2 0 2 0 0 1 0 0 2 0 1 1 2
1 0 0 1 1 2 1 1 2 2 0 2 0 0 2 0 0 1 2 2 1 1
2 0 1 1 1 1 0 1 2 2 0 2 0 0 2 0 0 2 1 2 2 1
1 0 0 1 2 2 1 0 2 1 0 2 0 1 1 0 0 1 1 1 2 2
2 0 2 1 0 2 0 1 2 2 0 1 1 0 2 1 0 2 1 2 1 2
2 0 2 1 1 2 1 2 2 1 0 1 0 0 2 1 0 2 1 2 2 2
1 0 2 1 1 2 2 1 2 2 0 1 1 0 2 0 0 2 2 1 1 2
1 0 1 2 1 1 2 2 2 2 0 2 0 1 2 0 0 2 1 2 2 2
2 0 0 2 2 2 2 0 2 2 1 1 1 2 1 0 0 0 1 1 1 1
2 1 0 1 1 2 1 1 2 2 1 1 1 2 1 1 0 2 2 1 0 2
2 0 1 1 2 2 1 1 2 2 0 0 1 0 1 0 0 2 1 0 1 2
0 0 0 2 2 1 1 1 2 2 0 2 0 0 2 1 0 2 2 1 2 2
1 0 1 2 0 2 2 0 2 2 1 2 1 0 2 0 0 2 1 1 1 2
1 0 1 1 1 2 2 2 2 2 0 2 1 0 2 0 0 2 2 2 2 1
1 0 0 1 1 1 2 1 2 1 0 2 0 0 1 0 0 2 2 1 2 2
2 0 0 1 0 2 2 1 2 1 0 2 1 0 0 0 0 1 1 1 2 2
1 0 1 1 1 2 1 2 2 2 1 2 0 0 2 0 0 2 1 1 1 2
0 1 0 1 0 2 1 2 2 1 2 1 0 0 2 0 0 0 2 1 1 2
1 1 0 1 1 2 0 1 2 2 0 2 0 1 1 0 1 1 2 1 1 2
1 1 0 2 1 2 0 0 2 2 1 2 1 1 1 0 0 2 2 0 2 2
1 0 0 0 1 2 1 1 2 2 1 2 1 0 1 0 0 2 1 1 1 2
0 1 1 0 0 2 1 1 2 2 0 1 1 0 2 1 0 1 1 1 1 2
1 0 0 1 2 2 1 1 2 2 2 1 0 2 2 1 0 1 2 1 1 2
1 0 0 0 1 2 1 0 2 2 1 2 1 1 1 2 0 1 2 1 1 2
2 0 1 2 2 2 1 0 2 2 0 2 1 0 1 0 0 1 1 2 2 2
2 0 0 2 2 0 1 0 2 2 0 1 0 0 1 0 0 1 2 2 1 1
1 0 1 2 2 2 1 2 2 1 0 1 1 0 2 0 0 1 1 2 1 1
2 0 0 2 1 1 0 1 2 2 0 2 1 0 1 0 0 0 2 2 2 1
1 0 2 2 0 2 1 1 2 2 0 2 0 0 2 1 0 2 1 1 2 0
1 0 0 0 1 1 1 2 2 2 0 2 0 1 2 0 0 1 1 2 2 2
2 0 0 1 1 2 2 2 2 2 0 2 1 0 2 0 0 2 2 2 1 2
2 0 2 2 1 2 2 1 2 1 2 1 0 0 2 0 0 2 2 1 1 2
1 0 0 0 0 1 2 1 2 1 0 2 0 1 1 0 0 2 1 2 1 2
1 0 0 1 1 1 1 2 2 2 0 1 1 0 1 0 0 2 2 1 2 1
2 0 1 2 0 2 0 2 2 2 1 1 0 0 1 0 0 2 1 2 2 2
0 0 1 1 0 2 0 1 2 2 1 0 0 0 2 0 0 1 1 2 2 2
0 0 0 1 1 2 1 1 2 2 1 2 0 0 2 1 0 1 1 1 0 2
0 0 1 1 1 2 1 1 2 2 1 2 0 0 2 2 0 1 2 1 2 1
0 1 1 0 1 2 2 1 2 1 1 2 0 0 2 0 0 2 2 1 1 2
1 0 0 0 1 1 0 2 2 1 0 1 2 0 2 0 0 2 1 2 1 2
1 0 0 2 0 1 1 1 2 2 0 1 0 1 1 0 0 1 2 1 1 1
1 0 1 1 0 2 2 1 2 1 0 2 0 0 2 0 0 1 2 1 2 1
1 0 1 1 0 2 1 2 2 2 0 2 0 0 1 0 0 1 1 2 1 2
0 1 1 2 2 2 1 1 2 2 0 1 0 1 1 1 1 2 2 2 2 2
2 0 0 2 2 1 1 1 2 2 0 2 2 1 0 0 0 1 2 2 2 2
1 0 0 1 0 1 1 1 2 1 1 0 1 0 2 0 0 1 1 2 2 2
2 1 1 1 1 2 1 1 2 1 0 0 0 0 2 0 0 2 1 2 1 2
1 0 1 1 1 1 0 0 2 2 1 2 1 0 2 1 0 2 2 2 2 2
1 0 1 1 2 2 0 1 2 2 0 2 1 0 2 0 0 2 2 2 2 2
2 2 0 2 1 2 0 1 2 2 2 2 0 0 2 1 0 2 1 2 1 2
1 0 1 2 0 2 0 0 2 2 0 2 1 0 2 0 0 2 1 2 2 2
1 0 0 1 1 1 0 0 2 2 0 2 1 0 2 0 0 2 1 1 1 2
1 0 0 1 0 2 0 2 2 1 1 2 1 0 2 0 0 2 1 2 1 2
0 0 1 0 1 1 0 1 2 1 1 2 1 1 2 0 0 1 1 2 2 2
2 0 1 0 2 2 0 2 2 2 0 2 1 1 1 1 0 2 1 1 2 2
1 0 0 0 0 2 0 1 2 1 0 1 1 0 1 1 0 1 2 2 1 2
0 0 0 1 1 2 0 1 2 2 0 2 1 1 2 0 0 2 1 1 1 2
1 0 1 1 0 1 1 0 2 2 0 2 0 0 1 0 0 2 2 1 2 2
1 0 0 0 0 1 2 1 2 2 0 2 0 0 1 0 0 2 2 1 2 2
2 0 1 2 0 1 0 1 2 2 1 1 1 0 1 0 0 2 1 2 2 1
1 1 0 0 1 2 0 1 2 2 1 2 0 0 2 0 0 2 1 0 2 2
2 0 1 0 2 1 1 1 2 1 0 2 1 0 2 0 0 2 2 2 1 1
1 0 0 2 0 2 2 2 2 2 0 1 0 0 2 0 0 1 0 0 1 2
0 0 2 1 1 2 1 1 2 2 0 2 0 0 2 0 0 2 1 2 1 2
1 0 0 2 0 1 2 0 2 2 0 1 0 1 1 0 0 1 1 2 2 2
1 0 0 2 0 2 2 2 2 1 0 1 2 0 1 2 0 2 0 2 2 2
1 0 1 1 2 1 1 1 2 2 0 2 1 0 2 1 0 1 0 1 2 2
2 0 1 2 1 1 1 2 2 1 1 2 1 0 1 0 0 2 1 2 0 2
0 0 0 2 1 2 1 1 2 2 0 2 1 0 2 0 0 1 2 1 2 1
2 0 1 2 1 2 1 0 2 2 0 2 1 0 2 0 0 2 2 2 2 2
0 1 1 2 1 1 1 0 2 2 0 2 0 0 1 0 0 2 2 1 1 2
0 0 1 1 1 2 1 2 2 2 0 2 0 0 2 0 0 2 1 2 2 1
1 1 1 2 0 2 1 1 2 2 0 1 0 0 0 0 0 1 2 1 1 2
1 0 2 2 2 2 1 1 2 1 1 2 0 0 2 0 0 2 1 2 0 2
0 0 1 1 0 2 0 1 2 2 1 0 1 0 1 0 0 2 2 1 2 2
2 0 1 2 1 1 1 2 2 2 0 2 1 0 1 0 0 2 1 2 2 2
1 1 0 2 2 2 0 1 2 2 0 2 0 0 1 1 0 2 2 2 2 2
0 0 1 2 0 2 0 1 2 1 1 2 2 0 2 0 0 2 2 1 1 1
1 0 1 2 2 1 1 1 2 1 0 0 0 0 2 0 0 2 2 1 1 2
1 0 0 0 0 2 1 2 2 1 0 2 0 0 2 0 0 2 1 0 2 2
2 0 1 1 1 2 2 0 2 2 0 2 0 0 1 0 0 1 2 1 2 2
0 0 2 1 0 1 1 1 2 2 1 2 1 0 0 0 0 1 1 1 1 2
1 1 1 0 1 2 1 1 2 2 0 2 0 0 1 0 0 2 1 1 2 2
1 0 1 2 1 2 2 1 2 2 1 1 0 1 1 1 0 1 2 2 2 2
2 1 2 2 0 2 1 1 2 2 1 1 0 0 2 0 0 2 1 1 1 2
1 0 1 1 0 2 0 0 2 2 1 2 1 0 2 0 0 2 2 2 2 2
1 0 1 0 0 2 1 1 2 2 0 2 1 0 1 1 0 2 2 0 1 2
2 0 1 2 0 1 0 0 2 1 0 2 1 0 2 0 0 2 0 1 1 1
1 0 0 1 1 2 0 0 2 1 1 1 0 1 1 0 0 2 0 2 2 2
0 0 0 2 1 1 2 1 2 1 1 2 0 0 2 1 0 1 1 2 1 2
1 0 0 0 2 2 1 2 2 1 0 2 0 0 1 0 0 2 2 2 2 2
2 0 0 0 1 2 1 0 2 1 0 2 1 2 0 0 0 2 1 2 1 1
0 1 0 2 0 2 1 0 2 1 0 1 2 0 2 1 0 1 2 0 1 2
0 1 0 1 2 2 1 0 2 2 0 1 0 0 1 0 0 2 2 2 2 2
2 0 0 1 0 1 0 2 2 1 0 2 0 0 2 2 0 0 1 1 2 2
1 0 1 0 0 1 2 2 2 1 2 2 0 0 1 0 0 1 2 2 2 2
1 1 0 1 0 2 0 1 2 2 0 2 1 0 2 1 0 1 2 1 2 1
1 1 1 1 2 2 0 2 2 2 0 2 0 0 2 0 0 2 2 2 2 2
2 0 1 2 0 2 1 1 2 2 1 2 2 1 2 1 0 2 1 2 1 1
1 0 0 1 1 2 0 2 2 2 0 2 0 1 2 1 0 2 2 1 2 2
0 0 0 2 1 2 0 1 2 2 0 2 1 1 2 1 0 2 2 2 1 1
0 0 1 0 1 2 0 1 2 2 1 1 0 0 2 0 0 2 1 1 2 2
2 0 0 2 1 2 1 1 2 2 0 2 1 1 1 1 0 2 2 0 2 2
1 0 0 0 2 2 1 1 2 2 0 1 0 1 2 1 0 1 1 2 2 2
1 1 1 0 2 1 0 0 2 1 1 2 0 1 2 1 0 2 1 1 1 2
1 0 1 1 2 1 0 0 2 1 1 2 0 0 1 1 0 2 2 2 2 2
0 1 1 2 0 2 0 2 2 1 0 2 0 0 2 0 0 1 2 1 1 2
0 0 0 1 0 0 0 0 2 2 2 2 0 0 1 1 0 2 1 1 2 2
1 0 0 1 1 2 0 2 2 1 1 1 1 0 2 1 0 2 2 2 2 2
1 1 0 1 1 2 0 0 2 2 0 2 0 1 2 0 0 2 1 2 0 2
0 0 1 2 1 2 1 1 2 1 0 2 0 1 1 1 0 2 2 2 0 1
0 0 1 2 0 2 0 2 2 2 0 2 0 0 1 1 1 1 1 2 1 2
0 0 2 1 1 2 0 1 2 2 0 2 0 0 1 1 0 2 2 2 2 1
1 0 0 1 1 2 1 2 2 2 1 0 0 1 2 0 0 1 2 2 2 2
2 0 1 1 2 2 0 2 2 1 1 2 0 0 1 0 0 0 1 1 1 1
0 1 0 1 1 2 0 1 2 1 0 0 0 0 2 1 0 2 1 1 1 1
0 0 1 1 1 2 0 1 2 2 1 2 0 0 1 0 0 0 1 2 1 2
0 0 1 1 2 0 1 2 2 2 0 2 1 1 2 0 0 2 2 0 2 2
1 0 0 1 1 2 0 2 2 2 0 1 0 0 2 0 0 2 2 2 2 2
1 0 0 1 1 2 1 2 2 2 0 2 1 1 1 0 0 0 1 2 1 2
1 1 0 1 2 2 1 0 2 2 0 2 0 0 1 2 0 2 1 2 0 2
2 0 2 0 1 0 0 1 2 2 1 1 1 0 1 0 0 2 1 2 2 2
0 0 1 2 2 2 1 0 2 2 1 1 0 1 1 0 0 1 1 1 1 2
2 0 0 2 1 2 2 1 2 2 0 2 0 0 2 0 0 2 2 1 1 1
1 1 1 2 0 2 1 2 2 2 2 2 0 0 1 0 1 2 0 1 1 2
1 0 0 1 2 2 1 1 2 2 1 2 0 0 1 0 0 2 2 1 2 2
2 0 0 1 2 1 1 2 2 2 1 1 0 0 1 0 0 2 2 1 2 2
1 1 1 1 2 0 0 2 2 1 0 1 0 0 2 0 0 2 2 2 1 2
0 1 1 0 1 2 1 2 2 2 0 1 2 1 1 1 0 0 2 1 1 2
1 0 0 0 0 2 0 0 2 2 1 2 1 0 2 1 0 1 1 2 2 2
0 1 1 1 1 2 0 1 2 2 0 1 0 0 2 0 0 2 1 0 1 2
0 1 1 2 2 2 1 1 2 2 0 1 1 0 2 0 0 2 1 2 1 2
2 0 0 1 2 1 0 1 2 2 1 1 0 0 2 1 0 2 1 2 2 2
1 0 1 1 0 1 2 1 2 2 1 1 0 1 2 1 0 2 1 1 1 2
2 0 0 1 0 2 1 2 2 2 0 2 0 0 2 0 1 1 2 1 2 1
0 0 1 0 1 1 1 1 2 1 1 2 2 1 1 0 0 1 2 1 1 1
1 0 0 0 1 1 1 1 2 2 0 2 0 1 2 0 0 2 1 1 2 1
1 0 1 1 1 2 0 0 2 2 1 1 0 0 1 0 0 2 2 2 1 2
1 0 1 1 2 1 0 0 2 1 0 1 0 0 1 0 0 2 2 1 2 2
1 0 0 1 1 0 1 2 2 2 0 2 0 0 2 1 0 0 1 2 1 2
1 0 1 0 1 2 0 2 2 1 0 2 0 2 1 0 0 1 1 1 1 2
1 0 0 1 0 1 0 1 2 2 0 2 0 0 1 1 0 2 0 1 1 2
1 0 0 1 1 2 1 1 2 0 0 1 2 0 2 1 0 2 2 2 1 2
1 0 0 2 2 2 2 1 2 2 1 2 1 1 2 1 0 0 1 1 0 2
1 1 0 1 2 2 1 0 2 2 0 2 2 1 2 1 0 2 2 1 2 1
0 1 0 2 1 0 1 2 2 2 0 2 0 0 2 1 0 2 1 1 2 2
0 0 1 1 1 2 0 1 2 1 0 1 0 1 1 0 0 2 2 1 1 1
1 0 1 1 0 2 0 1 2 1 1 1 1 0 1 1 0 1 1 1 0 2
1 0 1 2 1 2 0 1 2 2 0 2 0 0 2 0 0 2 0 1 2 2
1 2 1 1 1 2 0 1 2 2 1 2 2 0 1 2 0 2 1 1 2 2
1 0 0 1 1 2 1 0 2 2 1 2 2 0 2 0 0 2 2 2 1 2
1 0 1 1 2 2 1 2 2 2 2 1 0 0 2 0 0 2 2 0 1 1
0 0 0 0 1 2 0 0 2 1 0 2 0 0 2 2 0 2 1 1 2 2
1 0 2 2 1 1 1 1 2 1 0 2 1 0 2 0 1 2 1 2 1 2
1 0 1 2 2 2 2 1 2 2 0 1 1 0 1 1 0 2 2 2 2 2
2 0 2 1 1 2 1 0 2 2 0 2 1 1 1 1 0 1 2 1 2 2
2 0 0 2 1 0 1 2 2 2 0 2 1 0 2 0 0 2 1 2 0 2
1 0 1 1 1 2 1 1 2 2 2 2 0 0 2 0 1 2 2 2 1 2
1 0 0 1 2 2 0 0 2 1 0 2 2 0 1 1 0 2 2 1 2 1
1 0 0 2 1 2 1 1 2 2 0 2 0 0 0 1 0 1 1 1 2 2
2 0 1 1 1 2 0 0 2 2 1 1 0 1 2 0 0 0 1 2 1 2
1 0 0 2 2 2 0 1 2 1 1 0 1 1 2 1 0 1 2 1 2 2
0 2 0 1 0 2 0 1 2 0 0 2 0 0 1 1 0 2 2 0 2 2
2 0 2 0 1 1 0 2 2 2 0 2 0 0 2 1 0 1 2 1 0 2
2 0 1 0 2 2 0 0 2 2 1 2 0 2 2 2 0 2 1 1 2 2
0 1 0 1 2 1 2 1 2 1 2 2 1 0 1 1 0 1 1 2 2 2
2 0 1 1 2 2 2 0 2 2 0 2 0 1 2 1 0 2 2 2 2 2
2 1 0 0 1 2 0 1 2 1 1 1 0 0 2 1 0 2 2 1 2 2
2 0 0 1 0 1 1 1 2 2 0 2 0 0 2 1 0 2 2 0 2 2
1 0 1 2 2 1 0 0 2 2 0 2 1 0 2 0 0 0 1 1 1 1
2 1 0 1 1 2 1 2 2 2 0 2 0 0 1 1 0 2 1 1 2 2
2 0 0 1 1 2 2 1 2 2 0 1 0 0 1 0 0 2 2 1 1 2
2 0 1 2 1 1 0 0 2 1 1 2 0 0 1 0 0 1 2 2 0 2
2 0 1 2 2 1 1 1 2 2 0 2 0 0 2 0 0 2 0 2 2 2
2 1 1 1 0 2 0 2 2 2 0 1 0 0 1 1 0 1 2 1 1 2
1 2 1 0 2 2 1 2 2 2 0 2 0 0 1 0 0 2 2 2 2 2
1 0 1 2 1 0 0 1 2 2 0 1 1 0 2 0 0 1 0 1 1 2
2 0 2 0 0 2 2 1 2 2 1 2 0 1 2 0 0 1 2 2 2 2
1 1 0 1 1 1 0 2 2 1 0 0 0 0 1 0 0 1 1 1 1 2
2 0 1 0 1 2 1 2 2 2 0 2 0 0 1 1 0 2 1 2 2 2
0 0 1 2 0 2 1 1 2 2 1 2 2 0 2 2 0 2 2 2 2 2
1 1 1 1 1 2 1 0 2 1 1 2 1 0 1 0 0 0 2 0 2 2
0 0 1 1 1 1 0 0 2 2 0 2 0 0 1 0 0 2 2 1 2 2
2 1 1 1 1 2 1 1 2 2 0 1 0 1 2 0 0 1 2 2 0 2
1 0 1 2 1 2 0 2 2 2 2 2 1 0 1 0 0 2 1 2 0 2
1 0 0 2 1 2 1 1 2 2 0 2 0 0 2 0 0 1 1 1 2 2
0 0 2 1 1 2 0 2 2 1 0 1 0 2 2 0 0 2 1 1 2 2
0 0 1 2 0 2 2 2 2 2 1 1 0 0 1 0 0 1 2 2 2 2
1 0 0 0 1 2 1 2 2 2 0 2 0 0 2 1 0 2 1 1 1 2
1 0 0 1 1 1 1 0 2 1 0 1 0 0 2 1 1 2 2 2 2 2
0 0 1 1 0 1 1 1 2 2 0 2 0 0 0 0 0 1 2 1 2 2
1 0 1 1 1 1 0 0 2 2 2 2 0 0 2 0 0 2 2 2 1 1
1 0 0 1 0 2 0 0 2 2 1 2 1 0 2 1 0 2 2 2 2 2
0 0 1 1 1 2 1 2 2 2 1 1 0 0 0 1 0 2 1 2 2 2
1 0 0 0 0 2 2 2 2 2 0 2 1 0 1 1 0 1 2 1 2 1
2 1 0 1 0 1 2 1 2 1 0 1 0 0 2 0 0 2 2 2 1 2
0 0 0 1 1 2 1 0 2 1 0 1 0 0 2 1 0 2 2 1 1 2
0 1 0 1 1 1 1 0 2 2 0 2 1 1 2 0 0 2 2 1 2 2
1 1 1 1 2 1 1 2 2 2 1 2 0 1 2 0 0 2 1 1 2 2
1 0 0 1 0 2 1 2 2 2 0 1 0 0 2 0 0 2 1 2 0 2
0 0 1 1 0 1 2 1 2 1 0 1 0 0 1 0 0 2 2 1 2 1
2 0 2 1 1 1 0 1 2 2 1 1 0 0 2 0 0 0 1 2 2 2
2 0 1 1 1 2 0 0 2 1 0 2 0 0 1 0 0 2 2 2 2 2
2 0 2 1 2 1 0 0 2 1 0 1 0 2 1 0 0 1 0 1 1 0
0 0 1 1 0 2 1 2 2 2 0 1 0 0 1 0 0 2 2 2 1 2
1 0 1 2 0 2 1 0 2 1 0 1 1 1 2 0 0 2 1 2 2 2
2 0 0 0 1 0 2 1 2 2 0 1 0 0 2 1 0 2 1 2 2 2
1 0 0 1 1 2 0 1 2 1 1 2 0 1 2 0 0 1 2 2 2 2
2 0 1 2 1 2 1 0 2 2 1 2 0 0 2 0 0 1 1 1 2 2
1 1 1 2 1 2 0 2 2 2 0 2 0 0 2 0 0 2 2 0 1 2
0 2 2 1 1 2 1 1 2 1 0 2 1 0 2 0 0 2 1 1 2 1
0 0 1 1 1 2 0 1 2 1 2 1 1 0 1 0 0 2 2 0 2 2
0 0 1 1 1 2 0 1 2 2 0 2 0 0 0 0 0 1 2 0 1 2
0 1 1 1 0 2 0 2 2 1 0 2 0 1 2 1 0 2 1 1 1 2
1 0 0 1 0 1 1 1 2 2 1 2 1 0 1 0 1 2 1 1 1 2
1 0 1 0 0 1 0 0 2 1 1 2 0 1 2 0 0 2 2 1 2 2
1 0 0 1 1 2 0 0 2 1 1 2 1 0 2 0 0 1 1 2 1 2
2 0 1 1 1 2 0 2 2 2 1 1 0 0 2 0 0 1 2 0 1 2
1 0 0 1 1 2 1 1 2 2 1 1 0 0 2 0 0 2 2 1 1 2
1 0 1 1 1 2 1 2 2 2 1 2 0 0 2 1 0 2 0 2 0 2
1 0 1 1 1 2 1 2 2 2 0 2 1 1 1 0 0 1 2 0 2 1
2 0 0 1 0 2 2 1 2 2 0 1 0 0 1 0 0 2 2 1 2 2
0 0 1 1 0 2 0 1 2 2 2 1 0 0 1 0 0 2 0 1 1 2
2 1 0 2 0 1 1 1 2 2 0 2 0 0 2 0 0 1 0 0 2 2
0 1 1 1 0 1 1 0 2 2 0 2 0 0 2 1 0 1 1 2 2 1
1 1 0 2 1 1 1 0 2 1 1 2 1 0 1 0 0 2 1 2 2 2
1 0 1 1 1 1 0 0 2 2 0 0 0 0 0 0 0 2 0 1 1 2
1 0 1 2 1 2 0 2 2 2 0 2 0 0 0 1 0 0 1 2 2 2
1 1 1 2 0 2 1 0 2 1 0 2 0 0 1 1 0 1 2 1 2 2
1 2 0 2 0 2 0 2 2 2 0 2 0 1 2 0 0 1 2 2 2 2
1 0 0 1 0 2 0 1 2 1 0 1 1 0 2 1 0 1 2 2 2 2
2 0 0 2 0 1 1 1 2 2 1 1 0 1 2 1 0 1 2 1 2 2
0 0 0 2 1 2 0 2 2 2 1 1 0 1 2 0 0 1 2 2 1 2
0 0 1 2 1 2 2 2 2 1 0 1 0 0 2 0 0 1 2 1 2 2
1 0 1 1 2 2 2 1 2 2 1 1 1 1 2 0 0 1 2 2 2 2
1 0 0 1 1 1 0 1 2 1 0 1 2 0 2 1 0 0 2 2 2 1
1 0 1 2 0 1 1 0 2 2 0 1 1 2 2 1 0 2 1 2 2 1
2 0 1 1 2 0 2 1 2 2 0 1 1 0 2 0 0 2 1 2 2 2
2 0 1 1 0 1 0 1 2 2 0 1 0 1 1 0 0 1 2 2 1 1
2 0 0 2 1 0 2 1 2 2 1 1 0 0 2 0 0 2 1 2 2 2
2 0 1 1 1 2 0 1 2 0 0 0 1 0 2 0 0 2 1 1 2 2
1 0 1 0 1 1 2 2 2 2 0 2 1 0 2 1 0 2 0 2 2 2
1 0 0 1 0 2 0 2 2 1 1 2 0 0 0 0 0 2 2 1 1 2
1 0 0 1 1 2 1 1 2 0 0 2 0 0 2 1 0 1 1 1 1 2
2 0 0 0 0 2 2 0 2 2 0 1 1 0 0 1 0 2 1 2 1 1
1 1 1 2 0 1 1 1 2 1 1 2 0 0 2 0 0 2 1 0 0 1
0 0 1 2 1 1 1 0 2 2 0 1 2 1 2 1 0 1 1 1 1 2
1 1 0 2 1 2 0 1 2 2 0 1 0 0 2 0 0 2 1 2 1 2
1 0 0 2 2 1 0 0 2 0 1 1 0 0 2 0 0 2 0 1 1 2
1 0 0 0 1 0 0 1 2 2 0 1 0 0 2 0 0 1 2 2 2 2
1 0 1 0 1 2 1 1 2 1 0 1 1 0 1 1 0 2 1 2 1 2
1 0 1 0 1 2 0 1 2 1 0 1 1 0 0 0 0 2 1 2 1 2
1 0 1 1 1 1 1 1 2 2 0 1 1 0 2 1 0 0 1 1 1 2
1 0 0 0 1 2 2 1 2 1 1 1 0 0 2 0 0 1 2 2 2 2
1 2 0 1 0 2 1 1 2 2 1 2 1 0 2 0 0 2 2 1 1 2
0 0 0 1 0 1 0 0 2 1 0 2 1 0 1 0 0 2 2 1 1 2
1 1 1 1 1 2 1 1 2 2 1 2 0 0 1 1 0 1 2 2 0 2
0 0 2 2 0 2 1 1 2 2 1 1 1 0 2 0 0 2 0 1 1 2
0 1 1 1 1 1 1 1 2 2 0 1 0 1 2 1 0 2 1 2 2 1
1 0 1 2 0 1 0 0 2 1 0 1 1 0 2 1 0 2 0 1 1 2
1 0 0 2 2 2 2 1 2 2 0 2 0 0 0 1 0 2 2 2 2 2
1 0 0 2 1 2 0 1 2 1 1 2 0 0 2 0 0 2 2 1 2 2
2 0 0 2 2 2 0 1 2 2 0 1 0 0 2 1 0 2 2 1 2 2
1 0 0 0 1 1 0 1 2 2 1 1 0 0 2 1 0 0 2 2 2 1
1 0 0 1 2 1 2 1 2 2 1 2 0 0 2 0 0 2 2 1 1 2
1 1 2 2 2 2 0 1 2 2 0 2 1 1 2 0 0 2 1 2 1 2
2 0 0 1 1 2 0 1 2 2 0 2 0 0 2 0 0 2 1 1 1 2
2 0 0 0 1 2 0 1 2 2 0 2 1 1 2 0 0 2 2 1 2 1
0 0 1 1 1 2 0 1 2 1 0 2 0 0 0 0 0 2 0 2 1 2
1 2 0 2 2 2 1 0 2 2 0 2 1 0 2 0 0 2 2 1 2 1
1 0 1 1 1 2 1 2 2 2 0 1 0 0 1 0 0 2 0 1 2 2
1 0 1 1 1 1 1 2 2 1 1 2 1 0 2 1 0 2 1 1 1 2
0 0 1 2 0 2 0 1 2 2 0 2 0 0 2 1 0 2 2 2 2 1
1 0 0 0 2 1 1 2 2 1 0 2 0 0 2 1 0 2 1 1 0 2
1 0 2 0 0 0 0 2 2 1 0 1 0 0 2 0 0 2 2 2 0 2
1 0 0 1 1 1 1 2 2 2 0 1 0 0 2 0 0 2 2 0 1 2
1 1 0 0 1 1 1 2 2 2 0 1 1 0 2 1 0 2 0 0 1 2
2 1 0 0 1 2 0 2 2 2 1 2 0 0 2 0 0 2 2 1 2 2
2 1 1 0 0 1 1 1 2 2 1 1 0 0 1 1 0 2 2 2 2 2
1 0 1 1 2 2 1 0 2 2 1 2 0 0 2 2 0 2 2 2 2 1
1 0 0 2 0 2 0 1 2 2 1 2 1 0 2 0 0 2 0 0 2 2
1 1 0 2 0 2 0 2 2 1 0 2 0 1 2 0 0 2 1 1 2 2
1 0 1 2 0 1 0 0 2 2 0 2 0 0 2 0 0 2 1 1 1 2
1 0 1 0 1 2 1 0 2 2 0 1 1 1 1 1 0 2 2 1 0 2
1 0 0 1 2 2 1 1 2 2 0 1 1 1 1 0 0 1 2 0 1 2
0 0 0 1 0 2 0 2 2 2 1 2 1 2 2 0 0 2 2 1 1 2
2 1 1 1 1 1 1 1 2 2 1 2 2 0 2 0 0 1 1 2 2 2
2 1 0 2 1 2 0 0 2 2 1 2 0 1 1 2 0 1 1 0 2 2
1 0 1 2 1 1 0 1 2 2 0 1 0 0 1 0 0 2 2 1 1 2
1 0 2 1 2 2 0 2 2 1 0 2 0 0 1 1 0 2 2 2 0 2
0 0 0 1 0 2 1 1 2 2 1 2 1 0 2 1 0 1 1 2 2 1
1 0 1 1 2 1 1 1 2 1 0 1 0 0 2 0 0 2 2 2 2 2
1 0 1 0 1 0 1 1 2 2 1 2 0 1 1 0 0 2 2 1 2 2
1 0 0 1 1 2 0 0 2 2 0 2 2 0 0 0 0 2 1 1 2 2
0 0 0 1 2 2 0 1 2 1 0 2 1 0 2 1 0 0 2 2 2 2
0 0 2 1 0 2 1 0 2 2 1 2 0 2 1 1 0 2 1 2 1 2
1 0 1 2 1 2 2 2 2 2 0 1 0 0 2 0 0 2 2 2 2 2
1 1 0 0 0 2 1 1 2 2 1 2 1 0 0 1 0 1 1 2 1 1
2 0 0 0 0 2 0 2 2 2 1 1 0 0 2 1 0 2 1 2 1 2
1 0 2 2 1 2 0 1 2 1 0 2 1 0 2 0 0 1 2 1 2 2
0 0 2 0 0 2 0 1 2 2 0 2 0 1 2 0 0 2 1 1 2 2
1 0 1 1 1 2 1 1 2 1 0 1 0 2 1 0 0 2 1 2 2 2
2 0 0 2 0 2 2 2 2 2 1 2 0 1 1 1 0 2 0 2 2 1
1 0 1 2 0 2 0 2 2 2 1 2 0 0 2 0 0 1 0 1 2 2
2 1 1 1 1 2 0 1 2 2 0 1 0 0 2 1 0 2 2 0 2 2
0 0 0 1 0 1 2 1 2 1 0 1 0 0 2 1 0 2 0 1 2 1
2 0 1 2 0 1 1 1 2 2 1 1 1 1 2 1 0 2 2 2 1 2
0 0 0 0 0 1 1 1 2 2 1 2 0 0 2 1 0 2 2 2 2 2
1 0 1 0 1 2 0 2 2 2 0 2 0 0 1 1 0 1 1 0 2 2
1 0 1 2 0 1 2 2 2 1 0 2 1 1 2 0 0 2 2 1 2 2
2 0 0 2 1 1 2 1 2 1 0 1 0 1 2 1 0 2 1 2 1 2
2 0 0 0 0 2 1 1 2 2 0 2 0 1 1 0 0 2 1 0 2 2
2 1 0 1 2 2 0 2 2 2 0 2 1 0 1 2 0 1 1 2 2 2
0 0 1 1 1 2 1 1 2 2 0 2 0 0 2 0 0 2 1 2 2 2
0 0 1 1 1 2 0 2 2 2 2 1 0 0 2 1 0 2 1 2 1 2
0 0 1 1 2 1 1 0 2 1 1 2 0 0 2 0 0 1 1 2 0 2
2 0 0 1 1 1 0 0 2 1 1 2 0 0 1 0 0 2 1 1 2 1
1 0 1 0 0 2 2 1 2 2 1 1 0 1 1 0 0 2 1 2 2 1
2 0 0 2 1 2 1 1 2 2 0 2 2 1 1 0 0 1 1 1 2 2
2 1 0 1 1 2 0 2 2 2 0 2 0 0 2 1 0 1 2 0 1 2
1 0 0 2 1 1 2 0 2 2 0 2 1 0 0 0 0 2 0 1 1 2
0 1 1 2 1 2 1 1 2 2 0 2 2 1 1 1 0 2 1 1 2 2
1 1 1 1 0 1 1 2 2 2 0 2 1 1 1 0 0 2 2 2 2 1
1 0 0 1 0 2 1 1 2 2 0 2 1 1 1 2 0 1 1 1 2 2
2 0 0 1 1 2 1 0 2 2 0 2 0 0 1 1 0 2 2 1 1 1
2 0 0 2 1 2 0 0 2 2 0 2 0 0 1 0 0 0 1 2 1 2
1 1 1 2 1 2 0 1 2 2 0 2 0 1 1 0 0 2 1 2 1 2
0 0 1 1 1 2 1 1 2 1 1 2 0 0 1 1 0 2 2 1 1 2
2 0 0 1 2 2 0 2 2 1 1 2 1 0 1 0 0 2 2 2 2 2
1 0 2 0 2 2 0 1 2 2 0 2 0 1 1 0 0 1 1 1 2 1
1 0 1 2 1 1 0 1 2 2 0 2 0 1 2 0 0 1 2 1 2 2
1 0 1 1 0 2 0 2 2 1 1 2 0 0 2 0 0 2 2 0 2 1
1 1 1 2 2 2 0 2 2 2 0 2 0 0 1 0 0 2 2 1 2 2
1 0 0 1 1 2 1 1 2 2 0 1 1 1 1 0 0 1 2 1 1 2
2 0 1 0 0 1 0 1 2 2 1 2 1 0 2 0 0 1 1 2 2 2
2 0 0 0 0 2 0 1 2 2 0 2 1 0 2 0 0 1 2 1 1 2
1 0 0 0 2 2 2 1 2 2 0 2 1 0 2 0 0 2 1 0 2 2
2 1 2 1 1 2 1 0 2 1 0 2 0 0 2 1 0 2 2 1 0 2
2 0 1 0 1 1 1 0 2 2 1 2 0 0 2 1 0 2 1 1 1 2
1 0 2 1 2 1 0 1 2 1 0 1 0 1 2 1 0 1 2 2 2 2
1 0 0 1 1 2 1 0 2 1 0 1 1 0 2 1 0 2 2 1 2 2
2 0 1 1 1 1 1 2 2 2 0 2 0 0 1 0 0 0 2 1 2 2
2 1 1 2 2 2 1 2 2 2 1 2 0 0 1 1 0 1 2 0 2 2
1 0 0 1 2 1 2 2 2 2 0 1 1 1 0 1 0 1 2 0 2 2
2 0 0 1 1 2 0 0 2 2 0 2 0 1 2 0 0 2 2 1 1 2
2 0 0 1 2 2 1 2 2 2 1 2 0 0 2 1 0 2 1 2 2 1
0 0 0 0 2 2 0 2 2 1 0 2 1 0 2 0 0 1 1 1 2 1
0 0 1 2 1 2 2 1 2 2 1 2 0 0 0 0 0 2 2 2 2 1
2 0 0 1 0 1 1 1 2 1 1 1 0 0 1 0 0 2 1 2 1 2
0 0 2 0 1 2 0 0 2 2 0 2 2 1 1 0 1 2 2 2 2 2
2 0 2 2 0 2 1 0 2 2 1 2 0 0 1 0 0 2 1 2 2 1
1 0 2 1 1 2 0 1 2 2 0 1 0 1 2 1 0 1 2 2 1 2
2 0 0 1 1 1 0 2 2 2 0 2 0 1 1 0 0 2 1 1 1 2
1 1 1 1 1 1 1 1 2 2 2 2 0 0 2 2 0 1 2 1 0 1
0 1 0 1 0 2 1 2 2 2 0 2 0 0 2 0 0 2 1 2 1 2
2 0 1 1 0 2 0 2 2 2 1 2 0 0 1 0 0 1 2 1 2 2
2 0 0 1 0 2 0 2 2 2 0 1 1 0 1 0 0 1 1 2 1 2
1 1 0 1 0 2 0 1 2 2 0 1 0 0 2 0 0 1 1 1 2 2
2 0 1 1 1 1 0 1 2 2 1 2 1 0 2 1 0 2 2 1 2 2
2 0 0 1 1 2 1 2 2 2 1 2 0 0 2 0 0 2 2 1 2 2
2 0 0 2 0 2 1 0 2 2 1 2 0 0 2 0 0 1 2 2 2 2
1 0 0 2 1 2 0 1 2 2 0 2 2 0 2 2 0 1 0 2 1 2
0 0 1 1 1 2 2 2 2 2 0 2 0 0 2 1 0 1 2 0 2 2
1 0 0 0 1 2 1 1 2 2 1 1 1 0 1 0 0 2 1 2 2 2
0 0 1 1 1 2 0 1 2 2 0 2 1 0 1 2 0 2 1 0 2 2
0 0 0 2 1 2 1 2 2 2 0 2 0 1 1 2 0 1 1 1 2 2
0 0 1 1 1 2 0 2 2 1 0 1 0 1 2 0 0 1 1 1 2 2
0 0 0 0 1 2 1 1 2 2 1 1 1 0 2 0 0 2 0 2 2 2
1 0 1 0 2 2 1 1 2 2 0 2 1 0 2 0 0 2 2 2 1 2
1 0 1 0 0 2 1 2 2 2 0 1 1 0 1 0 0 1 1 1 2 2
1 1 2 2 2 2 2 0 2 2 0 2 0 0 2 1 0 2 2 0 2 2
0 0 0 2 1 2 0 2 2 1 0 2 0 2 1 1 0 1 1 1 2 2
1 0 0 1 1 1 1 2 2 2 1 2 1 0 1 0 0 1 2 2 1 2
1 0 0 1 2 2 0 1 2 2 0 2 1 0 2 0 0 1 2 1 2 2
1 0 0 1 1 2 0 2 2 2 0 1 1 0 2 2 0 2 1 0 1 2
1 0 0 0 1 2 1 0 2 2 0 1 0 0 1 0 0 2 2 2 2 2
1 0 0 1 2 2 0 0 2 2 0 2 1 1 1 0 0 1 1 1 1 1
2 0 0 1 1 1 2 2 2 1 1 1 0 0 2 1 0 2 2 0 1 2
1 0 1 1 2 2 0 2 2 2 1 2 0 0 2 1 0 0 0 0 0 2
1 0 0 0 0 2 0 2 2 2 1 1 0 0 2 1 0 0 0 1 2 2
2 0 0 2 0 1 0 1 2 2 2 0 0 1 2 0 0 2 1 1 2 2
2 0 1 0 0 2 1 1 2 2 0 1 2 1 1 1 0 2 1 1 2 2
1 0 1 1 0 1 1 1 1 2 1 2 0 0 2 2 0 2 2 1 2 2
0 0 0 1 0 2 1 2 2 1 1 2 0 0 2 1 0 2 2 1 1 2
1 0 0 1 1 2 2 1 2 2 1 1 0 0 2 1 0 1 1 2 0 2
2 1 1 2 2 1 0 0 2 2 0 1 1 1 2 0 0 2 2 2 2 2
1 0 0 1 1 2 2 1 2 1 0 2 1 0 2 1 0 1 1 2 1 2
1 1 1 1 0 2 0 2 2 1 0 2 0 0 2 0 0 2 2 1 2 1
0 0 1 2 0 2 0 1 2 2 1 2 1 0 1 0 0 1 2 2 1 2
1 0 1 1 1 1 0 2 2 2 0 2 1 0 1 1 0 2 2 2 2 2
2 0 0 1 0 2 1 2 2 2 0 2 1 1 2 0 0 2 1 2 2 2
1 1 1 1 0 2 1 2 2 2 1 2 0 0 1 1 0 2 2 1 2 2
2 0 1 1 1 2 0 1 2 1 1 1 0 0 2 1 0 0 2 2 1 2
1 0 1 2 1 2 1 1 2 2 1 1 0 1 2 1 0 2 1 0 1 2
1 0 1 1 0 2 0 2 2 1 1 1 0 1 2 1 0 2 2 2 2 1
0 0 0 1 1 1 1 1 2 1 0 1 1 0 2 0 0 1 1 2 2 2
2 0 1 1 1 1 1 2 2 2 0 2 0 1 2 0 0 1 1 2 2 1
1 0 1 2 0 2 2 1 2 2 1 1 0 1 1 1 0 2 1 0 2 1
1 0 0 2 1 2 0 0 2 1 0 1 0 1 2 1 0 1 1 2 1 2
2 0 1 2 0 2 1 1 2 2 1 2 0 0 1 0 0 1 1 2 1 2
1 0 0 0 0 2 0 2 2 2 1 1 0 1 2 0 0 2 1 1 2 2
1 0 1 1 0 1 1 0 2 2 0 2 2 0 2 1 0 1 2 1 2 2
1 0 1 0 0 1 1 1 2 2 1 0 0 0 1 0 0 1 1 0 1 2
2 0 1 0 0 2 1 0 2 2 0 2 1 0 2 1 0 1 2 2 1 2
2 1 0 0 2 1 1 1 2 2 2 1 2 0 1 1 0 2 1 1 2 2
1 0 1 1 1 2 0 2 2 2 0 1 0 1 2 0 0 1 1 2 2 2
2 1 1 1 1 2 0 2 2 2 0 2 0 0 1 0 0 1 1 2 1 2
2 0 0 1 0 2 1 1 2 2 0 2 0 0 1 0 0 1 2 1 2 1
1 2 0 1 1 1 0 2 2 2 0 1 1 0 0 1 0 2 2 2 1 2
2 0 1 0 1 1 1 1 2 2 0 2 2 0 2 0 0 1 1 0 2 2
1 1 0 1 1 2 1 1 2 2 0 2 0 1 2 1 0 2 1 1 2 2
0 0 1 0 1 1 1 1 2 1 1 2 1 0 0 1 0 1 2 1 1 2
1 0 0 2 1 2 2 0 2 2 0 2 0 1 2 1 0 2 1 2 2 2
0 0 1 0 2 2 0 0 2 2 0 2 0 0 1 0 0 0 1 2 2 2
0 0 0 1 1 2 1 0 2 2 2 2 1 0 2 0 0 1 2 1 2 2
0 0 2 1 2 2 2 1 2 2 0 2 0 0 1 2 0 2 1 2 2 2
2 0 0 0 1 2 1 1 2 1 0 2 0 0 2 2 0 1 1 2 2 1
1 0 1 1 2 1 0 1 2 2 2 2 1 1 2 0 0 1 1 1 2 2
1 0 1 2 0 2 0 1 2 2 0 1 0 1 1 0 0 2 2 2 2 2
0 0 2 2 1 2 1 2 2 2 1 2 0 0 2 1 0 1 1 2 2 2
0 1 0 2 1 1 1 2 2 2 0 2 0 0 2 1 0 1 1 1 2 2
0 0 0 1 1 2 2 0 2 2 0 1 0 0 1 0 0 2 2 2 2 2
0 0 2 2 1 2 0 1 2 1 1 2 0 0 2 1 0 1 2 2 2 2
1 0 1 1 0 1 1 1 2 2 1 1 0 0 2 0 0 2 1 1 1 2
2 0 1 1 1 2 0 2 2 1 0 2 0 0 2 1 0 1 1 2 1 2
1 1 1 2 0 1 1 2 2 1 1 2 1 0 1 0 0 2 1 0 1 1
1 1 2 1 0 2 0 0 2 2 0 2 0 1 1 0 0 1 2 1 1 2
0 0 1 2 1 1 1 1 2 2 0 1 0 0 2 2 0 2 1 2 2 2
2 0 1 0 1 2 2 1 2 2 1 2 0 0 2 0 0 2 2 1 1 2
1 0 0 2 0 1 2 1 2 2 0 1 0 0 2 1 0 2 2 2 1 1
2 0 0 0 0 1 0 2 2 2 1 2 1 0 2 0 0 2 2 1 2 2
0 0 2 2 1 2 0 0 2 2 0 2 1 0 1 1 0 2 1 2 2 2
0 1 0 1 0 1 0 1 2 2 0 1 1 0 1 0 0 1 0 2 2 2
0 0 1 1 2 1 0 2 2 1 0 2 0 0 2 0 0 2 2 1 2 2
0 0 0 0 0 2 1 1 2 1 0 2 1 1 2 0 0 2 1 1 2 2
0 1 0 1 1 1 1 1 2 1 0 2 0 0 1 0 0 2 2 1 2 2
1 0 1 0 0 2 1 0 2 2 1 2 0 0 2 0 0 1 1 1 2 2
1 0 1 1 2 1 1 2 2 2 0 1 0 0 2 0 0 1 2 2 2 2
0 0 2 1 0 2 0 2 2 2 1 2 0 0 1 2 0 1 2 2 0 2
1 0 1 1 0 2 0 0 2 2 0 2 0 1 1 1 1 1 1 2 2 1
0 0 0 1 1 2 0 1 2 0 0 1 0 0 2 1 0 2 2 1 1 2
0 1 0 1 2 2 0 0 2 2 1 2 0 0 2 0 0 1 2 2 1 2
2 1 0 0 0 2 1 2 2 2 0 2 0 0 2 0 0 2 1 2 2 0
0 0 1 1 1 1 2 1 2 2 0 1 1 1 1 1 0 1 2 1 2 2
1 0 0 0 0 2 1 1 2 2 0 2 1 0 1 0 0 2 2 2 2 2
1 0 1 0 1 2 1 2 2 2 0 2 1 0 1 1 0 1 2 1 2 1
0 0 1 2 1 2 1 1 2 2 0 1 0 0 2 0 0 2 1 2 2 2
0 1 1 2 1 2 0 1 2 2 1 2 0 0 1 0 0 1 2 2 1 2
1 0 0 2 0 2 0 2 2 2 0 1 1 0 1 1 0 1 2 2 1 2
1 0 1 0 1 2 1 1 2 2 0 1 2 0 1 0 0 2 2 0 2 2
1 0 0 2 0 2 0 0 2 1 1 2 0 0 2 0 0 2 0 2 1 1
1 1 1 1 0 2 1 0 2 2 1 2 0 0 2 0 0 2 1 2 1 1
2 1 1 1 0 2 0 1 2 2 0 1 2 0 2 0 0 1 2 1 2 2
0 0 0 2 1 1 0 1 2 2 1 2 1 0 0 0 0 2 1 1 2 2
1 0 0 1 1 1 0 1 2 2 1 2 0 1 1 0 0 2 2 1 2 2
0 0 1 0 1 2 1 2 2 2 1 1 1 0 2 0 0 2 2 2 0 2
0 0 2 1 0 1 1 2 2 2 0 2 1 0 1 0 0 2 2 2 2 2
2 0 0 0 0 2 1 1 2 2 1 1 0 1 2 1 0 2 2 2 2 1
2 0 1 1 1 1 0 0 2 2 1 2 0 0 2 0 0 2 2 2 1 1
2 0 1 1 0 2 1 0 2 1 0 1 0 1 2 0 0 2 2 2 2 2
0 0 1 2 1 2 0 0 2 2 0 1 0 0 2 0 0 1 2 2 1 2
2 0 0 1 1 1 1 1 2 2 1 1 0 1 2 0 0 1 2 2 0 0
1 0 0 0 1 2 0 1 2 2 0 1 0 0 1 1 0 2 2 2 2 2
1 1 0 1 1 2 1 1 2 2 0 2 0 1 2 1 0 0 1 1 2 2
0 1 1 0 0 2 1 1 2 2 0 1 2 0 2 0 0 1 2 0 2 2
0 1 1 1 1 2 1 1 2 2 0 2 0 1 1 2 0 2 1 1 1 2
1 1 2 1 1 2 0 0 2 2 0 2 1 2 1 2 0 2 2 1 2 2
1 0 0 2 1 2 0 1 2 1 0 2 0 0 2 0 0 1 2 2 1 1
0 0 1 1 1 1 1 0 2 2 0 2 0 0 2 0 0 1 0 2 1 1
1 1 0 1 0 1 0 0 2 1 0 2 1 1 1 1 0 2 2 2 1 2
1 0 1 1 0 2 0 1 2 0 2 2 0 0 2 1 0 2 2 1 1 2
2 0 1 1 0 2 1 1 2 1 0 2 2 0 0 1 0 2 1 2 1 1
2 1 1 1 1 2 1 0 2 2 0 0 1 1 2 1 0 2 1 1 2 1
1 1 2 2 1 1 0 2 2 2 1 2 2 1 1 1 0 1 1 2 2 1
2 1 1 1 0 1 1 2 2 2 0 2 0 0 2 1 1 2 2 2 2 2
1 0 1 1 1 2 0 2 2 2 1 2 0 0 1 0 0 1 2 2 2 1
1 0 0 2 1 2 1 1 2 1 0 1 0 1 1 0 0 1 1 1 1 2
1 0 0 2 2 2 0 1 2 2 1 2 0 0 2 0 1 2 1 0 2 2
0 1 0 1 0 1 1 1 2 2 0 2 1 0 2 0 0 2 1 1 2 2
2 0 1 1 1 1 0 2 2 2 0 2 0 1 1 0 0 2 0 1 2 2
2 0 0 2 0 2 1 0 2 1 1 1 0 0 2 1 0 1 2 1 2 2
1 0 1 0 1 2 2 2 2 2 1 2 2 0 1 1 0 1 1 1 2 1
1 1 1 1 1 2 0 1 2 2 0 2 1 0 1 0 0 2 2 2 2 2
2 0 0 2 0 2 0 2 2 2 1 2 0 1 1 1 0 2 0 2 2 2
1 0 1 2 2 2 2 1 2 2 1 2 1 0 2 0 0 2 1 1 1 2
0 0 1 1 1 2 2 1 2 2 1 2 0 0 2 2 0 1 1 1 2 2
0 0 1 1 2 2 0 2 2 2 0 1 0 0 2 0 0 1 2 2 2 2
1 0 0 2 0 2 0 1 2 2 0 2 1 0 2 1 0 2 2 1 2 2
2 0 0 0 2 2 1 1 2 2 0 1 1 0 2 0 0 2 1 1 0 2
0 0 0 2 0 1 0 1 2 2 1 1 0 0 1 2 0 2 2 2 1 2
1 0 1 0 2 2 1 2 2 2 0 2 0 1 2 1 0 1 2 1 1 2
2 0 0 0 1 2 1 0 2 1 0 2 0 1 2 1 0 2 1 1 2 2
1 0 1 2 1 1 1 1 2 2 1 2 0 0 2 0 0 1 0 1 2 2
2 0 1 1 1 1 1 0 2 2 0 2 0 0 2 0 0 2 1 2 2 2
1 0 0 1 1 2 0 2 2 2 0 1 0 2 1 0 0 2 2 2 1 1
2 0 1 0 0 2 0 2 2 2 0 1 0 1 1 1 0 1 1 0 2 2
0 0 0 0 0 2 1 1 2 2 0 2 0 0 1 0 0 0 2 2 2 2
2 0 1 2 0 2 0 0 2 1 0 2 0 1 2 0 0 2 2 1 0 2
0 0 1 2 1 1 1 1 2 2 0 2 1 0 1 1 0 2 2 1 2 2
1 0 1 1 1 2 0 1 2 1 0 2 0 0 0 1 0 2 2 2 1 2
1 0 0 2 0 2 1 0 2 1 2 2 2 1 1 0 0 1 2 0 0 2
1 0 1 1 0 2 0 1 2 1 0 2 0 1 2 0 0 2 1 1 2 2
2 0 0 1 2 2 2 1 2 2 0 2 1 0 2 1 1 1 2 1 2 2
2 0 1 0 2 1 2 0 2 2 0 2 0 1 2 1 1 2 2 1 0 1
1 1 1 1 1 2 1 1 2 2 1 1 1 0 2 0 0 1 2 1 2 0
1 0 0 1 1 2 1 1 2 2 0 1 0 0 2 0 0 2 1 1 1 2
2 1 0 1 1 1 1 1 2 2 1 1 1 1 1 0 0 2 1 2 2 1
0 0 1 0 0 2 0 1 2 2 0 1 0 0 2 0 2 2 1 1 1 2
1 0 0 2 0 1 0 1 2 2 0 1 1 1 2 0 0 2 2 1 1 2
1 0 0 1 1 2 1 2 2 2 1 1 0 0 2 2 0 0 2 2 1 2
1 0 0 1 1 0 0 2 2 2 0 2 0 1 1 2 0 2 1 1 1 2
0 0 1 0 2 2 0 1 2 2 0 2 0 0 0 0 0 2 2 2 2 1
1 0 1 1 0 1 1 1 2 1 0 2 0 1 2 1 0 2 2 2 2 1
1 1 1 2 1 1 1 2 2 2 1 2 2 1 2 0 0 1 1 2 0 2
2 0 1 2 0 0 0 1 2 2 0 1 2 0 1 0 1 2 2 2 1 2
2 0 0 1 1 2 0 1 2 2 0 2 1 1 2 0 0 2 2 1 1 2
2 0 1 0 1 2 0 1 2 1 1 2 1 1 1 0 0 2 1 2 1 2
1 0 1 1 1 1 2 1 2 1 1 1 0 1 2 0 0 1 2 2 0 2
1 0 1 1 0 2 0 0 2 2 0 2 0 0 2 0 0 1 2 2 2 0
1 0 1 1 1 2 1 0 2 2 1 0 1 0 2 1 0 1 2 1 0 2
2 0 0 1 0 2 0 1 2 2 0 1 0 0 2 0 0 2 0 2 1 1
1 0 2 1 1 1 1 1 2 1 1 0 1 0 1 1 0 2 2 2 1 1
1 0 1 1 2 2 1 1 2 2 0 2 1 0 2 0 0 1 1 0 1 2
0 2 1 0 0 2 1 1 2 2 1 2 1 0 1 1 0 2 2 2 2 2
0 0 0 2 2 1 1 2 2 2 1 2 0 0 2 1 1 2 1 1 1 2
1 0 1 1 0 1 1 0 2 2 0 2 0 0 2 1 0 2 2 1 1 2
2 0 0 1 0 2 0 1 2 2 0 1 1 0 2 0 0 1 2 2 0 1
1 0 1 0 1 2 2 1 2 2 1 2 0 1 2 0 0 1 2 2 1 1
0 1 1 0 2 2 0 1 2 1 2 1 0 0 2 0 0 1 1 1 1 2
2 1 1 2 0 1 0 1 2 2 0 2 1 0 2 0 0 1 1 1 2 2
1 0 1 1 1 2 0 2 2 2 1 2 0 0 2 1 1 2 1 2 2 2
0 2 0 2 0 2 1 0 2 2 0 1 0 0 2 1 1 1 2 2 2 2
2 0 0 1 1 2 0 1 2 2 0 1 0 0 2 0 0 2 2 1 2 2
0 1 0 1 0 2 1 2 2 2 1 2 1 1 1 0 0 2 2 2 1 2
0 0 0 1 0 2 0 1 2 1 0 1 1 0 2 0 0 2 2 2 2 2
1 0 1 0 2 2 1 1 2 1 0 1 0 0 2 1 0 2 2 1 2 2
2 1 0 1 0 1 0 0 2 1 1 1 1 2 2 1 0 2 2 1 2 2
1 0 1 2 0 2 1 2 2 1 1 2 1 1 2 1 0 2 2 2 2 1
2 0 1 0 2 2 0 2 2 2 0 2 1 0 2 0 0 2 1 2 2 2
0 0 1 2 0 2 2 1 2 2 0 1 1 0 2 0 0 1 2 1 2 2
1 0 1 0 0 0 1 2 2 1 0 1 1 0 2 1 0 2 2 2 1 2
1 1 1 0 1 1 1 2 2 2 0 1 0 2 2 0 0 1 1 0 2 2
1 0 1 1 2 1 2 1 2 2 0 2 0 1 2 0 0 1 2 1 2 2
1 0 0 2 1 1 1 1 2 1 1 2 1 1 1 1 0 2 2 1 2 2
1 0 2 0 1 1 1 1 2 2 0 0 0 0 1 0 0 2 2 1 1 2
0 0 0 0 1 0 1 2 2 1 1 2 0 0 2 0 0 2 1 1 2 1
1 1 0 1 0 2 0 1 2 2 0 2 0 0 1 0 0 2 0 2 1 2
2 0 0 0 0 2 1 1 2 2 0 2 0 0 1 0 0 1 2 2 1 1
1 0 0 1 2 1 1 2 2 1 0 1 0 0 2 0 0 1 1 0 1 2
1 0 0 1 1 2 2 2 2 1 2 1 1 1 2 2 0 0 1 2 1 1
1 0 1 2 1 1 1 0 2 1 0 1 1 0 0 1 0 2 2 1 2 2
1 0 1 0 0 2 1 1 2 2 1 1 0 0 1 1 0 2 2 0 2 2
2 0 0 0 0 2 0 1 2 2 1 1 0 0 2 0 1 2 1 2 2 2
0 0 1 0 0 2 1 0 2 2 0 2 0 0 1 0 0 2 2 2 1 2
2 1 1 1 1 1 2 1 2 2 1 1 0 0 2 0 0 2 2 2 1 2
2 0 1 1 1 2 1 1 2 2 1 2 0 0 2 1 0 2 0 2 2 2
1 0 1 2 1 2 2 0 2 2 0 1 1 0 2 0 0 2 2 2 2 2
