rs442170 rs2116047 rs831535 rs11685451 rs7598215 rs17035943 rs7633386 rs2187352 rs1035798 rs861677 rs1283707 rs10827338 rs1876334 rs10997458 rs11202907 rs2046685 rs3782250 rs1438520 rs8033512 rs2165846 rs1617790 rs6025429 rs219762 rs9983786 rs399135 rs421549 rs16998436 rs2837220
0 2 1 2 2 0 1 0 1 2 1 2 1 0 2 1 1 2 2 1 2 0 2 0 0 0 0 0
0 1 1 2 2 0 1 0 1 2 0 1 0 1 0 1 1 2 1 1 2 0 2 1 1 0 0 1
1 1 0 0 2 0 0 2 1 1 0 1 1 1 0 0 1 2 2 0 2 0 1 0 2 0 0 1
0 2 1 2 2 0 0 1 1 1 1 0 0 0 0 0 2 2 2 0 1 0 2 0 0 0 0 0
0 0 2 2 2 1 1 1 0 2 1 2 0 2 1 0 2 2 0 1 2 1 2 0 2 1 0 1
1 1 2 2 1 0 0 0 1 0 2 2 0 1 1 1 2 2 2 1 2 0 2 0 1 0 0 1
0 1 1 2 2 1 1 0 0 1 1 0 1 2 0 0 2 2 2 2 2 0 2 0 1 0 0 1
0 1 1 1 2 0 0 0 1 1 2 1 2 1 1 0 2 2 1 2 2 0 1 0 1 0 0 0
0 1 1 1 2 0 1 0 0 2 2 1 0 0 1 0 1 2 2 0 2 0 2 1 2 1 0 1
1 1 0 1 2 0 0 1 1 2 0 1 1 0 0 0 1 2 2 1 2 0 2 0 1 1 0 0
0 1 1 2 1 0 0 0 1 1 0 2 0 1 0 0 2 2 2 1 1 0 2 1 2 0 0 0
0 0 0 2 2 0 1 0 0 1 0 1 1 1 1 1 2 2 2 0 2 0 2 0 1 0 0 0
1 2 0 2 2 0 1 1 0 2 1 1 0 1 0 1 2 2 2 0 2 0 2 2 1 0 0 1
1 1 1 2 2 0 0 1 1 1 2 1 0 0 0 0 2 2 2 1 2 0 1 2 1 0 0 0
0 2 0 2 2 1 1 1 0 1 2 0 0 0 0 0 0 2 2 1 1 0 1 1 2 1 0 1
0 1 2 2 2 0 1 1 0 0 1 2 0 0 0 1 2 2 2 1 2 0 2 1 1 1 0 0
1 0 1 2 2 1 0 0 1 2 2 2 1 0 0 0 1 2 2 2 2 1 2 0 2 1 1 1
0 1 2 2 2 0 2 0 0 0 1 2 0 1 1 1 1 2 2 1 2 0 2 1 1 0 0 1
1 1 1 1 2 0 1 1 0 1 2 2 1 0 0 0 2 2 2 2 2 0 2 0 2 0 0 1
1 1 0 2 2 0 0 0 0 2 1 1 1 1 0 0 2 2 1 1 2 0 2 1 2 1 1 1
0 2 1 2 2 0 0 0 0 1 0 1 0 1 0 0 0 2 2 2 2 0 2 1 2 0 0 1
1 1 1 2 2 0 0 0 0 2 1 2 2 0 0 0 2 2 1 1 2 0 1 1 2 0 0 2
0 1 1 2 2 0 0 1 0 1 2 1 0 0 1 0 2 2 2 2 2 1 1 1 0 0 0 0
0 1 0 0 2 0 1 0 0 0 1 1 0 2 0 0 2 2 2 1 2 0 2 1 2 0 0 0
0 2 2 1 2 0 2 0 2 1 0 2 0 2 0 0 2 2 2 2 2 0 2 1 0 0 0 0
0 2 2 2 2 0 1 0 2 1 1 2 0 0 1 1 1 2 2 1 2 0 2 0 0 0 0 0
1 1 0 2 2 0 2 0 1 2 1 2 0 1 0 1 1 2 2 2 2 0 2 0 1 0 0 2
0 1 0 2 2 0 1 1 1 2 2 2 0 2 0 0 1 2 2 1 2 0 2 1 2 0 0 1
1 2 1 1 2 0 0 0 0 1 1 1 1 1 1 0 1 2 0 1 2 1 2 1 1 0 0 1
0 1 0 2 2 0 1 1 0 0 2 1 0 1 0 0 0 2 1 2 2 0 2 1 1 0 0 1
0 2 0 2 1 0 1 1 0 1 2 2 2 1 0 0 2 2 2 2 2 0 2 1 2 1 0 1
0 2 0 2 2 0 1 0 1 1 2 1 0 0 0 1 2 2 1 2 2 0 2 0 2 1 1 2
0 1 2 2 2 0 1 0 0 2 1 0 0 0 0 1 1 2 2 2 2 0 2 1 0 0 0 0
0 0 1 2 2 0 0 0 1 1 1 2 1 1 0 2 1 2 2 1 2 0 2 0 1 1 0 0
0 1 1 1 1 0 0 1 2 0 1 1 0 0 2 0 2 2 1 2 2 0 2 0 2 1 0 0
0 1 1 2 2 0 1 0 0 1 1 1 0 1 0 1 2 2 1 2 2 0 2 1 0 0 0 0
1 2 2 1 2 0 0 0 0 0 1 2 0 1 0 0 2 2 1 2 2 0 2 0 2 0 0 1
0 2 1 2 2 0 0 0 0 2 0 2 0 1 0 0 1 2 1 2 2 0 2 0 2 2 1 1
0 1 1 2 2 0 2 1 0 1 2 1 0 0 0 2 2 2 0 2 2 0 2 0 1 0 0 1
1 2 2 1 1 1 0 1 1 2 1 2 0 0 2 1 2 2 2 0 2 1 2 1 1 0 0 1
1 0 1 2 2 0 1 0 0 1 2 1 0 2 0 0 2 2 2 2 2 0 1 1 1 1 0 0
1 2 0 2 1 0 0 0 0 2 2 2 0 1 0 0 2 1 2 2 2 0 2 0 1 0 0 0
0 2 0 1 2 0 2 0 0 1 2 2 0 0 0 1 2 2 2 1 2 0 1 0 1 1 1 1
0 2 1 2 2 0 2 0 0 0 2 2 1 2 0 0 2 2 2 2 2 0 1 0 1 0 0 1
0 1 1 2 2 0 0 1 1 0 0 2 1 2 0 2 2 2 2 0 2 0 2 0 1 0 0 1
0 2 1 2 2 0 0 0 1 0 1 1 0 1 0 0 1 2 2 1 2 0 2 0 1 1 0 0
0 0 1 1 2 0 0 1 0 1 0 0 0 0 0 2 2 2 1 2 2 0 2 0 1 0 0 0
0 0 1 1 2 1 1 0 2 1 1 1 1 0 1 2 0 2 2 1 2 0 2 1 2 0 0 0
0 1 1 2 2 0 0 1 1 1 0 2 0 1 1 1 2 2 1 1 2 0 2 1 1 1 0 0
0 2 1 2 2 0 0 0 0 1 2 2 0 0 1 2 2 2 2 2 2 0 0 1 2 0 0 2
0 2 2 2 2 0 1 0 0 1 1 2 0 1 1 1 1 2 1 2 2 0 2 1 0 0 0 0
1 1 1 1 2 0 0 0 0 2 0 2 0 2 0 0 1 2 2 0 2 0 2 1 1 0 0 1
0 2 1 2 2 0 1 1 0 0 1 1 1 1 0 2 2 2 1 2 2 0 1 0 2 1 1 1
0 1 1 0 2 0 1 0 1 1 1 2 0 1 0 2 1 2 1 2 2 0 2 0 2 2 1 1
0 1 1 1 2 0 0 1 2 2 2 1 0 1 0 2 2 2 2 2 2 0 1 0 1 0 0 1
1 2 0 2 2 0 0 1 1 2 0 1 0 1 0 1 2 2 2 2 2 1 2 1 2 0 0 1
0 2 0 2 2 0 0 1 0 0 1 1 0 0 0 1 2 2 2 2 2 0 2 0 2 1 0 1
0 1 0 2 1 1 2 1 0 1 1 2 0 0 1 1 1 2 1 1 2 0 2 0 2 0 0 2
0 2 1 1 2 1 0 1 1 2 2 1 0 1 1 1 1 2 2 2 2 0 1 0 2 0 0 0
1 2 0 2 2 0 1 0 1 2 1 2 1 0 0 0 1 2 2 2 2 0 2 0 1 0 0 1
0 1 0 2 2 0 0 0 0 1 1 2 1 0 0 1 2 2 1 2 2 1 1 0 1 1 0 0
0 1 1 2 1 0 1 0 1 0 2 2 0 1 0 0 0 2 2 1 2 0 1 1 2 1 1 1
1 1 1 2 2 0 1 0 1 0 2 1 1 1 0 1 2 2 2 0 2 0 2 1 2 1 1 1
1 1 1 1 2 0 1 1 0 1 1 0 0 0 1 0 0 2 2 0 2 0 2 1 2 0 0 1
0 2 1 2 2 1 0 0 0 2 1 2 0 0 0 1 1 2 2 2 2 1 2 0 2 0 0 1
0 2 1 2 2 0 0 0 2 2 1 1 1 0 0 0 2 2 2 1 2 0 2 0 2 0 0 0
0 1 0 2 1 0 0 0 1 1 1 1 0 1 0 1 1 2 1 2 2 0 1 1 2 1 0 1
1 2 0 1 2 0 1 0 0 1 2 2 0 0 0 1 2 2 2 2 2 1 2 0 1 0 0 1
0 1 2 2 2 0 1 0 0 0 2 1 0 0 0 1 2 2 2 2 1 0 2 0 0 0 0 0
0 2 1 1 2 0 2 0 0 1 2 1 0 1 0 0 1 2 2 2 2 0 2 1 1 1 0 0
0 2 1 2 2 0 0 0 2 1 0 2 0 2 1 0 1 2 2 2 2 0 2 0 0 0 0 0
0 2 0 2 1 0 0 1 0 2 2 1 0 1 1 0 2 2 2 1 2 0 1 0 1 1 0 0
1 1 0 2 2 0 1 0 0 1 1 1 1 0 0 0 1 1 2 2 2 1 1 1 2 0 0 1
0 2 1 2 2 0 0 1 0 1 1 2 0 1 0 0 2 2 2 2 2 0 1 0 1 1 0 0
0 2 0 1 1 0 1 0 1 0 2 2 1 0 1 0 2 1 1 2 2 0 2 1 2 1 1 1
0 2 0 2 2 0 0 0 1 1 2 1 0 1 1 1 0 2 2 1 2 0 2 0 1 0 0 1
0 1 2 2 2 0 0 2 0 0 2 1 0 1 0 1 2 2 2 1 2 0 2 0 1 0 0 0
0 2 2 1 2 0 0 0 0 1 1 2 2 0 0 2 2 1 1 2 2 1 2 1 2 0 0 1
0 0 2 1 2 0 1 1 0 0 0 2 0 0 0 2 1 2 2 1 2 0 2 0 2 1 1 1
0 1 0 1 1 0 1 1 1 1 2 2 0 0 0 0 2 2 2 0 2 0 1 1 2 1 1 1
0 0 1 2 2 0 0 0 1 1 0 2 2 1 0 0 1 2 2 0 2 0 2 1 1 0 0 0
0 1 0 2 1 0 1 0 0 2 2 2 0 0 1 1 1 2 1 1 2 0 2 0 2 2 0 0
0 2 1 2 2 0 1 1 0 1 1 2 0 2 0 0 2 2 2 0 2 1 1 0 1 0 0 0
0 2 0 1 2 0 1 0 0 1 1 1 0 1 1 1 1 2 0 1 2 1 1 1 2 1 0 1
0 1 0 2 2 0 1 0 1 1 2 2 1 1 0 0 2 2 2 2 2 0 2 0 1 0 0 0
0 2 1 2 2 0 0 0 0 2 1 1 1 0 0 0 0 2 1 1 2 0 2 1 2 0 0 1
0 1 2 2 2 1 2 0 1 1 1 1 1 1 0 1 2 1 1 1 2 0 2 0 2 0 0 2
0 2 1 1 2 0 1 0 0 2 1 0 0 1 0 1 1 2 2 2 2 0 2 0 2 2 1 1
1 2 2 2 2 1 0 0 1 0 1 1 0 1 0 1 1 2 1 1 1 0 2 0 2 1 1 2
1 1 0 2 2 0 0 1 1 1 1 2 0 1 0 1 2 2 1 2 1 0 2 1 2 0 0 1
0 2 0 2 2 0 0 1 0 2 2 1 0 0 0 1 1 2 2 1 2 0 1 0 2 0 0 1
1 2 1 1 2 0 0 1 0 0 0 2 1 1 0 1 1 2 1 2 2 0 2 0 2 0 0 2
1 0 1 1 2 0 0 0 0 1 2 2 1 1 0 0 2 2 2 1 2 0 1 0 1 1 1 1
0 1 1 2 2 0 0 1 1 1 1 1 0 0 0 1 2 2 2 2 2 0 2 2 2 0 0 1
0 1 1 2 2 0 1 0 0 1 2 1 0 1 0 1 2 2 2 1 2 0 2 0 1 1 1 1
0 1 2 2 2 0 0 2 1 1 2 2 0 1 0 1 1 2 1 2 2 0 2 0 0 0 0 0
1 2 1 2 0 1 0 0 1 0 2 2 1 0 0 1 1 2 2 2 1 0 2 0 1 0 0 2
1 2 0 2 2 0 2 1 1 0 1 2 1 0 0 0 1 2 2 1 2 0 2 0 1 0 0 0
0 2 1 2 2 0 0 1 1 0 2 2 0 1 0 1 1 2 1 2 2 0 2 1 1 0 0 1
0 2 0 2 2 0 0 0 1 0 1 2 0 1 0 1 0 2 2 2 2 0 1 1 0 0 0 0
0 2 1 2 2 0 1 0 0 0 1 2 0 0 1 0 2 2 2 2 2 0 2 1 1 0 0 1
0 1 2 1 2 0 1 1 0 1 2 2 1 0 0 1 1 2 1 2 2 1 2 0 1 0 0 0
0 2 0 2 2 0 0 0 0 1 1 2 0 1 0 1 1 2 2 0 2 0 2 0 1 0 0 1
0 2 0 2 2 0 1 0 1 2 0 2 0 1 0 1 2 2 2 1 2 0 1 1 2 0 0 1
0 2 1 1 2 0 1 0 0 0 2 2 1 1 0 0 1 2 1 2 1 0 2 1 1 0 0 1
0 0 1 2 2 0 0 0 2 1 1 1 0 0 1 2 2 2 2 1 0 0 2 0 2 0 0 1
0 1 2 2 2 0 1 0 0 2 1 1 0 1 0 0 2 2 2 0 2 0 2 0 2 1 0 1
0 1 1 2 2 0 1 1 1 2 1 2 0 2 0 2 1 2 2 1 2 0 2 1 1 0 0 0
0 1 0 1 1 0 1 1 0 0 2 2 1 0 0 1 2 2 2 1 2 0 1 1 2 0 0 1
0 1 1 2 1 0 1 0 0 1 0 2 0 0 1 0 2 2 2 0 2 0 2 0 2 2 1 1
0 2 1 1 1 0 1 1 1 1 1 1 0 0 1 0 1 2 2 1 2 0 1 1 1 1 1 1
0 0 1 1 2 0 0 0 1 2 1 1 1 1 0 0 1 2 1 2 2 0 2 0 1 0 0 0
0 2 1 2 1 1 0 1 0 1 1 1 0 1 0 1 2 2 2 1 2 0 1 1 2 0 0 0
0 2 1 2 2 0 2 0 1 1 2 2 0 1 0 1 1 2 1 1 2 0 1 0 2 1 0 1
0 1 0 1 2 0 2 0 0 1 1 2 1 1 0 0 0 2 2 0 2 1 2 0 1 1 1 1
0 2 1 1 2 0 0 0 0 0 2 1 0 0 0 0 2 2 2 2 2 0 1 0 1 0 0 1
0 2 1 2 2 1 0 0 0 1 1 1 0 1 0 0 1 2 1 1 2 0 2 1 1 0 0 1
0 1 2 1 2 0 1 0 0 2 2 0 0 1 0 1 2 1 2 1 1 0 2 1 2 1 1 2
0 1 0 0 1 0 0 0 1 0 1 1 0 1 0 0 1 2 2 2 2 1 1 0 2 0 0 2
0 1 0 2 1 0 2 0 0 0 1 2 0 1 0 0 1 2 2 0 2 0 2 0 2 1 0 1
0 2 2 2 2 0 0 0 0 0 1 2 0 0 0 2 1 2 2 1 2 0 2 1 1 0 0 1
0 2 1 1 2 1 1 1 0 1 2 1 0 0 1 0 2 2 2 1 2 0 2 0 1 0 0 1
0 1 1 1 2 0 1 1 0 0 1 1 0 1 0 2 1 2 1 2 2 0 2 0 2 0 0 2
1 1 0 2 2 0 1 2 0 1 1 0 0 1 1 1 1 2 2 2 2 1 2 1 1 0 0 1
0 1 1 2 2 0 2 0 0 1 1 2 0 0 1 1 2 2 2 1 2 0 2 1 2 1 1 2
0 2 2 2 2 1 2 0 0 0 2 2 0 0 0 0 2 2 1 2 2 0 1 0 1 0 0 2
1 2 1 1 1 0 1 0 0 0 0 1 0 1 0 1 1 2 2 2 2 1 2 1 1 0 0 0
1 1 0 2 2 0 1 1 0 2 2 2 1 0 0 1 1 2 2 1 2 0 2 2 2 1 1 2
0 0 1 2 1 0 0 0 1 1 2 0 1 0 1 0 2 2 2 2 2 0 2 0 2 0 0 1
0 1 0 2 2 0 0 0 0 0 2 1 0 0 0 0 2 2 2 0 2 0 2 0 0 0 0 0
0 2 1 1 2 0 2 0 1 0 2 2 1 0 0 0 2 2 1 1 2 0 2 0 1 1 1 1
1 1 2 1 2 0 1 1 1 2 2 2 1 2 0 0 0 2 2 2 2 0 2 1 2 1 1 1
0 1 2 1 2 0 1 0 0 1 2 2 0 0 0 1 1 2 2 1 1 0 2 2 1 0 0 0
0 2 1 2 2 0 2 0 2 0 2 1 0 1 0 2 2 2 2 2 2 0 2 0 2 1 1 1
0 2 0 2 2 0 0 2 0 1 1 2 0 1 0 1 1 2 1 1 2 0 2 0 1 0 0 0
1 2 1 2 1 0 0 0 1 1 1 2 2 0 1 1 0 2 1 2 2 0 2 1 1 0 0 1
0 0 1 2 2 0 0 0 0 1 1 1 1 0 0 1 1 2 2 2 2 0 2 0 1 0 0 1
1 1 0 2 2 0 1 1 1 0 1 2 0 0 1 0 1 2 2 1 2 0 2 0 2 0 0 2
0 1 0 1 1 0 2 0 1 1 1 2 0 0 0 0 2 2 2 2 2 0 1 1 1 1 0 0
1 1 1 1 2 0 0 0 0 1 0 0 0 1 0 2 1 2 2 1 2 0 1 1 2 0 0 1
2 0 0 1 1 0 0 0 0 1 0 2 0 1 0 2 1 1 2 2 2 0 2 1 2 0 0 1
0 1 1 2 1 0 2 0 0 0 0 1 0 2 0 1 2 2 1 1 2 0 2 1 2 1 0 0
0 2 1 2 2 0 0 0 0 0 0 2 0 0 0 1 2 2 2 2 2 0 2 0 0 0 0 0
0 2 0 1 2 0 0 0 1 1 2 2 1 1 0 1 1 2 2 2 2 0 2 1 1 0 0 0
1 0 2 1 2 0 1 2 0 1 1 2 0 1 0 1 2 2 2 1 2 1 1 0 1 0 0 1
0 1 0 2 1 0 0 1 0 1 2 1 1 0 2 1 2 2 1 1 2 0 1 0 1 1 1 2
0 0 0 1 1 0 0 0 1 0 1 2 1 2 1 0 1 2 1 2 2 0 2 0 2 0 0 2
1 1 1 2 1 1 0 1 1 1 0 2 0 0 0 2 1 2 1 1 2 0 2 1 1 1 0 0
0 0 1 2 2 0 1 1 0 1 1 2 0 1 1 1 2 1 2 1 2 0 2 0 1 0 0 0
2 0 2 1 2 2 1 0 0 0 1 1 1 2 0 1 1 2 2 1 2 0 2 1 1 1 1 2
0 2 0 1 2 0 1 0 2 1 1 1 1 2 0 2 1 2 2 2 2 0 2 0 1 0 0 1
1 1 2 2 2 0 1 2 1 2 1 2 1 1 1 0 0 2 1 1 2 0 2 0 2 0 0 2
0 1 1 2 2 0 1 0 1 1 1 2 1 1 0 1 2 2 2 2 2 0 1 1 2 0 0 1
0 2 2 2 2 0 2 1 0 1 1 2 0 1 1 1 2 2 2 2 2 1 2 1 2 0 0 0
1 1 1 1 1 0 1 1 0 1 1 2 0 0 0 0 1 2 2 1 2 0 2 0 1 0 0 0
0 2 2 2 2 0 2 0 1 1 0 2 0 0 0 1 1 2 1 1 2 0 2 1 2 0 0 2
0 2 1 2 2 0 2 2 1 1 2 2 1 0 1 1 0 2 1 0 2 0 2 0 2 0 0 1
0 2 1 2 2 0 0 0 1 1 0 2 0 0 0 0 1 2 2 1 2 0 2 1 1 0 0 1
0 1 0 2 2 0 0 1 1 2 1 1 0 0 1 1 2 2 1 1 2 0 2 0 2 0 0 2
0 1 0 2 1 0 0 1 0 1 1 2 1 0 1 0 2 2 2 1 2 0 2 2 2 0 0 1
1 0 0 2 1 0 1 2 1 1 1 2 0 0 1 0 2 2 2 2 2 0 2 1 1 0 0 0
0 2 1 2 2 0 1 0 0 1 1 2 0 1 0 1 2 2 1 0 2 0 2 0 1 0 0 1
1 1 1 1 2 0 1 1 1 1 1 2 0 1 1 0 2 2 1 2 2 0 1 0 2 1 1 1
1 2 1 2 2 0 0 1 1 1 0 0 1 0 0 0 2 1 2 1 2 0 2 1 1 0 0 0
0 1 2 1 2 0 1 1 1 2 0 2 0 0 0 1 1 1 2 0 2 0 2 0 2 0 0 2
0 1 1 1 2 0 1 0 0 1 0 2 0 1 1 1 0 2 1 1 2 0 2 0 0 0 0 0
1 1 0 1 2 0 0 0 0 0 1 0 1 0 0 0 0 1 2 2 2 1 1 0 2 0 0 1
0 0 1 2 1 0 0 2 1 0 2 2 1 0 0 1 1 2 1 1 2 0 2 0 2 1 1 1
0 1 0 0 2 0 0 0 2 1 0 1 0 0 0 1 2 1 2 1 2 0 2 0 2 1 0 0
0 2 1 2 2 0 1 0 0 1 1 2 1 0 1 1 0 2 2 1 2 0 2 0 1 1 0 0
0 2 0 1 2 0 0 2 0 2 2 1 1 1 0 0 1 2 1 0 2 0 1 2 1 1 1 1
1 2 1 1 2 0 1 2 2 1 1 1 1 0 1 1 1 2 1 2 2 0 2 0 1 0 0 0
0 2 2 2 2 0 2 0 2 2 2 2 0 1 0 1 2 2 1 1 2 1 0 0 1 0 0 0
0 2 0 2 2 0 1 1 1 1 1 1 0 1 1 0 1 2 1 1 2 0 1 1 1 0 0 1
1 2 0 2 2 0 0 1 0 0 1 1 0 0 1 1 0 2 2 2 2 0 1 0 1 0 0 0
0 1 0 2 2 0 0 0 0 1 2 0 0 0 0 0 2 2 2 2 2 0 2 0 1 1 1 1
0 0 2 1 2 0 1 0 1 0 2 2 0 1 1 0 1 2 1 1 2 0 2 1 2 1 0 1
0 1 2 2 2 0 1 1 1 1 0 1 0 0 1 1 1 2 2 2 2 0 0 0 1 0 0 1
0 2 1 2 1 0 1 0 1 2 2 2 0 1 1 0 2 2 2 1 2 0 1 1 1 1 0 0
0 2 1 1 2 0 1 1 1 2 1 2 1 0 1 0 2 2 2 1 2 0 2 0 0 0 0 0
0 2 1 1 2 0 1 0 0 2 1 1 0 1 0 1 1 2 1 1 2 0 2 1 1 0 0 0
1 1 0 2 2 0 0 1 1 1 1 1 0 0 1 0 2 2 2 1 2 0 2 1 0 0 0 0
1 2 2 2 2 0 0 0 0 1 1 2 1 1 0 0 2 2 2 2 2 0 2 0 1 0 0 0
0 2 0 2 2 0 2 1 2 1 2 1 0 0 0 1 1 2 1 1 2 0 0 0 1 0 0 0
0 1 1 2 2 1 1 0 1 1 2 1 0 2 0 1 2 2 1 2 1 0 1 1 1 0 0 1
0 1 1 2 2 1 1 1 0 1 1 1 0 0 1 0 0 2 2 2 2 0 2 0 0 0 0 0
0 2 1 1 2 2 0 0 2 1 1 2 0 0 0 1 2 2 2 1 2 0 1 1 1 0 0 1
1 0 2 2 1 0 0 1 1 2 1 1 1 1 0 1 1 1 2 0 2 0 2 0 1 0 0 1
1 2 1 2 2 0 2 0 0 0 1 1 1 2 0 1 2 2 2 1 2 0 1 0 2 2 1 1
0 1 2 2 2 0 0 0 0 1 1 0 0 1 0 1 0 2 2 1 1 0 1 1 1 0 0 0
0 1 2 2 2 0 2 0 0 1 2 2 0 1 1 1 2 2 2 1 2 1 2 1 2 0 0 2
0 2 2 2 2 0 0 1 0 0 2 2 0 1 1 0 2 2 2 0 2 0 1 0 2 1 0 1
1 1 0 1 2 0 1 0 0 1 1 2 0 2 0 1 2 2 2 1 2 0 2 0 1 0 0 1
0 0 1 2 2 0 0 0 0 0 1 2 0 0 0 0 2 2 1 0 2 0 1 1 2 0 0 2
0 0 1 2 2 1 1 0 0 1 1 2 0 1 0 1 2 2 2 0 2 0 1 0 1 0 0 0
0 1 1 2 2 1 1 0 0 2 1 1 1 0 1 0 1 2 2 2 2 0 2 0 1 0 0 0
1 0 1 2 2 0 1 1 0 1 1 2 1 1 0 1 2 1 2 2 2 0 2 0 2 1 0 0
1 0 2 1 2 0 2 0 0 0 0 2 0 0 1 0 0 2 1 2 2 0 1 0 2 0 0 0
0 2 0 2 2 0 0 0 1 1 1 0 1 0 1 2 1 2 1 2 2 0 2 0 2 1 0 0
1 1 1 2 2 0 2 0 0 2 0 2 1 1 1 0 2 2 1 1 2 0 0 2 1 0 0 0
1 2 1 0 1 1 0 0 0 1 1 1 2 1 0 0 1 2 2 1 2 0 2 0 1 0 0 1
0 1 0 2 2 0 1 1 1 1 1 1 0 2 0 2 2 2 1 2 2 0 2 0 2 0 0 2
0 2 2 2 1 0 0 0 1 0 2 2 0 0 1 2 1 2 2 1 2 0 1 0 1 0 1 1
1 1 0 2 2 0 0 1 0 1 2 1 0 1 0 1 1 2 1 1 2 0 2 0 2 0 0 0
0 1 2 1 2 0 0 1 1 0 1 2 0 1 0 2 2 2 2 2 2 1 2 1 2 0 0 1
1 1 1 2 2 0 1 0 1 0 1 2 0 0 0 0 1 2 2 1 2 0 2 0 1 0 0 0
1 0 1 2 2 0 2 0 1 0 2 2 0 0 0 2 1 2 2 0 2 1 2 1 1 0 0 0
0 2 1 2 2 0 0 0 1 1 1 1 0 1 1 1 2 2 2 2 2 0 2 0 1 1 0 0
1 1 1 2 2 0 1 1 0 2 1 0 0 0 0 1 1 2 2 1 1 0 1 0 2 0 0 0
0 0 2 2 2 0 1 0 0 0 0 2 0 1 0 0 1 2 2 2 2 0 2 0 1 0 0 0
0 1 1 2 1 0 2 0 0 1 0 2 0 0 0 1 1 2 2 2 2 0 0 1 1 0 0 0
1 2 1 2 2 0 0 0 0 1 1 2 0 0 0 0 1 2 2 0 2 0 2 1 1 0 0 1
1 1 1 2 2 0 2 2 0 2 0 1 0 0 0 0 2 1 2 1 2 0 2 0 2 0 0 1
0 1 1 2 2 0 1 0 0 0 1 1 1 1 1 2 1 2 1 2 2 0 2 1 2 1 0 1
0 1 1 1 2 0 0 0 1 1 1 1 0 1 1 0 2 2 2 2 2 1 1 0 2 0 0 2
1 2 1 2 2 0 0 2 1 2 2 1 2 0 1 1 2 2 2 1 2 1 2 1 0 0 0 0
0 1 1 1 2 0 0 0 1 0 1 1 0 1 0 0 2 2 1 0 2 0 2 1 1 0 0 1
0 0 1 1 2 0 1 2 0 1 1 1 0 2 1 0 1 2 1 2 1 0 2 1 2 1 0 1
0 2 0 1 2 0 1 0 0 2 0 1 0 1 1 0 1 2 2 2 2 0 1 0 1 0 0 0
0 2 2 2 2 0 0 1 0 1 1 1 1 0 0 0 2 2 2 2 2 0 2 0 1 1 1 1
0 1 2 2 2 0 1 0 0 2 1 1 0 0 1 0 1 2 2 0 2 0 2 0 1 0 0 1
0 2 1 2 2 0 0 0 1 0 2 0 1 0 0 1 2 2 1 2 1 0 2 0 1 1 1 1
0 2 0 2 2 0 1 0 0 0 1 1 2 0 1 0 1 2 1 2 2 0 2 0 1 0 0 0
0 2 1 2 2 0 2 0 0 1 1 2 0 1 1 1 2 2 2 1 2 0 2 1 1 0 0 1
1 1 1 2 1 0 1 0 0 1 1 2 0 0 1 1 2 2 1 1 2 1 2 1 1 0 0 0
1 0 1 2 2 0 1 1 2 0 1 2 1 0 1 0 2 2 2 2 2 0 1 0 1 0 0 0
0 1 0 2 1 0 0 0 0 1 1 1 1 0 1 1 0 2 0 1 2 0 2 0 1 0 0 0
0 1 0 1 2 0 1 1 0 1 2 2 0 0 0 1 1 2 2 2 2 0 1 1 1 0 0 1
1 2 2 2 2 0 0 0 0 1 1 2 1 1 1 0 2 2 2 1 2 0 2 1 1 0 0 1
0 2 0 1 2 0 0 0 1 1 1 1 0 0 0 1 1 2 1 1 2 0 1 1 1 0 0 0
2 1 1 2 1 0 0 1 0 1 2 1 0 2 0 2 1 2 1 1 2 0 2 0 2 1 1 0
0 2 0 2 2 0 0 1 0 1 2 2 0 1 1 0 1 2 2 2 2 0 2 0 2 0 0 2
1 2 1 2 2 0 1 1 0 0 1 2 0 1 0 1 2 2 1 1 2 1 2 1 2 1 1 1
0 2 1 2 1 0 1 1 1 1 1 2 0 1 0 0 2 2 2 1 2 0 2 1 1 1 0 0
0 2 1 2 2 1 1 0 2 1 2 1 0 1 0 0 2 2 2 0 2 0 2 0 2 1 0 1
0 2 2 2 2 0 1 1 0 1 0 2 0 1 0 1 1 2 2 1 2 0 2 0 1 0 0 0
0 2 1 2 2 0 1 0 0 2 2 1 1 0 0 1 1 2 2 1 2 0 2 0 1 0 0 1
1 2 1 2 2 0 0 2 1 1 2 1 1 0 1 0 2 2 1 2 2 1 2 1 1 0 0 0
1 1 1 2 2 0 1 1 1 2 2 1 0 0 1 1 2 2 2 0 2 1 2 0 1 0 0 0
0 1 1 1 2 0 0 0 0 2 1 2 0 2 1 2 0 2 2 2 2 0 2 1 1 0 0 0
0 2 1 1 2 0 1 0 0 2 0 0 2 0 0 0 2 2 1 1 2 0 0 0 2 0 0 2
0 1 1 1 2 0 1 0 0 1 1 0 0 1 0 0 2 2 1 1 2 0 2 1 2 0 0 1
1 2 1 2 2 0 1 0 0 0 1 2 0 0 0 2 2 2 2 1 2 0 2 1 1 0 0 0
0 2 0 2 2 0 2 0 0 2 1 1 0 1 1 1 1 2 2 2 2 0 2 1 1 0 0 0
0 0 1 1 2 0 0 1 0 0 1 1 0 0 0 1 0 2 2 0 2 0 1 1 2 0 0 1
1 1 1 2 2 0 1 0 0 1 1 1 1 0 0 1 1 2 2 2 2 0 2 1 0 0 0 0
0 2 0 1 1 1 0 2 1 2 1 1 1 0 0 1 1 2 2 1 2 0 2 0 2 0 0 0
1 2 1 2 2 0 2 0 1 1 1 1 0 2 0 1 2 2 1 0 2 0 1 0 2 1 0 0
0 2 2 2 2 0 0 1 1 2 2 1 0 0 0 0 1 2 2 2 1 0 2 0 1 0 0 0
1 2 2 2 2 0 1 1 0 0 1 1 0 1 0 0 2 2 0 2 2 0 1 0 0 0 0 1
0 2 2 2 1 0 0 0 0 1 2 1 1 1 0 1 1 2 2 1 2 0 2 1 2 1 0 0
0 1 0 2 2 0 0 1 0 1 2 2 0 1 1 0 1 2 1 0 1 0 2 1 2 0 0 2
0 2 1 2 2 0 0 2 2 1 1 2 0 0 0 0 2 2 1 2 2 0 2 0 0 0 0 0
1 2 1 1 2 0 0 1 0 0 1 1 0 0 0 0 0 2 2 0 2 0 1 1 1 0 0 0
0 0 1 2 2 0 1 1 1 1 2 2 0 0 1 1 2 0 2 1 2 0 2 0 1 0 0 0
0 1 1 2 2 0 1 1 0 2 2 0 0 2 0 1 2 2 2 1 2 0 1 0 2 1 0 1
0 1 1 2 1 0 1 1 2 0 2 2 1 0 0 0 1 2 2 1 2 0 2 1 1 1 0 0
1 0 1 2 2 1 0 1 1 2 1 1 0 0 0 0 2 2 2 2 2 0 1 1 2 0 0 2
0 2 0 2 2 0 1 0 1 1 2 2 1 0 0 1 2 2 2 1 2 1 1 0 2 0 0 2
0 1 1 2 2 0 1 0 0 0 0 1 0 0 1 2 1 2 2 2 2 0 1 0 2 1 1 1
0 1 2 2 1 0 0 0 0 2 1 2 0 0 0 1 1 2 2 2 2 0 2 2 1 0 0 2
0 2 1 2 2 0 1 0 0 1 1 1 0 1 0 0 1 2 2 1 2 0 2 2 1 0 0 0
0 2 2 2 2 0 1 0 0 0 0 1 0 0 1 1 2 1 2 2 2 0 1 0 1 0 0 1
0 1 1 2 1 1 0 0 0 1 1 2 0 0 0 1 1 2 2 2 2 0 2 0 2 1 0 0
0 2 1 1 2 0 2 0 0 1 0 1 0 1 1 1 2 2 1 1 2 1 2 1 1 0 0 1
0 2 0 2 2 0 0 1 1 2 1 2 1 0 1 1 2 2 1 0 2 0 2 2 2 1 0 1
1 1 0 2 2 0 1 0 0 0 0 2 0 0 0 0 1 2 2 2 2 0 2 2 2 0 0 2
1 2 0 1 2 0 1 0 0 1 1 1 1 2 0 1 2 2 1 0 2 0 2 0 2 0 0 2
0 2 2 1 2 0 0 1 0 0 1 1 0 0 0 0 1 2 1 1 2 0 1 0 1 0 0 0
0 1 0 2 2 1 1 0 1 1 1 2 0 1 0 0 1 2 2 1 2 0 2 0 2 0 0 2
1 0 1 1 2 0 1 0 0 1 1 1 0 0 0 0 2 2 2 2 2 0 2 0 2 0 0 2
1 2 2 2 2 0 1 0 1 0 1 2 0 1 0 0 2 2 2 1 2 0 1 0 1 0 0 0
0 1 1 1 2 0 2 1 0 2 2 1 1 0 0 2 2 2 2 1 2 0 2 0 1 0 0 0
0 1 1 2 2 2 1 1 0 1 0 2 0 2 0 2 1 1 2 1 2 1 2 0 1 0 0 0
0 1 1 2 2 0 2 1 2 1 2 2 0 1 0 0 2 2 1 1 2 0 2 1 2 0 0 1
0 1 1 1 2 0 1 0 1 2 2 1 0 2 1 1 2 2 2 1 2 0 0 0 2 0 0 2
0 1 2 2 1 0 0 1 1 1 1 2 0 0 0 1 2 2 2 2 2 0 2 0 2 0 0 2
1 1 1 1 1 1 0 0 0 1 2 1 0 0 0 0 1 1 1 2 2 0 2 0 1 0 0 0
0 1 2 2 2 0 1 1 0 2 2 2 1 0 0 1 2 1 2 1 2 0 1 1 1 0 0 0
0 2 1 2 2 1 1 0 0 0 1 2 0 0 1 0 1 2 1 0 2 0 2 0 2 1 1 2
1 2 1 1 1 0 1 0 0 1 0 1 1 2 1 0 2 2 1 1 2 0 2 0 1 0 0 2
0 2 0 1 2 0 0 1 1 1 2 1 0 1 1 0 2 2 1 1 2 0 2 1 1 0 1 2
1 2 0 2 2 0 0 0 0 0 2 1 0 0 0 1 1 2 2 1 2 0 2 0 2 0 0 2
1 2 1 2 2 0 1 1 1 2 1 1 0 0 1 0 2 2 1 0 2 0 2 0 1 0 0 0
0 2 0 1 2 0 2 0 0 1 2 1 1 2 0 0 1 2 2 2 2 0 1 0 2 0 0 1
0 2 2 2 2 0 0 0 1 2 1 2 0 0 1 1 2 2 1 2 2 1 0 0 2 0 0 0
0 2 1 2 2 0 0 0 1 1 2 2 1 0 1 1 0 2 2 1 2 0 2 0 2 1 1 1
0 2 0 0 2 0 2 0 1 1 1 1 1 0 1 0 2 2 1 0 2 0 2 2 2 0 0 2
1 2 1 1 2 0 1 0 0 1 1 0 0 0 0 2 2 2 2 1 2 0 2 1 2 1 1 1
1 0 0 2 1 0 0 0 1 1 0 2 1 2 0 2 2 2 2 2 2 0 1 0 2 1 0 1
0 1 1 1 2 1 0 1 0 0 0 2 0 1 0 0 1 2 2 1 2 0 2 0 1 0 0 0
0 2 1 2 2 0 1 0 0 1 1 1 0 0 0 2 1 2 1 1 1 0 1 0 1 0 0 0
0 0 1 2 2 0 0 0 1 1 0 2 1 1 0 0 1 1 2 1 2 0 1 0 2 0 0 2
0 1 1 2 2 1 1 2 0 1 2 1 1 0 0 2 1 2 2 2 2 0 2 0 2 1 1 2
0 2 1 2 1 0 0 1 0 2 2 2 0 1 1 2 1 2 1 0 2 0 2 0 0 0 0 0
0 1 1 0 2 0 0 1 1 1 0 2 1 0 1 0 2 2 1 1 2 0 1 0 0 0 0 0
0 2 0 1 2 0 0 0 0 0 1 1 0 0 0 0 1 2 2 1 2 0 1 0 2 0 0 1
0 1 1 2 2 0 1 1 2 1 1 2 0 1 0 2 1 2 2 1 2 0 2 0 1 0 0 0
0 2 1 2 1 0 1 0 0 0 2 2 0 0 0 0 2 2 2 2 2 0 2 0 1 0 0 1
0 2 1 2 1 0 1 1 0 2 2 1 0 1 0 2 0 2 1 2 1 0 1 0 2 0 0 2
1 1 1 2 2 0 0 0 0 2 1 2 0 1 2 1 1 2 2 1 2 0 2 0 0 0 0 0
2 2 1 1 2 0 1 0 0 1 2 1 1 0 1 1 1 2 1 1 2 0 2 0 1 1 0 0
2 2 2 1 2 0 1 0 0 2 0 2 0 0 1 1 0 2 2 2 2 0 1 0 1 0 0 1
0 1 0 2 2 0 1 0 1 0 0 2 1 0 1 2 2 2 1 2 2 0 2 1 2 0 1 1
0 2 2 2 2 0 1 0 0 2 1 2 0 1 0 2 1 2 2 2 2 0 2 2 1 1 0 0
0 0 2 2 2 0 2 0 1 2 1 0 0 1 0 1 1 2 0 2 2 0 2 1 1 0 0 1
1 2 1 1 2 0 1 0 0 0 1 0 0 0 0 1 0 2 2 1 1 1 2 0 2 0 0 0
0 2 1 1 1 0 1 1 1 1 1 1 1 2 0 1 2 1 2 1 2 0 1 0 1 0 0 1
1 1 1 2 2 0 2 0 0 0 0 2 0 2 0 0 0 2 2 1 2 0 2 0 2 0 0 1
0 1 1 1 2 0 0 2 0 1 2 2 0 1 0 0 1 2 2 1 2 0 2 0 2 0 0 0
0 2 0 2 0 0 1 1 0 1 2 1 0 0 1 1 2 2 2 2 2 0 1 1 1 1 1 1
0 2 0 1 1 0 0 0 0 1 1 2 1 0 0 2 2 2 2 0 2 0 2 0 2 0 0 2
0 0 2 1 2 0 1 1 1 1 2 2 0 2 0 0 1 2 2 2 2 0 2 0 2 0 0 0
0 1 1 2 2 0 0 1 0 2 1 1 0 1 1 2 1 2 2 0 2 0 2 0 1 0 0 1
0 0 0 2 2 1 1 0 0 1 0 2 1 2 0 0 2 2 1 1 2 0 2 0 1 0 0 0
1 2 1 2 1 1 1 0 0 0 1 2 0 1 1 0 0 2 1 2 2 0 1 0 2 0 0 2
0 2 2 2 2 1 1 0 2 2 1 1 0 1 0 0 2 2 2 0 1 0 2 0 1 1 0 0
0 2 0 2 2 0 2 0 0 1 1 2 0 2 0 1 2 1 1 1 2 1 2 0 2 1 0 1
0 1 0 2 2 0 1 1 0 2 1 2 1 0 1 1 2 2 2 0 2 1 2 1 1 1 0 0
2 1 0 1 2 0 2 0 0 2 1 0 0 1 0 0 1 2 1 2 2 0 2 0 2 0 0 2
0 2 2 2 2 0 0 0 0 2 2 2 0 0 0 1 1 2 2 1 2 1 2 0 2 1 0 0
0 2 1 2 2 0 0 1 0 1 1 1 0 0 1 1 2 2 2 0 1 0 2 1 2 1 0 1
1 1 1 2 2 0 0 2 0 1 1 1 0 2 0 1 2 2 2 2 2 0 1 1 1 0 0 1
1 1 2 2 2 1 1 0 1 2 2 1 0 0 0 0 1 2 2 2 2 0 1 0 1 0 0 1
0 1 1 1 2 0 2 2 0 2 1 2 0 2 0 1 2 2 2 1 2 0 1 1 1 0 0 0
0 2 2 2 2 0 1 0 1 1 1 2 2 1 1 0 2 2 2 1 2 0 2 1 1 0 0 1
0 2 2 2 2 0 1 0 0 1 1 1 0 1 0 1 1 2 1 1 2 0 1 1 2 1 0 1
0 2 1 2 2 0 1 0 0 0 1 1 0 0 1 0 2 2 2 2 1 0 1 0 2 1 0 1
0 1 1 2 2 0 1 1 0 1 1 2 0 0 2 0 1 2 2 2 2 0 2 1 2 0 0 1
1 2 0 1 2 0 0 0 2 1 0 2 0 1 1 1 1 2 2 1 2 0 2 0 1 0 0 1
0 2 1 1 2 0 0 0 0 1 1 1 1 0 0 1 2 2 2 1 2 0 2 0 1 1 0 0
0 1 1 2 2 0 0 0 0 2 0 2 0 0 0 0 2 2 1 1 2 0 2 0 1 0 0 1
0 1 0 2 2 0 1 2 2 1 1 1 1 0 1 1 2 1 1 1 1 1 2 0 1 0 0 1
0 0 2 1 2 0 2 0 1 1 1 2 1 0 1 1 1 2 2 1 2 0 2 0 0 0 0 0
0 1 1 0 2 0 1 0 0 0 2 2 1 1 1 2 2 2 1 1 2 0 2 0 1 1 0 0
1 1 0 2 2 0 0 0 0 1 0 0 0 2 0 0 2 2 2 2 2 1 2 0 2 1 0 0
0 1 0 2 2 0 1 0 1 2 2 1 0 1 0 0 2 2 1 1 2 0 2 1 2 0 0 1
0 2 1 2 2 0 1 0 0 1 1 2 0 1 1 1 1 2 2 2 2 0 1 0 0 0 0 0
1 2 0 2 2 0 0 0 1 1 1 2 0 1 0 0 2 1 2 1 1 0 1 1 2 0 0 0
0 2 1 2 1 0 2 1 0 1 1 1 1 1 0 0 2 2 2 0 2 0 0 0 2 1 0 1
1 2 1 2 2 0 0 0 0 1 1 1 0 2 0 0 2 2 2 0 2 0 2 0 2 1 0 0
1 2 0 2 2 0 1 0 1 1 1 1 0 2 0 1 1 2 1 1 2 0 1 0 0 0 0 0
0 2 0 2 2 0 1 1 0 1 1 1 0 0 0 1 1 2 2 1 2 0 1 0 1 1 0 0
0 2 1 2 2 0 1 0 0 1 1 0 0 0 0 1 1 2 2 2 2 0 2 0 1 0 0 0
0 2 0 2 2 0 0 0 0 1 2 2 1 0 0 0 2 2 2 1 2 0 2 0 2 0 0 2
1 1 0 2 2 0 1 0 2 0 1 1 0 0 1 1 1 2 2 2 2 0 2 0 1 1 0 0
0 2 0 1 2 0 1 0 1 1 1 1 0 1 0 0 2 2 2 2 2 0 2 0 1 1 1 1
0 2 1 2 2 0 0 0 0 1 1 1 0 0 0 0 1 2 1 0 2 0 2 0 1 0 0 1
0 1 1 1 2 0 2 1 2 1 0 1 0 0 0 0 2 2 2 1 2 0 2 0 1 0 0 1
1 1 1 1 2 0 1 1 1 2 1 2 1 0 0 0 2 2 1 1 2 0 2 1 2 1 0 1
0 2 0 0 2 0 1 1 2 1 1 1 0 0 1 0 2 2 2 1 2 0 1 0 2 0 0 1
0 2 2 2 2 0 1 0 1 1 2 2 0 1 0 1 1 2 2 0 2 0 1 1 2 0 0 0
0 1 2 1 2 0 0 0 0 2 2 2 0 0 1 1 1 2 2 2 2 0 1 1 2 1 0 1
0 2 1 2 2 0 2 1 0 0 1 2 0 1 0 0 2 2 2 1 2 0 2 0 2 0 0 2
0 1 0 2 2 0 0 2 0 1 1 2 0 2 1 1 1 2 2 0 2 0 1 0 0 0 0 1
1 2 2 2 2 0 0 2 1 1 2 1 0 1 0 1 2 2 2 1 2 0 2 0 0 0 0 0
0 0 2 2 2 0 1 0 0 0 0 2 1 1 1 0 2 2 2 1 2 0 1 0 0 0 0 0
0 2 1 1 2 0 0 0 0 1 2 1 0 1 0 0 1 2 2 1 2 0 1 1 1 0 0 1
0 0 1 2 2 0 0 1 1 2 2 1 2 1 0 1 1 2 1 1 2 0 0 0 2 1 0 0
0 0 2 2 2 0 0 0 0 0 2 1 0 0 2 2 2 2 1 2 2 1 1 1 2 0 0 1
0 2 1 1 1 0 2 0 0 0 0 1 1 1 0 1 0 2 2 0 2 0 1 1 2 0 0 1
0 2 1 0 2 0 0 0 1 2 0 1 0 2 0 1 1 2 2 2 2 1 2 0 2 0 0 1
0 1 0 1 2 0 0 0 0 2 2 2 0 1 1 1 1 2 2 1 2 0 1 0 2 2 1 1
0 2 2 1 2 0 2 1 0 1 1 1 1 0 0 1 2 2 2 1 2 0 2 0 1 0 0 1
1 2 2 1 2 0 1 1 1 0 2 0 0 2 0 0 1 2 2 1 2 0 1 1 2 1 1 1
0 2 2 1 1 0 0 0 0 2 1 1 1 0 0 1 2 2 2 1 2 1 2 0 2 0 0 0
0 1 1 1 2 0 0 0 1 2 1 2 1 1 0 1 2 2 1 1 2 0 2 0 2 0 0 0
0 1 1 1 2 0 0 0 0 2 1 1 2 0 0 1 1 2 2 2 2 0 1 0 1 0 0 1
2 2 0 2 2 0 0 0 0 2 2 1 0 1 0 1 1 2 2 1 2 0 2 1 2 1 0 1
2 2 1 2 2 0 2 0 1 2 1 1 0 0 0 0 1 2 2 1 2 0 0 1 1 0 0 1
0 2 1 2 2 0 1 2 0 1 2 2 0 1 0 2 1 2 2 1 2 0 2 1 2 0 0 1
0 1 1 2 2 0 0 0 1 2 2 1 1 0 0 0 1 2 2 2 2 0 2 0 1 0 0 1
0 2 2 2 1 0 1 0 0 1 1 2 1 1 1 1 0 1 1 2 2 0 1 0 1 0 0 1
1 1 1 1 2 0 1 1 1 1 0 2 0 1 0 1 2 2 0 1 2 1 2 0 1 0 0 0
2 1 1 2 2 0 1 0 0 0 2 1 0 1 0 0 2 2 2 1 2 1 2 0 2 0 0 1
0 2 1 1 2 0 0 1 2 1 0 2 1 1 1 1 2 2 2 1 2 0 2 0 1 0 0 0
0 2 2 2 0 0 1 1 0 2 0 0 0 1 0 1 2 2 2 1 2 0 2 0 1 0 0 1
0 2 0 1 2 0 1 0 1 1 1 2 0 0 0 0 2 2 1 2 2 0 2 0 0 0 0 0
0 2 1 2 2 0 0 2 0 1 1 1 1 0 0 1 2 2 2 1 2 0 2 0 2 2 0 0
0 0 0 1 2 0 1 1 1 0 1 2 1 0 0 2 2 2 2 2 2 0 1 0 1 1 0 1
0 1 1 2 2 0 1 0 0 0 1 2 0 2 0 0 1 2 2 2 1 0 1 0 1 1 0 0
0 2 1 1 2 0 0 1 0 2 1 1 0 1 0 1 1 2 2 0 2 0 2 1 1 0 0 0
0 2 0 2 2 0 2 0 0 2 1 1 0 0 0 0 2 2 1 0 2 0 2 0 1 0 0 0
0 1 1 2 2 0 1 1 2 1 0 1 1 0 0 0 2 2 2 2 2 1 1 0 2 0 0 2
0 1 0 2 2 0 1 0 0 1 1 1 0 0 0 1 2 1 2 2 2 0 1 0 0 0 0 0
0 0 0 2 2 0 2 1 0 1 1 1 1 0 0 1 1 2 1 0 1 0 2 1 1 0 0 1
1 2 1 2 2 0 0 1 0 0 2 2 0 2 1 0 2 2 1 2 2 0 1 0 2 0 0 2
0 1 2 2 1 0 1 1 0 1 1 1 0 0 0 0 2 2 2 1 2 0 1 0 1 1 0 0
2 2 0 2 2 0 0 1 1 2 1 2 0 1 1 0 2 0 2 2 2 0 2 1 0 0 0 0
1 2 1 2 2 0 0 0 0 1 1 1 0 1 0 1 0 2 2 2 1 0 2 1 1 1 0 0
1 2 1 2 2 0 0 0 0 1 0 2 0 1 0 0 2 2 2 0 1 0 0 0 2 2 1 0
0 1 1 2 2 0 1 0 0 0 1 1 1 1 1 1 2 2 1 1 2 0 1 2 2 1 0 1
0 1 1 2 2 0 1 0 0 0 0 2 1 1 1 1 0 2 1 2 2 0 1 0 1 0 0 0
0 1 1 2 2 0 0 0 0 1 0 1 0 0 0 0 1 2 1 0 2 0 2 1 1 0 0 1
0 1 1 2 2 0 1 0 0 2 1 2 0 0 0 1 2 2 2 1 2 0 2 0 1 0 0 0
0 1 0 2 1 0 1 0 0 1 2 1 1 1 0 1 2 2 1 1 2 0 2 0 1 0 0 0
0 1 0 2 2 0 2 0 0 1 2 2 1 2 0 0 1 1 2 0 1 0 2 1 2 0 0 1
1 2 1 2 1 0 0 0 1 1 0 2 0 0 0 1 1 2 2 1 1 1 2 0 1 0 0 1
0 2 1 2 2 0 0 0 0 0 1 1 2 0 0 0 1 2 1 1 2 0 1 0 2 0 0 1
0 1 2 2 2 0 1 1 1 2 1 2 0 0 0 0 0 2 2 2 2 0 2 0 0 0 0 0
1 2 1 2 0 0 0 1 0 1 2 2 0 1 1 2 1 2 2 2 2 0 2 1 1 1 0 0
0 2 1 2 2 0 2 0 1 0 1 1 0 0 0 1 1 2 2 1 2 0 1 0 1 0 0 1
1 2 1 2 2 1 0 0 0 0 1 1 0 1 0 2 2 2 2 1 2 0 1 1 1 0 0 1
0 2 0 0 2 0 0 0 0 0 2 0 1 2 0 1 1 2 2 2 2 0 2 1 1 0 0 0
1 1 1 2 2 0 0 1 0 1 1 2 0 1 0 0 2 2 2 2 2 1 0 0 1 0 0 1
0 1 0 1 2 1 2 1 0 2 0 1 1 0 0 1 2 2 2 1 1 0 0 0 0 0 0 0
1 1 0 1 2 0 1 1 1 1 1 2 0 1 0 1 0 2 2 1 2 0 2 0 1 1 0 0
0 2 2 2 2 0 1 1 0 1 1 2 0 0 1 1 1 1 0 0 2 0 1 0 2 0 0 2
0 2 0 1 2 0 0 0 0 2 1 2 1 1 1 0 1 2 2 2 2 0 2 1 1 0 0 2
1 1 1 1 2 0 0 1 0 2 2 2 1 0 0 0 1 1 2 2 2 0 2 0 0 0 0 1
0 1 1 2 2 0 1 0 1 1 1 2 2 1 1 0 2 2 1 1 2 0 2 0 1 0 0 0
2 2 1 2 2 0 1 0 0 0 1 2 0 0 0 1 2 2 0 1 1 0 1 0 2 1 0 0
0 0 0 2 2 0 1 0 0 2 1 1 0 0 0 1 2 1 1 1 2 0 2 1 1 0 0 1
2 2 1 2 2 0 2 0 0 2 1 1 0 1 1 0 2 2 1 1 2 0 2 1 2 1 1 1
0 0 1 2 1 0 2 0 0 1 0 1 0 0 0 1 1 2 2 1 2 0 2 1 2 1 1 1
1 1 0 2 1 0 0 0 0 1 1 2 1 0 0 2 1 2 2 0 2 0 1 0 1 0 0 0
1 2 1 1 2 0 0 1 1 1 1 2 0 1 0 2 2 2 2 2 2 0 1 0 1 0 0 1
0 1 0 1 2 0 1 2 0 0 2 2 0 2 0 2 1 2 2 0 2 0 1 0 2 0 0 2
0 0 0 2 1 0 1 1 2 0 1 2 0 1 0 0 0 2 1 1 2 0 2 0 1 1 1 1
1 2 0 2 2 0 1 1 0 2 0 1 1 1 0 1 2 2 1 0 2 0 1 1 1 1 1 1
0 2 1 1 2 0 0 1 0 0 1 2 0 0 0 0 1 2 2 1 2 0 2 1 1 1 0 0
0 1 0 1 2 0 0 0 0 1 1 0 1 1 0 0 2 2 2 2 1 0 1 0 1 0 0 0
0 2 0 1 2 0 1 1 1 1 1 2 2 0 0 1 1 2 2 0 2 0 1 0 1 0 0 0
0 1 1 2 2 0 0 1 0 1 2 2 1 0 0 0 2 2 2 1 2 0 2 0 1 1 1 1
0 1 2 1 2 0 2 1 1 1 1 1 0 2 1 1 1 2 2 2 2 0 2 0 2 0 0 2
1 1 1 1 2 0 1 0 0 0 2 1 0 0 1 0 1 2 2 1 2 0 2 0 2 0 1 2
1 2 0 2 2 0 1 0 1 2 0 2 1 0 0 0 1 2 1 0 2 1 2 0 1 1 0 0
1 1 2 1 2 0 1 1 1 1 2 0 1 1 0 1 1 2 2 1 2 1 2 0 1 0 0 0
0 2 2 2 2 0 1 1 0 1 1 2 1 1 0 1 2 2 2 0 2 0 1 0 0 0 0 0
0 1 0 2 2 0 0 0 2 1 2 1 0 1 0 0 1 2 1 1 2 0 2 0 2 2 0 0
0 1 0 2 2 0 1 0 0 1 0 1 0 0 0 0 2 2 2 2 2 0 2 0 1 0 0 1
0 1 2 2 2 0 1 0 2 2 2 1 0 1 1 1 1 2 2 1 2 0 2 0 1 0 0 1
1 2 1 2 2 0 0 0 1 0 2 2 1 0 0 2 0 2 0 1 2 0 1 0 2 0 0 1
2 2 0 2 2 0 1 0 1 1 1 2 0 0 0 2 1 2 2 0 2 1 1 0 2 1 0 1
1 2 1 2 2 0 2 0 0 2 1 2 0 0 0 1 2 2 2 1 2 1 2 1 1 0 0 1
0 2 1 2 2 0 2 1 1 2 1 2 0 0 0 0 2 2 1 1 2 0 2 0 1 0 1 1
1 1 0 2 2 0 0 0 1 1 1 1 1 1 0 1 0 2 2 0 2 0 2 0 2 0 0 0
0 1 1 1 2 0 0 0 2 0 1 2 1 1 1 0 2 2 2 2 2 0 0 0 2 1 1 1
0 1 0 2 2 1 2 0 0 2 1 1 0 0 0 1 1 2 1 1 1 0 2 0 1 0 0 1
0 2 1 2 1 0 1 0 1 2 2 2 0 0 1 1 1 2 2 1 2 0 0 0 0 0 0 0
0 2 0 2 2 0 0 1 1 0 0 1 0 0 0 1 2 2 1 0 2 1 0 1 1 0 0 0
1 1 0 2 2 0 1 0 0 1 0 1 0 0 1 1 1 2 2 2 2 0 2 1 1 0 0 1
0 1 1 2 2 0 1 1 2 2 1 2 0 1 1 1 1 2 1 1 2 0 1 0 2 0 0 2
0 2 1 1 2 0 0 0 0 2 1 2 1 0 0 1 2 2 1 1 2 1 2 0 1 0 0 0
0 2 1 2 2 0 1 2 0 2 2 2 0 0 0 0 0 1 2 1 2 0 2 0 2 0 0 0
0 2 0 2 1 0 1 0 1 2 2 2 1 0 0 2 1 2 1 2 2 0 2 0 2 0 0 2
0 0 1 2 1 0 1 0 0 2 0 2 1 0 0 1 1 2 2 2 2 0 2 1 1 0 1 1
1 2 2 1 1 0 1 0 0 1 1 2 2 1 0 2 0 2 2 1 2 0 2 0 1 0 0 1
0 1 1 1 2 1 2 1 0 1 1 2 0 0 0 2 2 2 2 1 2 0 1 0 2 0 0 0
1 2 2 2 2 0 0 0 0 1 2 1 1 1 0 0 0 2 2 2 2 0 1 1 0 0 0 0
1 2 0 2 2 0 0 0 0 0 1 2 0 1 0 0 2 1 2 1 2 0 2 0 1 0 0 1
0 2 2 2 2 0 1 1 1 1 0 2 0 0 0 1 2 2 2 0 2 0 2 0 2 1 0 1
0 2 0 2 2 0 1 0 1 1 1 1 0 0 1 0 1 2 2 1 2 0 2 1 2 2 0 0
0 2 1 2 2 0 0 0 0 2 1 1 0 0 0 1 2 2 2 1 2 0 2 1 2 1 0 0
1 2 1 2 2 0 0 0 2 2 1 1 0 0 0 1 1 2 2 2 2 0 2 1 2 0 0 2
0 1 0 2 2 0 2 1 0 2 1 2 0 0 0 1 2 2 1 0 1 0 0 0 2 1 1 1
2 1 1 2 2 0 1 0 1 0 0 2 0 0 0 1 2 2 2 0 1 0 2 0 1 0 0 1
0 2 0 2 2 0 2 1 1 1 1 2 2 1 0 0 2 2 1 2 1 0 2 0 1 0 0 0
2 2 0 2 2 0 0 0 1 2 2 1 0 2 1 0 2 2 2 1 2 0 1 0 1 0 0 1
1 2 1 2 2 1 1 2 0 1 2 1 1 1 0 1 2 2 2 2 2 2 2 0 1 0 0 0
1 1 0 2 2 0 2 0 1 1 2 2 1 0 0 0 2 2 1 1 2 0 2 1 1 0 0 0
1 2 2 1 2 0 1 0 2 1 1 2 0 0 0 1 2 2 2 2 2 0 1 0 2 2 2 1
0 2 2 2 1 0 1 2 0 2 1 1 1 1 0 0 1 2 1 1 2 0 1 1 1 1 0 0
0 1 2 2 2 0 0 0 0 1 2 1 0 0 0 1 2 2 2 2 2 0 1 0 0 0 0 0
0 1 0 2 2 0 0 0 1 1 1 2 1 0 0 1 1 2 2 1 2 0 1 0 1 0 0 0
0 1 1 2 2 0 2 0 0 2 0 1 1 2 0 2 1 2 2 2 1 0 2 0 1 0 0 0
0 2 0 2 2 0 1 0 0 1 0 2 0 1 0 0 2 2 1 1 2 0 0 0 0 0 0 0
0 2 0 1 2 0 0 0 1 1 0 1 0 1 0 0 2 2 2 1 2 0 1 0 2 0 0 0
1 1 1 2 2 0 0 0 0 2 2 1 0 0 0 1 2 2 2 1 2 0 2 0 1 1 0 0
1 1 0 2 2 0 1 0 1 1 0 2 0 2 0 0 1 2 2 2 2 1 2 1 1 0 0 1
0 1 0 2 2 0 0 1 1 1 1 1 0 0 0 0 2 2 2 2 2 1 2 1 2 0 0 0
0 2 1 2 2 0 2 1 0 1 1 2 0 0 0 0 2 2 2 1 2 0 1 1 2 1 1 1
0 1 2 2 2 0 1 0 2 2 0 2 1 1 0 0 2 2 1 2 1 0 2 1 1 1 1 1
0 1 0 2 2 0 1 0 1 2 1 2 0 0 1 1 2 2 2 1 2 0 2 1 2 1 0 0
0 1 2 2 2 1 1 0 0 1 2 2 0 1 0 2 1 2 2 1 2 0 1 0 2 1 0 1
0 2 2 2 2 0 2 1 1 2 2 2 0 1 1 1 2 2 1 2 2 0 2 0 0 0 0 0
1 2 1 2 1 0 0 0 1 2 2 2 0 0 1 0 1 2 2 2 2 0 1 0 1 0 0 0
0 1 2 2 2 0 1 0 0 1 0 2 0 1 0 0 2 2 0 1 2 0 1 0 2 0 0 2
0 1 0 2 2 0 1 1 0 1 1 2 0 1 0 2 1 0 0 1 2 0 2 0 1 0 0 1
0 1 1 2 2 0 0 0 1 1 2 2 0 1 0 2 1 2 2 2 1 0 1 1 1 0 0 1
0 2 2 2 2 0 1 0 0 0 2 1 0 0 0 0 1 2 1 2 2 0 2 0 1 0 0 1
0 1 1 2 2 0 0 1 0 1 0 1 1 1 0 1 2 2 2 2 2 0 0 0 1 0 0 1
0 1 2 2 2 0 1 0 0 1 2 1 0 1 1 2 1 2 2 2 2 1 1 0 1 0 0 1
0 1 1 2 2 0 1 0 0 0 1 0 0 0 0 1 1 2 2 1 2 0 2 0 2 0 0 2
1 2 2 2 2 0 1 0 1 1 1 2 0 2 0 1 1 2 2 2 2 0 2 1 1 0 0 1
2 2 1 2 2 0 2 0 0 1 1 2 0 1 0 0 2 2 2 2 2 0 2 1 1 0 0 1
1 0 1 1 2 0 0 0 0 2 1 1 0 0 0 1 2 2 2 2 2 0 1 1 1 1 0 0
0 0 0 2 2 0 2 1 1 1 1 2 1 0 0 0 2 2 1 1 2 0 1 0 1 1 0 0
1 1 1 2 1 0 0 0 0 2 1 2 0 1 0 1 1 2 1 2 2 0 2 1 1 0 0 0
0 2 1 2 2 0 1 1 0 1 2 2 0 1 0 1 2 2 2 1 2 0 2 0 2 0 0 0
1 1 1 1 2 0 1 1 1 1 2 2 0 1 0 1 1 2 2 1 2 1 1 0 1 0 0 1
0 2 1 1 2 0 1 0 0 1 2 1 1 0 0 1 1 2 1 2 2 0 2 1 2 1 1 1
0 1 2 1 1 0 0 1 2 1 1 2 1 0 0 1 1 2 1 1 2 0 1 0 1 0 0 0
0 2 2 2 2 0 0 0 0 1 1 1 0 0 0 2 1 2 2 2 2 0 2 0 0 0 0 0
1 2 0 2 2 0 0 0 0 1 1 2 1 0 1 1 2 2 1 0 2 0 2 2 1 0 0 1
0 2 2 2 2 0 0 0 1 0 0 2 1 0 1 1 2 2 2 2 2 1 2 0 1 1 0 0
1 2 0 2 2 0 0 0 1 0 2 1 0 0 0 0 1 2 2 1 2 0 2 0 2 1 1 2
0 2 1 2 2 0 1 1 1 2 1 1 0 0 0 1 2 2 1 1 2 0 2 0 0 0 0 0
0 2 2 2 1 0 1 1 2 1 2 2 1 0 0 0 1 2 2 2 2 0 2 0 2 2 0 0
1 2 1 1 2 0 0 0 1 1 2 2 2 1 1 1 2 2 2 0 2 0 2 2 1 0 0 0
1 1 1 2 2 0 1 2 0 1 0 2 1 1 0 0 1 2 2 2 2 1 2 1 1 0 0 0
0 2 1 2 2 0 1 0 2 0 0 2 0 0 0 0 1 2 1 1 2 0 2 0 2 0 0 0
1 1 0 2 2 0 0 0 1 1 1 1 0 0 0 1 1 2 2 2 2 0 2 0 1 0 0 1
0 2 0 2 2 1 1 0 1 2 2 2 1 1 0 1 2 2 1 2 2 0 2 0 2 0 0 0
0 2 0 1 2 0 0 0 1 1 2 1 0 0 0 1 2 2 1 2 2 0 2 1 1 0 0 0
0 1 2 2 2 0 1 0 0 0 2 1 0 0 0 1 0 2 2 1 2 0 1 1 1 0 0 0
1 1 1 2 2 0 1 0 0 1 0 2 1 1 1 2 2 2 2 1 2 0 1 0 1 0 0 1
2 1 1 2 2 0 2 0 2 0 2 2 1 1 0 1 1 2 2 0 2 0 2 1 2 1 0 1
0 1 1 1 2 0 1 1 1 1 0 2 0 0 0 1 2 2 2 1 2 0 1 0 1 0 0 0
1 0 1 2 1 1 2 1 0 1 2 1 1 0 1 0 1 2 2 2 2 0 1 1 2 1 0 0
1 2 1 2 2 0 0 1 1 2 2 1 0 1 0 0 1 2 1 1 2 0 1 0 1 0 0 1
0 1 1 1 1 0 1 0 0 1 1 1 0 1 0 0 2 2 1 2 2 1 0 0 1 0 0 0
0 2 2 2 2 0 1 2 0 1 1 2 0 0 0 1 2 2 1 2 1 0 2 0 1 0 0 1
1 1 0 2 2 1 0 1 1 1 1 2 0 1 1 0 0 2 2 1 2 0 1 0 1 0 0 1
1 2 2 1 2 0 1 0 1 1 2 2 0 0 0 0 2 2 2 1 2 0 2 0 0 0 0 0
0 1 1 1 2 0 2 0 1 1 2 2 0 1 1 2 2 2 2 1 2 0 1 1 1 1 0 0
0 1 0 2 2 0 1 1 0 0 2 2 0 1 0 1 0 2 2 2 2 0 1 0 1 0 0 0
0 1 0 2 1 0 1 0 0 0 0 2 0 0 0 1 0 2 2 2 2 1 2 0 2 0 0 1
1 1 2 2 2 0 1 0 0 2 1 2 0 0 0 1 2 2 2 1 1 1 1 1 2 1 1 0
0 2 0 2 2 0 0 0 1 2 1 1 0 0 0 0 1 2 1 2 2 0 2 0 1 0 0 0
0 2 0 2 2 0 0 0 1 1 2 2 1 0 0 1 2 2 1 0 2 0 0 0 1 0 0 1
0 0 1 2 2 0 1 0 0 0 1 0 1 0 0 1 1 2 1 2 2 0 1 0 1 0 0 1
0 2 0 0 2 0 0 1 1 1 2 2 0 0 1 0 2 2 1 1 2 0 2 0 1 0 0 1
1 1 2 0 2 0 0 0 1 2 1 2 0 0 2 0 2 2 2 0 2 0 1 1 2 0 0 1
0 1 2 2 2 0 1 0 0 0 1 1 0 1 0 1 0 2 2 1 2 0 2 1 2 1 0 1
2 1 1 2 1 0 1 0 2 0 1 1 0 0 1 1 2 2 2 1 2 0 1 0 1 1 0 0
0 0 0 1 1 0 1 1 1 0 1 0 0 0 0 0 0 2 2 0 2 0 1 1 2 1 1 2
0 2 1 2 2 0 0 0 1 1 1 2 0 0 0 1 2 2 2 2 2 0 2 0 0 0 0 0
0 2 2 1 2 0 1 0 0 1 2 2 0 1 0 1 1 2 2 2 2 1 2 0 1 1 1 1
0 1 0 2 2 0 1 1 0 1 2 1 0 0 1 2 2 2 2 1 2 1 2 0 0 0 0 0
1 1 0 2 1 0 1 0 1 1 1 2 0 1 0 1 2 2 2 2 2 0 2 0 1 0 0 1
1 0 1 2 1 0 0 0 1 1 1 2 0 0 0 0 2 2 1 2 2 0 2 1 2 1 0 1
1 1 1 2 2 0 0 1 2 2 1 2 0 1 1 2 2 2 2 0 2 0 2 0 1 1 1 1
0 2 0 1 2 0 1 0 1 1 1 2 0 0 0 1 2 2 2 1 2 0 1 1 1 1 1 1
0 0 1 2 2 0 1 0 1 0 0 2 0 0 0 0 1 2 2 1 2 0 2 0 2 2 0 0
0 1 1 2 2 1 0 0 0 1 1 2 0 1 1 0 1 2 1 1 2 0 2 0 1 0 0 2
0 1 2 2 2 1 2 0 1 2 0 2 0 1 1 0 1 2 1 0 2 1 2 0 2 1 0 1
0 2 0 1 2 1 2 1 1 1 0 1 1 1 0 0 2 2 1 0 2 0 2 0 0 0 0 0
0 2 1 2 2 0 1 1 1 2 0 2 0 1 2 0 2 1 2 0 2 0 2 1 1 1 1 1
0 1 2 2 1 0 1 1 0 0 1 0 0 2 0 1 1 2 2 1 2 0 2 0 0 0 0 0
0 0 1 1 2 0 0 0 0 0 2 0 1 0 0 0 2 2 1 1 2 0 2 0 2 0 0 0
1 2 1 2 2 0 1 1 0 2 0 2 0 1 0 1 1 2 1 1 2 0 1 0 1 0 0 0
1 1 1 1 1 1 0 1 1 1 1 1 1 0 0 0 2 2 2 0 2 0 1 0 1 0 0 1
1 0 1 2 2 0 2 0 0 1 2 2 0 1 0 1 0 2 1 0 2 1 1 2 1 0 0 1
0 2 0 2 2 0 0 1 1 2 2 2 0 0 0 1 1 2 2 2 1 1 2 0 2 1 1 2
0 1 1 2 2 0 0 0 0 2 0 2 0 0 0 1 2 2 1 1 2 0 1 0 1 0 0 1
0 2 0 2 2 0 0 1 1 1 0 1 0 1 1 0 1 2 2 1 2 0 2 1 2 2 1 1
0 1 1 1 2 0 2 0 1 0 1 1 0 0 2 0 1 2 2 2 2 0 2 0 1 1 1 0
0 2 0 2 2 0 1 0 0 2 1 2 0 1 0 2 1 2 1 0 2 0 2 1 1 0 0 0
2 0 2 1 2 0 1 0 2 2 1 2 0 0 0 0 2 2 2 0 2 0 1 0 1 1 1 1
0 2 0 2 2 0 1 0 0 1 2 2 0 1 0 1 2 2 2 2 2 0 2 0 0 0 0 1
0 1 1 2 2 0 1 0 0 0 2 1 0 1 1 1 2 2 2 1 2 1 2 0 1 1 0 0
1 2 0 2 2 0 1 0 0 1 1 1 0 1 0 1 1 2 2 2 2 0 1 0 1 0 0 0
0 0 1 1 2 0 0 1 0 0 1 2 0 0 0 1 1 2 2 2 2 1 1 0 2 0 0 2
0 1 0 2 2 0 1 0 0 1 1 2 0 1 0 1 1 2 2 2 2 0 2 2 2 1 0 1
1 1 1 2 1 0 1 1 0 1 1 2 0 0 0 0 2 2 1 2 2 0 2 0 1 0 0 0
0 2 1 2 2 0 1 0 1 1 1 2 0 0 0 1 2 2 1 0 2 0 1 0 2 0 0 0
1 1 1 2 2 0 0 0 1 1 1 2 0 0 0 1 1 2 2 2 2 0 2 1 1 0 0 1
0 1 1 1 2 0 0 0 0 2 2 2 1 0 1 0 1 2 2 1 2 0 2 0 1 1 0 0
1 1 2 1 2 0 0 1 0 0 2 2 0 0 0 0 2 2 1 1 2 0 1 0 2 0 0 1
1 1 0 1 1 0 0 0 1 1 2 0 1 1 0 0 0 2 2 2 2 0 2 0 1 0 0 1
1 2 1 2 2 0 1 1 0 2 1 1 0 0 1 0 1 2 1 1 2 0 2 0 0 0 0 0
0 1 0 2 2 0 0 1 0 1 1 1 1 1 0 2 2 2 1 2 2 0 1 0 2 0 0 1
0 1 0 2 1 1 2 0 0 2 0 2 1 0 1 1 2 2 2 1 2 0 2 1 1 0 0 1
0 2 0 1 2 0 1 1 0 2 1 1 0 0 0 0 1 2 1 1 2 0 2 1 0 0 0 1
0 1 1 2 2 0 0 1 0 2 1 2 1 1 0 1 0 2 1 1 2 0 2 0 2 0 0 2
0 1 2 2 2 0 1 1 1 1 1 1 0 1 0 0 1 2 1 2 2 0 1 0 1 1 1 1
1 1 0 2 1 0 1 0 0 2 1 2 0 1 0 0 1 2 2 2 2 0 2 0 2 1 0 0
1 2 0 2 2 0 1 0 0 1 2 2 0 0 1 1 1 2 1 2 1 0 2 1 2 0 0 0
0 1 1 2 2 0 2 0 1 2 1 2 1 1 1 0 2 2 1 2 2 0 0 0 1 1 0 0
1 2 2 2 2 0 0 1 2 1 1 2 0 1 0 0 2 2 1 1 2 0 2 0 2 1 0 0
1 1 1 2 2 0 1 0 1 0 2 2 0 1 1 0 1 2 1 1 1 0 1 0 2 0 0 1
0 1 1 1 1 0 0 0 2 2 1 1 0 0 1 0 2 2 2 1 2 0 2 1 1 0 0 1
0 2 1 2 2 0 2 1 0 0 0 2 0 1 1 1 1 2 2 0 2 0 2 1 1 0 0 0
1 2 1 1 2 1 1 0 0 1 2 1 0 0 0 1 1 2 2 2 2 0 2 1 1 0 0 0
0 2 0 2 2 0 2 0 1 0 1 2 0 1 1 1 2 2 1 0 2 0 2 1 2 1 1 1
0 1 1 2 2 0 1 0 0 2 1 2 0 0 1 1 1 2 2 0 2 0 2 1 2 0 0 0
0 2 1 2 2 0 1 1 0 1 2 1 1 1 0 1 1 2 1 2 2 0 2 1 0 0 0 0
0 1 1 1 2 0 2 1 0 0 1 2 0 0 1 0 1 2 2 0 2 0 2 0 1 0 0 0
0 0 1 2 2 0 0 0 1 1 1 2 0 0 0 0 2 2 1 0 1 0 2 0 0 0 0 0
0 1 1 2 2 0 0 0 1 2 0 2 0 0 0 0 2 2 1 0 2 0 2 0 2 0 0 2
0 1 1 2 2 0 1 0 1 1 0 0 0 0 0 0 1 2 2 1 1 0 1 0 1 1 0 0
0 1 0 2 2 0 2 1 0 1 1 0 0 1 0 1 2 2 2 1 2 0 2 0 2 2 1 1
1 1 0 1 2 0 2 1 1 2 0 1 0 1 0 1 2 2 1 2 1 0 2 2 0 0 0 0
1 2 1 2 2 0 1 2 2 2 1 2 0 0 0 0 2 2 2 2 2 0 2 0 2 1 0 1
1 1 1 2 2 0 0 1 1 1 1 2 0 0 1 0 1 2 2 0 2 0 2 0 2 0 0 1
0 2 0 2 1 0 0 1 1 1 2 2 0 1 0 0 1 2 1 1 2 0 1 0 2 2 0 0
0 2 0 2 2 0 1 0 1 1 0 2 0 1 0 1 1 2 2 2 2 0 0 0 2 1 0 1
0 2 2 2 2 0 1 0 0 0 1 1 0 1 1 0 1 2 2 1 2 0 2 1 1 0 0 0
0 1 0 2 2 0 1 0 0 1 1 2 0 0 0 2 2 2 1 1 2 0 1 0 2 1 0 1
0 0 0 1 2 0 0 0 1 1 1 2 0 0 0 0 2 2 2 0 1 0 2 0 1 0 0 0
0 1 1 2 1 0 1 0 1 1 1 2 1 0 2 1 1 2 2 0 2 0 2 1 1 0 0 0
0 2 1 2 2 0 0 0 1 1 1 2 0 1 0 0 2 2 2 2 2 0 2 1 2 2 1 1
0 1 0 2 2 0 0 0 0 2 1 1 0 2 0 0 1 2 2 1 2 0 1 1 1 0 0 2
1 1 1 2 2 0 0 1 1 0 1 2 0 1 1 1 2 2 2 2 2 0 2 1 1 0 0 0
1 2 1 2 2 0 2 0 1 1 1 2 0 0 0 1 2 2 1 2 2 0 1 0 0 0 0 0
0 1 1 2 1 1 0 0 2 1 1 2 0 0 0 1 1 2 1 0 1 0 2 0 1 0 0 1
0 1 2 2 2 0 1 0 1 0 1 1 0 0 0 0 1 2 1 1 2 0 1 0 1 0 0 1
0 2 2 2 2 0 1 1 0 2 0 1 1 1 0 1 1 2 1 1 2 0 2 0 0 0 0 1
0 1 1 2 2 0 0 1 0 0 2 2 1 2 0 0 1 2 2 1 2 0 2 0 1 0 0 0
0 2 0 2 2 0 0 1 1 1 2 1 0 2 1 0 1 2 2 1 2 0 1 0 0 0 0 1
2 2 0 2 2 1 2 0 0 2 2 2 0 1 1 0 1 2 1 1 2 0 2 0 1 0 0 1
1 2 2 2 2 0 2 0 0 1 1 1 0 0 0 0 1 2 1 1 2 1 2 0 1 0 0 1
0 1 0 2 2 0 0 1 0 0 0 2 2 0 1 2 2 2 1 1 2 0 2 1 1 1 0 0
2 1 1 1 2 0 1 1 0 0 0 2 1 0 1 1 0 2 2 0 2 0 1 0 1 0 0 1
1 1 0 1 2 0 0 0 0 0 0 2 1 0 0 0 0 2 2 2 2 0 2 1 2 1 0 1
1 1 1 2 2 0 0 0 0 1 1 1 0 1 1 1 0 2 1 2 2 0 1 0 1 0 0 0
1 1 2 2 2 0 2 0 0 1 0 2 0 0 1 1 2 2 2 1 2 0 1 2 2 0 0 1
0 2 1 2 2 0 2 0 1 1 2 2 1 1 0 0 1 2 2 1 0 0 1 0 2 2 2 2
0 2 0 2 2 0 2 1 0 1 1 2 0 0 0 0 1 2 2 1 2 0 1 0 1 0 0 1
0 1 1 2 2 0 1 0 0 2 2 2 0 0 0 1 2 2 2 1 1 0 2 0 2 0 0 0
0 2 1 2 1 0 0 2 0 1 1 0 0 1 0 0 2 2 2 2 1 0 1 0 1 0 0 0
0 2 1 1 2 0 0 0 1 2 1 2 0 1 2 0 2 2 1 1 2 0 0 1 1 0 0 0
1 1 0 1 2 0 0 0 0 1 2 2 1 1 1 1 1 2 1 1 2 0 2 0 2 0 0 1
1 2 1 2 2 0 0 0 1 0 2 2 0 1 0 0 2 2 1 2 2 0 2 0 2 1 1 2
0 2 2 2 2 0 1 1 2 2 2 1 0 0 0 0 2 2 1 1 2 0 2 0 2 0 0 1
0 1 0 2 2 0 0 0 0 1 1 2 1 1 1 0 1 2 1 2 2 0 2 1 2 0 0 0
0 2 1 2 2 0 1 2 1 2 2 2 1 0 1 0 1 2 2 1 2 0 2 0 2 2 1 1
0 1 0 2 2 1 0 0 0 1 1 1 1 0 2 1 2 2 0 2 2 0 2 0 2 0 0 1
1 0 2 2 2 0 1 0 0 2 2 2 1 0 0 0 1 2 2 1 2 0 1 0 1 0 0 0
2 1 1 2 2 1 1 0 1 2 2 1 0 0 1 1 1 2 0 2 1 0 1 1 1 0 0 0
1 0 0 2 2 0 1 1 1 1 1 2 0 1 0 0 2 2 2 2 2 0 1 1 0 0 0 0
0 1 1 2 2 0 0 0 1 2 1 1 1 0 0 0 2 2 2 1 2 0 2 1 1 0 0 1
0 2 1 1 2 0 2 0 1 1 0 2 0 1 0 1 2 2 2 2 2 0 1 0 2 1 1 2
0 2 1 2 2 0 0 0 1 2 0 0 1 0 1 0 1 2 2 2 2 0 2 0 0 0 0 0
0 1 2 2 2 0 0 0 1 2 0 1 0 1 0 1 2 2 2 2 1 0 2 1 2 1 0 1
0 2 2 1 2 0 0 0 1 0 2 1 0 1 1 1 2 2 2 2 2 1 1 1 0 0 0 0
0 1 0 2 2 0 0 2 0 2 1 1 0 2 0 0 1 2 2 0 2 0 1 0 2 0 0 2
0 1 2 2 2 0 1 0 0 1 2 2 1 1 0 1 1 2 1 2 2 0 1 0 2 0 0 1
0 1 1 2 2 0 0 0 1 1 2 2 0 1 1 1 1 2 1 1 2 0 2 1 1 0 0 0
0 1 0 1 2 0 0 1 0 1 2 2 1 1 0 0 2 2 1 2 2 0 1 1 1 0 0 1
0 1 1 2 2 0 2 0 1 1 1 2 1 1 0 0 2 2 2 0 2 0 2 0 1 0 0 1
0 2 1 2 2 0 1 0 1 1 2 1 0 0 0 0 2 2 2 2 2 0 2 0 1 0 0 1
0 1 0 2 2 0 0 0 1 1 1 2 0 1 1 1 2 2 2 0 2 0 2 0 1 0 0 0
0 2 0 2 2 0 0 1 1 1 2 2 0 0 0 0 2 2 2 0 2 0 2 1 2 0 0 2
0 1 1 2 1 0 0 0 0 0 1 1 0 0 0 1 0 2 2 2 2 0 1 0 0 0 0 0
0 2 1 1 2 0 1 1 1 0 1 2 1 0 0 1 1 2 2 1 1 0 2 1 1 0 0 0
0 0 0 2 2 0 0 0 0 1 2 1 0 0 0 2 1 2 1 2 2 0 1 0 0 0 0 0
0 2 1 1 2 0 1 0 1 0 2 2 0 1 1 0 0 2 1 0 2 0 2 1 2 0 0 2
0 2 1 1 2 0 1 0 1 0 1 1 1 1 0 0 1 2 1 1 2 0 2 0 1 0 0 0
0 2 1 2 2 0 0 0 1 2 1 2 0 1 1 0 0 2 2 0 2 0 0 0 0 0 0 1
1 0 1 2 1 0 0 0 1 1 1 2 1 1 0 1 2 2 2 0 2 0 0 0 2 0 0 2
1 1 1 1 2 1 0 0 1 0 2 2 1 2 0 1 0 1 2 2 2 0 2 0 1 1 1 1
0 2 1 2 2 0 2 0 0 1 1 1 1 1 0 1 2 2 2 2 2 1 1 1 0 0 0 0
0 0 0 2 2 0 1 1 0 0 1 1 0 1 0 1 2 2 1 2 2 0 1 0 2 0 0 1
0 2 0 1 2 0 1 1 0 1 1 2 0 2 0 0 1 2 2 1 2 0 2 0 1 0 0 0
0 2 0 1 2 0 1 0 1 1 1 1 1 0 2 2 1 2 2 2 2 1 2 0 1 1 0 0
0 2 2 2 2 0 1 1 1 1 1 1 0 0 0 0 1 2 2 0 2 0 2 1 1 1 1 1
0 2 1 2 2 0 1 2 1 1 2 2 1 0 0 0 1 2 2 2 2 0 2 0 2 0 0 1
0 1 0 2 2 0 0 0 2 0 0 2 0 1 1 0 1 2 2 2 2 0 1 0 0 0 0 0
0 0 1 2 2 0 0 0 1 2 2 1 0 1 0 1 2 2 2 1 2 0 2 0 1 0 0 1
0 1 1 1 2 0 0 1 0 1 2 2 2 0 0 1 1 2 2 0 2 0 1 0 1 0 0 0
0 1 0 2 2 0 0 0 0 1 1 0 0 1 0 1 2 2 2 2 2 0 2 0 1 1 0 0
0 1 1 1 2 0 1 1 1 0 1 2 1 0 0 1 2 2 2 2 2 0 2 1 1 1 1 1
2 2 1 2 2 0 0 0 1 1 2 1 1 0 0 1 2 2 1 2 2 1 2 0 2 0 0 1
0 0 1 2 2 0 1 2 1 1 2 2 1 1 0 1 2 2 2 2 2 0 1 0 2 0 0 0
0 2 1 2 2 1 1 1 0 1 1 1 0 1 0 1 1 2 2 2 2 0 1 1 1 0 0 1
0 2 1 1 2 1 1 0 0 0 1 0 1 2 0 0 1 2 1 2 2 0 2 0 2 1 1 2
0 2 2 2 2 0 0 1 1 0 1 1 1 1 0 2 2 2 2 2 2 0 1 0 0 0 0 0
0 1 1 2 2 0 2 0 0 1 2 2 0 0 0 0 2 2 1 2 2 0 1 1 1 1 0 0
0 2 2 2 2 0 0 0 0 1 2 1 2 1 0 1 2 2 2 2 2 0 2 0 1 0 0 1
0 0 1 2 2 1 2 0 0 2 2 2 0 0 0 1 1 2 2 2 2 1 2 0 2 0 1 1
0 1 0 1 2 0 1 0 1 1 1 1 1 0 0 1 1 1 2 1 2 0 1 1 1 0 0 0
1 2 1 2 2 0 0 0 1 0 0 2 1 1 1 0 0 2 2 1 2 0 2 0 1 1 1 1
0 2 0 1 2 0 1 1 1 0 0 1 0 2 0 0 2 2 1 1 2 0 2 0 0 0 0 0
0 0 1 2 2 0 1 1 1 1 2 1 0 0 0 0 2 2 2 2 2 0 2 1 2 1 0 1
0 1 1 2 2 1 1 0 1 0 2 2 0 0 0 1 2 2 1 1 2 0 2 0 0 0 0 0
0 1 1 2 1 0 0 1 0 1 2 2 1 1 0 1 2 1 2 0 1 0 1 1 2 1 0 0
1 1 1 2 2 1 0 0 0 2 2 1 2 0 0 0 2 2 1 2 2 0 2 1 1 0 0 0
0 1 0 1 2 0 0 0 0 1 1 2 0 0 0 0 2 2 1 1 2 0 2 0 2 0 0 1
1 1 1 1 2 0 1 0 0 1 1 2 0 1 0 1 2 2 1 1 2 0 1 0 1 0 0 0
0 2 0 1 2 1 1 0 0 2 1 2 0 1 0 0 1 2 2 1 0 0 1 0 2 1 1 2
0 2 1 2 2 0 1 2 0 0 1 2 0 1 0 2 2 2 1 1 2 0 2 0 1 0 0 2
0 2 1 2 2 0 1 0 1 0 1 2 1 0 0 1 2 2 1 2 2 0 2 0 1 0 0 0
0 1 1 2 1 0 0 1 1 2 1 2 1 0 0 0 0 2 2 1 2 0 2 0 1 0 0 1
0 2 2 2 2 0 1 0 0 1 0 1 0 1 1 0 0 2 2 1 2 0 2 1 1 0 0 1
1 2 1 2 2 0 1 0 0 2 1 2 0 2 1 0 2 2 1 2 2 1 2 1 2 1 0 0
1 2 1 2 2 0 1 0 1 0 1 1 1 1 0 1 1 2 2 0 2 0 2 0 2 1 1 1
0 1 1 2 2 0 1 0 1 0 1 2 1 1 0 1 1 2 2 0 1 0 2 0 1 1 1 1
1 2 2 2 2 0 1 0 1 2 1 2 1 0 0 1 2 2 1 2 2 0 2 0 2 0 0 1
0 2 1 1 2 0 0 1 0 1 0 1 0 1 1 0 1 2 1 2 2 0 1 0 1 0 0 1
0 1 2 1 2 0 1 0 0 1 2 2 0 0 0 1 2 2 2 0 1 0 2 0 1 0 0 0
0 2 0 2 2 0 1 1 0 0 1 2 1 1 1 1 2 2 2 1 2 0 2 1 2 0 0 1
0 2 0 0 2 0 0 0 0 0 0 2 0 0 1 1 0 2 2 2 2 1 1 1 1 1 0 0
0 1 1 2 2 0 1 0 0 0 0 2 1 1 1 1 2 2 2 2 2 0 2 1 1 1 0 0
0 1 1 1 1 0 0 0 1 2 2 2 0 1 0 1 2 1 1 0 1 1 1 0 1 0 0 0
1 1 1 2 2 0 0 0 0 2 0 0 0 1 0 0 1 1 1 1 2 0 2 1 0 0 0 0
2 0 1 2 2 0 0 0 0 0 1 1 0 0 0 1 1 2 2 1 2 0 2 0 0 0 0 0
0 1 1 2 2 0 1 1 0 1 1 2 0 1 1 0 2 2 2 2 2 0 1 1 1 0 0 1
0 0 1 1 1 0 0 0 0 1 1 2 0 0 0 0 2 2 2 0 2 0 2 0 1 1 0 0
0 1 2 1 2 0 0 0 1 1 2 2 0 2 0 0 2 2 2 1 2 0 2 1 1 0 0 1
0 2 1 1 1 0 1 1 0 0 0 1 0 1 0 1 1 2 2 0 1 0 2 1 2 2 1 1
0 0 1 1 2 0 2 1 1 1 0 2 0 0 0 1 1 2 2 0 2 1 2 1 2 1 1 2
1 2 0 2 2 0 0 1 0 2 0 2 0 1 0 0 1 2 2 1 2 0 1 1 2 0 0 1
0 1 1 1 2 1 1 0 0 0 2 1 0 0 0 0 1 2 2 2 2 0 1 1 2 1 1 1
1 1 2 1 2 0 0 0 1 0 2 1 0 1 0 2 1 2 1 2 2 0 1 1 2 1 0 0
0 1 1 2 2 0 1 0 0 1 0 1 0 1 0 0 2 2 2 2 1 0 1 1 2 0 0 1
0 1 0 0 2 1 0 0 2 1 1 2 2 1 0 0 1 2 1 1 2 0 1 0 0 0 0 0
0 2 1 1 2 0 0 1 0 1 2 2 0 1 0 0 1 2 2 2 2 0 0 0 1 1 1 1
0 2 2 2 2 0 2 0 0 1 0 1 1 0 1 0 2 2 1 1 2 1 2 2 1 0 0 0
0 1 0 2 2 0 1 1 0 2 0 2 1 1 0 0 1 2 0 1 2 0 2 0 2 1 0 1
1 2 2 1 2 0 1 0 0 0 1 2 0 0 0 1 2 2 1 0 2 0 1 0 1 0 0 0
0 1 0 1 2 1 0 1 1 0 2 2 1 1 1 0 1 2 1 1 2 0 2 1 1 1 0 0
0 2 1 2 2 0 1 0 0 1 2 2 1 1 0 2 2 2 2 1 2 0 2 0 2 1 1 1
1 1 0 2 2 0 2 0 1 0 0 2 0 0 0 1 2 2 2 1 1 0 2 1 1 0 0 1
0 0 1 1 2 0 1 0 0 1 1 1 0 1 1 0 2 2 2 1 2 0 2 2 2 1 1 2
2 2 2 1 2 0 2 1 1 0 1 1 0 2 1 0 2 2 1 2 1 0 1 0 1 0 0 0
0 2 2 1 2 0 2 1 0 1 2 1 0 1 1 2 1 2 1 2 2 0 2 0 1 1 0 0
0 1 0 1 2 0 0 0 1 0 0 2 2 1 1 1 2 2 1 1 2 0 1 1 2 1 1 2
1 2 0 2 2 0 1 1 1 1 2 1 0 0 1 0 2 2 1 1 1 0 2 0 2 0 0 2
0 1 1 2 2 0 2 0 2 0 2 2 0 1 0 1 2 2 2 1 2 0 2 1 1 0 0 1
0 2 1 2 2 0 1 0 1 1 2 1 0 0 0 0 2 2 2 1 2 0 2 0 1 1 0 0
0 0 1 2 2 0 1 0 0 1 2 1 1 0 1 0 1 2 2 1 2 0 2 0 0 0 0 0
1 1 0 2 2 0 2 0 0 1 2 1 0 0 0 2 0 2 1 1 2 0 0 1 0 0 0 1
0 1 1 2 2 1 0 0 1 1 0 2 0 0 0 0 2 2 2 1 2 0 2 0 1 0 0 1
0 1 0 0 2 0 1 1 1 0 2 2 0 0 0 1 1 2 2 1 2 0 2 1 2 1 1 1
0 2 0 2 2 0 1 0 1 1 0 1 1 0 0 1 1 2 2 2 2 0 2 1 0 0 0 0
0 2 2 2 2 0 0 0 2 0 1 2 1 1 1 1 2 2 2 1 2 0 2 0 2 1 1 1
1 1 2 2 2 0 0 1 0 0 1 2 1 0 0 0 1 2 2 2 1 0 2 0 2 0 0 0
0 0 0 2 1 0 1 0 0 1 2 1 0 1 0 0 2 2 1 1 2 0 1 0 2 0 0 2
0 1 1 2 2 0 1 0 0 0 1 2 0 0 0 1 1 2 1 2 2 0 2 1 2 2 0 0
2 1 0 2 2 0 0 1 2 2 2 2 2 0 1 0 2 2 2 0 2 0 2 1 1 0 0 0
1 2 0 1 2 0 1 0 1 1 1 1 1 1 1 2 2 2 2 1 2 0 2 1 1 0 0 0
0 1 1 0 2 1 1 1 2 2 2 2 1 1 0 2 0 2 2 2 2 0 2 0 1 0 0 1
0 2 1 2 2 1 2 0 0 0 1 2 0 1 1 1 2 2 1 1 2 0 2 0 1 0 0 1
0 2 1 2 2 0 1 0 0 1 2 2 0 2 1 1 1 2 1 2 2 0 1 0 1 0 0 1
0 1 1 2 2 0 0 0 0 2 0 1 0 2 0 0 1 2 2 0 2 0 2 1 2 1 1 2
0 2 1 2 2 0 2 1 0 1 1 2 0 1 0 1 2 1 1 1 2 0 2 1 1 1 1 1
1 2 2 2 2 0 1 2 0 0 0 1 1 0 0 1 1 2 2 1 2 0 2 0 2 1 1 1
0 1 1 2 2 0 0 1 1 0 2 2 1 0 1 0 1 2 2 1 2 0 2 0 1 0 0 1
1 2 0 1 2 0 0 1 0 2 1 1 0 0 0 2 1 2 2 1 2 0 1 0 2 1 1 2
0 2 2 1 2 0 0 0 0 0 0 2 0 0 0 0 2 2 1 2 2 0 1 0 2 0 0 1
0 2 0 1 2 0 0 0 0 1 1 1 0 0 0 2 0 2 2 1 2 0 2 1 1 0 0 0
0 2 1 2 2 0 0 0 2 1 2 2 1 1 0 0 1 2 1 2 2 0 2 1 1 0 0 1
0 1 0 2 1 0 1 2 0 1 1 1 0 0 0 2 2 2 1 2 2 0 2 1 1 0 0 0
0 1 0 2 2 0 1 1 0 2 2 1 0 1 0 2 1 2 2 2 2 0 1 1 0 0 0 0
0 1 1 1 2 0 1 0 0 2 2 2 0 0 0 1 0 2 0 1 2 0 2 0 1 0 0 1
0 0 0 2 2 0 1 0 1 2 2 2 1 0 0 0 2 2 2 2 2 0 2 0 1 0 0 1
0 2 1 1 2 0 0 0 1 0 2 1 2 1 0 0 2 2 2 1 2 0 2 0 2 0 0 0
0 1 0 2 2 0 1 2 1 0 1 2 0 0 0 1 2 2 1 2 2 0 1 1 2 2 2 2
0 2 1 1 1 1 0 0 1 0 0 2 0 0 0 0 1 2 2 1 2 0 2 1 2 0 0 1
0 1 1 1 2 0 0 0 0 1 2 2 2 0 1 0 1 2 1 2 2 0 2 0 1 0 0 1
2 1 1 1 2 0 0 1 0 0 1 1 0 0 0 0 0 2 2 2 2 0 2 0 1 0 0 0
0 1 1 1 1 0 1 1 0 0 0 1 0 0 0 0 2 2 1 0 2 0 2 0 2 2 1 1
0 2 0 2 1 0 0 0 0 0 0 2 1 0 0 1 2 2 1 1 2 0 2 1 0 0 0 0
0 1 2 1 2 0 0 1 0 1 1 2 0 2 1 0 2 2 2 2 2 0 2 0 2 0 0 1
0 2 2 2 1 1 0 0 1 1 0 1 1 0 1 0 1 2 2 2 2 0 1 1 2 0 0 1
1 1 1 2 2 0 0 1 1 1 0 2 1 1 0 1 2 2 2 1 2 0 1 0 1 0 0 0
1 2 0 2 1 0 1 0 0 1 2 1 0 0 1 0 2 2 2 0 2 1 2 1 1 0 0 0
1 2 2 2 2 0 0 0 1 1 0 2 0 0 0 1 1 2 1 2 2 0 2 0 1 0 0 0
0 1 1 2 2 1 0 1 0 1 1 2 0 0 0 0 1 2 1 2 2 0 2 0 1 0 0 0
0 1 1 1 2 0 1 0 0 2 2 1 1 0 1 1 2 2 1 1 2 0 1 0 1 1 1 1
1 2 1 1 2 0 1 1 2 1 1 1 0 1 1 1 1 1 1 0 2 1 2 0 1 0 0 1
0 1 1 1 2 0 1 1 0 1 0 1 0 0 1 2 2 2 2 0 2 0 1 1 2 0 0 1
0 2 1 2 2 0 2 2 0 2 0 2 0 2 1 2 2 2 2 2 2 0 2 0 1 1 0 0
1 2 1 2 2 0 0 0 0 0 1 2 1 1 0 1 2 2 2 1 2 0 2 1 1 0 0 0
0 2 2 1 2 0 0 0 1 1 1 1 1 1 1 2 0 2 0 1 2 0 2 1 2 0 0 2
0 2 1 1 2 0 0 0 1 1 1 1 0 1 0 1 2 2 2 1 2 1 1 1 1 1 1 1
1 1 0 1 1 0 0 0 0 1 1 2 1 0 0 1 1 2 2 1 2 0 2 0 1 0 0 1
1 2 0 2 2 0 1 0 1 1 1 2 0 0 1 0 1 2 2 1 2 0 0 0 1 1 0 0
0 1 0 2 2 0 0 1 1 1 1 2 1 0 0 1 2 2 1 1 2 1 2 1 1 1 1 1
0 1 1 2 2 0 2 1 1 1 2 2 2 1 0 0 1 2 2 2 2 0 2 1 1 1 0 0
0 1 1 1 2 0 0 0 0 0 1 2 0 1 0 0 1 2 1 2 2 0 2 0 2 1 0 0
0 2 1 2 2 0 1 2 1 0 2 2 1 1 0 1 1 2 2 0 2 0 2 0 1 1 0 0
0 1 0 1 2 0 0 0 1 0 1 2 0 2 0 2 2 2 2 2 2 0 2 0 2 0 0 1
1 1 0 2 2 0 1 1 0 1 1 2 0 1 0 0 2 2 2 1 2 0 2 0 1 1 1 1
0 2 1 1 2 0 0 0 1 0 0 2 0 0 0 2 2 2 1 1 2 0 2 0 1 0 0 1
0 1 1 1 2 1 1 1 1 1 1 1 0 0 1 0 2 2 2 2 2 0 2 0 1 0 0 0
0 0 1 2 2 0 1 0 1 1 0 1 0 1 0 1 1 2 2 1 2 0 2 0 1 0 0 0
0 2 1 1 2 0 0 0 2 0 2 2 0 2 0 2 1 2 1 1 1 0 2 1 1 0 0 2
0 2 0 2 2 0 0 1 0 1 2 0 1 1 0 1 2 2 1 1 2 0 2 0 1 0 0 1
0 1 1 2 2 0 1 1 0 0 1 1 0 0 0 1 1 1 1 2 2 1 2 0 0 0 0 0
1 1 1 1 2 0 0 0 2 1 1 2 0 1 0 0 2 2 1 2 2 0 2 1 2 1 1 2
0 0 2 2 2 0 1 0 1 0 2 1 2 1 0 2 2 2 2 0 2 0 1 1 2 0 0 2
0 1 1 2 2 0 1 0 1 1 0 1 0 0 0 1 2 2 2 2 2 0 2 0 0 0 0 0
0 1 0 1 2 0 1 0 2 1 2 2 1 0 0 0 2 2 2 1 2 0 2 0 0 0 0 0
0 1 2 2 2 0 0 0 1 1 1 2 0 2 0 0 1 2 2 0 2 0 2 1 1 0 0 1
1 1 1 2 2 0 2 0 1 2 1 1 0 1 0 0 2 2 0 1 2 0 2 1 2 0 0 1
0 1 1 2 1 0 1 0 1 1 2 2 0 0 1 1 1 2 2 1 2 0 2 0 1 0 0 0
0 2 1 2 2 0 0 0 1 2 1 2 0 0 0 1 2 2 2 1 2 0 2 0 2 1 1 1
0 2 1 2 2 0 1 0 0 2 1 1 0 1 0 0 1 2 2 2 2 0 2 0 2 0 0 2
0 1 2 1 2 0 0 1 0 0 2 2 1 0 0 1 1 2 2 1 2 0 2 1 1 0 0 0
0 2 1 2 1 0 0 1 1 0 0 2 0 0 0 1 2 1 2 2 2 0 2 0 2 2 1 1
1 1 1 2 1 0 0 2 2 1 1 1 2 0 0 0 1 2 2 1 1 0 1 1 1 0 0 0
0 1 0 0 2 0 1 2 1 1 1 2 0 1 1 1 0 2 1 2 2 0 2 1 2 0 0 1
1 2 0 2 2 0 1 0 2 2 0 0 0 0 2 1 1 2 2 0 2 0 2 0 1 1 1 1
0 2 1 2 2 0 0 0 0 0 1 1 0 1 0 1 1 2 2 1 2 0 2 0 2 0 0 1
0 1 2 2 2 1 1 2 2 0 2 2 0 1 0 0 2 2 1 1 2 0 2 1 2 1 0 0
0 1 2 2 2 0 0 0 1 1 2 1 1 0 0 1 2 2 1 2 2 0 2 0 2 1 0 1
0 1 0 1 2 0 0 0 0 1 0 1 0 1 0 1 2 2 0 0 2 0 2 0 2 1 1 2
0 2 2 2 1 0 0 0 0 1 1 2 0 1 1 0 1 2 1 2 2 0 1 0 2 0 0 2
0 1 0 1 2 0 1 0 1 1 2 2 1 2 0 1 1 2 2 1 1 0 0 0 2 1 1 2
0 2 2 0 2 0 0 1 0 0 1 2 0 1 0 0 1 2 2 2 2 0 2 0 2 0 0 0
1 1 1 2 2 0 2 0 0 1 1 2 1 0 0 0 1 2 1 1 2 0 1 0 2 0 1 1
0 0 2 1 2 0 0 0 2 2 2 0 1 1 0 0 2 2 1 2 2 0 2 1 2 0 0 2
0 1 0 2 2 0 1 1 2 1 1 1 1 0 0 1 1 2 2 2 2 0 2 1 2 0 0 1
0 1 1 2 2 0 0 0 2 2 1 1 0 1 0 2 2 2 1 1 2 0 2 2 0 0 0 0
1 1 1 2 2 0 0 2 1 1 1 1 1 0 0 1 1 2 2 2 2 0 2 1 2 0 0 2
0 1 0 2 2 0 2 1 1 2 2 2 0 0 0 1 2 2 2 0 2 0 2 0 0 0 0 0
2 2 0 2 2 0 0 1 1 2 1 2 0 1 1 1 1 2 2 1 2 1 2 0 1 1 0 0
1 0 1 1 2 0 0 1 1 2 1 1 0 1 1 1 0 2 0 0 2 0 1 0 1 1 1 1
0 1 1 2 2 1 0 0 1 0 0 2 0 0 1 0 2 2 1 1 2 1 2 0 1 0 1 2
0 2 1 1 2 0 0 0 0 0 2 2 0 1 0 0 1 2 2 1 2 0 0 0 2 0 0 1
0 1 1 2 2 0 1 0 1 1 1 2 0 0 0 1 2 2 2 2 2 0 1 0 2 1 0 0
0 2 1 2 2 0 0 0 0 0 1 2 0 0 1 0 1 2 2 2 2 0 2 1 1 0 0 0
0 1 2 2 2 0 0 1 0 1 2 2 1 1 0 0 2 1 1 0 2 0 2 0 2 2 1 1
1 1 0 2 1 0 0 1 1 0 1 1 0 0 0 2 2 2 1 2 2 0 2 2 2 0 0 2
0 1 0 2 2 0 1 1 0 1 0 2 0 2 0 0 2 2 2 0 2 0 2 0 0 0 0 0
1 2 1 2 1 1 1 0 1 2 2 2 0 0 1 2 1 2 1 0 2 0 1 0 1 0 0 0
1 0 0 2 2 0 0 1 0 2 0 2 1 1 1 0 1 2 1 2 2 0 2 0 2 1 1 1
0 2 1 2 2 0 1 1 1 1 2 2 1 0 0 1 2 2 1 1 2 1 2 0 1 0 0 1
0 1 1 2 2 0 2 0 1 1 2 1 0 1 0 1 1 1 1 1 2 0 1 0 0 0 0 0
0 1 0 2 2 0 0 0 1 1 0 2 0 0 1 2 2 2 2 1 2 0 2 0 2 0 0 1
1 0 1 2 2 0 1 0 0 1 2 2 0 1 0 1 2 2 2 1 2 0 2 0 1 0 0 1
1 2 0 1 2 0 1 1 0 1 1 2 1 0 1 0 1 2 2 2 2 0 1 0 2 2 1 1
1 2 1 2 2 0 1 1 1 1 1 0 0 2 0 1 2 1 1 2 2 0 2 0 1 0 0 0
0 2 1 1 1 0 0 0 1 1 0 2 0 1 0 0 1 2 2 1 2 1 2 1 0 0 1 1
1 2 1 2 2 1 1 0 0 0 0 0 1 2 0 2 1 2 2 2 2 0 1 0 1 0 0 0
0 1 2 2 2 0 1 1 2 1 1 2 1 0 1 1 2 2 2 1 1 0 1 0 1 0 0 0
0 2 2 2 2 0 2 0 1 1 1 1 1 0 0 2 1 2 1 1 2 0 1 1 1 0 0 0
0 2 0 2 2 0 1 0 0 0 0 2 0 1 0 1 2 2 2 1 2 1 2 1 0 0 0 0
0 2 1 1 2 0 1 0 1 1 1 2 0 2 0 0 0 2 2 1 2 0 2 1 0 0 0 0
0 2 0 2 2 0 1 0 0 0 1 1 0 0 1 1 1 2 2 1 1 0 2 1 1 0 0 0
0 2 1 2 2 0 1 1 0 0 0 2 1 0 0 1 2 2 2 1 2 0 2 1 2 2 1 1
0 1 1 2 2 0 2 0 0 2 2 2 0 1 0 1 2 2 2 0 2 1 2 0 2 1 1 2
0 1 1 2 2 0 1 0 0 0 2 1 0 1 1 2 2 2 2 1 2 0 2 0 1 0 0 0
0 2 1 1 1 0 1 0 0 2 1 2 2 0 0 1 2 2 1 1 2 0 1 0 1 0 0 1
2 1 1 2 2 0 1 0 0 0 1 1 1 1 0 1 2 2 1 2 2 0 0 0 1 0 0 0
0 1 0 2 2 0 1 0 0 0 2 2 1 0 0 0 2 2 2 2 2 0 2 0 2 0 1 1
0 2 2 1 2 0 1 0 2 1 1 2 0 1 2 0 2 2 2 0 2 0 2 0 0 0 0 0
0 2 2 2 2 0 0 0 1 1 1 2 0 2 1 1 1 2 2 0 0 0 2 0 2 0 0 0
1 1 0 2 1 0 0 1 1 1 2 1 0 0 1 1 1 2 2 1 2 0 1 0 2 1 0 1
1 2 1 2 2 0 0 0 1 0 1 1 0 1 0 1 2 2 2 1 2 0 1 0 1 1 1 1
1 1 1 1 2 0 1 1 0 1 2 1 0 2 0 1 1 2 1 2 2 0 1 0 2 0 0 1
0 2 1 0 2 0 1 0 0 1 2 1 0 1 0 1 2 2 2 1 2 0 2 0 2 0 0 0
1 2 0 2 2 1 1 1 1 1 2 2 1 1 0 2 2 2 2 1 2 0 1 0 1 0 0 0
0 1 1 2 2 0 0 1 1 1 2 2 0 0 1 1 1 2 2 1 2 0 2 1 1 0 0 0
0 2 0 2 1 0 0 1 0 1 1 2 0 1 1 1 2 2 1 1 2 0 2 0 1 0 0 0
1 2 2 2 2 0 0 0 1 2 2 1 1 2 1 1 2 2 1 0 2 0 1 1 0 0 0 0
1 2 1 2 2 1 0 1 0 2 1 2 0 1 0 1 2 2 2 2 2 1 0 2 1 0 0 0
1 2 2 2 2 0 2 0 1 0 2 2 0 0 0 1 2 2 2 1 1 0 2 0 1 0 0 0
0 2 0 2 2 0 0 0 1 1 1 2 1 0 1 0 2 2 2 0 2 0 1 0 2 1 1 1
2 2 0 1 2 0 1 0 0 0 2 1 1 1 0 1 2 2 0 1 2 0 1 0 2 0 0 0
0 2 1 1 1 0 0 0 1 2 1 1 1 1 0 0 2 2 1 0 2 0 1 0 1 0 0 0
0 1 1 2 2 0 0 0 2 1 2 2 0 1 0 0 2 2 1 1 2 0 1 0 2 1 0 1
0 2 1 2 2 0 2 0 1 1 1 2 0 1 1 1 2 2 2 1 2 0 2 0 1 1 1 1
1 1 0 2 2 0 1 0 1 1 1 2 0 1 0 0 0 2 2 1 2 0 1 0 2 0 0 0
0 2 0 2 1 0 0 0 0 1 1 2 0 1 0 1 2 2 2 1 2 0 0 0 2 1 0 0
1 1 2 1 2 0 2 0 0 0 2 2 0 0 0 1 0 2 1 1 2 0 2 0 2 1 0 0
0 2 0 2 2 0 0 0 1 1 1 2 1 0 0 1 1 2 2 1 2 0 2 0 2 0 0 2
0 1 1 2 2 0 1 1 0 1 0 2 0 0 0 1 2 2 2 2 2 0 1 0 1 0 0 0
0 1 1 2 2 0 1 0 0 1 1 2 0 2 1 1 1 2 1 1 1 0 2 0 1 0 0 0
1 2 0 2 2 0 1 1 1 1 2 2 0 0 1 0 2 2 2 1 2 0 2 2 2 0 0 0
0 1 2 2 2 0 1 0 1 2 2 2 0 0 0 0 2 2 2 2 2 0 2 0 2 1 0 1
1 2 2 2 2 0 0 1 1 1 1 1 0 1 1 1 1 2 2 1 2 0 2 0 2 1 1 2
0 0 2 0 1 0 0 0 1 1 2 2 0 0 0 1 2 2 2 0 2 1 1 0 2 1 1 1
0 2 2 1 2 0 0 0 0 1 0 2 0 1 0 0 1 1 2 1 2 0 1 1 0 0 0 0
0 2 1 2 2 0 1 0 0 1 1 2 1 0 0 1 2 2 2 0 2 0 1 1 1 0 0 1
1 2 1 2 2 0 2 0 0 1 1 2 1 0 1 1 1 1 2 1 1 0 2 0 0 0 0 0
0 1 2 1 2 0 0 0 1 0 1 2 0 0 0 1 2 2 1 1 2 0 2 1 2 1 0 1
0 2 1 1 2 0 1 0 0 0 2 2 0 0 0 1 2 2 2 2 2 0 1 0 1 0 0 0
0 2 0 2 1 0 0 0 1 1 1 1 1 1 0 2 1 2 2 1 2 0 2 1 1 0 0 1
0 1 0 2 2 0 0 1 0 1 1 1 0 0 0 2 1 2 1 1 1 1 1 0 1 1 1 1
0 1 1 2 2 0 0 2 1 2 0 2 0 0 0 1 1 2 2 2 1 0 2 0 1 0 0 1
2 1 0 2 1 0 1 0 0 2 0 2 1 1 0 1 1 2 2 2 2 1 2 0 1 1 0 0
1 2 1 2 2 0 2 1 0 2 2 2 0 0 0 0 2 2 0 2 2 0 2 2 2 0 0 1
1 1 1 2 2 0 0 0 0 1 0 2 1 2 0 1 2 2 1 1 2 0 2 1 1 0 0 0
0 1 1 2 2 1 1 1 0 0 2 0 0 0 0 1 0 2 1 1 2 0 2 1 1 0 0 1
1 2 1 2 2 0 1 1 1 1 0 2 0 0 1 1 1 1 2 2 2 0 1 0 2 0 0 1
1 2 2 2 1 0 2 0 1 1 2 2 0 1 0 1 1 2 2 1 2 0 1 1 1 0 0 0
0 2 1 2 2 0 1 0 0 2 2 2 1 1 1 0 1 2 2 2 2 0 2 0 1 0 0 0
1 2 0 2 2 0 2 1 0 0 2 1 1 0 2 1 2 2 2 1 2 0 2 0 1 0 0 1
2 2 0 2 2 0 0 0 1 0 1 2 0 2 0 1 2 2 2 2 1 0 2 1 2 0 0 0
0 1 1 2 2 0 1 0 1 2 1 2 1 0 1 2 2 2 2 0 1 0 2 0 2 0 0 2
0 2 1 2 2 0 0 0 0 0 2 2 2 0 1 2 1 2 1 2 2 0 2 1 1 0 0 0
1 2 0 2 2 0 1 0 1 1 0 2 0 0 1 1 1 2 2 1 1 0 2 0 2 0 0 1
0 2 1 2 2 0 1 1 0 1 1 2 1 0 0 1 1 2 2 1 2 0 1 0 2 2 1 1
0 2 2 2 2 0 1 0 2 0 1 1 0 0 0 0 1 2 2 2 2 0 2 1 1 0 0 1
0 1 2 1 2 0 1 0 0 1 2 2 0 0 0 1 1 2 2 0 2 0 2 1 1 0 0 0
1 2 1 2 2 0 2 0 0 0 2 1 1 1 1 2 2 2 2 2 2 0 2 0 1 0 0 1
0 1 1 2 2 0 0 0 0 0 1 2 1 1 0 0 2 2 2 2 2 0 1 0 1 1 0 0
0 0 2 2 2 0 0 1 1 1 0 1 0 2 1 1 1 2 2 1 1 0 1 0 2 0 0 1
0 2 0 2 2 0 2 1 0 0 0 1 1 1 0 2 2 2 2 1 2 0 2 1 1 0 0 0
0 2 0 1 2 0 1 1 0 1 2 1 0 1 0 1 0 2 1 1 2 0 1 1 2 1 0 1
0 1 2 2 2 0 2 1 1 2 2 2 0 1 1 0 2 1 2 1 2 0 1 0 1 1 0 0
0 0 1 2 1 0 0 0 0 0 1 2 0 1 0 0 2 2 2 1 2 0 1 2 1 0 0 0
0 2 2 1 2 0 0 0 0 1 1 1 1 1 0 2 2 2 2 2 2 0 2 0 2 1 0 0
1 0 1 1 1 0 1 2 1 1 1 2 0 1 1 1 1 2 2 2 2 0 2 0 2 0 0 1
0 2 1 1 2 0 1 1 2 0 1 2 0 1 1 0 0 2 2 2 2 0 2 0 1 0 0 0
0 1 1 2 2 0 0 1 0 1 1 2 1 0 0 1 2 2 2 2 2 0 2 1 1 0 0 0
1 2 0 2 2 0 0 0 0 1 2 2 0 1 0 0 1 2 2 2 2 0 1 0 1 0 0 1
1 1 0 0 2 0 0 1 0 1 2 1 0 1 0 1 1 2 2 1 2 0 2 0 0 0 0 0
0 2 1 2 2 0 1 2 0 0 2 2 0 0 0 0 2 2 2 2 2 0 2 0 0 0 0 0
0 2 1 2 2 0 2 0 2 1 1 2 1 1 0 2 2 2 2 2 2 0 2 0 0 0 0 0
0 2 0 1 2 1 0 0 1 0 1 1 0 1 1 1 1 2 1 1 2 1 2 0 1 0 0 1
0 2 0 1 2 0 2 1 0 1 2 1 1 0 1 1 1 2 1 1 2 1 2 2 1 0 0 0
0 2 2 2 2 1 1 0 1 1 2 2 1 1 0 0 2 2 2 1 2 0 2 1 2 2 1 1
0 2 0 2 2 0 0 0 0 0 1 2 0 2 1 0 2 2 0 0 2 0 1 0 1 0 0 1
1 0 1 1 2 0 1 0 1 1 1 2 0 2 0 2 2 2 2 0 1 0 2 1 2 0 0 1
1 2 0 2 2 0 1 1 0 2 2 1 0 1 0 2 1 2 2 1 2 0 1 0 2 1 0 1
0 0 1 2 2 0 0 1 1 0 1 1 0 0 0 1 1 2 2 1 2 0 2 0 2 0 0 1
0 2 1 2 2 0 1 0 0 1 0 2 0 0 0 1 2 2 2 2 2 0 2 0 0 0 0 0
1 1 0 2 2 0 0 1 0 0 1 2 0 0 1 2 1 2 1 0 2 0 2 0 1 0 0 1
0 1 0 1 2 0 0 1 0 0 2 0 1 1 0 1 0 2 0 1 2 0 2 1 2 2 0 0
1 2 1 2 1 0 0 1 0 1 1 1 0 0 0 0 1 2 1 2 2 0 2 1 2 0 0 0
0 2 1 2 2 0 0 0 0 1 1 1 1 1 0 1 2 2 2 1 2 0 2 0 2 1 0 1
0 2 1 2 1 1 2 0 1 1 1 1 0 0 1 1 1 2 2 1 1 1 2 1 1 0 0 0
0 1 0 1 2 0 0 1 0 0 1 1 0 0 0 1 2 2 1 1 2 1 1 0 2 0 0 0
0 1 1 1 2 0 0 1 2 0 2 0 1 0 1 1 2 2 2 1 2 1 2 0 1 0 0 0
0 2 1 2 2 0 0 1 0 0 1 1 0 1 0 0 0 2 2 1 2 0 0 0 1 0 0 1
0 2 1 1 2 0 0 0 2 1 2 0 0 1 0 1 1 2 1 2 2 0 1 0 2 0 0 1
1 1 0 2 2 0 1 0 0 2 0 2 0 0 0 1 0 2 2 1 2 0 1 0 1 0 0 0
0 1 0 1 2 0 1 0 0 2 0 1 1 0 1 0 2 2 2 2 2 0 2 0 0 0 0 0
1 1 1 2 2 0 0 1 1 0 2 1 1 1 0 1 2 2 2 2 2 0 2 1 1 0 0 1
1 1 1 2 2 0 0 0 1 0 1 1 1 0 0 0 2 2 2 0 1 0 1 2 2 0 0 1
0 1 0 2 2 1 0 1 1 1 0 0 1 1 1 0 2 2 0 1 2 0 2 0 1 0 0 1
1 2 2 2 1 0 2 0 1 1 1 1 0 2 0 0 2 2 2 1 2 1 2 0 1 1 0 0
0 1 1 2 2 0 2 1 0 1 1 2 1 1 0 2 2 2 1 2 1 0 1 0 0 0 0 0
2 0 1 2 2 0 1 0 1 1 1 1 0 2 1 1 2 2 2 1 1 0 2 0 2 0 1 1
0 1 1 2 2 0 1 0 0 1 1 1 0 0 0 1 2 2 2 0 2 0 1 0 2 1 1 1
1 2 0 1 2 0 0 0 1 2 2 2 0 1 0 1 2 2 2 2 1 0 2 0 0 0 0 0
0 1 1 0 2 1 1 0 2 1 1 2 0 0 1 0 1 2 2 2 2 0 2 0 2 1 1 2
0 1 1 2 2 0 0 1 1 1 1 2 1 1 0 0 0 1 2 0 1 0 2 0 1 0 0 0
0 2 1 2 1 0 0 1 1 1 1 2 0 0 0 0 1 1 2 2 2 0 1 1 2 0 1 2
1 1 0 2 1 0 0 1 0 2 2 1 0 0 1 1 2 2 2 2 2 0 2 0 1 0 0 1
0 0 1 2 2 0 0 1 0 1 2 2 0 1 0 1 2 2 2 1 2 0 2 0 2 2 0 0
0 1 1 2 2 0 0 0 0 1 0 2 0 2 0 1 2 2 2 1 2 0 2 0 0 0 0 0
2 2 1 2 2 0 0 0 0 0 1 0 0 1 0 0 2 2 2 1 2 0 1 1 2 0 0 2
0 1 1 2 2 0 1 2 0 0 0 2 0 0 0 0 1 2 2 1 1 1 2 0 2 0 0 0
1 1 1 2 1 0 1 1 0 2 1 2 0 1 1 1 2 2 1 1 2 0 2 0 2 0 0 2
0 1 0 2 2 0 1 0 0 2 2 0 0 0 0 1 1 2 2 1 2 0 2 1 1 1 0 0
1 2 1 2 2 0 1 1 1 0 1 2 1 2 0 1 1 2 2 2 2 0 2 0 1 1 1 1
0 1 0 2 1 0 1 0 0 2 0 0 0 0 1 2 2 2 1 1 2 0 2 0 2 0 0 1
0 2 0 2 2 0 1 1 0 1 2 0 0 1 0 0 2 2 1 2 2 1 1 0 1 0 1 1
0 1 1 1 2 0 0 0 1 2 1 2 1 1 0 1 2 2 1 0 1 1 2 0 2 0 0 0
2 2 0 2 2 0 1 0 0 2 1 2 0 1 0 0 0 1 2 1 2 0 2 0 2 1 0 0
0 1 0 2 2 0 0 0 0 1 1 2 0 1 1 1 1 1 2 2 2 0 2 0 2 0 0 1
0 1 0 2 2 0 1 0 1 1 0 2 0 1 0 1 2 2 2 2 2 0 1 0 0 0 0 0
0 1 0 2 2 0 0 0 1 0 2 1 1 0 0 0 1 2 2 1 2 0 2 1 2 1 0 0
1 1 1 2 2 0 2 0 0 1 2 1 1 1 0 1 1 2 1 1 2 1 2 0 2 2 1 1
1 2 1 2 2 0 0 1 0 2 2 1 1 1 1 2 2 2 2 0 2 0 1 1 2 0 0 1
1 2 2 2 2 0 1 1 0 2 2 2 1 0 0 0 2 2 2 1 1 0 2 0 2 0 0 2
0 2 2 2 2 0 0 0 0 1 2 2 2 0 0 1 1 2 2 0 1 0 2 0 2 0 0 1
0 2 2 2 2 0 1 0 0 0 1 2 0 0 0 0 1 1 1 1 2 0 1 0 1 1 0 0
0 2 1 2 2 1 0 0 0 1 2 2 0 1 0 1 1 2 2 2 2 0 1 0 1 0 0 2
1 1 0 1 2 0 1 0 1 1 2 2 0 0 1 0 2 2 2 1 2 0 1 0 2 0 0 2
0 1 0 2 2 0 2 2 0 1 0 1 1 0 0 0 2 2 0 0 2 1 2 0 2 1 1 1
0 1 1 1 2 1 1 0 1 1 1 2 1 2 0 0 2 2 1 1 2 0 2 1 2 0 0 1
1 0 1 2 1 1 2 2 1 1 0 2 0 1 0 2 1 2 2 2 2 0 1 0 1 0 0 0
0 1 0 1 2 0 1 1 1 1 2 2 0 1 1 0 2 2 2 2 2 0 2 1 1 0 0 0
0 2 1 2 2 0 1 1 1 1 1 0 0 0 1 0 2 2 2 1 2 0 2 1 0 0 0 0
0 1 0 2 1 0 2 1 0 2 1 1 0 1 0 0 1 2 2 0 2 0 1 1 1 1 0 0
0 1 2 2 1 0 1 2 0 1 1 2 1 1 1 1 1 2 2 1 2 0 1 1 1 0 0 1
2 2 0 2 2 0 1 0 1 1 1 1 1 0 0 0 1 2 2 0 1 0 2 0 2 0 0 2
0 2 1 0 2 0 2 0 2 1 0 2 0 0 0 1 1 2 2 1 2 0 2 1 1 0 0 1
0 2 1 2 2 0 0 1 1 1 2 2 0 1 0 0 1 1 2 1 2 0 2 0 2 0 0 1
2 2 2 1 2 0 0 0 0 1 1 2 0 0 0 1 1 2 2 1 2 0 2 2 1 1 0 0
1 2 2 2 2 1 2 0 0 2 2 1 0 0 0 0 1 2 2 2 2 0 2 0 1 0 0 1
0 2 1 2 2 0 2 0 1 0 1 1 1 1 0 1 2 2 1 2 2 0 1 0 1 0 0 1
1 1 0 2 2 0 0 0 0 2 1 2 0 0 0 1 2 2 2 2 2 0 2 0 1 0 0 1
0 1 0 1 2 0 0 1 1 2 1 2 1 0 0 1 2 2 2 0 2 0 2 0 1 0 0 1
1 1 1 1 2 0 1 2 2 0 2 2 0 0 1 2 2 2 2 1 2 0 2 0 2 1 0 0
0 1 0 2 1 0 1 0 1 1 2 1 0 1 0 1 0 2 2 1 2 0 2 0 1 0 0 1
0 2 0 2 2 0 1 0 0 0 2 2 1 1 0 0 2 1 2 1 2 0 2 0 2 0 0 0
0 2 0 1 2 0 1 1 2 1 1 1 2 1 2 1 1 2 1 1 2 0 2 0 2 1 0 1
1 2 1 1 2 0 1 0 0 1 1 2 0 0 1 0 2 2 1 1 2 0 2 0 2 0 0 0
0 2 1 2 2 0 1 0 0 1 2 2 0 1 1 2 1 1 2 2 2 0 2 0 2 1 1 2
1 2 0 0 2 0 0 1 1 1 2 1 0 0 0 0 2 2 2 2 2 0 2 2 1 0 0 1
0 2 0 2 2 1 0 0 0 1 1 2 1 1 0 0 1 2 1 1 2 0 2 0 2 2 1 1
1 1 1 1 2 1 2 0 0 1 1 2 1 0 2 0 1 2 2 1 2 0 1 0 1 1 0 0
0 0 2 2 2 0 0 0 0 1 2 1 1 1 1 0 2 2 2 1 2 0 2 0 1 1 1 1
1 2 1 2 2 1 2 1 0 1 2 2 0 0 0 1 2 2 2 1 2 0 2 0 0 0 0 0
0 1 2 2 2 0 1 0 0 1 1 2 1 1 1 1 2 2 1 1 2 0 2 0 2 0 0 0
0 1 2 2 1 0 1 1 1 0 2 2 0 0 0 0 1 2 2 2 2 0 2 0 1 1 1 1
0 2 0 2 2 0 2 1 1 0 1 2 0 0 0 1 1 2 2 0 2 0 2 0 2 0 0 1
0 1 1 2 2 0 2 0 1 1 2 2 0 0 0 1 2 2 2 2 2 0 2 2 1 1 1 1
0 0 0 2 2 0 0 0 2 1 2 1 0 0 2 0 1 2 2 1 2 0 2 0 2 0 0 2
0 2 2 2 2 0 0 2 1 1 0 2 0 0 0 1 1 2 2 1 2 0 0 1 2 2 0 0
1 1 1 2 2 1 0 0 0 1 1 2 0 0 0 1 2 2 2 2 2 0 2 2 2 1 0 0
0 2 2 2 2 0 0 0 2 1 1 2 0 0 0 0 0 2 2 1 2 0 1 0 2 2 0 0
0 1 1 2 2 0 1 0 1 0 0 2 1 0 0 2 1 2 2 0 1 0 2 1 1 0 0 1
0 1 2 1 2 0 0 1 1 1 1 2 0 0 0 2 1 2 2 2 2 0 2 0 1 1 0 0
0 2 0 0 1 0 1 0 0 0 2 2 0 1 0 1 2 1 0 1 2 0 1 0 1 0 0 0
0 2 1 1 1 0 2 1 1 1 1 2 1 1 0 0 2 2 2 0 1 0 2 1 1 0 0 0
1 1 1 2 2 0 1 0 0 1 2 2 0 0 0 1 1 1 2 2 2 0 1 0 1 0 0 0
1 1 1 2 1 1 0 1 1 0 2 2 0 1 1 0 1 2 0 2 2 1 2 0 1 0 0 1
0 2 1 2 2 1 1 0 1 0 0 2 0 1 0 0 2 2 2 0 2 0 0 0 1 0 0 0
0 2 1 2 2 0 0 0 1 0 0 2 1 1 0 1 1 2 2 1 2 0 2 1 2 1 1 1
1 1 1 0 2 0 1 2 2 2 1 2 1 0 1 1 1 2 2 2 2 0 1 1 2 0 1 1
1 0 1 2 2 1 0 1 0 2 1 2 0 1 1 2 2 2 1 0 2 0 1 1 0 0 0 0
0 2 2 1 1 0 0 1 0 0 1 2 1 0 1 1 2 2 1 2 2 0 2 1 1 0 0 1
1 2 2 2 2 0 0 1 1 0 2 1 0 1 0 1 0 2 2 1 2 0 2 0 2 0 0 1
1 1 1 2 2 0 1 1 0 0 2 1 0 0 1 1 2 2 1 0 2 0 2 0 1 1 1 1
1 1 0 1 2 0 1 0 1 1 1 2 0 0 1 0 2 2 2 1 2 0 2 0 2 0 0 0
1 2 1 1 2 1 1 0 1 1 2 2 0 0 0 0 1 2 2 1 2 0 2 0 1 0 0 1
0 1 0 2 2 0 0 0 0 2 0 1 1 1 1 2 2 2 1 0 2 1 2 0 2 0 0 2
1 0 0 1 2 1 0 0 0 1 1 2 0 1 0 0 2 2 2 1 2 0 1 1 1 0 0 1
1 1 1 2 2 1 1 1 2 2 2 2 0 1 2 0 2 2 1 1 2 0 2 1 1 0 0 1
0 2 2 2 2 0 2 0 0 1 1 2 1 1 0 1 1 2 2 1 2 1 2 0 2 1 1 1
0 0 0 2 2 0 1 1 0 0 1 1 1 0 1 0 2 2 1 1 2 0 2 1 1 0 0 0
0 1 0 2 2 1 1 0 0 2 2 1 0 0 0 0 1 2 1 2 2 1 2 0 1 0 0 0
0 2 1 2 2 0 0 0 0 0 1 1 0 0 0 2 1 2 2 1 2 0 2 0 2 1 0 1
0 2 2 2 2 0 1 0 1 0 1 2 0 0 1 0 1 2 1 1 2 0 2 0 0 0 0 0
1 2 0 2 2 0 1 1 1 2 1 2 1 0 0 1 0 2 1 2 2 0 2 1 2 1 1 2
0 1 0 2 1 0 2 0 1 2 2 2 1 0 0 0 1 2 2 0 2 0 1 1 2 1 1 1
0 2 0 2 2 0 1 2 0 1 2 1 0 0 0 1 2 2 1 0 2 0 1 0 1 0 0 0
0 1 0 2 2 0 0 1 1 1 2 1 0 0 1 1 1 2 1 1 2 0 2 0 1 0 0 1
0 1 1 2 2 0 1 1 1 1 1 0 0 1 1 0 2 2 2 1 1 1 0 0 1 0 0 0
1 2 0 2 2 0 1 1 0 1 1 0 0 0 1 0 1 2 1 0 2 0 2 0 2 0 0 0
1 2 1 2 2 0 1 0 0 1 2 1 0 0 0 0 2 2 2 0 2 0 2 1 2 0 0 1
0 2 0 1 1 0 1 0 2 1 0 2 1 1 0 1 1 2 1 1 2 0 2 0 2 1 1 2
0 2 2 2 2 0 1 0 0 0 0 1 1 1 1 1 1 2 1 2 2 1 2 0 1 0 0 1
0 1 1 2 2 0 1 0 1 2 2 2 0 0 0 0 0 2 2 2 2 0 1 0 0 0 0 0
0 1 0 2 2 0 0 0 0 1 0 2 0 0 0 1 2 2 2 1 2 0 1 0 2 1 0 1
1 1 2 2 2 1 1 1 2 2 1 1 0 1 0 0 2 2 2 1 1 0 2 0 0 0 0 0
0 1 0 2 2 1 0 0 1 0 2 1 0 1 1 1 0 2 2 1 2 0 2 0 1 0 0 0
1 2 1 2 2 0 1 1 0 1 1 1 0 1 0 0 2 2 2 2 1 0 2 0 2 1 1 2
0 1 1 2 2 0 1 1 0 1 2 2 0 0 0 1 2 2 1 1 2 0 2 0 2 1 0 1
0 1 2 2 2 1 1 1 1 2 2 1 1 1 0 0 2 2 2 1 2 0 1 0 2 0 0 1
0 1 0 1 2 0 1 2 1 0 2 2 0 0 0 0 2 2 2 2 2 0 2 0 1 0 0 1
0 2 2 1 2 0 1 0 2 1 0 2 1 0 0 0 1 2 2 0 2 0 2 1 0 0 0 0
0 2 0 2 2 0 0 0 1 0 1 0 0 2 1 1 2 2 2 1 2 1 2 0 1 0 0 0
0 2 1 2 2 0 0 1 0 0 1 2 0 0 1 2 1 2 2 1 2 0 2 0 1 0 1 1
1 2 1 2 2 0 1 1 0 2 1 1 0 0 1 0 2 2 2 2 2 0 2 0 1 0 0 1
0 1 1 1 2 0 0 0 0 1 2 0 1 0 1 2 2 2 2 1 2 0 2 1 1 0 0 0
0 0 1 2 2 0 0 1 1 0 0 1 0 1 0 1 1 2 2 1 2 0 2 0 1 1 1 2
0 2 1 2 2 0 0 1 1 1 2 1 0 0 1 1 0 1 1 1 2 0 2 1 2 0 0 0
0 0 1 2 2 0 1 0 1 2 2 2 0 1 0 2 2 2 1 2 2 0 2 0 0 0 0 0
0 2 1 2 2 1 2 0 1 1 0 2 1 2 0 1 2 2 2 0 2 0 2 0 2 0 0 1
1 2 0 1 2 0 1 1 1 0 2 2 0 1 0 1 2 2 2 2 2 0 2 0 1 0 0 0
0 2 2 1 2 0 1 1 1 2 1 1 1 0 0 1 2 2 2 1 1 0 1 0 1 0 0 0
1 2 2 0 2 1 0 0 0 1 2 1 0 1 1 2 2 2 2 1 2 1 2 2 2 0 0 2
0 0 1 2 2 0 0 0 0 2 0 2 1 1 0 2 1 2 1 0 2 0 2 0 2 1 1 1
1 1 0 1 2 0 1 1 1 0 1 2 1 0 0 0 2 1 2 2 2 1 2 0 1 0 0 0
0 0 1 2 2 1 1 0 0 1 0 2 0 0 0 0 2 2 2 2 2 1 2 1 2 0 0 2
0 2 1 2 2 0 0 1 0 1 1 2 1 0 1 0 2 2 2 1 1 0 2 0 1 1 1 1
0 2 1 1 2 1 0 0 0 0 1 0 0 1 0 2 2 2 2 1 2 1 2 0 2 0 0 1
0 1 0 1 2 0 0 0 1 1 2 2 0 2 0 0 2 2 2 2 2 0 2 1 1 0 0 1
0 1 2 2 2 0 0 0 0 0 1 1 1 0 0 1 2 2 1 1 2 1 2 0 1 0 0 0
0 0 1 2 2 0 0 0 0 0 0 2 1 1 0 0 1 2 1 2 2 1 2 1 2 2 2 2
1 2 2 2 2 0 1 0 0 0 1 2 2 0 0 2 2 2 2 2 2 0 2 1 2 0 0 0
1 2 0 1 2 0 0 0 0 1 1 2 0 0 0 1 1 2 1 1 2 0 2 0 1 0 0 0
1 1 1 1 2 0 0 0 0 1 2 2 0 0 0 0 1 2 0 1 2 0 2 0 1 0 0 0
0 2 1 1 2 0 1 0 1 1 0 2 0 0 0 1 0 2 2 2 2 0 1 1 1 0 0 0
1 0 1 2 2 0 0 0 0 2 2 2 0 1 0 1 0 2 2 2 2 0 2 1 1 0 0 0
1 1 1 2 2 0 1 0 0 0 2 0 1 1 1 0 1 0 2 1 2 1 1 0 2 1 0 1
0 1 1 1 1 1 1 1 0 2 2 2 0 1 0 1 1 2 1 1 2 0 1 1 2 1 0 0
0 2 1 2 2 0 0 0 0 0 1 2 0 0 0 0 1 2 2 1 2 0 2 0 2 1 1 1
0 1 1 2 2 0 0 1 0 1 2 1 1 0 1 1 1 1 2 2 1 0 2 0 2 1 0 1
1 2 2 1 2 0 1 0 1 2 0 2 0 1 0 1 0 2 2 0 2 0 1 0 2 1 0 0
0 1 1 2 2 1 0 0 1 1 1 2 1 0 1 1 1 2 2 2 2 0 2 1 2 0 0 2
0 2 2 2 2 0 1 0 0 1 1 2 1 1 0 0 2 2 1 2 2 0 2 0 1 1 0 0
0 2 0 1 1 1 1 0 1 1 2 1 0 0 0 1 2 2 2 2 2 0 2 0 1 1 1 1
0 2 0 2 2 0 0 1 0 0 2 2 0 0 0 0 1 2 2 2 1 0 2 0 2 1 1 1
0 2 1 2 2 0 1 0 1 1 1 1 0 1 1 1 0 2 2 2 2 0 2 0 2 0 0 2
0 2 2 2 2 0 0 0 1 0 1 1 2 0 1 1 2 2 2 0 2 0 2 0 1 0 0 1
0 2 1 1 2 0 1 1 1 0 0 1 0 0 0 0 0 2 2 1 2 1 2 0 2 0 0 0
1 0 1 2 2 0 0 0 0 0 2 1 1 0 1 0 1 2 2 1 2 0 2 1 1 0 0 1
0 1 1 1 1 0 0 1 0 2 2 1 0 0 0 0 2 2 2 1 2 0 2 1 1 1 0 0
0 1 1 2 1 0 0 0 0 2 0 2 0 1 0 0 1 2 2 2 2 0 2 1 1 0 0 0
0 2 2 2 2 0 0 0 1 2 1 2 1 1 0 0 1 2 2 2 2 0 2 0 1 1 1 1
0 1 0 2 2 0 1 1 0 0 2 2 0 0 1 1 2 2 1 0 2 0 2 0 1 0 0 1
0 1 0 1 2 0 1 0 1 1 0 2 0 1 1 0 1 2 2 0 1 0 2 2 1 0 0 0
1 1 0 1 2 0 1 1 0 1 2 2 0 1 0 1 1 2 2 2 2 0 2 1 1 0 0 0
0 2 0 2 2 0 0 0 2 1 2 1 0 0 0 0 1 2 2 1 2 0 2 1 1 0 0 0
0 2 1 2 2 0 1 0 1 1 2 2 0 1 1 1 1 2 2 1 2 0 2 0 2 0 0 0
1 1 0 2 2 0 0 0 0 1 2 1 1 0 2 0 2 2 2 1 2 0 2 0 1 0 0 1
0 0 2 2 1 0 0 1 0 1 1 2 0 2 2 1 1 2 1 2 2 0 2 2 1 0 0 0
0 1 1 2 2 0 0 0 0 2 2 1 1 1 0 0 2 2 2 1 2 0 2 0 2 0 0 2
0 2 0 1 1 0 1 2 0 0 1 0 1 0 0 0 2 2 2 1 2 0 2 1 2 0 0 1
0 0 2 2 2 0 1 1 1 1 1 1 1 1 1 1 2 2 2 2 1 0 2 0 0 0 0 0
0 2 0 2 2 0 0 0 1 0 1 2 0 0 0 0 2 2 2 1 2 0 2 0 0 0 0 0
0 2 2 1 2 0 1 1 2 1 2 2 0 0 0 0 2 1 2 1 2 0 2 0 1 0 0 2
0 1 0 1 2 0 0 0 1 0 1 2 0 2 0 0 1 2 2 1 2 0 2 0 2 0 0 2
0 2 2 2 2 0 1 2 1 2 2 1 0 1 0 2 2 2 2 1 2 0 2 0 1 0 0 1
0 2 1 2 2 0 0 0 0 0 1 1 1 0 0 0 2 2 2 1 2 0 2 0 1 0 0 1
0 1 2 1 2 0 0 0 0 1 1 2 0 0 0 1 1 2 2 2 2 0 1 0 1 0 0 1
0 2 1 2 2 1 0 0 2 2 1 2 0 2 0 1 0 2 1 0 2 1 2 1 1 0 0 1
1 0 1 2 1 0 2 0 0 1 1 1 0 0 0 1 2 1 1 0 2 1 2 1 2 0 0 2
0 1 1 1 2 0 1 0 1 0 1 2 1 1 0 1 2 2 2 0 2 0 1 0 2 2 2 2
0 2 0 1 2 0 0 0 1 2 0 1 0 0 1 0 1 2 2 0 2 1 2 0 1 0 0 1
0 1 1 1 2 0 1 0 0 0 1 0 0 0 0 2 2 2 1 0 2 0 2 0 2 0 0 1
0 1 0 1 2 0 1 1 0 1 1 1 0 0 0 2 1 2 2 1 2 0 2 1 1 0 0 1
0 2 1 2 2 1 1 0 1 0 2 1 0 0 1 0 2 2 2 2 2 0 2 1 1 0 0 0
0 1 0 1 2 0 0 1 0 0 2 1 0 0 0 1 2 2 2 2 2 0 2 0 2 2 0 0
0 0 0 2 2 0 0 0 0 1 1 2 0 0 0 1 1 2 2 1 2 0 0 0 1 0 0 1
0 2 0 2 2 0 1 1 0 1 2 0 0 0 0 0 2 2 2 1 2 0 2 0 2 1 0 0
0 1 1 2 1 1 1 1 1 0 0 2 1 0 0 1 1 2 2 1 2 0 2 0 2 1 1 2
0 1 2 1 2 0 0 0 1 0 0 1 0 0 0 2 1 2 2 1 2 0 2 0 2 1 0 1
0 0 1 2 2 0 1 0 1 1 1 2 1 1 1 0 2 2 1 1 2 0 2 1 2 1 1 2
0 2 1 2 2 0 1 0 0 2 1 2 1 1 1 0 2 2 2 1 2 0 2 0 0 0 0 0
1 1 0 1 2 0 0 0 2 2 0 2 1 0 1 0 2 1 1 1 2 0 1 1 1 1 0 0
1 1 0 0 2 0 2 1 0 1 1 2 0 2 1 0 2 2 1 2 1 0 2 0 1 0 0 1
0 2 1 2 2 0 0 1 0 0 1 2 1 1 0 1 2 2 2 2 2 1 2 0 2 0 0 1
1 2 1 2 1 0 1 0 0 1 2 2 0 0 0 1 1 2 2 0 2 1 1 1 1 1 0 0
0 1 1 2 2 0 1 0 0 2 1 2 0 1 0 1 1 2 2 2 2 0 1 0 2 1 1 2
0 2 0 1 2 0 1 1 1 1 1 2 1 1 1 1 2 2 2 2 2 0 2 0 2 2 2 2
0 1 1 2 2 1 1 1 1 2 2 2 0 0 0 0 1 2 2 2 2 0 2 0 1 0 0 0
0 1 1 1 2 0 0 1 0 2 1 1 0 0 0 1 1 2 1 0 1 0 2 0 1 1 1 1
0 2 1 2 2 0 0 0 0 1 1 2 1 0 1 0 2 2 1 2 2 0 2 1 2 1 1 2
0 1 1 1 2 1 0 0 0 1 1 1 1 0 0 0 2 2 1 0 2 0 2 0 1 0 0 0
1 1 0 1 2 0 0 0 1 1 1 2 0 0 0 1 2 2 2 1 2 0 0 0 2 0 0 1
1 1 1 1 2 0 1 0 0 1 1 2 0 0 0 1 2 2 2 2 2 0 2 0 2 0 0 2
0 2 0 2 2 0 0 0 2 1 2 2 1 1 0 1 1 2 2 2 2 0 1 0 1 0 0 0
0 1 2 2 1 0 0 1 1 1 2 2 1 1 1 1 1 2 2 2 2 0 2 0 1 0 0 1
0 1 2 2 2 0 2 1 0 1 1 1 2 1 0 0 1 1 2 1 2 0 2 0 1 0 0 1
0 1 2 1 1 0 1 1 0 1 2 2 1 0 2 0 2 2 2 1 2 0 1 1 1 0 0 1
0 1 2 1 2 0 1 1 0 1 2 0 0 1 0 0 2 2 1 2 2 0 1 0 1 0 0 0
0 1 1 2 2 0 0 0 2 2 1 2 0 2 1 0 2 2 1 1 2 0 2 0 2 1 1 2
0 1 0 1 2 0 0 0 0 1 2 2 0 1 0 1 2 1 0 1 1 0 1 1 2 0 0 1
0 2 0 2 2 0 0 2 1 1 1 2 0 2 1 1 2 2 2 0 2 0 1 0 0 0 0 1
1 2 0 2 2 0 1 1 1 2 1 1 1 1 1 1 2 2 2 1 2 0 1 0 1 0 0 0
0 1 1 2 2 1 2 0 0 2 0 1 0 1 1 1 1 2 1 1 2 0 2 1 2 0 0 1
0 1 0 1 1 0 0 0 0 1 2 1 1 0 0 0 2 2 2 2 2 0 2 1 2 0 0 1
0 0 0 1 2 0 1 1 0 1 0 1 1 1 0 0 0 2 2 1 2 0 2 0 1 0 0 1
0 2 1 2 2 0 0 1 2 1 1 1 0 0 0 1 2 2 1 0 2 0 2 1 2 0 0 2
0 2 0 2 2 0 1 0 1 2 1 1 0 0 0 1 2 2 2 0 2 1 1 1 1 0 0 1
0 2 0 2 2 0 0 1 0 1 1 2 0 2 0 1 2 2 2 2 1 1 2 1 1 0 0 1
1 2 0 1 1 0 0 1 1 1 2 2 0 1 0 1 2 2 2 0 2 0 1 0 2 1 1 2
1 2 1 2 1 0 1 1 0 2 1 1 1 0 0 0 2 2 2 1 2 0 2 0 1 0 0 1
0 1 2 1 1 0 0 1 0 2 1 1 1 1 1 0 2 2 2 2 2 0 2 1 1 0 0 1
0 2 1 2 2 0 1 1 2 1 1 2 1 1 0 0 2 2 1 1 2 0 1 0 1 0 0 1
0 2 1 2 2 0 0 1 1 2 2 2 0 1 0 0 2 1 1 0 2 0 2 0 2 1 1 2
0 1 0 1 2 0 0 2 0 1 1 1 1 1 0 1 2 1 2 2 2 0 1 0 0 0 0 0
0 1 0 1 2 0 0 1 0 1 0 1 2 1 0 1 2 2 2 1 2 0 2 0 2 0 0 2
0 2 0 2 2 0 0 1 0 2 1 2 1 0 0 0 1 2 2 1 2 0 2 1 2 2 2 2
1 2 1 2 2 0 0 1 1 0 1 2 0 2 1 1 1 2 2 2 2 0 2 0 0 0 0 0
1 1 1 2 2 0 0 0 0 2 1 1 0 2 0 1 1 2 2 2 2 0 2 1 1 0 0 1
1 1 1 2 1 0 1 0 1 1 1 1 2 1 1 0 2 2 2 0 2 0 2 0 2 0 0 2
0 0 0 1 2 0 0 2 1 1 1 2 1 2 0 1 2 2 2 0 2 0 2 0 1 0 0 1
2 2 1 2 2 0 1 1 0 2 2 1 1 0 0 0 2 2 1 2 2 0 2 0 1 0 0 1
0 2 1 2 2 0 0 0 0 2 1 2 1 0 1 1 2 2 2 1 2 0 1 1 2 0 0 2
0 1 0 2 1 0 1 0 0 2 1 2 0 1 0 0 1 2 2 2 2 0 1 1 2 0 0 1
0 1 1 2 2 0 0 0 0 1 0 2 1 1 1 0 2 2 2 0 2 1 2 1 2 1 0 1
0 2 2 2 2 1 1 1 0 1 2 2 1 0 0 0 2 1 2 1 1 1 2 0 2 0 0 0
1 1 1 2 2 0 0 0 2 2 2 1 0 1 0 0 2 2 2 1 2 0 1 0 2 0 0 1
0 1 1 2 2 1 1 1 1 1 1 1 0 1 0 1 2 2 1 2 2 0 1 0 2 0 0 2
1 0 2 2 2 0 0 0 1 1 0 1 0 1 0 1 2 2 2 1 2 0 2 0 1 0 0 0
1 1 0 2 2 1 1 0 0 0 1 1 0 2 0 1 2 2 2 1 1 0 2 1 2 0 0 0
0 0 1 0 2 1 0 0 0 2 1 1 0 1 0 1 2 1 2 0 2 0 2 0 1 0 0 1
0 1 0 2 2 0 0 1 1 2 2 2 0 0 0 2 2 1 2 1 2 0 1 0 2 2 2 2
0 1 1 1 2 0 1 0 0 1 1 2 1 1 1 1 1 2 2 2 1 0 2 1 2 0 0 2
0 2 2 2 2 0 1 1 1 1 1 2 0 1 0 1 1 2 2 0 2 0 1 1 1 0 0 0
0 1 0 1 2 0 0 0 0 1 0 2 0 1 0 0 1 1 2 1 2 0 1 1 1 0 0 0
0 2 0 2 1 0 0 0 2 1 1 2 0 1 1 0 2 2 1 2 2 0 2 1 2 0 0 1
0 1 0 1 2 0 1 0 0 1 2 2 1 0 0 2 2 2 2 1 2 0 2 0 2 2 1 1
0 1 1 2 2 0 1 1 1 1 2 1 0 0 0 1 2 2 1 1 2 0 2 0 1 1 1 1
0 1 1 1 2 0 1 0 0 1 1 2 2 0 0 0 0 2 1 1 2 0 2 1 2 1 0 0
0 1 1 2 2 0 1 0 1 1 1 2 0 0 0 0 2 2 2 2 1 0 2 0 2 2 2 2
0 2 1 2 2 0 1 1 0 0 1 0 0 1 0 1 1 2 2 2 2 1 2 0 2 1 1 1
0 2 1 2 2 1 1 0 0 1 1 2 0 0 0 1 2 2 2 1 2 0 1 0 1 0 0 1
0 2 0 0 2 0 0 1 0 0 1 1 0 1 0 0 2 2 2 1 2 0 1 0 1 0 0 0
0 1 1 2 2 0 0 1 0 2 2 1 0 0 1 1 2 2 1 1 2 0 2 0 2 1 1 2
1 2 2 1 2 0 1 0 0 2 1 2 0 0 0 1 2 2 2 1 2 0 1 0 1 1 0 0
0 2 0 2 2 0 1 1 1 2 1 2 0 1 0 0 2 2 2 1 1 1 2 0 1 0 0 0
0 0 2 2 2 0 2 1 0 1 1 2 1 1 0 0 1 1 2 2 2 0 2 0 1 0 0 1
1 0 1 2 2 1 0 0 0 2 1 2 1 0 0 2 2 2 1 2 2 0 2 1 0 0 0 0
0 1 0 2 2 0 1 0 0 1 2 1 0 0 0 1 2 2 1 2 2 0 2 1 2 1 1 1
0 2 0 1 2 0 1 1 0 0 2 2 0 2 0 1 0 2 2 0 2 0 2 0 1 0 1 1
1 1 1 2 2 0 1 1 0 0 2 1 0 0 1 1 2 2 2 2 1 0 1 0 1 1 0 0
0 1 1 2 2 0 0 1 0 1 1 0 0 0 0 1 2 2 1 2 2 0 2 1 2 0 0 2
0 0 1 2 2 0 0 0 0 0 1 2 1 1 0 0 2 2 1 1 2 0 2 0 1 1 1 1
0 1 1 2 2 0 1 0 1 2 1 2 1 1 1 2 2 2 1 1 2 0 1 0 2 0 0 1
0 2 1 2 2 0 1 0 0 1 1 2 1 1 0 0 2 2 2 2 1 0 1 1 2 0 0 2
0 0 0 2 2 0 0 1 1 1 1 2 0 0 1 0 1 1 2 1 2 0 2 2 2 1 1 2
0 2 0 2 2 0 0 0 1 1 0 2 1 1 1 1 2 1 2 2 1 0 2 0 2 1 1 2
0 2 2 1 2 0 1 1 1 2 2 1 0 0 0 0 2 2 0 2 2 0 1 1 2 2 1 1
1 1 1 2 2 1 1 2 0 1 0 1 0 1 0 2 1 2 2 1 2 0 1 1 0 0 0 0
1 2 0 2 2 0 0 0 1 1 1 1 0 1 0 1 2 2 2 0 2 0 2 0 2 1 1 2
0 1 0 2 1 0 0 0 1 0 1 1 1 0 1 0 1 2 1 1 2 0 2 1 1 0 0 0
0 0 1 1 2 0 0 2 2 1 1 1 0 1 0 1 2 2 2 1 2 0 0 0 1 0 1 2
0 1 2 2 2 0 1 0 0 1 1 2 0 0 0 1 1 1 2 2 2 0 2 1 2 0 0 1
0 1 0 1 2 0 0 1 0 2 2 2 0 1 0 1 2 2 2 1 2 0 1 0 0 0 0 0
0 1 1 2 1 0 0 1 0 2 2 2 1 0 0 0 2 2 2 1 2 0 2 0 2 0 0 2
0 2 1 1 2 1 0 1 0 1 1 1 1 1 1 1 1 2 1 0 1 0 2 0 2 0 0 1
0 2 0 1 2 0 1 0 1 1 2 2 1 1 1 1 2 2 2 1 2 0 1 1 2 0 0 2
1 2 0 2 1 0 1 1 0 1 2 2 0 0 1 0 1 2 1 0 2 0 2 0 2 0 0 0
0 2 0 1 2 0 0 0 1 2 0 1 0 1 1 0 1 2 2 1 2 0 2 1 1 0 0 0
0 2 0 2 2 0 1 1 0 1 0 2 1 1 2 0 1 2 2 1 2 0 2 1 1 0 0 1
2 1 0 1 2 0 0 1 1 1 1 2 0 0 1 1 2 2 2 1 2 0 2 0 2 0 0 1
0 0 2 1 2 0 0 1 1 2 2 0 2 0 0 2 2 2 2 2 2 0 2 2 0 0 0 0
0 1 1 2 1 0 2 1 0 1 1 2 0 1 1 0 2 2 2 2 2 0 2 0 1 0 0 2
0 1 1 2 2 1 1 0 1 1 0 2 1 0 0 1 2 2 2 0 2 0 1 1 1 1 1 1
0 1 2 1 1 1 1 0 0 2 1 1 0 0 0 0 2 2 2 0 2 0 2 0 1 0 0 0
0 1 0 1 2 0 0 1 2 0 2 1 0 0 0 0 2 2 2 1 2 1 2 1 0 0 0 0
0 0 1 2 1 0 0 1 2 0 2 1 1 0 0 1 1 2 1 1 2 0 2 0 2 0 0 0
0 2 1 2 2 0 0 0 1 1 2 2 0 2 0 1 2 2 2 2 2 0 2 0 1 0 0 1
1 1 1 2 2 0 0 0 1 0 2 2 0 0 0 0 2 2 2 1 2 0 2 1 1 1 1 1
1 1 1 2 2 0 2 0 0 0 1 0 0 2 0 1 1 2 2 1 1 0 2 0 2 0 0 1
0 2 2 2 2 0 0 1 1 1 2 2 0 1 0 1 1 2 2 2 2 1 2 0 2 0 0 1
0 2 1 2 2 1 0 0 1 1 2 2 0 1 0 1 2 2 2 1 2 0 2 1 2 1 0 1
0 1 0 1 2 1 0 0 0 0 1 1 1 2 1 0 2 1 2 1 2 2 1 0 1 0 0 1
0 2 1 2 2 0 0 1 1 2 1 2 1 0 0 1 0 2 1 2 2 1 2 1 2 2 1 1
0 0 1 2 2 0 0 0 0 2 2 2 1 0 1 1 1 2 2 1 2 0 2 0 2 1 0 0
0 1 1 2 2 0 0 0 1 0 0 1 1 2 0 0 2 1 2 2 2 0 1 0 1 0 0 0
1 1 2 1 2 0 1 1 0 0 2 2 1 0 0 0 2 2 2 1 2 0 2 0 2 1 1 2
0 1 0 2 2 0 1 1 2 1 0 1 0 0 1 0 2 2 2 1 1 0 2 1 2 0 0 1
0 2 1 2 2 0 1 1 1 1 2 2 1 0 1 0 1 1 2 2 2 0 2 0 0 0 0 0
2 1 0 2 2 0 0 1 0 0 2 2 0 0 0 1 2 2 1 1 2 0 2 1 1 0 0 2
2 2 0 2 2 0 0 1 0 0 1 1 0 1 0 0 2 2 2 1 2 0 2 2 1 0 0 0
0 2 2 2 2 0 1 2 0 1 1 2 0 1 0 0 2 2 2 1 1 0 1 0 0 0 0 0
0 2 1 2 2 0 1 0 0 0 2 1 0 0 2 2 2 2 2 2 1 0 2 0 2 0 0 1
0 0 0 2 2 0 1 0 1 2 1 2 2 0 0 0 2 2 2 0 2 0 2 0 1 0 0 0
0 1 1 2 2 0 0 0 0 1 0 1 0 0 0 2 2 2 2 1 2 0 1 0 1 0 0 0
0 0 0 2 2 0 0 0 1 1 1 2 1 0 1 1 2 2 2 1 1 1 2 1 2 0 0 2
2 1 1 2 2 0 0 1 0 1 2 1 1 0 0 0 2 2 2 2 2 0 2 0 0 0 0 0
0 1 0 2 2 0 1 1 0 2 1 1 1 2 0 0 2 2 1 0 2 0 2 0 1 0 0 1
0 1 1 2 2 0 0 1 1 2 1 2 1 1 1 0 1 2 2 2 2 0 2 0 2 1 1 2
0 2 1 2 2 0 0 0 0 1 1 2 0 1 0 1 1 1 2 0 2 0 1 1 2 0 1 2
0 1 1 1 2 0 1 0 1 2 1 2 1 1 1 2 1 2 2 2 2 0 2 0 1 0 0 1
0 1 1 2 2 0 0 1 0 1 1 1 0 0 0 0 0 2 2 1 2 0 1 1 1 0 0 0
1 2 2 1 2 0 1 0 1 0 1 2 1 0 1 0 2 2 2 1 2 1 2 0 1 0 0 1
0 1 1 2 2 1 1 0 0 0 2 1 0 2 2 1 2 2 2 1 2 0 1 0 1 0 0 0
0 2 2 2 2 0 0 1 1 1 1 2 1 0 1 1 2 2 1 1 2 0 2 0 2 0 0 1
0 0 1 2 2 0 1 1 2 1 1 2 0 1 1 1 2 2 2 2 2 1 2 0 2 0 0 1
0 2 1 2 2 0 0 2 0 1 0 1 1 0 1 0 2 2 1 2 2 0 2 0 0 0 0 0
1 1 1 2 2 0 0 0 0 2 2 1 1 0 0 2 2 2 2 1 2 0 2 0 1 0 0 0
0 2 1 1 2 0 0 1 0 2 2 2 1 0 0 1 2 1 2 1 2 1 2 1 1 0 0 2
0 0 2 1 2 0 1 0 0 2 1 0 0 0 0 0 1 2 2 0 2 1 2 1 0 0 0 0
0 2 0 1 2 1 0 0 0 0 2 2 1 1 0 1 2 1 2 2 2 0 2 0 1 0 0 1
0 2 1 2 1 1 1 1 0 1 0 2 0 1 1 0 2 2 2 0 2 1 2 1 0 0 0 0
1 2 1 1 2 0 0 1 0 1 0 2 1 1 1 0 2 2 2 0 2 0 2 0 2 0 0 2
0 2 1 2 2 0 0 0 2 0 1 2 2 0 0 1 2 2 2 1 1 0 2 0 1 0 0 0
2 1 2 2 1 1 0 0 0 1 1 0 0 1 1 0 1 2 1 1 2 0 1 0 1 1 1 1
0 1 1 2 2 0 1 1 0 0 0 1 1 1 0 1 2 2 2 2 2 0 2 1 1 0 0 0
0 1 1 1 2 0 0 0 2 1 1 0 0 1 0 1 2 2 2 2 2 0 2 0 1 0 0 1
1 0 1 2 2 0 1 0 0 1 0 1 0 1 0 0 2 2 2 2 2 0 1 0 2 0 0 1
0 2 1 2 2 0 0 0 1 2 1 2 1 1 1 0 2 2 1 1 2 0 2 1 1 0 0 0
0 0 0 2 1 0 2 0 1 2 1 2 1 0 0 0 1 2 1 1 2 0 2 1 1 0 0 1
0 1 2 2 2 0 0 0 0 2 0 2 0 0 0 2 2 2 1 2 2 0 1 1 1 1 0 0
0 2 0 1 2 0 1 1 1 0 1 2 1 0 0 1 2 2 2 2 1 0 2 0 1 0 0 1
0 1 1 2 2 0 2 2 0 1 1 1 1 0 1 1 2 2 2 1 2 1 2 0 2 0 0 0
0 1 1 2 2 0 1 0 0 1 1 1 0 1 0 0 1 2 2 0 2 0 2 0 2 0 0 1
0 1 0 2 2 0 0 1 1 1 1 2 0 0 0 1 2 2 2 1 2 0 2 0 1 0 0 0
0 1 1 2 2 0 1 0 0 0 2 1 1 1 1 0 1 2 1 0 2 0 2 0 2 0 0 2
0 2 0 2 1 0 0 1 1 1 2 2 0 0 0 0 2 2 2 0 2 0 1 0 2 2 1 1
0 1 1 2 2 0 0 0 0 1 1 1 0 0 1 0 2 2 2 1 2 0 2 0 1 1 0 0
0 0 1 2 2 0 0 0 2 1 1 2 0 1 1 0 2 2 2 1 2 0 1 0 1 0 0 1
1 2 0 0 2 0 0 0 1 1 1 2 0 1 1 0 2 2 2 2 2 0 1 0 1 1 0 0
0 2 0 1 2 0 1 0 1 1 1 2 1 0 1 0 2 2 2 1 2 0 2 1 1 0 0 0
0 2 1 1 2 0 0 0 0 1 1 2 0 1 0 1 1 2 2 2 2 0 2 0 2 0 0 1
1 0 1 1 2 0 1 1 1 1 2 1 1 0 0 1 2 2 2 2 2 0 2 1 2 0 0 2
0 1 2 2 2 0 2 1 0 0 1 2 0 0 0 0 1 2 1 1 2 0 2 0 2 1 0 0
0 1 0 2 1 0 0 0 1 1 0 1 1 1 0 1 1 2 2 2 2 0 1 0 1 1 1 1
0 1 1 2 2 1 1 0 2 1 1 1 1 0 0 2 1 2 2 1 2 0 2 0 1 1 1 1
1 1 2 2 1 0 0 0 0 1 1 1 0 1 1 2 1 2 2 0 2 0 1 0 2 1 0 1
0 1 0 2 2 0 1 0 0 1 1 1 0 0 1 1 1 2 2 0 2 0 2 0 2 1 1 1
1 2 0 1 2 0 1 0 1 1 0 1 0 1 0 0 0 2 2 2 1 1 2 1 2 1 0 0
0 0 0 2 2 0 1 0 0 0 1 2 0 0 0 1 1 2 0 2 2 0 2 1 0 0 0 0
0 1 2 2 2 0 0 0 0 0 1 2 0 0 0 0 2 2 2 2 2 1 1 1 2 1 1 1
0 0 0 2 2 0 0 0 1 0 1 2 1 0 0 1 2 2 2 2 2 0 2 0 1 0 0 1
1 2 0 2 2 0 0 0 0 1 2 1 1 0 0 2 2 2 2 1 2 0 2 0 1 0 0 1
0 1 0 0 2 0 2 1 0 1 2 2 0 1 0 0 2 2 1 1 2 0 1 0 1 0 0 1
0 1 1 2 2 0 0 1 0 2 1 2 0 2 1 1 2 1 1 2 2 1 2 0 1 1 0 0
0 1 0 2 2 0 0 0 1 2 0 0 0 1 0 0 2 2 2 2 2 0 2 0 1 1 1 1
0 1 1 2 2 0 0 1 0 0 1 2 0 1 0 1 2 2 2 1 2 0 2 0 2 1 0 1
0 1 1 1 2 0 1 0 0 1 2 1 1 2 0 1 1 2 2 1 2 0 2 0 2 0 0 1
1 1 1 2 2 0 1 0 1 2 0 2 1 1 0 1 2 2 2 1 2 0 2 0 1 0 0 1
0 2 1 2 2 0 0 1 2 0 1 1 1 0 0 0 2 2 2 1 2 0 2 0 2 0 0 1
0 2 2 2 2 0 0 0 0 0 0 2 0 1 0 0 2 2 2 0 2 0 2 1 2 1 1 2
0 1 1 1 2 0 0 1 1 2 2 2 0 0 0 1 0 2 1 1 2 0 2 0 1 0 0 0
0 2 0 2 2 0 0 1 1 2 1 1 0 0 1 1 2 2 2 1 2 0 2 1 1 0 0 0
0 1 1 2 2 0 0 1 1 1 2 2 0 0 0 2 2 2 2 1 2 0 1 1 1 0 0 1
2 2 2 2 2 0 1 2 2 1 1 1 2 1 0 0 0 2 1 1 2 0 2 1 1 0 0 0
0 0 1 1 2 0 1 0 0 0 2 0 1 0 1 1 2 2 2 1 2 0 2 0 2 2 2 2
0 1 0 2 2 0 2 1 0 1 1 2 0 1 0 1 2 1 2 1 2 0 2 1 2 1 0 0
0 1 1 2 2 0 1 0 0 1 0 2 0 0 1 1 1 2 2 0 2 0 2 1 1 0 0 1
1 2 1 2 2 0 0 1 0 2 1 2 0 0 0 0 2 2 2 2 1 0 2 0 2 1 1 2
0 0 1 2 1 0 0 1 0 0 0 1 1 1 0 1 0 2 1 2 2 0 1 1 0 0 0 0
1 2 1 2 2 0 1 1 1 1 2 2 0 0 1 1 2 1 2 1 2 1 1 1 1 1 0 0
1 1 1 1 2 1 2 0 0 0 0 2 0 1 1 0 2 2 2 1 2 0 1 1 2 1 0 0
0 1 0 1 2 0 2 1 0 2 1 2 0 1 0 1 2 2 2 1 2 0 0 2 2 0 0 2
0 1 1 2 2 0 0 1 1 1 0 1 0 1 0 1 0 2 0 2 2 0 2 0 2 0 0 0
1 2 1 1 2 1 1 0 0 2 2 2 0 2 0 1 2 2 1 1 2 0 1 0 2 0 0 2
0 1 1 2 2 0 0 1 2 0 1 1 0 0 1 0 2 2 2 1 2 1 2 0 2 0 0 0
0 2 1 2 2 0 1 0 0 2 2 1 0 1 0 0 2 2 1 0 2 1 2 0 2 0 0 0
0 1 0 2 2 0 0 0 0 1 2 2 1 0 0 0 2 2 2 2 2 0 1 0 2 1 1 2
1 2 0 2 2 0 1 0 0 2 1 2 0 2 0 0 1 2 2 1 2 0 1 1 2 1 1 1
0 2 0 2 2 0 1 1 1 1 2 2 0 0 0 1 2 2 2 1 2 0 2 1 0 0 0 0
2 1 1 2 2 0 1 1 0 1 0 1 1 1 1 2 2 2 1 0 2 0 1 1 2 1 0 1
0 2 0 2 2 1 0 1 0 1 1 1 0 0 0 1 1 2 2 1 2 0 2 0 1 0 0 1
1 2 1 2 2 0 0 2 0 0 1 1 0 0 1 1 2 2 1 1 2 0 1 0 2 0 0 1
1 1 1 1 2 0 2 0 2 2 0 2 0 1 1 1 2 2 2 0 2 0 2 0 1 0 0 1
0 2 1 2 2 0 1 1 1 2 2 1 0 0 0 0 2 1 2 1 2 0 2 1 2 1 1 1
0 2 2 2 2 0 0 1 2 0 0 1 2 1 1 1 1 2 1 1 2 0 2 0 1 0 0 1
0 1 0 2 2 1 1 0 0 1 1 2 1 0 1 1 2 2 2 2 2 1 1 0 0 0 0 0
0 1 1 2 2 0 0 1 1 1 2 2 0 1 2 1 1 2 1 2 0 0 2 0 0 0 0 0
0 1 2 1 2 0 0 1 0 0 1 1 1 2 0 0 2 2 0 1 2 0 1 0 1 1 1 1
0 2 1 2 2 0 0 1 0 1 1 1 0 2 0 1 2 2 1 1 2 0 1 0 1 1 1 1
0 1 0 2 1 0 0 0 0 2 1 1 1 0 1 0 0 2 2 1 2 0 1 0 2 0 0 0
0 1 0 2 2 0 0 0 1 2 1 2 0 2 0 0 2 2 2 1 2 0 2 0 1 0 0 1
0 2 1 2 2 0 1 0 1 1 1 1 0 1 0 0 2 2 1 1 2 0 2 0 1 0 0 1
0 2 1 2 2 0 0 0 0 1 1 1 0 1 1 0 1 2 2 1 2 0 2 0 1 0 0 1
1 2 0 2 2 0 1 0 0 0 2 1 2 0 0 1 2 2 2 2 2 0 1 0 2 1 0 0
0 2 0 2 2 1 1 0 0 1 1 2 0 1 0 0 2 2 1 2 2 0 2 0 1 0 0 1
1 2 1 2 2 0 0 0 0 1 1 2 0 2 1 1 2 2 2 0 2 0 2 0 2 1 0 0
1 2 0 2 2 0 0 0 0 0 2 1 1 1 0 1 2 2 2 2 2 0 2 0 2 1 0 1
0 2 1 1 2 0 1 1 1 2 1 1 1 0 0 1 2 2 2 1 2 0 2 0 1 0 0 1
0 2 1 1 2 0 0 1 1 2 0 2 1 1 1 1 1 2 2 2 2 0 1 0 1 0 0 1
0 2 0 2 2 1 0 1 0 2 2 2 0 1 0 1 2 1 2 0 2 0 2 0 2 0 0 2
0 0 1 2 2 0 0 1 1 1 2 1 0 1 0 1 2 2 1 0 2 0 2 0 2 0 0 1
0 1 0 2 2 0 0 0 1 0 1 0 1 2 0 1 2 2 2 1 2 0 2 0 1 1 0 0
0 2 0 1 2 0 1 0 1 0 0 1 0 0 0 0 2 2 2 2 2 0 2 0 2 0 0 2
1 1 1 2 2 0 0 0 0 1 1 1 1 1 0 2 1 2 2 1 2 0 2 0 1 0 0 1
0 1 1 2 2 0 1 0 0 2 0 2 0 0 0 0 1 2 1 0 2 1 1 1 2 0 0 1
1 2 1 2 2 0 1 0 0 1 1 1 0 1 1 1 2 2 2 0 2 0 1 1 1 0 0 0
0 1 1 1 2 0 0 1 0 1 2 2 0 0 0 0 2 2 2 2 2 0 2 1 1 0 0 0
1 1 1 2 2 0 1 1 1 0 1 2 0 0 0 1 2 2 2 0 2 0 2 0 2 0 0 1
1 0 0 2 2 1 0 0 0 0 1 2 1 0 0 0 1 2 2 0 1 0 1 0 2 0 0 1
0 2 1 2 2 0 2 1 0 1 2 1 1 1 1 1 1 2 2 2 1 0 1 0 2 0 0 1
0 2 0 1 2 0 0 0 0 1 2 2 1 2 1 0 1 2 0 0 2 0 1 0 2 1 1 2
0 1 0 1 2 0 2 1 0 1 2 2 0 0 0 0 2 2 2 2 2 0 1 0 1 0 0 1
1 1 1 2 1 1 0 1 0 1 2 2 0 1 1 0 2 2 1 2 2 0 2 2 1 0 0 0
0 2 1 1 2 0 1 0 1 1 2 1 0 1 1 1 2 2 2 2 1 0 1 0 0 0 0 1
0 2 0 2 2 0 0 2 1 1 1 0 0 0 1 2 2 2 2 1 2 0 2 0 1 0 0 1
1 2 0 2 2 0 1 1 1 0 1 2 1 0 0 0 1 1 1 1 2 0 2 1 1 0 0 1
0 2 1 2 1 1 0 1 0 2 1 2 0 0 1 0 2 2 2 2 2 0 2 0 2 1 1 2
0 2 1 2 2 0 0 2 1 2 0 1 0 2 0 0 1 2 2 1 2 0 2 0 2 1 0 0
1 1 2 2 2 0 0 0 1 1 2 1 0 1 0 0 2 1 2 1 2 1 2 0 1 1 0 1
0 0 1 1 2 0 1 1 1 2 0 2 2 1 0 2 1 2 2 1 2 0 2 1 2 1 0 1
1 0 0 1 2 0 2 0 0 2 0 2 0 1 0 0 1 2 2 1 2 0 1 0 2 1 1 1
0 1 0 1 2 0 2 1 0 2 1 1 0 0 0 0 2 2 2 0 2 0 2 1 2 0 0 0
0 0 0 2 2 0 0 0 1 1 0 2 0 0 0 1 2 2 2 0 2 0 2 1 1 1 0 0
0 1 2 2 2 0 0 0 1 0 0 2 0 2 1 2 1 2 2 1 2 0 2 1 1 0 0 0
0 0 0 1 1 0 1 0 0 1 0 2 1 1 1 2 2 2 2 1 2 0 1 0 0 0 0 0
2 1 1 2 2 0 0 0 0 0 2 2 0 0 0 2 1 1 2 1 2 0 1 0 0 0 0 0
0 0 2 1 2 0 1 0 0 0 1 2 0 0 1 2 1 2 2 1 2 1 2 0 2 0 0 1
2 2 1 2 2 1 0 1 0 1 1 1 0 0 1 1 2 2 1 2 2 0 1 0 1 0 0 1
0 1 0 2 1 0 1 2 1 1 1 2 1 1 0 1 1 2 2 2 2 0 2 2 0 0 0 0
1 1 1 2 2 0 0 0 0 0 2 2 0 1 1 1 2 2 1 1 2 0 0 0 2 1 0 0
1 0 1 2 2 0 0 1 0 2 2 0 1 1 0 1 2 2 2 1 2 0 2 0 0 0 0 0
0 2 1 1 2 0 2 0 1 2 2 2 0 0 0 0 1 2 2 2 2 0 2 0 0 0 0 0
1 2 1 2 2 0 0 0 1 0 1 2 0 1 1 0 2 2 2 1 2 0 2 0 1 0 0 0
0 1 1 2 2 1 0 0 0 1 0 2 1 0 0 1 2 2 2 2 2 0 2 1 2 1 1 1
1 2 0 2 2 0 0 0 0 2 2 2 1 0 0 1 2 2 2 0 1 0 2 0 1 0 0 0
0 2 1 2 2 0 0 1 0 1 0 2 0 0 0 1 1 2 2 2 2 0 1 0 2 1 1 1
0 2 1 1 2 0 0 0 1 2 0 0 1 0 1 2 1 2 1 1 1 1 2 0 1 1 1 1
0 1 1 2 2 0 1 0 0 2 1 2 0 0 0 0 2 2 2 1 2 0 1 0 2 0 0 2
1 1 2 2 2 0 0 0 1 2 1 2 0 0 0 1 1 2 1 1 2 0 1 1 2 0 0 0
0 0 0 0 2 0 0 0 0 0 2 1 0 1 0 0 1 2 1 1 2 0 1 0 2 1 1 2
0 1 1 2 2 0 0 0 0 0 0 2 0 0 0 0 2 2 2 2 2 0 2 0 1 0 0 0
1 2 0 2 2 0 1 1 0 0 2 1 1 0 0 0 2 2 1 2 1 0 1 0 1 0 0 0
0 2 1 1 2 0 0 1 0 1 1 1 0 0 0 1 0 2 2 1 2 0 1 0 2 1 0 1
0 1 1 2 2 0 0 0 0 1 1 1 1 1 0 0 1 2 2 2 1 1 1 1 2 2 2 2
0 1 1 2 2 0 1 0 0 0 0 2 1 1 0 2 2 2 2 0 2 1 2 1 2 1 0 1
0 2 1 2 2 0 0 2 1 0 2 1 0 0 1 0 2 2 2 2 2 0 1 1 1 0 0 1
0 1 0 2 2 0 1 0 1 1 1 1 2 0 1 2 1 2 2 2 2 0 2 1 2 0 0 1
1 0 0 2 2 0 0 0 1 1 2 1 0 0 0 1 2 2 2 1 2 0 2 0 0 0 0 0
0 2 1 1 2 0 1 1 1 1 1 2 1 0 0 1 2 2 1 1 2 0 2 0 2 1 0 0
0 2 2 2 2 0 0 0 0 1 2 2 0 1 0 0 2 2 2 1 2 0 2 1 1 0 0 0
0 1 1 1 2 0 0 1 0 1 2 0 1 0 0 0 2 2 2 2 1 0 0 0 1 0 0 1
0 2 0 2 2 0 1 0 1 1 2 2 0 1 1 0 2 2 1 0 2 0 2 2 1 0 0 0
0 1 1 1 2 0 0 0 0 1 2 1 0 1 0 0 2 2 1 2 2 0 2 0 2 0 0 2
0 1 0 2 2 0 0 0 0 1 2 1 0 0 0 1 2 2 2 2 2 0 2 2 2 0 0 0
0 1 1 1 2 0 0 0 0 0 1 1 0 1 0 1 2 1 1 1 2 0 2 0 2 0 0 1
0 2 1 2 2 0 1 0 0 0 1 1 0 0 0 0 1 2 1 1 2 0 2 0 2 1 1 2
0 2 1 2 2 0 1 1 0 0 1 2 0 1 0 2 2 2 2 1 2 0 2 0 2 0 0 1
0 1 1 2 2 0 1 0 0 1 2 2 1 0 0 1 1 2 2 2 2 1 2 0 2 1 1 1
1 2 0 2 2 0 1 0 2 0 0 0 0 0 0 1 1 2 2 1 2 0 1 0 2 0 0 2
0 1 1 2 2 0 0 0 1 1 0 2 0 0 1 0 2 2 2 2 2 0 0 0 2 2 1 1
0 2 1 1 2 0 0 0 1 0 1 2 1 0 0 1 2 2 2 1 2 0 2 0 1 0 0 1
0 2 1 2 2 0 1 0 1 1 2 0 1 0 0 0 1 2 1 1 2 0 2 0 2 0 0 1
1 2 1 1 2 0 1 0 0 2 2 1 1 1 0 0 2 2 2 2 2 0 2 1 2 0 0 2
1 1 0 1 2 0 0 0 1 1 1 1 0 1 0 1 2 2 0 2 2 0 2 0 2 0 0 2
2 1 1 2 1 1 0 1 1 1 2 2 0 0 0 1 2 1 1 1 2 0 2 0 0 0 0 0
0 2 1 1 2 0 0 1 0 0 1 2 1 1 0 0 2 2 2 2 2 0 2 0 1 0 0 1
0 0 1 1 2 1 1 0 1 1 0 2 1 0 1 0 2 2 2 1 2 0 2 1 0 0 0 0
0 0 0 1 1 0 0 0 0 1 1 2 1 1 0 1 2 2 1 2 1 1 2 1 1 0 0 0
0 1 2 1 2 0 0 1 1 1 1 1 1 0 0 0 1 2 1 1 2 1 2 0 2 1 0 1
0 2 1 1 2 0 0 0 1 1 1 2 2 0 0 0 2 2 2 2 2 0 2 1 1 0 0 0
0 1 1 2 2 0 1 1 1 1 0 1 0 2 2 0 1 2 2 0 2 0 1 0 1 0 0 1
0 2 0 2 2 0 1 0 0 0 2 2 0 0 0 1 2 2 2 1 2 1 2 0 2 0 0 1
0 2 1 2 2 0 1 1 1 2 1 2 0 0 0 1 1 2 2 2 2 0 1 1 0 0 0 0
0 2 1 1 2 1 0 0 1 1 1 2 1 1 0 1 1 2 1 1 2 0 2 0 2 0 0 2
0 1 0 2 2 0 0 0 0 1 0 0 0 1 1 1 2 2 2 0 1 0 1 1 1 0 0 0
1 2 2 1 2 0 0 0 1 1 1 1 0 0 0 1 2 2 2 0 2 0 2 1 2 0 0 1
0 2 2 2 2 0 0 0 1 1 1 1 1 0 0 1 2 2 2 2 2 0 2 0 1 0 0 0
0 2 1 2 2 0 1 0 0 2 2 2 0 1 1 1 1 2 2 2 2 1 1 0 2 0 0 2
0 2 1 2 2 0 0 1 1 1 2 1 0 0 1 0 1 2 1 2 2 0 2 1 1 0 0 0
0 1 1 2 2 0 1 1 1 2 2 2 0 0 1 0 1 2 2 2 2 1 2 0 2 0 0 1
0 1 1 2 2 0 0 0 1 2 1 2 2 1 1 1 2 2 2 2 2 0 2 0 2 0 0 2
0 0 1 2 2 0 1 1 0 2 1 2 1 0 0 0 2 2 1 2 2 1 2 0 2 0 0 0
0 2 2 2 2 0 0 0 1 2 2 2 0 1 0 0 2 2 1 1 2 0 2 1 2 0 0 2
0 2 0 2 2 0 0 1 0 0 2 0 0 0 1 0 2 2 2 1 2 0 2 1 0 0 0 0
0 1 2 2 2 0 2 0 0 0 2 1 0 0 0 2 1 2 1 1 2 0 2 0 1 0 0 1
0 2 0 2 2 0 0 1 0 0 0 1 1 2 0 1 2 2 1 2 2 0 1 0 1 0 0 1
0 1 2 1 2 0 1 1 2 0 0 1 1 1 0 1 2 2 2 1 1 1 1 0 1 0 0 1
1 2 0 2 2 0 0 0 0 1 2 2 0 0 0 0 2 2 2 1 2 0 2 0 2 0 0 1
1 1 0 2 2 0 0 1 0 0 0 2 1 0 0 1 2 2 1 1 2 0 0 0 2 2 0 0
0 2 0 1 2 0 1 1 2 1 1 2 1 0 0 1 2 2 2 1 2 1 1 1 1 1 0 0
0 2 1 1 2 0 0 0 2 0 2 1 1 0 0 1 2 2 1 1 2 0 2 1 1 0 0 1
0 2 1 2 2 0 0 0 1 1 1 0 2 0 1 1 2 2 1 1 2 0 1 1 1 1 1 1
0 0 1 2 2 1 1 0 0 1 2 2 1 0 1 2 2 2 1 1 2 0 1 0 1 0 0 1
1 0 0 2 2 0 1 1 0 1 1 2 0 0 1 1 2 2 1 2 1 0 2 0 2 1 0 1
0 1 0 1 1 0 1 0 0 2 1 2 0 0 0 0 1 2 2 1 2 0 2 0 2 0 0 1
0 0 1 2 2 0 1 0 0 0 1 2 0 0 1 0 2 2 2 2 2 0 2 0 0 0 0 0
0 2 1 1 2 0 0 0 1 1 1 2 0 0 0 1 2 2 1 0 2 0 2 0 2 1 0 0
0 0 2 1 1 1 0 0 1 1 1 2 0 0 0 0 0 2 2 2 2 0 2 1 2 0 0 1
0 1 0 2 2 0 1 0 0 1 1 0 0 0 0 2 2 2 2 1 1 1 2 0 1 1 0 0
1 2 1 2 2 0 0 1 0 1 0 1 0 0 0 1 2 2 2 1 2 1 0 1 1 0 0 0
1 2 1 2 2 0 1 0 1 0 1 2 0 0 0 0 2 2 2 0 2 0 2 0 2 0 0 1
1 1 0 2 2 0 1 0 1 1 0 1 0 1 0 0 2 2 2 2 2 0 2 0 1 0 0 1
1 1 0 2 2 0 0 1 0 2 1 2 0 0 0 2 2 2 1 2 2 0 2 0 2 0 0 2
0 1 0 1 2 0 0 0 0 1 1 2 0 0 1 0 1 2 2 2 2 0 2 0 2 1 0 0
0 0 2 1 2 0 0 0 0 1 1 2 0 0 0 1 2 2 2 1 2 0 2 1 2 1 1 2
0 2 0 2 2 0 0 0 1 0 0 2 0 0 1 1 1 2 1 2 2 0 1 1 2 0 0 2
0 2 2 2 2 0 1 0 1 0 1 1 0 2 1 1 2 2 1 1 2 0 0 1 2 2 0 0
0 0 1 2 2 0 2 0 1 0 1 1 1 0 1 1 1 2 1 2 1 0 1 0 0 0 0 0
2 1 0 0 2 0 0 0 1 1 2 2 0 1 1 1 2 2 2 2 2 0 2 1 1 0 0 1
0 1 2 2 2 0 0 1 2 0 1 2 0 2 0 2 2 2 1 1 2 0 1 0 1 0 0 0
0 1 2 2 2 0 0 0 1 0 2 1 0 1 0 2 2 2 2 1 2 1 2 1 1 0 0 1
0 1 0 1 2 0 1 0 0 1 2 1 0 2 1 1 2 2 2 2 2 0 2 1 1 1 1 1
1 1 2 2 1 0 0 0 0 1 2 2 0 1 0 2 1 2 2 2 2 0 2 0 0 0 0 1
0 2 2 2 2 0 1 0 0 1 2 2 2 1 1 2 1 2 2 2 2 0 2 0 2 1 0 0
0 2 1 2 2 0 1 0 0 0 1 1 1 0 0 1 2 2 2 2 2 0 2 0 2 1 0 1
0 0 0 2 1 0 0 0 1 2 0 0 0 1 1 0 2 2 2 2 2 0 2 0 2 0 1 2
0 1 1 2 2 0 1 0 1 2 1 1 0 0 1 0 2 2 1 0 2 0 2 0 2 1 1 2
0 1 1 2 2 0 1 1 0 1 1 2 0 0 0 0 2 2 2 2 2 0 2 0 1 1 0 0
0 2 0 2 2 0 1 1 0 2 1 2 1 1 0 1 2 2 2 1 2 0 1 0 1 1 1 1
0 2 2 1 2 0 2 0 1 1 1 2 0 1 0 0 2 2 1 2 2 1 2 0 2 1 0 0
0 1 0 2 2 1 0 0 0 0 1 2 0 1 0 0 1 2 1 2 1 0 2 1 2 1 1 2
0 1 0 2 1 1 1 0 0 1 2 2 1 2 0 0 2 2 2 2 2 0 2 0 2 2 1 1
1 1 1 2 1 0 2 1 0 2 2 1 0 1 1 1 2 2 2 1 1 1 2 0 1 0 0 1
0 2 0 2 2 0 1 0 0 1 1 2 0 0 0 0 2 2 2 1 2 0 1 0 2 1 1 2
0 1 2 1 2 0 0 0 1 1 1 1 0 0 0 1 2 2 0 2 1 0 2 0 0 0 0 0
0 2 1 2 2 0 1 0 0 1 0 1 0 1 1 0 2 2 2 1 2 0 2 0 1 0 0 0
1 1 1 2 1 0 1 0 0 1 0 0 0 1 0 0 1 2 2 2 2 1 2 1 2 1 1 2
0 2 0 2 2 0 0 0 0 1 1 2 1 0 1 0 2 2 1 2 2 0 1 0 1 0 0 0
0 1 1 1 2 0 1 1 0 2 2 1 0 1 0 1 1 2 2 1 1 0 1 0 2 0 0 2
0 0 0 2 2 0 0 1 1 0 2 2 0 0 1 0 2 1 1 2 2 0 2 0 2 0 0 1
0 1 1 2 1 0 0 1 1 1 1 0 0 0 0 0 1 2 2 1 2 0 2 0 2 2 2 2
0 1 1 2 2 0 0 0 1 1 2 2 0 1 0 0 1 2 2 2 2 0 1 1 0 0 0 1
1 0 2 2 1 0 1 0 0 1 1 1 1 0 0 0 1 2 2 2 2 0 2 0 2 1 0 1
1 0 0 2 2 0 1 0 1 2 1 0 0 0 0 1 0 2 2 2 2 0 1 0 1 0 0 1
0 1 1 2 2 0 0 1 0 1 2 2 0 0 1 0 1 2 2 2 2 0 2 0 2 0 0 1
1 1 1 2 2 0 0 1 0 0 2 1 0 0 1 0 2 2 2 2 2 0 2 0 2 1 1 2
0 1 1 2 2 0 0 0 0 1 1 2 1 0 0 0 1 2 1 0 2 0 1 0 1 0 0 1
1 1 1 2 2 0 0 0 1 1 1 2 0 0 0 2 2 2 1 2 2 0 2 0 1 0 0 1
1 2 1 0 1 0 0 0 0 0 2 2 1 0 1 1 2 2 1 1 2 0 2 0 2 0 0 0
0 1 2 1 2 0 0 1 1 2 2 2 0 0 2 1 1 2 2 1 2 0 2 1 2 0 0 0
1 1 2 2 1 0 0 0 0 2 1 2 0 1 1 1 1 2 1 1 2 0 1 0 2 0 0 1
0 2 2 2 2 0 0 0 1 1 1 0 0 1 0 0 2 2 2 2 2 0 2 0 2 0 0 1
1 2 1 2 2 0 0 0 0 0 2 2 2 1 0 0 1 2 2 1 2 0 2 0 2 0 0 1
0 1 1 2 2 0 1 1 0 1 2 1 0 0 2 0 2 2 2 0 2 0 1 0 1 1 0 0
0 1 1 2 2 1 1 2 1 0 1 2 0 1 0 1 0 2 0 2 2 1 1 1 1 0 0 1
0 1 2 2 2 0 2 1 1 1 2 1 0 2 2 1 1 2 2 1 2 0 2 1 2 1 0 1
0 1 0 2 2 0 0 1 1 1 0 2 0 1 2 0 2 2 2 1 2 0 1 0 1 0 0 1
0 0 0 2 2 0 0 0 2 1 1 2 0 1 1 2 2 2 1 1 2 0 2 1 2 0 0 1
0 1 1 2 2 0 1 0 1 1 1 1 1 0 0 2 2 2 2 2 2 0 2 2 1 0 0 1
0 1 0 2 2 0 0 0 1 0 1 1 2 1 0 1 2 2 2 2 2 0 2 0 2 0 0 1
0 1 1 2 2 1 1 1 1 1 2 2 0 0 1 1 2 1 0 1 2 0 2 0 1 0 0 0
0 2 1 2 1 1 0 0 1 1 2 0 0 1 1 0 1 2 2 1 2 0 2 1 2 1 1 2
1 0 0 2 2 0 0 1 1 2 1 2 0 1 1 1 1 2 1 2 2 0 2 1 2 1 0 1
0 1 2 1 1 0 1 1 0 0 1 1 1 0 0 2 1 2 1 1 2 0 2 0 2 1 0 0
1 1 1 2 2 1 0 0 1 2 1 1 0 0 0 1 1 2 1 0 2 0 2 0 1 0 0 0
0 2 2 2 2 0 1 0 1 2 1 1 0 2 2 2 2 2 2 0 2 1 2 1 1 0 0 0
1 1 0 2 1 0 0 1 1 1 2 1 0 0 0 0 2 2 2 2 2 0 2 1 0 0 0 0
0 2 1 2 2 0 2 1 1 2 1 2 0 0 0 0 2 2 2 1 2 0 2 0 2 1 0 0
0 0 0 1 2 0 1 1 0 1 1 0 0 0 1 0 1 2 1 2 2 0 2 0 0 0 0 0
1 2 0 2 2 0 1 1 1 1 1 0 0 2 1 1 1 2 2 1 2 0 2 0 1 0 0 0
0 1 1 2 2 0 1 0 1 1 1 0 0 1 0 0 2 2 2 2 1 0 2 1 2 0 0 2
2 1 1 2 2 0 1 0 0 1 1 2 0 1 0 0 1 2 2 2 2 0 1 0 2 1 1 1
1 1 1 1 2 2 0 0 0 1 1 2 1 0 2 0 2 2 1 0 2 0 2 0 1 0 0 0
0 1 0 2 2 0 1 1 1 1 2 0 0 1 0 0 2 2 2 0 2 1 2 0 2 1 1 1
0 2 2 2 2 0 1 0 0 1 2 1 0 1 1 1 2 2 2 2 2 0 1 0 2 1 1 2
0 0 2 2 2 0 0 0 0 1 1 2 2 1 1 1 2 2 1 1 2 0 1 0 1 1 1 1
0 0 1 1 2 0 1 1 1 1 1 1 0 2 1 1 0 1 2 0 2 0 1 1 2 1 1 1
0 2 0 2 2 0 1 1 0 2 1 2 0 1 0 0 1 1 2 1 1 0 2 0 1 0 0 1
1 2 2 2 1 0 1 2 0 2 0 2 1 1 0 0 2 2 2 2 2 0 2 0 1 0 0 1
1 1 0 2 2 1 0 0 0 2 2 0 0 1 0 1 0 2 1 0 2 0 2 0 2 0 0 1
0 1 1 2 2 0 1 0 0 1 0 1 0 0 0 1 2 2 0 1 2 0 1 0 2 1 1 1
0 1 2 1 1 0 0 0 0 0 0 2 0 0 0 1 2 2 2 1 1 0 1 1 1 1 0 0
1 1 0 2 2 0 0 0 1 1 2 2 1 0 0 2 2 2 2 1 2 0 2 0 1 1 1 1
0 1 1 2 2 0 0 0 0 1 2 1 1 0 1 0 2 2 2 1 2 0 2 0 2 0 1 1
0 2 1 1 2 1 1 0 1 1 1 2 0 1 0 1 2 2 2 1 2 0 2 0 1 1 0 0
1 1 1 2 2 1 1 1 0 0 1 1 0 0 0 0 1 2 2 1 2 0 2 0 1 0 0 0
0 1 0 2 1 0 1 1 0 2 1 2 0 0 0 0 2 2 2 1 2 0 2 1 1 1 0 0
1 2 2 2 2 1 0 1 2 1 1 2 0 0 0 2 2 2 1 1 2 0 2 1 1 0 0 0
0 2 2 0 1 0 2 0 2 0 1 0 0 0 0 0 2 1 2 0 2 0 2 0 1 0 0 1
0 1 1 1 2 0 0 1 0 2 2 2 0 0 1 0 2 2 2 1 2 0 2 1 2 1 1 2
1 1 0 2 2 0 1 1 0 2 2 1 0 0 0 0 2 1 2 1 2 0 1 1 0 0 0 0
0 1 1 2 2 0 0 0 2 0 1 2 0 0 0 0 2 2 1 1 2 0 2 0 2 0 0 2
0 2 2 2 2 0 1 0 1 2 2 1 1 0 0 1 2 2 2 2 2 0 2 1 2 1 0 0
0 2 1 2 2 0 0 0 0 1 1 2 0 1 0 1 2 2 1 1 2 0 2 1 1 0 0 1
0 2 0 1 2 0 1 0 1 1 1 1 0 0 0 1 2 2 2 2 2 0 2 1 1 0 0 1
2 1 0 2 1 0 1 0 0 0 1 2 0 1 1 0 1 2 2 2 2 0 2 0 2 1 1 1
0 0 1 2 2 0 0 0 1 2 1 1 0 1 0 2 1 2 1 1 2 0 2 2 0 0 0 0
0 1 0 1 1 1 1 1 0 1 0 2 0 0 1 1 1 2 1 0 2 1 1 1 2 1 0 0
1 2 0 2 2 0 1 0 2 1 2 2 0 0 0 2 2 1 1 1 2 1 2 0 0 0 0 0
0 2 1 2 2 0 1 0 1 1 2 1 0 0 0 0 1 2 2 1 2 0 2 0 1 0 0 0
0 0 2 2 2 0 0 0 1 0 2 1 0 0 0 0 0 2 2 2 2 0 2 1 2 1 0 1
1 2 0 2 2 0 2 0 1 1 1 2 1 0 0 2 2 2 2 0 2 0 2 1 0 0 0 0
0 0 0 1 2 0 2 1 1 1 2 1 1 1 1 1 2 2 1 1 2 0 2 1 1 1 1 1
1 2 0 2 2 0 0 1 2 1 2 1 1 1 0 0 1 2 2 2 2 0 2 0 2 0 0 0
0 1 1 1 2 0 1 0 0 0 2 1 1 1 1 2 0 2 1 2 2 0 2 1 1 0 1 1
0 1 1 2 1 1 1 0 1 0 0 1 0 0 1 1 1 2 2 0 2 1 2 1 2 2 1 1
0 2 1 1 2 0 0 1 1 0 2 2 1 0 0 0 2 2 2 2 2 0 2 0 1 0 0 1
0 2 2 2 2 0 0 0 1 0 1 2 0 0 2 1 2 2 2 2 2 0 1 0 1 0 0 0
0 1 1 2 2 0 0 1 0 1 0 2 0 0 0 0 2 2 2 1 2 0 2 0 2 0 0 1
0 0 1 2 2 0 1 1 0 0 1 0 0 0 0 0 2 2 2 2 1 0 2 0 2 1 0 1
2 1 0 2 2 0 0 0 0 2 1 1 0 1 1 1 1 2 1 2 1 0 1 1 2 1 0 1
1 0 1 2 2 1 2 0 1 1 2 1 0 0 0 1 1 2 0 2 2 0 1 0 2 2 1 1
1 1 2 2 1 0 0 1 0 1 2 1 0 0 0 2 0 2 2 1 2 0 2 0 1 0 0 0
0 1 2 2 2 1 0 0 0 2 2 1 0 0 0 2 1 2 2 2 2 1 2 0 1 1 1 1
0 2 1 2 2 0 1 1 1 0 2 1 1 1 0 1 2 2 1 2 2 0 1 0 1 1 0 0
0 1 1 2 2 0 1 0 1 1 0 2 0 0 0 0 0 2 2 2 2 0 0 0 1 0 0 1
0 1 2 2 2 0 2 1 0 2 2 2 0 0 0 0 2 2 2 0 2 0 2 0 2 1 0 0
0 0 1 1 2 0 0 0 2 0 1 1 0 1 0 0 2 1 2 2 2 0 2 0 1 1 0 0
0 1 0 2 1 0 0 0 1 0 2 0 0 0 0 1 2 2 2 1 2 0 2 0 1 1 0 0
0 1 1 2 2 0 0 1 1 2 1 0 1 0 0 0 1 2 1 1 2 0 2 1 1 1 0 0
0 2 1 2 2 0 1 1 1 0 1 1 0 2 0 0 2 2 2 1 2 0 1 1 2 2 2 2
0 2 0 1 2 0 1 0 1 2 0 2 1 1 1 1 2 2 2 2 2 0 2 0 2 0 0 1
0 1 1 1 2 1 2 0 0 0 1 2 1 2 1 1 2 2 2 1 2 0 2 2 1 0 0 0
0 0 1 2 2 0 1 1 1 2 2 1 0 1 0 0 1 2 1 1 2 0 2 1 2 0 0 1
0 1 1 1 1 0 0 2 0 0 1 2 0 1 0 0 2 2 2 2 2 0 2 0 2 2 0 0
0 0 2 2 2 1 0 1 1 2 0 2 0 1 0 0 2 2 2 2 2 0 1 0 1 1 0 0
0 2 2 2 2 1 1 0 1 1 2 2 0 1 0 0 2 2 1 1 2 0 2 0 1 0 0 1
1 1 2 2 2 0 2 0 0 1 1 1 1 0 2 0 1 2 1 2 2 0 2 0 0 0 0 0
1 2 0 2 2 0 1 1 0 1 2 1 0 0 0 1 2 2 1 2 2 0 2 1 1 0 0 1
0 2 1 1 2 0 2 0 1 1 1 0 0 0 1 1 2 2 2 2 2 0 2 0 2 1 1 1
0 2 1 2 2 0 1 1 1 0 1 2 0 0 0 1 2 2 2 2 2 1 2 0 1 0 0 1
0 1 2 2 2 0 1 1 0 1 2 2 0 0 0 0 1 1 1 2 1 0 1 0 2 0 0 1
0 1 1 2 2 0 1 1 2 1 1 2 0 1 2 2 1 2 2 1 2 0 2 1 2 2 1 1
0 1 1 2 2 0 2 0 1 0 2 2 0 1 0 1 0 2 2 2 2 0 2 1 1 1 1 1
0 2 1 2 2 0 0 1 1 1 2 2 0 1 0 1 2 2 2 1 2 0 2 0 1 0 0 1
0 1 0 2 1 0 1 1 1 0 2 2 1 0 0 1 1 2 1 1 2 1 1 1 2 0 0 1
0 2 1 1 2 0 1 0 1 0 2 1 1 1 0 2 2 2 1 2 2 0 2 0 1 0 0 1
0 2 1 2 2 0 2 1 2 1 2 1 0 0 0 1 1 2 1 1 2 0 2 0 1 0 0 0
0 1 2 1 2 0 0 0 1 1 1 2 0 0 0 0 2 2 2 1 2 0 2 0 1 0 0 0
0 0 1 2 2 0 0 1 1 0 1 0 1 2 1 1 1 2 1 1 2 0 1 1 2 0 0 1
0 1 2 2 1 0 0 1 2 0 2 2 1 0 0 0 1 2 2 1 2 0 2 1 1 0 0 0
2 2 0 2 2 1 2 1 2 1 2 1 0 0 0 1 1 2 1 2 2 0 1 0 2 0 0 0
0 2 1 2 1 0 1 0 0 1 1 0 0 0 1 0 2 2 1 2 2 0 2 1 2 2 0 0
0 1 0 2 2 0 0 0 0 2 2 2 0 0 0 2 2 2 2 2 2 0 2 1 1 1 1 1
0 1 1 0 2 0 1 0 0 1 1 2 0 0 1 1 0 2 2 1 2 1 2 0 2 0 0 1
0 1 2 2 2 1 1 0 0 1 1 2 0 2 0 2 1 2 2 1 2 0 0 0 2 1 1 2
1 2 1 2 2 0 1 1 0 1 1 2 0 1 0 0 2 2 2 2 2 0 2 0 0 0 0 0
0 1 1 0 1 0 1 1 1 0 2 2 1 0 1 0 1 2 2 1 2 0 2 1 1 0 0 0
0 2 1 2 1 0 1 0 0 0 2 2 1 0 2 2 2 2 2 1 2 1 2 0 1 1 1 1
2 1 0 2 2 0 0 1 0 1 0 2 0 1 1 1 2 2 2 1 2 0 1 1 2 0 0 0
0 2 1 2 1 0 0 0 1 0 0 2 1 1 0 1 2 2 2 2 2 0 2 0 1 0 0 1
0 1 2 2 2 0 0 1 0 0 2 2 1 0 2 1 0 2 2 2 2 0 2 1 1 0 0 1
0 1 2 2 2 0 1 0 1 1 0 2 0 1 0 1 2 1 2 1 1 0 2 0 2 2 2 2
0 2 0 1 2 0 0 1 1 1 0 0 0 1 1 0 2 2 1 1 1 0 2 0 2 0 0 1
0 2 2 2 2 0 0 0 1 2 2 0 0 1 0 0 2 2 1 1 2 0 2 1 2 1 1 2
0 1 2 2 2 0 0 1 1 0 2 2 1 1 1 0 1 2 2 2 2 1 1 0 1 1 0 0
0 1 2 1 2 0 1 0 0 1 2 2 0 0 0 0 2 2 2 1 2 0 2 1 2 1 1 2
1 0 0 1 2 0 0 1 0 2 1 2 0 1 0 1 2 2 1 1 2 0 1 1 1 1 1 1
1 1 2 2 2 0 1 1 0 1 1 2 0 0 0 2 1 2 2 2 2 0 2 0 2 1 1 2
0 1 1 2 2 0 0 0 1 1 1 2 0 1 2 0 1 2 0 2 2 1 2 1 1 0 0 1
1 2 1 2 1 0 1 0 0 1 1 2 1 1 0 0 1 2 2 0 2 0 1 0 1 0 0 0
0 2 1 1 2 0 1 1 0 0 1 1 0 0 0 0 2 2 2 0 2 0 1 0 2 1 1 1
0 1 2 2 2 0 0 1 1 2 1 1 1 2 0 0 1 2 1 0 2 0 1 0 2 0 0 2
0 0 1 1 2 0 1 1 1 1 0 1 0 2 0 1 1 1 2 1 2 0 2 0 1 0 0 0
0 2 0 2 2 0 1 0 1 1 0 2 1 0 0 1 1 2 2 1 2 0 2 0 2 0 0 1
1 1 1 1 2 0 0 0 0 0 2 1 0 0 0 0 1 2 2 0 2 0 2 1 1 0 0 0
1 0 1 1 2 1 0 0 1 0 2 1 0 0 0 1 2 2 2 2 2 1 2 1 2 0 0 1
0 0 0 1 2 0 1 1 1 1 1 2 1 1 1 1 2 2 2 2 2 0 2 1 2 0 0 1
0 1 0 2 2 0 0 1 0 0 0 1 1 0 1 0 2 2 2 0 2 0 2 1 1 1 1 1
1 1 1 2 2 0 0 2 0 1 2 2 1 1 1 0 2 2 0 2 2 0 1 0 2 0 0 1
0 1 0 2 2 0 1 0 0 0 1 1 0 1 0 1 1 2 2 1 2 1 1 0 1 0 0 1
2 1 2 2 2 0 1 1 1 1 1 2 0 0 0 2 2 2 1 2 2 0 2 0 2 0 0 1
0 2 0 2 2 0 1 0 1 2 1 2 1 0 0 0 1 2 2 1 2 1 1 1 2 2 1 1
0 2 1 1 2 0 0 1 1 1 2 2 0 1 0 1 1 2 1 2 2 0 1 0 1 0 0 0
0 0 2 2 2 0 0 0 0 2 2 0 0 0 0 1 1 2 1 1 2 0 2 0 2 1 0 1
0 2 0 2 2 0 1 0 1 0 2 1 0 0 0 0 2 2 2 1 2 0 2 1 1 0 0 1
0 2 1 2 2 0 2 1 1 1 2 1 0 1 0 1 2 2 1 1 2 0 2 0 1 1 0 0
1 1 1 1 2 0 0 0 2 1 2 2 1 1 0 0 1 2 2 2 2 0 2 1 1 0 0 0
1 2 1 2 2 0 0 1 0 2 1 2 1 1 2 0 2 2 2 1 2 0 1 1 2 2 0 0
1 0 1 1 2 0 0 0 0 2 1 0 0 0 1 0 2 2 2 0 2 0 1 1 1 0 0 0
1 1 0 2 2 0 0 0 1 2 2 1 0 1 1 1 2 2 2 0 2 0 2 1 2 0 0 1
0 2 1 2 2 0 0 0 0 1 1 1 0 1 0 1 1 2 2 2 2 0 2 0 2 0 0 1
1 2 0 2 2 0 0 1 0 1 2 1 2 0 0 1 2 2 2 2 2 0 1 0 2 0 0 0
0 0 1 1 1 0 0 0 1 0 1 2 1 2 0 1 2 2 1 1 2 0 1 1 1 0 0 1
1 2 1 1 2 0 0 0 0 2 1 2 2 2 1 1 1 2 1 2 2 0 2 0 1 0 0 0
0 1 0 2 2 0 0 1 0 2 2 1 0 2 1 1 0 2 2 1 2 1 2 1 1 0 0 0
0 2 0 2 2 0 0 1 0 0 2 1 0 1 0 0 1 2 1 1 2 0 2 0 1 0 0 1
1 2 2 2 2 0 0 2 1 0 2 2 0 0 0 2 1 2 1 1 2 1 2 1 1 0 0 1
0 2 1 1 1 1 0 0 0 1 1 2 0 1 0 0 2 2 2 2 1 1 1 1 2 0 0 1
0 1 1 2 2 0 0 0 0 0 0 2 0 1 0 0 0 2 2 1 2 0 0 0 1 1 0 0
1 2 1 2 2 0 1 1 0 2 2 1 0 1 1 1 2 2 1 1 2 0 2 1 2 2 1 1
1 2 1 0 2 0 0 0 0 1 0 1 0 0 0 0 2 1 2 0 2 0 0 1 2 0 0 1
0 0 1 2 2 0 0 1 0 1 2 2 1 0 0 1 0 2 2 0 2 0 1 0 2 1 0 1
0 2 2 2 2 0 1 1 1 2 0 2 0 2 0 1 2 2 1 2 1 1 1 0 0 0 0 0
0 2 0 1 2 0 0 1 1 1 1 1 0 0 0 1 2 2 1 0 2 1 2 1 2 0 0 2
0 2 0 2 2 0 0 1 0 0 1 1 0 0 0 1 2 2 2 2 2 0 1 0 2 2 0 0
0 0 2 2 2 0 0 0 1 0 1 1 1 1 0 0 2 2 1 2 1 0 2 0 1 0 0 1
0 1 1 1 2 0 1 0 0 1 1 1 1 1 1 2 1 2 1 1 2 0 2 0 2 0 0 2
1 1 2 1 2 0 0 1 1 0 2 1 0 0 0 1 1 2 2 2 2 0 2 0 2 1 1 1
1 2 1 0 2 1 1 1 0 2 0 1 1 1 1 1 1 2 1 1 2 0 1 0 1 0 0 1
1 1 2 2 2 0 0 0 2 0 0 2 0 1 0 0 2 2 2 2 2 0 2 0 2 1 0 1
0 2 2 2 2 0 2 1 0 0 2 1 0 1 0 1 1 2 1 2 2 0 2 0 2 0 0 1
0 1 2 2 2 0 0 1 1 0 2 2 0 1 0 1 2 2 2 1 2 0 2 0 2 0 0 1
0 2 1 2 2 0 1 0 2 2 1 1 1 0 0 0 2 2 2 1 2 0 2 0 2 2 2 2
0 2 1 1 2 0 1 1 1 1 0 1 1 1 1 1 2 2 2 1 2 0 2 1 1 1 1 1
1 1 0 2 2 0 1 2 1 0 0 2 1 0 0 0 2 2 1 2 2 0 2 0 1 0 0 0
0 2 0 2 2 0 1 0 2 1 2 1 0 1 0 1 0 2 2 1 2 0 2 0 1 0 0 1
1 1 0 1 2 0 0 1 1 1 1 1 1 0 0 0 1 2 2 2 2 1 1 0 1 0 0 1
0 1 2 1 2 0 2 0 0 0 2 2 0 0 1 2 2 1 2 2 1 0 2 0 1 0 0 0
0 2 2 2 2 0 1 0 1 0 2 1 0 1 0 1 1 2 2 2 2 0 2 0 2 1 1 2
1 2 1 2 2 0 0 0 2 0 1 1 1 1 1 0 1 2 1 0 1 0 2 0 2 1 0 1
0 1 0 2 2 0 0 0 0 0 0 2 0 1 0 1 2 2 2 2 2 0 2 1 0 0 0 0
0 2 1 1 2 0 0 1 0 2 1 2 0 0 0 2 2 2 2 0 2 0 2 0 2 0 0 2
0 2 2 2 2 0 2 0 1 2 1 0 0 0 0 1 2 2 2 1 2 0 2 0 1 0 0 0
1 1 1 1 1 0 2 0 0 0 2 2 0 0 0 1 1 2 1 1 2 0 1 0 1 0 0 1
0 0 1 2 2 0 0 0 0 0 2 2 1 0 0 1 1 2 2 2 2 0 1 0 1 0 0 0
0 1 1 2 2 0 1 1 1 0 1 2 0 0 0 2 2 2 1 2 2 0 0 0 2 1 1 1
1 1 1 2 2 0 1 1 0 2 0 2 0 1 0 1 1 2 1 1 2 0 2 1 1 0 0 2
0 2 0 2 2 0 1 0 0 1 0 2 1 0 0 1 1 2 1 1 2 0 2 0 0 0 0 0
1 1 0 1 2 0 0 0 1 2 2 1 1 0 0 1 2 2 1 2 2 0 2 0 1 0 0 0
0 1 0 1 2 0 1 0 1 2 2 2 1 1 0 1 1 2 2 0 2 0 1 0 1 0 0 0
0 1 0 2 2 0 1 0 0 0 1 1 0 0 0 0 2 2 2 2 2 0 2 0 2 0 0 1
0 1 0 1 2 0 0 0 1 1 1 2 1 0 1 1 1 1 2 1 1 0 2 1 1 0 0 1
0 1 0 1 2 0 1 1 0 0 1 2 1 0 0 1 1 2 1 1 2 0 1 2 1 0 0 2
0 1 2 2 2 0 1 1 0 2 1 1 1 0 0 0 1 2 2 1 2 0 2 1 2 1 0 1
0 1 1 1 2 1 1 0 0 0 1 2 1 0 1 1 1 2 2 1 2 0 2 0 1 0 0 2
1 1 0 2 2 0 0 0 1 1 1 2 0 1 0 0 2 2 1 2 1 0 2 0 2 0 0 1
0 2 1 2 2 0 1 1 1 1 2 1 0 0 1 1 2 2 2 1 2 0 1 0 2 0 0 2
0 1 1 2 2 0 2 1 2 0 1 2 0 2 0 0 2 2 1 1 1 0 2 0 2 0 0 1
1 0 2 2 2 0 1 1 0 1 1 1 1 1 0 0 2 2 2 2 2 0 2 1 2 1 0 1
1 2 1 1 2 0 1 0 1 0 1 2 0 1 0 0 1 2 2 1 2 0 2 0 1 0 0 1
0 2 1 0 2 0 1 1 1 2 2 2 0 0 0 0 2 2 1 0 2 0 1 0 0 0 0 0
0 2 0 2 2 0 1 0 1 0 0 1 0 0 0 0 2 1 1 1 2 0 2 1 2 0 0 2
1 0 0 2 1 0 1 2 0 2 2 1 0 0 0 0 2 2 2 0 2 0 2 0 0 0 0 0
0 2 2 2 2 0 2 1 0 1 1 1 0 0 0 0 2 2 1 2 2 0 2 1 1 0 0 0
0 0 1 2 2 0 0 1 0 0 0 1 1 1 1 0 2 2 2 2 2 0 2 0 2 0 0 2
0 1 2 2 2 2 0 2 0 1 2 2 0 0 0 1 1 2 2 0 2 0 1 0 1 0 0 1
1 2 0 2 2 0 1 0 0 0 1 1 0 0 0 0 1 2 1 2 2 0 2 0 2 1 1 2
0 2 1 1 2 0 0 0 1 0 2 2 1 2 0 2 2 2 2 2 2 0 2 0 1 0 0 1
0 2 1 1 2 0 1 0 0 1 1 2 0 1 0 0 2 2 0 0 2 0 2 0 2 1 0 0
0 1 0 1 2 0 1 1 2 2 0 2 2 0 0 0 2 2 2 1 2 0 1 0 1 0 0 1
1 2 0 2 2 0 0 0 1 1 1 2 0 1 1 1 2 2 1 2 2 0 0 0 2 0 0 1
1 1 1 2 2 0 0 0 0 1 1 1 0 1 1 1 2 2 2 2 2 0 2 0 2 0 0 2
1 1 1 1 2 0 0 0 0 1 1 2 0 1 1 1 2 2 1 0 2 0 2 0 2 0 0 1
1 2 1 2 2 0 1 1 1 1 1 1 0 1 1 2 2 2 0 2 2 0 0 1 2 0 0 2
1 2 1 2 2 0 1 2 0 1 1 1 0 2 0 0 1 1 1 1 2 0 2 0 0 0 0 0
0 2 1 2 2 0 0 1 0 1 2 1 1 0 0 0 1 2 1 2 2 0 1 0 1 1 1 1
0 0 0 2 2 0 0 2 0 1 0 2 0 1 0 2 2 2 2 0 2 0 2 0 2 0 0 2
1 2 1 2 2 0 2 0 0 2 1 2 0 1 0 2 2 2 1 0 2 0 2 0 1 0 0 0
0 2 1 1 2 0 1 0 1 0 0 2 1 0 0 0 2 2 1 2 2 0 2 1 1 1 1 1
0 2 1 2 2 0 0 0 0 1 2 2 1 1 1 0 2 2 2 2 2 0 1 1 1 0 0 0
0 2 1 2 2 0 1 1 0 0 2 2 0 1 0 0 2 2 1 2 2 0 2 0 2 0 0 2
0 1 0 2 2 0 0 2 0 2 1 2 1 0 0 0 2 2 1 1 2 0 2 1 0 0 0 0
0 2 1 2 2 0 2 0 0 2 1 1 0 1 0 0 2 2 1 1 2 0 2 0 1 0 0 0
0 2 0 2 2 0 0 1 0 0 0 1 1 0 0 2 0 2 1 1 2 0 2 0 2 1 0 1
1 2 1 2 2 0 0 0 0 2 1 1 1 1 1 1 1 2 2 1 2 0 1 0 0 0 0 1
0 1 1 1 2 0 0 0 1 1 2 1 0 1 0 1 2 2 2 2 2 0 2 1 2 2 1 1
0 1 0 2 2 0 1 0 1 0 1 2 1 0 1 1 2 2 0 1 2 0 2 0 1 0 0 1
0 1 2 1 2 0 0 0 0 2 0 2 1 1 1 0 2 2 2 2 2 0 1 0 1 0 0 0
1 2 1 2 2 0 0 0 0 1 1 2 0 1 0 1 1 2 2 2 2 0 1 0 1 0 0 0
1 2 1 2 2 0 1 1 1 1 2 2 2 0 0 2 2 2 2 1 2 0 1 0 1 0 0 1
0 2 0 2 2 0 1 0 1 2 1 2 1 2 0 0 2 2 1 1 2 0 2 0 1 0 0 1
0 2 1 2 2 0 0 2 2 0 1 0 1 0 0 1 1 2 1 2 2 0 2 1 1 1 0 1
1 2 1 1 2 0 0 0 0 1 2 1 0 0 0 0 2 2 2 1 2 0 2 2 1 0 0 0
1 2 1 1 2 0 0 0 0 0 1 1 1 2 0 1 1 2 1 2 2 0 2 0 2 1 1 2
1 1 2 1 2 0 0 0 1 0 0 2 0 0 1 1 1 2 2 2 2 0 2 0 1 0 0 1
0 1 2 2 2 0 0 0 2 1 1 1 0 0 0 1 1 2 1 0 2 0 2 0 2 1 0 0
0 2 2 2 2 1 0 0 0 0 1 2 0 0 0 2 2 2 1 1 2 0 2 0 1 1 1 1
0 1 1 2 2 0 1 1 2 0 1 2 1 0 0 1 2 2 2 2 2 0 2 0 1 0 0 1
1 1 1 1 1 0 2 0 0 0 2 2 0 1 1 1 1 2 2 0 2 0 2 0 1 1 1 1
0 0 0 2 2 0 2 1 2 1 1 1 0 1 0 0 2 2 2 1 2 1 2 0 2 0 0 2
0 2 2 2 2 0 1 0 1 2 2 1 0 0 0 0 0 1 2 1 2 0 1 0 1 0 0 1
