rs1530887 rs10482791 rs13388512 rs6716591 rs7609465 rs2033739 rs12490153 rs6852200 rs17209895 rs2515480 rs12237459 rs10740215 rs10822906 rs1993992 rs176632 rs1820544 rs9513113 rs1956177 rs2862778 rs7235354 rs9749347 rs6121657
2 1 1 0 2 1 2 0 0 0 0 2 1 0 2 1 1 1 1 1 1 2
0 0 1 1 2 1 2 0 0 0 0 2 0 0 2 1 0 2 2 0 2 2
0 0 2 1 2 2 2 0 0 2 0 2 0 0 2 2 1 0 1 2 2 2
2 0 0 1 1 1 2 0 0 2 0 2 0 0 2 2 1 1 1 2 2 2
1 0 2 2 2 1 2 0 0 1 0 2 1 0 1 1 2 2 2 2 0 2
2 0 0 1 2 0 2 0 1 1 0 2 0 0 2 0 0 1 0 0 2 2
1 0 1 1 1 0 2 0 1 1 0 2 0 1 2 1 2 1 1 1 2 2
1 0 2 0 2 0 2 0 1 1 0 1 0 1 1 1 1 2 2 1 1 2
1 1 1 1 2 2 2 0 0 1 0 2 0 0 2 2 2 1 2 1 1 2
0 0 1 1 2 2 2 0 1 1 0 2 0 1 2 1 1 1 1 0 1 2
1 0 2 1 2 2 2 0 1 1 0 2 0 0 1 2 1 2 1 2 1 2
0 0 1 1 2 0 2 0 1 0 0 1 0 0 2 2 2 0 0 0 2 2
2 0 2 1 2 2 2 0 1 2 1 2 0 2 1 2 1 2 0 0 2 2
1 0 2 2 2 0 2 0 1 1 0 2 0 0 1 1 0 1 1 1 2 2
1 0 1 0 2 1 2 0 0 1 0 2 0 0 1 2 0 1 1 2 2 2
1 0 0 1 2 1 2 0 1 1 0 2 0 0 1 2 1 1 1 1 2 2
1 0 1 0 1 0 2 0 1 1 0 1 0 1 2 1 0 2 0 2 2 2
0 0 1 1 2 2 2 0 0 1 0 2 1 0 2 2 2 2 1 1 2 2
1 0 2 1 1 1 2 0 0 0 0 2 1 0 2 0 2 1 0 1 2 2
0 0 2 1 1 0 2 0 1 0 0 1 0 0 2 1 2 1 1 2 2 2
0 0 2 0 2 1 2 0 0 1 1 1 0 0 2 1 0 2 2 2 2 2
1 0 2 0 2 0 2 0 0 0 0 2 0 0 1 1 1 2 2 1 1 2
0 0 2 1 1 2 2 0 1 1 0 2 0 0 2 2 1 1 0 2 0 2
2 0 1 0 1 0 2 0 1 1 1 2 1 0 2 0 1 2 2 0 2 2
2 0 1 2 1 0 2 0 1 0 0 1 0 1 2 0 2 2 2 1 2 2
2 0 2 1 2 1 2 0 1 0 0 1 0 0 1 2 1 1 0 0 1 2
2 0 1 0 1 0 2 0 1 1 0 1 0 1 2 1 1 2 1 0 2 2
0 0 2 1 2 0 2 0 0 0 0 1 0 2 2 2 1 2 1 1 1 1
2 0 1 0 1 0 2 0 0 0 0 2 1 0 1 1 2 2 0 1 2 2
1 0 1 0 1 1 2 1 1 0 0 2 0 0 2 2 1 1 1 1 1 2
1 0 2 1 2 1 2 0 1 0 0 1 0 0 2 1 2 2 1 0 2 2
2 0 2 0 2 1 2 0 1 1 0 2 2 0 1 1 1 1 1 1 2 2
2 0 2 1 2 0 2 0 1 0 0 2 0 0 2 2 1 2 1 0 1 2
0 0 1 2 1 1 2 0 0 0 0 2 1 1 2 0 0 2 1 1 1 2
1 0 2 0 1 1 2 0 1 2 0 2 0 0 2 0 0 2 1 1 2 2
1 0 1 1 2 2 2 0 0 0 0 2 0 0 2 1 2 2 1 1 1 2
1 0 1 1 1 0 2 0 2 1 0 2 1 0 2 0 1 1 1 1 2 2
0 0 2 1 2 0 2 0 0 0 0 2 0 0 1 1 2 1 0 2 2 2
1 0 2 0 2 0 2 0 1 2 1 2 0 0 2 2 1 1 0 1 2 2
1 1 1 0 2 1 2 0 1 1 0 2 0 0 2 2 1 1 0 1 2 2
1 0 2 1 2 1 2 0 1 0 0 1 0 0 1 1 2 2 1 1 1 2
1 0 1 1 2 1 2 0 0 0 0 2 0 0 2 1 1 1 0 0 1 2
0 0 2 0 1 1 2 0 0 1 0 2 0 0 2 1 1 1 1 0 0 2
1 0 1 1 2 1 2 0 1 1 0 2 1 0 2 2 0 2 0 1 1 2
0 0 2 0 2 0 2 0 1 0 0 2 1 1 2 1 1 2 0 1 2 2
1 0 2 1 1 1 2 0 1 0 0 2 0 0 2 1 2 2 0 1 1 2
1 0 1 1 2 2 2 0 1 1 0 2 0 0 2 2 1 2 1 0 2 2
0 0 1 1 2 2 2 0 1 0 0 1 1 1 2 1 2 1 2 0 2 2
0 0 1 0 2 1 2 0 0 1 0 2 0 0 2 1 1 1 2 2 1 2
1 0 0 0 1 0 2 0 0 2 0 2 0 1 2 0 1 1 0 2 2 2
1 0 2 1 2 1 2 0 0 1 0 2 0 1 2 1 1 2 1 2 2 2
0 1 2 1 2 1 2 0 1 1 0 2 0 1 2 2 2 2 1 1 1 2
1 0 2 1 1 0 2 0 1 2 0 2 1 0 2 2 1 2 2 1 2 2
2 0 1 1 2 1 2 0 0 1 0 2 2 0 2 1 2 2 2 0 2 2
0 0 1 1 2 1 2 0 1 1 0 2 0 0 2 1 2 2 1 1 1 2
1 0 1 1 2 0 2 0 0 1 1 2 0 2 1 2 2 2 1 0 2 2
0 0 1 0 2 0 2 0 0 2 0 2 0 0 1 0 2 1 0 0 2 2
0 0 2 0 1 1 2 0 0 1 0 1 0 0 2 2 0 2 0 2 2 2
0 0 2 1 1 1 2 0 0 1 1 1 1 0 2 2 2 2 1 1 2 2
1 0 1 1 1 0 2 0 1 1 1 2 0 0 2 0 1 1 1 1 1 2
0 0 2 0 2 1 2 0 1 0 0 1 0 0 2 2 1 2 0 0 1 2
0 0 2 1 2 0 2 0 1 1 0 2 0 0 2 2 0 2 0 1 2 2
0 0 2 0 2 2 2 1 0 0 0 2 0 0 2 2 2 0 0 2 2 2
1 1 1 2 2 1 2 0 1 0 0 2 0 0 2 1 1 2 1 1 2 2
2 0 2 1 2 2 2 0 1 1 1 2 0 0 2 2 2 2 1 1 2 2
0 0 2 1 2 0 2 0 1 0 0 1 0 0 1 2 2 1 1 1 2 2
2 0 1 0 2 0 2 0 0 0 0 2 0 0 2 2 2 1 0 1 2 2
0 1 1 1 2 1 2 0 1 0 0 1 1 0 2 2 2 0 1 1 1 2
1 0 2 1 2 1 2 0 1 1 0 2 0 0 2 2 1 2 2 1 2 2
0 0 0 1 2 0 2 0 0 1 0 2 0 0 2 0 1 2 2 1 2 2
2 0 0 1 2 1 2 0 1 1 0 2 0 0 0 2 2 1 0 2 2 2
1 0 2 1 2 0 2 0 1 0 0 2 1 1 0 2 1 2 0 0 1 2
0 0 2 0 2 1 2 0 1 2 0 1 1 1 2 1 1 2 0 1 2 2
1 0 2 0 2 1 2 0 0 0 1 2 1 0 2 2 1 2 0 1 2 2
0 0 2 1 1 0 2 0 2 1 0 2 1 1 2 0 1 2 1 1 2 2
1 0 1 1 2 0 2 0 2 0 0 2 0 0 1 1 1 0 1 0 2 2
2 0 1 1 2 1 2 0 0 1 0 2 0 0 1 1 1 1 2 0 1 2
2 0 2 0 2 1 2 0 0 0 0 1 1 0 0 0 1 1 0 1 1 2
2 1 2 2 2 0 2 0 0 1 0 2 0 1 2 2 1 2 2 2 1 2
1 0 1 2 2 2 2 0 0 1 0 2 1 1 2 1 1 1 1 1 2 2
1 0 2 1 2 1 2 0 0 0 0 2 0 2 2 1 1 2 1 1 2 2
0 0 0 1 1 0 2 1 0 2 0 2 0 1 2 1 2 2 1 1 1 2
0 0 2 1 0 0 2 0 1 1 0 1 0 1 1 0 2 1 2 0 2 2
0 0 1 0 1 1 2 0 1 1 0 2 0 1 2 2 2 1 2 2 2 2
1 0 1 0 2 1 2 0 1 0 0 2 2 0 2 1 1 2 1 1 1 2
1 0 2 2 1 1 2 1 0 0 0 2 0 0 1 1 2 2 2 1 1 2
0 0 2 2 2 0 2 0 0 1 0 2 0 0 2 2 2 2 1 2 1 2
2 0 1 2 1 1 2 0 1 1 0 1 0 0 2 1 2 1 0 0 2 2
2 0 1 0 1 0 2 0 1 1 0 2 0 0 2 1 0 2 1 1 0 2
1 0 2 1 2 2 2 0 2 2 0 2 0 0 2 1 0 1 2 2 2 2
1 0 2 0 1 1 2 0 0 1 0 1 1 0 2 0 1 1 1 1 2 2
0 0 2 0 1 1 2 1 0 1 0 1 0 0 1 2 1 2 1 2 2 2
2 0 1 1 1 0 2 0 1 0 0 2 0 1 1 2 0 2 1 0 2 2
2 0 1 1 2 0 2 0 0 1 0 2 1 0 1 0 2 0 0 2 1 2
1 0 0 0 1 1 2 0 0 0 0 2 0 0 2 1 2 2 1 1 1 2
1 0 2 0 2 1 2 0 0 1 1 2 0 2 2 2 1 2 1 1 1 2
2 0 2 0 2 0 2 1 0 0 1 2 2 1 1 2 1 2 2 2 2 2
0 0 2 0 2 0 2 0 1 1 0 2 2 0 1 1 2 1 2 1 2 2
1 0 2 0 1 1 2 0 1 2 0 2 1 0 2 2 2 2 1 1 2 2
1 0 1 1 2 1 2 0 0 1 0 1 0 1 1 2 2 2 1 0 1 2
0 0 1 0 2 0 2 0 0 1 0 2 1 0 2 2 0 1 1 2 2 2
0 0 2 1 2 1 2 0 0 1 0 2 0 0 2 1 2 2 1 1 2 2
2 0 1 0 2 1 2 0 0 1 1 1 0 0 1 1 1 1 2 2 2 2
0 0 2 0 1 1 2 0 0 0 0 2 0 0 2 1 0 2 1 1 1 1
1 0 1 0 1 2 2 1 1 1 0 0 0 0 1 1 1 1 1 1 2 2
0 0 2 1 2 1 2 0 2 1 0 2 0 0 2 1 1 2 1 0 1 2
2 0 2 0 2 0 2 0 0 2 0 2 0 1 2 2 0 2 2 1 2 2
0 0 2 1 1 2 2 0 0 1 0 1 0 0 2 1 1 2 1 1 1 2
0 0 1 1 1 1 2 0 0 1 0 2 2 0 1 1 2 2 0 2 2 2
1 0 1 0 2 2 2 0 2 2 0 2 0 2 2 1 0 2 2 2 1 2
1 0 2 1 1 1 2 0 1 0 0 1 0 0 2 1 2 2 1 1 2 2
2 0 0 1 2 1 2 1 1 0 0 2 1 0 2 1 1 2 1 1 2 2
1 1 2 1 2 0 2 0 0 1 0 2 1 0 2 1 2 1 1 1 2 2
1 0 1 0 1 0 2 0 1 2 0 2 1 0 1 1 2 2 1 2 1 2
0 0 2 1 2 0 2 0 0 1 0 2 0 0 2 2 1 2 1 1 2 2
2 0 2 1 2 1 2 0 0 0 0 2 0 2 2 2 2 2 1 1 2 2
0 0 1 1 2 0 2 0 1 0 0 1 0 0 2 1 1 2 2 0 2 2
1 1 2 1 1 1 2 0 1 1 0 2 0 0 1 1 0 2 1 1 1 2
0 0 1 1 2 0 2 0 0 0 0 2 0 2 1 2 1 2 0 1 2 2
1 0 2 0 1 0 2 1 0 1 1 2 2 0 1 2 1 1 2 0 1 2
1 0 2 1 2 0 2 0 1 1 1 2 1 1 2 1 1 1 0 1 2 2
1 0 2 0 2 1 2 0 2 0 1 1 1 0 0 2 1 2 2 2 2 2
1 0 1 0 1 1 2 1 1 0 0 1 0 0 0 2 1 2 1 1 2 2
1 1 1 1 2 2 2 0 1 0 0 2 0 1 2 1 1 1 0 2 1 2
2 0 1 1 1 2 2 0 0 0 1 2 0 1 2 2 1 1 0 0 2 2
1 0 2 0 1 1 2 0 0 1 0 2 0 1 2 1 2 1 1 2 2 2
0 0 1 1 2 1 2 0 0 1 0 2 0 0 2 0 1 1 1 1 1 2
2 0 2 0 1 0 2 1 0 2 1 2 1 1 2 2 1 1 2 0 1 2
1 0 2 1 2 1 2 0 0 0 0 2 0 1 2 2 2 2 1 2 0 2
0 0 2 0 1 0 2 0 2 1 0 2 1 1 0 2 1 0 2 1 2 2
1 0 1 1 2 0 2 0 1 0 0 2 0 0 1 0 1 2 1 0 1 2
1 0 2 0 2 1 2 0 0 1 0 2 0 0 2 1 1 0 1 0 2 2
1 0 1 1 2 1 2 0 1 1 0 2 0 0 2 2 1 1 0 2 2 2
0 1 2 0 2 1 2 0 2 1 0 2 1 1 2 1 2 2 1 0 1 2
1 0 2 1 1 0 2 0 1 1 0 2 0 0 1 1 1 1 0 1 2 2
2 0 1 0 2 1 2 0 1 2 0 2 1 1 1 2 0 1 0 0 1 2
2 0 1 2 2 0 1 0 1 1 0 2 0 1 2 2 0 2 0 2 2 2
1 0 1 0 1 1 2 0 0 1 0 1 0 1 2 2 1 1 1 2 1 2
1 0 2 0 2 1 2 0 0 1 0 1 0 1 1 2 2 2 1 0 1 2
0 1 1 1 1 0 2 0 0 2 0 2 1 0 2 2 1 2 2 1 2 2
1 0 2 1 1 0 2 0 0 2 0 2 0 1 0 2 0 2 1 2 2 2
2 0 1 1 1 0 2 0 2 1 0 2 0 0 2 1 0 2 0 1 1 2
2 0 2 1 2 0 2 0 0 1 0 1 0 0 2 1 1 2 1 1 0 2
1 0 0 2 0 1 2 0 2 0 0 2 0 1 2 2 1 2 1 1 1 2
1 0 1 0 1 0 2 0 1 1 0 2 0 1 2 2 1 1 1 1 1 2
1 0 2 0 1 1 2 0 2 1 0 2 0 2 2 2 2 1 2 0 2 2
2 0 2 1 2 0 2 0 0 1 1 2 1 1 1 2 1 1 1 1 2 2
2 0 2 1 0 1 2 0 0 1 0 2 0 0 1 1 0 1 0 1 1 2
0 0 2 1 2 1 2 0 1 1 0 2 0 0 2 0 2 2 1 0 0 2
1 0 2 0 2 1 2 0 0 1 0 2 0 1 2 1 0 2 0 1 1 2
2 0 1 1 1 1 2 0 1 1 0 2 0 0 2 1 2 0 1 2 2 2
1 0 1 1 2 1 2 0 0 0 0 1 2 0 1 1 1 2 1 1 0 2
0 0 2 1 1 0 2 0 0 1 0 2 0 0 1 2 2 2 1 1 2 2
0 0 2 0 2 0 2 0 1 1 0 2 0 0 2 1 2 2 1 0 2 2
1 0 1 0 1 1 2 0 0 1 0 2 0 1 1 2 2 1 1 0 2 2
1 0 1 1 2 1 2 0 1 0 0 1 0 0 1 1 2 2 1 1 1 2
0 0 1 0 1 1 2 0 1 2 0 1 0 0 1 1 1 2 1 0 2 2
1 0 1 0 2 0 2 0 1 0 1 2 0 0 2 1 1 1 0 1 2 2
1 0 1 0 1 0 2 0 0 2 0 2 0 0 1 1 1 2 0 1 1 2
0 1 2 0 1 1 2 0 0 1 0 1 0 1 2 1 0 2 1 1 2 2
2 0 2 0 2 0 2 0 0 0 1 1 0 1 2 1 2 2 1 2 0 2
2 0 2 1 2 1 2 0 0 1 0 2 0 1 2 1 1 1 0 1 2 2
0 0 2 0 2 1 2 1 1 0 0 2 1 2 2 0 1 2 1 2 2 2
0 0 2 0 1 2 2 0 0 1 0 2 0 0 2 0 2 1 1 1 2 2
1 0 1 0 2 1 2 0 1 1 0 2 0 0 1 1 2 2 1 2 2 2
2 0 1 0 1 0 2 0 1 2 0 2 0 0 2 2 2 2 1 1 1 2
1 0 2 0 1 0 2 0 0 0 0 1 0 0 2 2 1 1 2 1 2 2
1 0 1 0 1 1 2 0 0 0 0 1 0 0 2 1 1 1 1 0 2 2
1 0 1 1 2 1 2 0 0 2 0 2 0 1 0 1 1 2 1 1 2 2
1 1 2 0 2 1 2 0 0 1 0 2 0 0 2 1 2 2 1 1 2 2
1 0 2 1 2 1 2 0 0 0 0 1 0 0 2 1 2 1 0 1 1 2
1 0 1 1 2 1 2 0 1 1 0 2 0 1 2 1 0 2 0 2 1 2
2 0 0 0 1 1 2 0 0 1 0 2 0 0 2 0 2 2 2 2 2 2
1 1 1 0 1 0 2 0 0 2 0 2 1 0 1 1 2 1 1 1 2 2
2 0 2 0 1 0 2 0 1 1 0 1 0 0 1 1 2 2 1 1 2 2
1 0 1 0 0 1 2 0 1 1 0 2 1 1 2 1 1 2 2 0 1 2
1 1 2 1 2 1 2 0 1 0 0 1 0 0 2 2 1 2 2 0 2 2
1 0 1 0 1 0 2 0 1 1 0 1 0 0 2 1 2 2 0 2 2 2
1 0 1 1 1 0 2 0 0 0 0 2 0 1 2 1 2 2 1 1 2 2
1 0 2 0 2 0 2 0 1 1 0 1 0 0 1 1 0 1 2 0 2 2
2 0 1 1 2 0 2 0 0 2 0 2 0 0 2 0 2 2 1 2 2 2
1 0 0 0 2 1 2 0 1 0 0 2 2 1 2 2 1 1 2 1 2 2
1 0 2 0 2 1 2 0 1 1 0 2 0 1 1 2 2 2 2 1 1 2
2 0 1 0 2 1 2 0 1 2 0 2 0 0 2 0 0 2 0 0 2 2
1 0 1 1 1 0 2 0 0 0 0 2 0 1 2 2 1 1 1 2 0 2
0 0 1 1 1 1 2 0 0 0 0 2 0 0 1 0 2 0 1 2 1 2
0 0 2 1 2 0 2 0 0 0 0 2 0 0 1 1 1 2 0 0 2 2
1 0 2 0 2 1 2 0 1 0 0 1 0 0 1 2 2 2 0 2 1 2
2 0 1 0 2 0 2 0 0 1 0 1 0 0 1 1 2 2 2 2 2 2
1 0 2 1 1 0 2 0 0 1 0 2 0 0 2 2 1 2 1 0 1 2
1 0 1 1 1 0 2 0 1 2 1 2 0 1 2 1 1 2 1 1 1 2
2 0 2 0 1 0 2 0 0 0 0 2 1 1 2 1 1 1 0 0 2 2
1 0 2 1 2 0 2 1 1 1 0 1 1 0 2 2 2 1 1 1 0 2
1 0 2 0 2 1 2 1 1 1 0 2 0 2 2 0 1 2 2 1 1 2
2 0 2 1 2 1 2 0 1 0 1 1 0 0 2 1 1 1 0 1 1 2
2 0 2 1 2 0 2 0 0 0 0 2 1 0 2 2 0 1 1 1 0 2
0 0 0 0 2 0 2 0 0 1 1 2 1 0 1 1 1 2 0 2 2 2
1 0 2 1 0 1 2 0 0 0 0 2 1 0 2 1 2 0 1 1 1 2
0 0 1 0 1 2 2 0 2 1 0 2 2 0 1 2 0 1 1 2 2 2
2 0 2 0 2 1 2 0 0 2 0 2 0 1 2 0 1 2 1 0 2 2
0 0 0 1 2 0 2 0 1 1 0 2 0 0 2 2 2 0 0 1 0 2
1 0 2 0 1 0 2 0 0 0 0 2 0 0 2 2 1 2 0 2 2 2
1 0 2 2 2 0 2 0 1 1 0 2 0 0 1 1 2 2 1 1 1 2
2 0 1 1 2 0 2 0 0 1 0 2 0 0 1 1 0 2 1 1 0 2
1 0 2 0 2 1 2 0 0 1 0 2 1 1 2 0 1 1 1 1 2 2
0 0 1 0 2 1 2 0 1 2 0 2 0 0 2 1 1 1 2 2 1 1
1 0 1 0 2 1 2 0 0 1 0 2 0 0 2 0 2 2 1 0 1 2
0 0 2 1 2 0 2 0 1 1 0 2 0 0 2 1 1 2 1 1 2 2
0 0 2 0 2 1 1 0 0 0 0 2 0 0 2 2 1 1 1 1 2 2
1 0 2 1 2 1 2 0 1 1 0 2 1 0 1 1 1 1 0 1 2 2
0 0 1 1 2 1 2 0 1 1 0 2 1 0 2 1 1 2 1 2 1 2
1 0 2 0 2 1 2 0 0 1 0 1 0 0 2 0 1 1 1 2 1 2
1 0 0 0 1 1 2 0 1 0 1 2 0 0 2 0 1 1 1 1 2 2
1 0 1 0 1 1 2 0 0 0 0 1 0 0 2 2 0 1 0 1 2 2
0 0 2 1 2 0 2 0 1 1 0 2 1 0 2 0 2 2 1 0 2 2
1 0 2 0 2 1 2 0 0 2 0 2 0 1 2 0 0 2 2 2 1 2
0 0 2 1 2 1 2 0 1 0 0 2 1 0 2 2 1 1 0 1 2 2
2 0 1 1 2 1 2 0 1 1 0 2 0 1 2 1 0 2 0 1 1 2
2 1 2 1 1 2 2 0 0 0 0 1 0 0 2 1 2 2 1 1 1 2
0 1 2 0 2 0 2 1 0 2 0 1 0 0 2 2 0 1 0 2 2 2
1 0 2 0 1 0 2 0 1 2 0 2 0 0 2 1 1 1 0 0 2 2
1 0 1 1 1 1 2 0 0 0 0 2 0 1 1 1 0 1 1 0 2 2
2 0 2 0 2 0 2 0 0 1 0 2 0 2 2 2 1 2 1 1 0 2
1 0 2 0 2 0 2 0 2 1 1 0 0 1 1 1 2 2 0 1 1 2
2 0 2 1 1 0 2 0 2 1 1 2 0 1 2 0 2 2 0 2 1 2
0 0 2 2 2 1 2 0 0 1 0 2 0 0 2 2 2 2 1 2 1 2
2 0 1 0 2 0 2 0 1 1 0 2 0 0 2 2 1 2 2 1 0 2
0 0 2 0 2 0 2 0 0 0 0 2 0 0 2 2 1 2 0 1 1 2
0 0 2 1 1 2 2 0 0 1 0 2 0 0 2 1 2 2 2 1 1 2
1 0 1 2 1 0 2 0 0 2 0 2 1 0 1 2 2 1 1 1 2 2
0 0 2 0 2 0 2 0 0 1 0 1 0 0 2 1 2 1 1 2 2 2
0 1 1 1 0 1 2 0 0 1 0 1 1 0 2 2 2 1 0 1 2 2
0 0 1 1 0 0 2 0 1 2 0 2 1 1 2 1 1 2 2 1 1 2
1 0 2 0 2 0 2 0 0 2 0 1 0 0 2 1 0 2 2 1 2 2
2 1 2 1 2 1 2 0 0 1 1 2 1 1 1 0 1 1 0 1 2 2
1 0 2 0 2 2 2 0 0 0 0 2 0 1 2 2 1 1 1 0 2 2
1 0 0 0 1 1 2 0 1 2 0 2 1 0 2 2 2 1 1 2 2 2
1 0 1 0 2 1 2 0 1 2 0 2 0 0 2 1 1 2 1 2 2 2
1 0 1 0 2 1 2 0 0 0 0 2 0 0 2 1 1 2 0 0 1 2
0 0 2 2 2 2 2 0 1 2 1 2 0 0 2 1 2 1 1 1 1 2
1 0 1 1 2 1 2 0 1 0 0 2 1 0 2 1 1 0 2 1 2 2
0 0 1 1 1 1 2 0 1 0 0 2 0 0 2 0 1 2 1 2 2 2
1 0 1 0 2 1 2 0 1 0 0 2 0 0 2 1 1 2 1 1 2 2
1 0 1 0 2 1 2 0 0 0 1 1 0 0 2 1 2 1 2 2 2 2
1 0 1 2 1 1 2 0 0 1 0 2 0 0 1 1 1 2 2 1 2 2
1 0 2 0 2 1 2 0 0 1 0 2 0 0 1 1 1 1 1 0 2 2
0 0 1 0 2 1 2 0 1 2 0 2 0 1 1 1 2 2 0 1 1 2
2 0 2 0 2 0 2 0 1 1 0 2 0 0 2 2 1 2 1 1 1 2
0 0 1 1 1 0 2 0 0 1 0 1 0 0 2 1 2 0 0 0 2 2
1 0 1 0 2 1 2 0 0 0 0 2 0 0 2 2 1 2 2 1 2 2
1 0 1 1 2 1 2 0 0 1 0 1 1 0 1 1 1 1 1 1 1 2
1 0 2 1 0 0 2 0 1 0 0 2 0 1 1 2 2 2 1 2 1 2
1 0 2 0 2 0 2 0 0 0 1 2 0 0 2 0 1 2 1 1 2 2
0 0 1 1 2 0 2 0 1 0 1 2 1 1 1 2 2 1 0 2 2 2
2 0 2 0 2 1 2 0 0 0 0 2 0 0 1 0 2 1 2 1 1 2
0 1 2 0 2 1 2 0 0 2 0 2 0 1 1 0 1 1 1 1 2 2
0 0 2 2 2 0 2 0 2 0 0 1 0 1 2 1 2 2 2 2 1 2
0 0 1 2 2 1 2 0 1 0 0 2 0 0 2 1 1 0 1 2 1 2
1 0 1 0 2 1 2 0 1 0 0 2 0 0 2 2 2 2 1 1 2 2
1 0 2 0 1 0 2 0 1 1 0 2 1 0 1 1 2 1 0 0 2 2
0 1 1 0 2 2 2 0 0 0 0 2 0 0 2 1 1 1 0 1 2 2
2 0 2 1 2 2 2 0 1 1 0 2 0 0 1 1 2 1 0 2 2 2
1 0 1 1 2 2 2 0 1 2 0 2 0 0 2 1 1 2 1 1 2 2
0 0 2 0 2 1 2 0 2 0 0 2 0 0 1 2 0 2 2 1 1 2
1 0 1 1 2 0 2 0 2 1 1 2 0 0 2 2 1 2 0 0 2 2
1 0 2 1 1 0 2 0 0 1 0 2 1 0 2 0 1 2 0 1 1 2
1 0 2 2 2 2 2 0 0 1 0 1 0 1 1 1 2 1 0 1 2 2
2 0 1 1 2 0 2 0 0 0 1 1 1 0 2 1 0 0 2 0 0 2
0 0 1 1 1 1 2 0 0 1 0 2 1 1 2 2 1 1 1 1 1 2
2 0 2 1 2 0 2 0 1 2 0 2 0 0 1 1 1 1 1 1 1 2
0 0 1 1 2 0 2 0 1 1 0 2 1 0 2 0 1 2 1 2 2 2
1 0 1 0 1 0 2 0 1 1 1 2 0 1 2 0 2 2 1 2 2 2
2 0 2 0 2 1 2 0 0 1 0 2 1 0 2 2 1 2 0 0 0 2
1 0 1 1 1 1 2 1 1 1 0 2 0 0 2 1 1 1 1 2 2 2
0 0 1 0 2 2 2 0 0 0 0 2 0 0 2 1 1 2 0 1 1 2
1 0 2 1 2 2 2 0 0 0 0 2 0 1 2 1 1 0 0 0 1 2
1 0 1 0 1 2 2 0 1 0 1 2 0 0 2 0 1 2 1 0 2 2
1 0 2 1 2 0 2 0 0 1 0 1 0 0 2 2 1 2 2 0 2 2
1 0 2 0 2 1 2 0 0 1 0 2 0 0 2 2 1 2 1 0 2 2
1 0 2 2 1 0 2 0 1 1 0 2 2 1 2 1 2 1 0 1 1 2
0 0 1 1 2 0 2 1 0 0 0 2 1 0 2 1 2 2 1 1 2 2
1 0 2 1 2 1 2 0 0 1 0 2 0 0 1 0 1 2 2 0 1 2
2 0 2 0 2 0 2 0 0 0 0 1 0 0 1 1 2 1 2 0 2 2
0 0 2 1 1 2 2 0 1 1 0 2 0 0 2 1 1 2 0 1 2 2
1 0 2 0 2 1 2 0 2 1 0 2 0 0 0 1 0 2 1 1 1 2
0 0 1 0 2 1 2 0 0 1 0 2 0 0 1 2 2 2 0 1 1 2
2 0 2 0 2 0 2 0 1 1 0 2 0 1 2 1 1 2 1 0 1 2
1 0 0 0 1 0 2 0 0 1 0 2 1 0 2 1 1 1 1 1 1 2
1 0 2 1 2 0 2 1 1 0 0 2 0 0 2 0 2 1 1 1 1 2
0 1 0 0 1 0 2 0 0 1 0 2 1 0 2 1 0 1 1 0 1 2
1 0 2 0 2 2 2 0 1 1 0 1 0 0 2 2 2 2 2 1 2 2
2 0 1 2 2 1 2 0 0 0 0 2 1 0 2 1 0 1 0 1 1 2
1 0 2 2 2 0 2 0 0 1 1 2 1 0 2 2 2 1 1 2 2 2
2 0 1 0 2 1 2 0 1 0 0 2 1 0 1 2 0 2 0 1 1 2
2 0 1 0 2 1 2 0 1 0 0 1 1 1 2 1 2 2 0 1 2 2
1 0 2 1 2 2 2 0 0 2 0 2 1 1 2 2 0 2 1 1 2 2
0 0 2 1 1 1 2 0 0 0 0 2 1 0 2 2 1 1 2 1 1 2
1 1 2 0 2 2 2 0 1 0 0 2 1 0 2 0 1 2 1 0 2 2
2 0 2 0 2 1 2 0 0 0 1 2 1 0 2 2 2 2 2 0 2 2
2 0 1 0 2 1 2 0 0 0 0 2 0 0 1 1 1 2 1 1 2 2
0 0 2 0 1 0 2 0 1 1 0 1 1 0 1 1 2 1 1 2 1 2
2 0 2 0 2 1 2 0 0 1 1 2 0 0 2 1 2 2 0 0 2 2
0 0 1 0 2 2 2 0 0 0 0 1 0 0 2 2 2 1 1 1 2 2
0 0 1 0 1 1 2 0 1 1 1 2 1 0 2 1 1 1 2 1 0 2
0 0 1 0 2 0 2 0 0 0 0 2 0 0 1 2 1 2 2 2 2 2
1 0 2 0 2 0 2 0 1 2 0 2 1 0 2 1 2 1 1 1 2 2
0 0 2 2 2 2 2 0 0 2 0 2 0 1 1 1 1 2 0 0 2 2
1 0 1 2 2 1 2 0 2 0 0 2 0 0 2 2 2 1 2 2 2 2
1 0 1 0 2 2 2 0 0 1 0 2 1 0 0 2 1 1 1 0 1 2
0 0 2 0 2 1 2 0 0 1 0 1 0 0 2 1 2 1 0 0 2 2
1 0 1 2 2 0 2 0 1 0 0 2 0 0 2 1 0 1 0 2 2 2
0 0 1 0 2 1 2 0 1 0 0 2 0 0 1 2 2 1 1 0 1 2
1 1 1 2 2 0 2 0 2 1 0 1 0 0 1 2 1 2 1 1 1 2
0 0 1 1 1 1 2 0 0 1 0 1 1 1 2 1 2 1 1 1 2 2
2 0 2 1 2 0 2 0 0 2 0 2 0 0 2 1 2 2 1 1 2 2
1 0 2 0 2 1 2 0 1 0 0 2 0 0 2 0 0 2 1 2 2 2
1 0 2 0 1 1 2 0 1 1 0 2 1 0 2 0 2 2 0 2 1 2
1 0 2 1 1 0 2 0 1 0 0 2 1 0 2 1 2 2 0 1 1 2
1 0 1 0 0 0 2 0 1 1 0 2 0 0 2 0 1 2 1 2 1 2
2 0 2 0 1 1 2 0 0 1 0 2 1 0 2 2 1 2 2 1 2 2
0 0 2 0 1 1 2 0 0 2 0 2 0 0 2 1 0 2 0 0 1 2
1 1 2 0 1 0 2 0 0 2 0 2 0 0 1 1 0 2 1 1 1 2
2 0 1 0 1 2 2 0 0 1 0 2 0 1 2 1 1 1 2 1 2 2
1 0 0 0 2 1 2 0 0 1 0 2 0 1 1 0 2 1 1 2 2 2
1 0 1 1 2 1 2 0 1 0 1 2 1 0 2 2 1 1 1 0 0 2
1 0 1 0 1 0 2 0 1 1 0 1 0 0 2 0 2 1 1 2 2 2
1 0 2 1 2 1 2 0 1 0 0 1 1 0 1 1 0 1 1 1 0 2
1 0 2 1 1 1 2 1 1 0 0 2 0 0 2 2 1 2 1 2 0 2
1 0 1 1 1 0 2 0 0 1 0 2 1 1 1 1 0 2 0 2 2 2
1 0 1 2 0 0 2 0 0 1 1 1 0 0 2 1 2 2 0 2 2 2
1 0 2 1 1 1 2 0 0 1 0 1 0 0 2 2 1 2 2 1 1 2
2 0 2 0 2 1 2 0 0 2 0 2 0 0 2 2 0 1 0 0 2 2
0 0 0 2 2 0 2 0 0 0 0 2 0 0 2 0 0 2 2 1 2 2
1 0 1 1 2 0 2 0 0 2 0 2 0 0 1 1 2 2 1 1 1 2
1 1 1 0 1 2 2 0 0 1 1 1 1 0 1 1 1 2 1 1 2 2
1 0 2 0 1 0 2 0 1 1 0 2 0 1 2 2 2 2 1 0 2 2
0 0 2 0 1 0 2 0 0 1 0 1 1 0 2 1 2 1 1 0 2 2
2 0 1 0 1 1 2 0 1 1 0 2 0 1 2 1 2 2 1 0 2 2
1 0 2 1 2 1 2 0 0 0 0 2 0 1 2 1 2 1 1 1 1 2
1 0 2 0 2 1 2 1 1 1 0 2 0 0 2 1 1 1 2 2 1 2
2 0 2 1 1 0 2 0 1 2 0 2 1 0 2 2 1 2 0 0 2 2
1 1 2 1 0 0 2 0 2 1 0 2 0 0 2 1 1 2 1 1 1 2
0 0 1 0 2 0 1 0 1 0 0 2 1 1 2 1 1 1 1 1 2 2
2 0 1 1 1 0 2 0 0 1 1 2 0 0 2 0 1 2 1 2 1 2
1 0 2 1 2 1 2 0 1 0 0 2 1 0 1 1 1 2 1 1 1 2
1 0 2 0 2 1 2 0 1 2 0 2 1 1 2 2 1 1 1 2 2 2
1 0 1 2 2 1 2 0 2 0 1 2 0 0 2 2 1 1 0 1 2 2
1 0 2 0 2 0 2 0 0 0 0 2 0 0 2 0 2 0 1 1 1 2
1 0 2 0 1 1 2 1 1 1 0 2 1 0 2 2 0 1 0 1 2 2
1 0 1 0 2 1 2 0 1 1 0 1 1 0 2 1 1 1 0 0 2 2
1 0 1 0 2 0 2 0 0 2 1 1 0 0 2 2 2 2 1 0 2 2
1 0 1 0 2 0 2 0 2 1 1 2 0 0 2 1 2 2 1 1 1 2
1 0 2 2 2 0 2 0 0 0 0 2 0 0 2 2 0 1 1 0 2 2
1 0 1 0 1 1 2 0 2 1 0 2 1 0 2 2 2 2 0 0 1 2
0 0 1 1 2 1 2 0 1 0 0 0 1 0 2 1 1 2 2 1 2 2
0 0 1 2 2 0 2 0 2 0 0 2 0 1 1 1 1 2 2 0 1 2
2 0 2 0 1 2 2 0 0 2 0 2 0 0 2 2 1 1 0 0 1 2
2 0 1 1 2 2 2 0 0 1 0 1 1 0 2 1 1 2 2 1 2 2
1 0 1 1 2 2 2 0 0 1 0 2 1 0 2 1 2 2 0 0 1 2
1 0 2 0 2 2 2 0 1 2 0 2 0 0 2 1 2 1 0 0 2 2
1 0 2 1 2 1 2 0 1 1 0 2 1 0 1 2 2 2 1 1 2 2
0 0 2 0 2 0 2 0 0 0 0 2 2 0 1 2 2 2 2 2 2 2
1 0 2 2 1 1 2 0 1 1 0 2 0 0 1 0 2 1 2 2 1 1
1 1 2 1 1 2 2 0 0 2 0 1 1 0 2 2 2 1 2 0 0 2
1 1 1 2 1 1 2 0 0 2 0 2 0 0 2 1 1 2 1 1 1 2
2 0 2 1 2 0 2 0 1 0 0 1 1 0 2 1 2 2 1 0 1 2
1 0 2 1 2 1 2 0 0 2 0 2 0 0 2 1 0 1 0 2 2 2
1 0 0 0 2 0 2 0 0 1 0 2 0 0 1 1 1 2 0 2 1 2
1 0 1 0 2 0 2 0 0 1 0 2 0 0 2 2 0 1 1 1 1 2
1 0 2 1 2 1 2 0 0 1 0 2 1 0 2 2 2 2 1 1 1 2
1 0 2 0 1 0 2 0 1 0 1 2 0 1 2 1 2 1 1 2 2 2
1 0 2 0 2 0 1 0 1 1 0 2 0 1 2 1 1 1 1 0 2 1
0 0 2 1 2 1 2 0 0 1 1 2 0 0 2 2 2 2 1 2 2 2
1 1 1 1 1 1 2 0 0 2 0 2 0 0 1 0 2 2 1 0 2 2
0 0 2 0 0 0 2 0 1 0 1 2 0 0 2 2 1 1 1 1 2 2
1 0 1 1 2 1 2 0 0 1 0 2 1 1 2 1 1 0 0 2 2 2
1 0 2 2 1 1 2 0 0 1 1 1 0 2 2 2 0 2 1 2 2 2
0 0 2 1 2 0 2 1 2 0 0 2 0 1 2 2 1 2 1 1 2 2
2 0 0 0 2 0 2 0 1 2 0 2 0 1 2 2 2 2 0 1 1 2
1 0 2 0 2 1 2 0 0 1 0 2 2 0 1 1 1 2 2 1 2 2
1 0 2 0 1 1 2 0 0 2 0 2 0 0 1 2 1 2 1 1 1 2
0 0 1 2 2 0 2 0 0 1 0 1 0 1 1 2 1 1 2 0 2 2
0 0 2 2 2 0 2 0 1 2 0 2 2 0 2 1 1 2 0 1 2 2
1 0 2 0 2 0 2 0 0 1 0 2 0 0 1 1 1 2 0 0 1 2
2 0 0 1 0 1 2 0 0 2 1 1 1 0 1 1 1 1 0 1 2 2
0 0 0 1 2 2 2 0 1 2 0 2 1 0 1 1 2 2 1 1 2 2
1 0 2 0 2 2 2 0 1 0 0 1 1 0 2 0 0 2 0 0 1 2
1 0 2 1 1 1 2 0 0 0 0 2 1 0 2 1 0 1 0 0 1 2
0 0 2 0 2 1 2 0 0 2 0 0 0 0 2 2 1 2 2 1 2 2
1 1 2 1 2 2 2 0 1 0 0 2 0 1 2 2 2 1 2 0 2 2
1 0 1 0 2 1 2 0 0 2 0 2 0 0 2 1 1 1 0 1 2 2
1 0 2 0 1 1 2 0 0 0 0 2 1 0 2 1 1 2 2 0 2 2
2 1 1 1 1 1 2 0 1 1 0 2 1 0 2 2 1 1 0 2 2 2
1 0 1 0 2 1 2 0 0 0 0 2 1 0 1 2 1 1 2 1 1 2
1 0 2 1 1 0 2 0 1 0 0 2 0 0 1 1 2 2 2 1 2 2
0 0 2 0 1 1 2 0 1 1 0 2 0 0 2 1 1 2 1 1 1 2
1 0 2 0 0 1 2 0 1 1 0 1 0 0 1 2 2 2 0 2 2 2
1 1 1 0 2 2 2 0 0 1 0 2 1 0 2 1 0 2 0 2 2 2
1 0 2 0 2 1 2 0 1 2 0 2 0 0 2 0 0 2 1 2 1 2
0 0 1 0 1 0 2 0 1 0 0 2 0 0 1 1 2 2 1 1 2 2
0 0 2 0 2 0 2 0 0 0 0 2 0 0 2 1 1 2 1 1 1 2
1 0 0 1 1 1 2 0 1 1 0 2 0 0 2 0 0 1 2 2 1 2
1 0 1 0 2 0 2 0 0 0 0 2 0 0 2 0 1 2 0 1 2 2
0 0 1 0 1 1 2 0 1 2 0 0 0 0 2 2 1 2 0 1 2 2
1 0 1 1 2 1 2 0 1 1 0 1 0 0 1 1 1 2 1 1 1 2
1 0 1 1 2 1 2 0 1 1 0 2 1 0 2 1 1 2 1 1 0 2
2 0 1 1 1 0 2 0 1 1 0 2 1 1 1 0 2 2 1 1 2 2
1 1 2 0 2 0 2 0 0 1 0 2 0 1 2 2 1 2 1 0 2 2
1 0 1 0 2 0 2 0 0 1 0 2 0 1 2 2 2 2 0 0 2 2
0 0 2 0 2 0 2 0 0 0 0 2 0 0 2 1 1 2 0 1 0 2
0 0 1 1 2 1 2 0 1 0 0 2 1 1 1 1 1 2 2 2 1 2
0 0 2 1 1 0 2 0 1 2 0 1 0 0 2 2 1 2 1 2 2 2
1 0 2 0 2 1 2 0 0 1 0 2 0 0 2 2 2 1 2 2 1 2
1 1 0 2 1 0 2 0 1 1 0 1 0 0 2 2 2 1 1 2 2 2
1 0 1 0 1 1 2 0 0 2 0 2 0 0 2 2 1 2 1 1 1 2
2 0 2 0 2 1 2 0 0 1 1 1 0 0 2 1 1 2 2 1 2 2
1 0 2 0 1 0 2 0 0 0 0 2 0 0 2 0 2 1 2 1 2 2
1 0 1 0 1 0 2 0 1 1 0 2 0 0 2 2 2 2 2 1 2 2
0 0 1 0 1 0 2 0 0 2 1 2 0 0 2 2 2 1 0 2 2 2
2 0 2 0 1 0 2 0 0 0 0 2 1 0 2 1 2 1 2 0 2 2
1 0 1 0 2 0 2 0 0 1 0 2 0 0 2 2 0 1 0 0 2 2
2 0 1 2 1 0 2 0 1 0 0 2 0 0 1 1 1 2 0 0 1 2
0 0 1 0 2 0 2 0 1 2 0 1 1 1 0 2 2 2 2 1 2 2
1 0 1 1 1 1 2 0 0 2 0 2 1 1 2 1 2 2 0 1 1 2
1 0 1 1 1 1 2 0 1 0 0 2 1 0 0 2 1 1 0 1 2 2
1 0 2 1 1 0 2 0 1 1 0 2 1 2 2 1 2 1 1 0 2 2
2 0 2 0 2 1 2 0 1 0 1 2 0 1 0 1 1 1 0 1 2 2
0 0 2 0 0 0 2 0 0 0 1 2 1 0 2 1 0 2 1 2 2 2
1 0 2 0 2 2 2 0 0 1 0 1 0 0 2 1 1 1 1 2 2 2
0 0 2 0 1 0 2 0 0 1 0 2 0 0 2 1 1 2 1 0 1 2
0 1 2 1 1 0 2 0 1 1 0 1 0 0 1 1 0 2 1 0 2 2
1 0 1 2 2 2 2 0 2 2 1 2 0 1 2 2 0 2 1 1 2 2
1 0 2 0 2 0 2 0 0 0 0 2 1 0 2 1 0 2 1 0 1 2
1 0 0 0 1 0 2 0 0 1 0 1 0 0 1 1 1 2 2 1 2 2
0 0 2 1 2 1 2 1 0 1 0 2 0 0 2 2 2 2 1 0 2 2
1 0 2 0 2 2 2 0 0 1 0 2 0 1 2 2 1 2 2 0 2 2
1 0 0 0 1 0 2 0 0 1 0 2 1 0 2 1 0 2 1 1 1 2
1 0 1 0 1 0 2 0 0 1 0 2 1 0 2 0 0 2 1 1 2 2
1 0 1 1 2 0 2 0 0 2 0 2 0 1 1 1 1 2 1 0 2 2
2 0 1 0 2 0 2 0 0 1 0 1 1 1 2 2 2 2 1 2 2 2
0 0 1 1 2 0 2 0 1 0 1 2 0 0 1 2 1 2 0 1 0 2
1 0 2 2 2 1 2 0 0 0 0 2 1 0 2 1 1 0 1 2 0 2
0 0 1 0 1 2 2 0 0 2 0 2 1 1 1 2 0 1 1 0 1 2
0 1 2 0 2 1 2 0 0 0 0 1 0 1 2 2 0 2 1 1 2 2
1 0 1 1 1 1 2 0 1 1 0 2 0 0 1 1 2 2 1 1 1 2
1 0 1 1 2 0 2 0 1 0 1 2 0 0 2 0 2 1 1 2 1 2
1 0 1 2 1 0 2 0 0 0 0 2 1 1 1 2 0 2 1 0 1 2
2 0 2 0 1 2 2 0 0 0 0 1 0 0 2 1 1 1 1 2 1 2
0 0 1 2 2 2 2 0 0 1 1 2 0 0 2 2 0 2 2 1 2 2
0 0 2 0 2 1 2 0 1 1 0 1 1 0 2 2 2 1 0 1 2 1
2 0 2 2 1 1 2 0 1 2 0 2 0 1 1 2 1 1 1 0 2 2
0 0 1 1 0 1 2 0 1 2 0 2 1 0 2 1 0 2 1 0 0 2
1 0 0 0 2 0 2 0 0 1 0 2 1 0 2 1 2 2 2 2 2 2
2 0 0 0 1 1 2 0 1 1 0 2 0 0 1 0 1 2 1 1 1 2
1 0 1 1 2 2 2 0 0 1 0 2 1 0 2 1 2 1 1 0 1 2
2 0 2 0 2 1 2 0 0 0 0 1 0 0 2 1 0 1 0 0 1 2
1 0 1 1 1 0 2 0 1 1 0 2 0 1 1 1 2 1 0 0 2 2
2 0 2 0 1 1 2 0 0 1 0 2 2 0 2 1 1 0 0 2 2 2
1 0 1 0 2 1 2 0 0 1 0 2 0 0 2 2 1 2 2 1 2 2
1 0 1 1 1 1 2 0 0 1 0 2 0 0 1 2 1 2 1 0 1 2
1 0 2 0 2 0 2 0 0 1 0 2 1 0 1 2 0 2 0 0 1 2
1 0 1 0 2 0 2 0 0 2 0 2 0 0 2 0 2 2 1 1 0 2
1 0 2 1 1 0 2 0 0 1 0 1 1 0 2 2 2 2 1 2 2 2
0 0 2 0 2 0 2 0 1 0 0 2 0 0 1 2 0 1 1 2 2 2
0 1 1 0 2 0 1 0 0 0 0 1 1 0 2 2 0 2 0 2 1 2
2 0 2 1 1 0 2 0 1 2 0 2 1 0 2 1 1 1 0 1 1 2
1 0 1 0 2 1 2 0 0 1 0 1 1 0 2 1 0 1 2 1 2 2
2 0 2 0 2 0 2 0 1 2 0 2 0 0 2 2 1 1 1 2 2 2
1 1 1 0 2 1 1 0 0 0 0 1 1 0 2 2 1 2 0 0 1 2
1 0 2 1 1 0 2 0 0 1 0 2 0 1 2 0 2 2 0 0 2 2
1 1 2 1 1 0 2 0 0 1 0 2 0 1 2 1 0 2 0 0 2 2
1 0 2 0 1 0 2 0 1 1 0 1 1 0 2 0 1 2 1 0 2 2
0 0 2 1 1 0 2 0 0 2 0 2 1 0 2 1 2 1 1 1 2 2
1 0 1 2 2 0 2 0 1 1 1 2 0 0 2 1 1 1 0 1 1 2
2 0 2 0 1 1 1 0 1 1 0 2 0 0 2 2 0 1 2 2 1 2
2 0 2 1 1 1 2 0 1 0 0 2 0 0 1 1 2 0 1 2 2 2
0 0 1 0 1 1 2 0 0 0 1 2 1 0 1 2 0 1 2 1 2 2
1 0 2 0 2 0 2 0 0 0 0 1 1 0 2 1 1 2 2 1 2 2
0 0 1 0 1 0 2 0 0 0 0 2 0 0 2 2 1 2 0 0 2 2
2 0 2 0 1 1 2 0 0 1 0 2 0 0 2 2 1 1 2 0 1 2
2 0 2 0 1 0 2 0 0 1 0 2 1 1 2 1 0 2 0 0 2 2
2 1 2 1 2 1 2 0 0 0 0 2 0 1 2 1 2 2 0 0 1 2
1 0 2 0 1 2 2 0 0 2 0 1 0 0 2 1 2 2 2 1 1 2
1 0 2 2 2 0 2 0 2 1 0 2 0 0 1 2 1 2 0 0 2 2
1 0 1 1 2 2 2 0 1 1 0 2 0 0 2 1 1 0 1 1 2 2
0 0 2 1 1 0 2 0 1 0 0 2 1 0 2 1 2 1 0 1 2 2
1 0 1 0 2 0 2 0 1 1 0 1 0 1 1 2 0 2 1 2 2 2
1 1 1 0 2 0 2 0 0 1 1 2 1 0 2 0 0 1 1 0 1 2
1 0 1 1 1 0 2 0 0 1 0 2 1 0 1 2 1 1 0 2 2 2
0 0 1 1 2 0 2 0 0 0 0 2 1 0 2 2 1 1 2 1 2 2
1 0 2 1 2 0 2 0 0 1 0 2 0 1 1 2 0 2 1 0 2 2
1 0 2 2 2 1 2 0 0 0 0 1 1 0 2 1 0 1 1 1 2 2
0 0 1 1 1 2 2 0 0 0 0 2 0 0 2 1 1 1 0 1 2 2
1 0 1 1 0 0 2 0 0 0 1 2 0 0 2 1 2 1 1 1 2 2
1 0 2 0 2 2 2 0 1 0 0 1 0 0 1 1 1 2 0 2 1 2
1 0 2 0 1 1 2 0 1 1 0 1 0 1 2 1 1 1 0 0 1 2
1 0 1 0 2 0 2 0 0 0 1 2 0 0 2 2 2 2 0 0 1 2
1 0 2 1 2 2 2 0 0 0 0 2 0 0 2 2 2 2 1 0 1 2
0 0 2 0 2 0 2 0 0 2 0 2 0 0 2 1 2 2 1 2 2 2
2 0 1 1 1 1 2 0 0 1 0 0 0 0 2 1 2 1 0 0 2 2
0 0 2 0 2 0 2 0 0 1 1 1 0 1 1 1 1 2 1 1 1 2
2 0 0 0 1 1 2 0 0 1 0 1 0 1 0 0 2 2 2 1 2 2
0 0 2 0 2 0 2 0 1 1 0 2 0 0 1 1 0 1 1 0 2 2
2 0 2 0 1 1 2 0 1 1 0 2 0 0 2 2 0 2 1 0 1 2
2 0 2 1 2 1 2 0 0 2 0 2 0 0 2 0 2 2 1 1 2 2
1 0 1 0 2 1 2 0 0 2 0 1 0 0 2 2 1 2 1 0 2 2
1 0 0 0 2 0 2 0 1 0 0 2 2 0 2 2 1 1 1 1 2 2
1 1 0 1 2 0 2 0 0 1 0 2 0 0 1 1 0 1 0 2 2 2
1 0 2 1 1 2 2 0 2 2 0 2 0 0 2 1 1 1 0 1 2 2
2 0 2 0 2 0 2 0 2 2 0 1 1 0 2 2 2 2 2 1 2 2
2 0 2 1 1 1 2 0 1 1 0 2 0 1 2 2 2 2 0 1 2 2
1 0 1 1 2 1 2 0 0 1 0 2 0 0 1 1 2 1 0 0 1 2
1 1 1 1 1 1 2 0 0 0 0 1 2 0 2 2 1 2 0 1 2 2
1 0 0 2 1 1 2 0 1 1 0 2 0 1 1 2 2 1 1 2 2 2
0 1 1 0 1 2 2 0 1 0 0 2 1 0 2 0 2 2 2 1 2 2
1 0 1 0 1 2 2 0 0 2 0 2 0 1 1 1 2 1 1 1 1 2
1 0 0 2 2 1 2 0 0 2 0 1 0 0 2 1 0 2 1 1 1 2
1 0 2 0 0 1 2 0 0 2 0 1 0 1 2 2 0 1 1 1 1 2
1 0 1 1 2 0 2 0 0 1 1 2 0 1 2 2 1 1 1 0 1 2
0 0 2 0 2 0 2 0 0 2 0 0 0 0 2 2 1 2 2 0 2 2
1 0 1 0 2 1 2 0 0 1 0 2 1 0 2 2 1 2 0 0 1 2
2 0 1 0 2 1 2 0 1 1 0 2 0 1 2 1 1 1 1 1 1 2
1 0 2 0 2 0 2 0 1 2 0 2 0 1 2 1 2 2 2 0 2 2
1 0 1 2 2 1 2 0 0 0 0 1 1 0 2 2 0 2 1 0 1 2
0 0 0 0 2 1 2 0 1 1 0 2 1 1 2 0 0 1 0 0 2 2
1 0 2 0 2 0 2 0 0 0 0 2 0 0 2 0 1 2 2 2 2 2
0 0 2 1 1 0 2 0 1 0 0 2 0 0 2 1 2 2 1 0 1 2
1 0 2 1 0 2 2 0 2 0 0 2 0 0 2 2 2 0 0 1 1 2
2 0 1 0 2 1 2 0 1 1 0 1 2 0 1 1 2 2 2 2 1 2
0 0 1 1 1 1 2 0 1 1 0 2 0 1 1 0 1 1 0 1 1 2
0 0 2 1 1 0 2 0 1 1 0 2 0 0 2 1 1 1 1 0 2 2
1 0 1 2 1 1 2 0 1 0 0 2 0 0 2 0 2 0 0 1 2 2
2 0 0 0 1 1 2 0 0 1 0 2 0 0 1 2 0 2 1 2 2 2
0 0 1 0 1 2 2 0 2 0 0 2 1 1 1 2 1 1 1 0 2 2
0 1 2 0 1 0 2 0 0 0 0 2 1 0 2 1 1 2 1 1 1 2
1 0 1 0 2 1 2 0 0 0 0 2 0 0 1 2 2 1 1 0 2 2
1 0 1 0 1 1 2 0 0 1 0 1 0 2 2 1 1 2 2 2 2 2
0 0 2 0 2 0 2 0 1 1 0 2 1 0 2 1 1 2 2 0 2 2
0 0 2 0 2 0 2 0 1 2 0 2 1 0 0 1 1 1 0 2 1 2
1 1 1 0 1 2 2 0 0 0 0 2 0 0 1 2 0 1 1 0 0 2
1 0 2 2 2 1 2 0 1 1 0 2 0 1 2 0 1 1 0 1 2 2
1 0 2 1 1 1 2 0 1 0 0 2 0 1 2 2 1 2 1 0 2 2
0 0 2 1 2 0 2 0 0 0 0 2 1 0 2 2 1 1 1 1 1 2
1 0 2 0 1 2 2 0 1 1 0 2 0 0 2 1 2 2 1 1 2 2
0 0 1 0 1 0 2 0 1 1 0 1 1 1 2 2 2 2 2 1 1 2
2 0 2 1 2 0 2 0 0 2 0 2 0 0 1 2 0 2 2 1 1 2
1 0 2 1 2 1 2 0 0 0 0 1 0 1 2 1 1 1 1 1 2 1
1 0 2 1 2 1 2 0 1 1 0 2 0 0 2 2 1 2 2 2 2 2
1 0 2 0 1 1 2 0 0 1 0 2 0 0 1 1 1 1 2 2 2 2
2 0 1 0 2 1 2 0 0 0 1 1 1 1 1 1 2 2 1 1 2 2
1 0 2 1 2 1 2 0 0 1 0 2 0 0 1 0 1 1 0 0 2 2
1 1 1 1 2 0 2 0 0 0 0 1 0 0 2 1 2 2 1 1 1 2
1 0 2 0 1 0 2 0 0 1 0 1 0 0 2 2 1 1 1 0 1 2
1 0 2 1 2 0 2 0 0 0 0 1 0 1 2 1 0 2 0 1 2 2
1 0 1 1 2 0 2 0 1 1 0 2 0 0 1 1 2 2 2 1 2 2
1 0 2 1 2 1 2 0 2 2 0 2 0 0 2 2 0 1 1 1 2 2
0 0 0 1 1 2 2 0 0 0 0 2 0 0 1 0 2 2 1 0 1 1
1 0 1 0 2 0 2 0 1 2 0 2 0 0 2 1 2 2 1 0 2 2
0 0 2 1 1 0 2 0 0 2 0 2 1 0 1 1 2 2 0 1 1 2
1 0 1 1 2 0 2 0 0 2 0 2 0 0 2 2 1 2 0 1 2 2
2 0 2 1 2 1 2 0 0 0 0 2 0 1 2 2 1 2 1 1 1 2
0 0 1 0 2 1 2 0 1 2 1 2 0 0 1 1 1 1 2 1 1 2
0 0 2 1 2 1 2 0 0 2 0 2 0 0 2 1 1 1 2 0 2 2
0 0 2 0 1 1 2 0 0 2 0 1 0 0 2 1 1 2 1 1 1 2
0 1 1 0 2 0 2 0 1 1 0 2 0 1 2 0 2 2 2 1 1 2
1 0 1 0 2 0 2 0 0 0 0 2 0 0 2 2 0 2 1 1 2 2
1 0 2 0 2 1 2 0 1 2 0 1 0 0 2 2 1 1 1 2 2 2
1 0 2 1 2 0 2 0 0 2 0 2 0 1 2 1 1 1 2 1 1 2
1 0 1 2 1 2 2 0 0 0 0 2 0 0 1 1 1 2 1 1 0 2
2 0 2 1 2 0 2 0 0 1 0 2 0 1 2 1 0 1 1 1 2 2
2 0 2 0 1 0 2 0 1 2 1 0 1 1 2 2 1 1 0 1 1 2
2 0 2 1 2 0 2 0 0 0 0 2 1 0 2 1 0 2 2 1 2 2
0 0 1 0 2 1 2 0 0 0 0 2 0 0 1 1 1 2 0 2 1 2
0 0 2 0 2 1 2 0 0 0 0 2 0 0 2 1 1 1 1 0 2 2
2 0 2 0 2 0 2 0 1 2 0 2 0 0 1 1 1 2 2 0 2 2
1 0 1 0 2 0 2 0 1 0 0 2 0 1 2 2 2 0 0 2 2 2
1 0 2 1 2 0 2 0 0 2 0 1 0 0 2 2 0 1 1 1 2 2
1 1 2 0 2 1 2 0 1 0 0 2 0 1 2 1 2 2 0 1 2 2
1 0 2 1 2 0 2 0 0 1 0 1 0 1 2 2 1 1 2 0 2 2
1 0 2 1 2 0 2 0 0 1 1 2 0 1 2 1 1 2 1 2 2 2
0 0 1 1 1 1 2 0 1 2 0 1 0 0 2 1 2 2 1 0 2 2
0 0 2 0 1 0 2 0 1 1 0 2 0 1 2 1 2 2 1 2 2 2
1 0 1 1 1 0 2 0 1 0 0 2 0 0 2 1 2 2 2 0 0 2
2 0 1 0 2 1 2 0 1 1 0 2 1 0 2 1 2 2 2 1 1 2
1 0 1 0 1 1 2 0 1 0 1 2 0 0 1 2 0 2 0 2 1 2
2 0 2 1 2 0 2 0 0 2 0 2 0 0 1 1 0 2 0 0 1 2
2 0 2 0 2 0 2 0 1 1 0 2 1 0 2 2 2 2 0 0 2 2
1 0 2 1 2 0 2 0 0 2 0 2 0 0 2 1 1 2 2 1 1 2
1 0 2 0 2 1 2 0 0 1 1 2 0 0 1 2 1 2 1 1 2 2
0 0 2 1 1 0 1 0 2 0 0 1 1 0 2 1 1 2 2 0 2 2
2 0 0 0 2 1 2 0 0 2 0 2 0 1 2 1 1 1 1 1 1 2
1 0 2 1 1 0 2 0 2 0 0 1 0 1 2 1 0 2 1 1 1 2
2 0 2 1 2 0 2 0 0 1 0 2 0 0 2 1 1 2 0 1 2 2
2 0 1 0 0 1 2 0 0 0 0 2 0 0 2 2 0 2 0 0 1 2
2 0 1 0 1 0 2 0 0 0 1 2 0 0 2 1 1 2 1 2 2 2
0 2 2 1 2 1 2 0 1 0 0 2 0 0 2 1 1 1 0 1 1 2
1 0 2 0 0 1 2 0 0 0 0 2 0 0 2 2 0 2 2 1 1 2
0 0 1 1 2 0 2 1 0 1 0 2 0 0 2 1 1 1 1 0 1 2
2 0 0 0 2 0 2 0 0 0 0 2 0 0 2 2 1 1 0 2 2 2
2 2 2 1 2 1 2 0 0 0 0 1 0 0 2 2 2 2 1 2 2 2
2 0 2 0 2 1 2 0 1 1 0 2 0 0 2 1 1 2 2 2 1 2
2 0 1 0 0 1 2 0 1 2 1 2 0 0 2 2 0 2 0 0 2 2
1 0 1 0 2 1 2 0 0 1 0 2 2 0 2 1 1 2 1 1 2 2
2 0 2 0 1 0 2 0 0 1 0 1 0 0 1 1 1 2 2 0 1 2
1 1 2 1 1 1 2 0 1 2 0 2 0 0 2 1 1 2 0 0 2 2
0 0 2 1 1 0 2 0 0 1 0 2 1 1 2 2 0 1 0 2 2 2
1 0 2 0 2 2 2 0 2 0 0 2 1 0 1 2 1 2 0 2 2 2
0 0 1 1 1 2 2 0 1 1 0 2 0 0 2 2 0 1 1 2 2 2
1 0 2 0 1 1 2 1 0 1 0 2 0 0 2 2 0 2 1 1 2 2
2 0 2 2 2 1 2 0 0 1 0 2 0 1 1 0 1 1 1 0 2 2
2 0 2 1 1 1 2 1 0 0 0 2 0 1 2 1 2 2 2 1 1 2
1 0 1 1 1 0 2 0 1 0 0 2 0 0 2 0 1 1 2 2 2 2
1 0 1 2 2 0 2 0 0 2 0 2 2 0 2 1 1 1 0 0 2 2
1 0 1 0 2 0 2 0 0 0 0 1 0 1 2 1 0 2 1 2 2 2
2 0 2 1 2 1 2 0 1 1 0 1 0 0 2 1 2 2 1 1 1 2
1 0 2 0 2 0 2 0 0 0 0 2 0 1 2 1 1 2 1 1 2 2
0 0 2 2 2 1 2 0 0 0 0 2 1 1 2 1 1 1 1 1 0 2
2 0 1 0 1 1 2 0 0 1 0 1 0 1 2 1 2 2 2 2 1 2
1 0 1 1 2 2 2 0 0 2 1 1 1 1 2 1 2 2 0 1 2 2
0 0 2 0 2 0 2 1 0 1 0 2 0 0 2 2 0 2 0 0 1 2
0 0 2 0 0 1 2 0 1 1 0 2 1 0 2 2 1 1 0 1 1 2
0 0 1 0 1 2 2 0 1 2 0 1 0 0 2 2 1 1 1 1 2 2
0 0 1 1 1 0 2 0 0 1 0 2 1 1 2 1 1 2 1 1 2 2
0 0 2 1 2 0 2 0 0 1 1 2 0 1 2 0 0 2 1 1 2 2
1 0 0 0 2 1 2 0 1 1 0 2 0 0 2 0 2 2 0 2 1 2
1 1 1 0 2 0 2 0 1 0 0 2 1 0 2 2 1 1 2 1 2 2
0 0 2 1 1 1 2 0 0 0 0 2 0 0 2 1 1 0 1 1 1 2
0 0 1 0 2 1 2 0 1 1 0 2 0 1 1 2 0 1 2 1 2 2
0 0 1 0 2 1 2 0 0 1 0 2 0 0 2 1 1 2 0 1 1 1
1 0 2 1 2 0 2 0 2 0 0 2 0 0 2 2 0 1 1 0 2 2
1 0 1 1 2 1 2 0 0 1 0 1 0 0 1 0 2 1 0 2 2 2
0 0 2 0 2 1 2 0 1 0 1 2 0 1 2 2 1 1 1 0 1 2
2 0 2 0 2 0 2 0 2 0 0 2 0 0 2 1 0 2 1 2 1 2
1 0 2 1 1 2 2 0 1 0 0 2 0 0 1 2 1 2 1 0 2 2
0 0 1 1 2 2 2 0 1 0 0 2 0 1 1 2 1 2 2 1 2 2
0 0 2 0 0 0 2 0 1 1 0 2 0 0 2 2 1 1 1 1 2 2
0 0 1 1 2 1 2 0 0 2 0 2 0 0 2 2 1 1 0 0 2 2
1 0 1 2 2 1 2 0 0 2 0 2 0 0 2 2 1 2 2 0 2 2
1 0 2 2 0 0 2 0 0 1 0 2 0 0 2 1 1 1 1 1 1 2
1 0 1 0 0 0 1 0 1 1 0 1 0 0 1 1 2 2 1 0 2 2
1 0 2 1 2 1 2 0 0 0 0 2 0 1 1 2 1 2 0 1 2 2
2 0 1 0 2 0 2 0 1 1 0 2 0 0 2 2 1 2 2 1 2 2
0 0 1 1 2 0 2 0 1 1 0 1 0 0 2 0 1 2 2 2 2 2
2 0 1 0 2 1 2 0 1 0 0 1 0 0 2 1 2 2 2 2 1 2
1 0 2 0 2 1 2 0 0 1 0 1 2 1 2 1 0 2 1 1 0 2
0 0 2 1 2 1 2 0 1 0 1 2 0 0 2 1 2 2 0 0 2 2
1 1 2 0 2 1 2 0 0 1 0 2 1 0 2 2 1 1 2 1 2 2
1 0 1 0 1 1 2 0 0 1 0 2 0 1 2 1 1 1 1 0 2 2
1 0 1 1 2 0 2 0 1 1 0 2 1 0 1 2 1 1 0 1 2 2
1 0 0 1 2 0 2 1 0 2 0 2 0 1 2 1 2 1 1 2 1 2
0 0 2 0 2 1 2 1 0 2 0 2 0 1 2 1 2 2 1 2 2 2
1 1 2 1 2 1 2 0 1 1 0 2 0 0 2 0 1 1 1 1 0 2
1 0 1 1 1 0 2 0 0 2 0 2 0 1 2 0 1 2 1 1 1 2
0 0 1 1 1 1 2 0 1 0 0 1 1 0 1 2 1 1 1 0 1 2
2 0 1 2 2 0 2 0 0 1 0 1 1 0 1 2 2 2 2 1 2 2
0 0 2 1 1 1 2 0 0 0 0 2 0 0 1 0 2 2 1 0 0 2
0 0 2 1 1 1 2 0 1 1 0 2 2 0 1 0 2 2 2 1 1 2
0 0 0 1 2 0 2 0 1 2 0 2 0 0 2 1 2 2 1 0 1 2
2 0 1 0 2 0 2 0 0 0 0 2 0 0 2 1 1 2 0 1 1 2
0 0 1 1 2 0 2 0 0 1 0 1 2 0 2 2 2 2 1 0 1 2
1 0 1 1 2 0 2 0 0 0 0 1 0 1 2 2 0 2 2 1 1 2
1 0 1 0 2 0 2 0 1 2 0 2 0 0 2 2 2 1 2 1 1 2
1 0 1 1 2 1 2 0 0 1 0 2 1 1 0 0 1 2 0 0 2 2
2 0 2 0 2 0 2 0 1 1 0 2 0 0 1 1 2 2 1 2 2 2
1 1 1 0 2 2 2 0 0 1 0 1 0 0 2 2 2 2 2 1 1 2
1 0 1 1 1 1 2 0 0 1 0 2 0 1 2 2 2 2 1 1 2 2
0 0 2 1 2 1 2 1 0 1 0 2 0 2 2 2 1 2 2 1 2 2
1 1 1 0 2 0 2 0 0 0 0 1 0 0 2 2 1 1 1 1 2 2
2 1 2 0 2 1 2 0 0 1 0 2 0 1 2 2 2 1 1 2 2 2
0 0 2 0 1 1 2 0 1 0 0 2 1 0 2 2 1 0 1 0 1 2
0 0 0 1 2 1 2 0 0 1 0 2 0 1 2 1 0 2 2 2 1 2
1 0 0 0 1 1 2 0 0 0 0 2 0 1 2 0 1 1 2 2 1 2
1 0 0 0 1 2 2 0 1 0 0 2 0 0 1 2 1 2 1 1 2 2
1 0 2 0 2 1 2 0 0 1 0 2 1 0 2 2 2 1 1 2 2 2
1 0 1 0 1 0 2 0 0 1 0 2 1 0 2 1 2 1 1 1 2 2
1 0 2 0 1 1 2 0 1 1 0 2 0 0 1 1 0 1 1 2 1 2
1 0 1 1 1 0 2 0 0 1 0 2 0 1 2 2 0 2 1 2 0 2
1 0 2 0 2 0 2 0 0 0 0 1 0 0 2 1 1 1 0 2 1 2
2 0 1 0 1 1 2 1 0 1 0 2 0 0 1 2 1 2 0 0 2 2
1 0 2 0 1 1 2 0 0 0 0 2 1 0 2 0 1 1 2 1 1 2
0 0 2 1 0 0 2 0 0 1 0 2 0 2 2 2 2 2 1 1 2 2
1 0 2 0 2 0 2 0 0 2 1 1 0 0 2 2 2 2 0 2 2 2
1 0 2 1 1 0 2 0 0 1 0 1 0 1 2 2 2 2 1 1 2 2
1 0 2 2 2 1 2 0 1 0 0 2 0 0 2 1 2 1 1 2 2 2
1 0 2 0 2 1 2 0 0 1 0 2 0 1 2 2 1 2 0 2 2 2
1 0 2 1 1 0 2 0 0 0 0 1 1 1 2 0 1 0 1 2 2 2
1 0 2 1 2 0 2 0 0 2 0 2 0 1 2 1 0 2 1 1 1 2
1 0 2 1 2 1 2 0 0 1 0 2 0 0 2 2 0 2 2 1 1 2
0 0 2 0 2 0 1 0 1 1 0 1 0 1 2 1 2 0 0 1 1 2
1 0 2 0 1 1 2 0 0 1 1 2 1 1 2 1 0 2 1 2 2 2
1 1 2 0 1 2 2 0 2 2 0 1 0 0 2 2 1 1 1 0 1 2
1 0 2 0 0 0 2 0 1 1 0 1 0 2 2 1 0 2 1 2 1 2
0 0 0 1 1 0 2 0 1 1 0 2 0 0 2 2 2 2 1 2 0 2
1 0 2 1 2 2 2 0 0 1 0 2 1 0 2 0 1 2 2 1 2 2
0 0 2 1 2 1 2 0 0 1 0 2 0 0 2 0 0 2 0 1 1 2
1 0 1 1 2 0 2 0 0 1 1 2 0 1 2 1 2 1 1 1 2 2
1 0 0 0 2 0 2 0 1 0 0 2 1 0 2 1 2 2 0 1 1 2
1 0 2 0 1 0 2 0 0 1 0 1 1 1 2 1 1 2 1 2 0 2
0 0 1 0 2 0 2 0 2 1 0 1 1 1 2 2 1 1 1 1 2 2
2 0 1 0 1 1 2 0 0 1 0 2 0 1 2 1 0 2 1 2 2 2
1 1 1 0 2 1 2 0 0 1 0 2 0 1 2 1 1 1 0 2 1 2
0 0 2 2 2 1 2 0 0 1 0 2 0 0 2 2 1 2 2 0 1 2
0 0 1 0 2 0 2 0 1 1 0 2 0 0 1 2 0 1 1 1 1 2
2 0 1 1 2 2 2 0 0 0 0 2 0 0 2 1 1 2 0 1 2 2
1 0 2 0 1 1 2 0 1 0 0 2 1 0 2 1 1 2 1 1 1 2
0 0 0 0 2 0 2 0 0 1 0 2 0 0 2 2 1 2 0 2 1 2
0 0 2 1 2 0 2 0 1 1 0 1 1 0 2 0 1 2 1 0 2 2
2 0 1 0 2 0 2 0 0 2 1 2 0 0 2 2 2 1 2 0 0 2
1 0 2 1 2 1 2 0 0 0 0 1 1 0 2 2 1 1 2 0 2 2
0 2 2 0 0 0 2 0 2 0 0 2 0 1 2 2 1 2 2 2 1 2
0 0 1 0 2 0 2 0 0 0 0 2 0 0 2 1 2 2 1 1 2 2
1 0 1 1 2 0 2 0 1 2 0 2 1 1 2 2 1 2 1 1 2 2
0 0 1 1 2 0 2 1 0 1 0 2 0 0 2 2 1 1 0 1 2 2
0 0 2 0 2 1 2 0 0 0 0 1 0 0 1 2 0 2 1 0 2 2
0 1 1 1 2 0 2 0 0 0 0 2 0 0 2 2 1 2 1 2 2 2
0 0 2 1 1 1 2 1 0 1 0 2 0 0 2 0 0 2 2 1 2 2
0 0 2 1 2 2 2 0 1 0 1 2 2 0 1 1 2 2 1 1 0 2
1 1 2 2 2 1 2 0 0 0 0 2 0 0 1 2 1 2 2 0 2 2
1 0 2 1 1 2 2 0 0 0 0 2 0 1 2 1 1 1 0 0 2 2
0 0 1 1 1 1 2 0 1 0 0 2 0 0 2 2 1 1 1 2 1 2
1 0 2 1 2 1 2 0 2 0 0 2 0 1 2 1 0 1 1 1 1 2
1 0 2 0 2 1 2 0 1 0 0 2 1 1 2 2 2 2 0 0 2 2
0 0 2 2 2 1 2 0 0 0 0 2 0 0 2 1 0 2 0 0 2 2
2 0 2 1 2 1 2 0 2 1 0 2 0 1 2 1 2 1 1 1 2 2
2 0 2 0 1 0 2 0 0 1 1 2 0 0 2 0 0 1 1 0 2 2
0 0 2 1 1 1 2 0 0 1 0 1 0 0 1 1 0 2 2 2 1 2
1 0 2 2 1 1 2 0 1 0 0 2 0 1 2 2 2 2 1 2 2 2
0 0 1 0 2 0 2 0 1 0 0 2 0 0 2 0 1 2 1 0 2 2
0 0 1 0 1 0 2 0 0 1 0 2 1 0 2 2 1 1 1 1 2 2
1 0 1 0 2 0 2 1 0 0 0 2 1 0 2 2 0 1 0 1 2 2
2 0 2 1 2 2 2 0 1 1 0 1 0 1 2 0 2 1 0 1 2 2
0 0 2 1 2 0 2 0 0 2 0 2 0 1 1 2 1 2 0 1 2 2
0 0 1 1 1 0 2 0 1 1 0 2 0 1 1 1 2 2 1 1 2 2
0 0 2 0 2 1 2 0 0 1 0 1 0 0 1 2 2 2 1 1 2 2
0 0 2 0 2 1 2 0 0 1 0 2 0 0 1 2 1 2 1 2 1 2
1 0 1 0 1 1 2 0 0 1 1 2 0 1 2 1 2 2 0 2 1 2
1 0 2 0 0 1 2 0 0 1 0 2 0 0 2 1 1 1 2 2 1 2
0 0 0 2 1 0 2 0 1 0 0 2 1 0 2 1 1 1 1 0 1 2
2 0 2 1 2 1 2 0 1 0 0 2 1 0 1 2 1 2 1 2 2 2
0 0 2 1 1 2 2 0 1 1 0 2 0 0 2 2 2 1 1 1 2 2
1 0 1 0 1 2 2 0 0 1 0 1 1 1 1 0 0 2 0 2 1 2
0 0 2 1 2 0 2 0 0 0 0 2 0 0 2 0 2 2 2 1 1 2
1 1 2 1 2 1 2 0 0 0 0 2 1 1 2 2 0 2 1 2 1 2
1 0 1 0 2 0 2 0 1 1 0 1 1 0 2 1 2 2 1 1 2 2
1 0 2 1 2 1 2 0 1 2 0 2 0 2 1 1 1 2 1 0 2 2
1 0 1 0 1 0 2 0 1 0 0 2 0 0 2 1 1 2 0 1 1 2
1 0 2 0 2 0 2 0 0 0 1 2 0 1 2 1 1 1 1 0 2 2
1 0 0 1 2 1 2 0 0 1 0 1 1 1 1 0 1 1 1 1 2 2
1 0 2 1 2 1 2 0 0 2 0 1 0 0 2 0 1 2 0 1 2 2
1 1 2 1 2 1 2 0 1 2 0 2 0 0 2 1 1 2 1 1 2 2
0 0 2 0 1 0 2 0 2 1 0 2 0 0 1 2 2 0 1 2 1 2
1 1 2 0 2 0 2 0 0 1 0 2 0 0 1 2 2 1 0 1 2 2
1 1 1 2 2 1 2 0 0 1 0 1 0 0 1 1 1 2 1 1 2 2
0 0 1 0 1 0 2 0 0 1 0 2 0 0 2 1 0 2 1 2 1 2
1 1 1 0 2 2 2 0 0 1 1 2 1 0 2 1 0 2 1 2 1 2
1 0 1 0 2 0 2 0 0 2 0 1 1 0 2 1 1 2 1 2 2 2
0 0 2 0 2 1 2 0 1 1 0 2 2 1 2 1 2 1 1 1 2 2
0 0 2 1 1 1 2 0 0 0 1 2 1 0 1 1 1 2 2 2 1 2
0 0 1 1 2 0 2 0 0 1 1 2 1 0 2 2 2 2 0 1 1 2
1 0 2 0 1 1 2 0 0 0 0 2 0 0 2 2 1 2 0 0 2 2
1 0 2 1 2 1 2 0 1 2 0 2 0 1 2 2 2 1 1 0 2 2
1 0 2 0 2 0 2 0 1 1 0 2 0 0 1 2 1 1 1 2 2 2
0 0 2 1 2 1 2 0 1 1 0 1 0 1 2 1 2 2 1 2 1 2
2 0 2 0 2 0 2 0 0 1 0 2 0 0 2 2 1 2 1 2 2 2
0 0 2 1 1 0 2 1 0 1 0 2 0 1 2 1 1 2 0 1 2 2
1 0 1 1 0 1 2 0 0 0 0 2 0 0 2 1 0 2 2 2 2 2
1 0 0 1 2 2 2 0 0 2 0 1 0 1 2 0 1 1 1 2 2 2
1 0 1 0 2 0 2 0 0 1 0 1 0 0 2 0 2 1 0 1 2 2
1 0 1 1 1 1 2 0 1 1 0 0 1 1 2 1 0 0 2 1 2 2
1 0 0 1 2 2 1 0 0 0 0 2 0 0 2 2 2 0 2 1 0 2
0 0 1 0 2 0 2 0 0 1 0 2 1 0 2 0 1 2 0 0 2 2
1 0 2 0 2 1 2 0 0 2 0 2 1 0 2 1 0 1 1 1 2 2
1 0 2 0 1 1 2 1 1 0 0 2 1 1 2 0 1 1 2 0 0 2
0 0 1 0 1 0 2 0 2 0 0 2 0 0 1 1 2 1 0 0 2 2
0 0 1 1 1 1 2 0 1 1 0 2 0 1 2 2 2 2 2 2 2 2
1 0 1 0 2 1 2 0 0 1 0 2 0 0 2 1 2 1 0 1 1 2
1 0 2 0 1 0 2 0 0 2 0 2 0 1 2 1 1 1 2 0 1 2
1 0 2 0 1 0 2 0 0 2 0 2 1 0 2 1 1 1 2 2 1 2
0 1 1 0 1 1 2 0 1 0 0 2 0 1 2 1 1 2 0 1 1 2
0 0 1 0 1 0 2 1 0 1 0 2 0 0 1 2 2 2 1 0 1 2
2 0 2 0 2 0 2 0 0 0 0 2 0 0 2 2 0 1 1 1 2 2
1 0 2 1 1 0 2 0 0 2 0 2 0 0 1 2 2 1 0 1 2 2
1 0 2 1 2 1 2 0 2 1 0 2 0 1 2 0 1 1 0 1 0 2
1 1 1 0 2 1 2 1 2 0 0 2 0 0 2 1 0 2 1 0 2 2
1 0 1 1 1 0 2 1 2 1 1 2 0 0 2 1 1 0 1 2 1 2
0 0 1 0 2 0 2 0 0 1 0 2 0 0 0 1 2 2 1 1 2 2
0 0 1 2 2 2 2 0 0 0 0 2 1 1 1 2 2 1 2 1 1 2
1 0 2 1 1 1 2 0 1 0 0 2 0 0 2 1 2 2 1 1 2 2
1 0 2 0 2 0 2 0 0 1 0 1 2 0 2 1 1 1 0 1 1 2
0 0 1 1 2 1 2 0 1 2 0 2 1 0 2 2 0 2 1 1 2 2
1 0 2 1 2 0 2 0 0 2 0 2 0 0 0 1 2 1 2 1 1 2
1 0 0 1 2 1 2 0 0 0 0 2 0 1 2 0 1 2 2 2 1 2
2 0 2 2 2 0 2 0 0 0 0 2 0 1 1 2 1 1 0 2 2 2
1 0 2 0 0 0 2 0 1 1 0 2 1 0 2 1 2 2 0 1 2 2
1 0 2 1 2 0 2 0 2 2 0 2 1 0 2 1 1 2 0 0 1 2
2 0 2 1 1 1 2 0 1 2 0 2 0 0 2 1 1 2 0 1 2 2
1 0 2 0 1 1 2 0 1 1 0 2 1 1 2 1 1 2 2 1 2 2
2 1 2 0 2 2 2 0 0 0 0 1 1 0 2 2 1 1 1 1 2 2
1 0 1 0 2 1 2 1 0 0 0 2 0 0 2 0 2 2 1 0 2 2
0 0 2 0 2 1 2 0 0 1 1 2 1 0 1 1 1 1 1 1 1 2
1 1 2 0 2 0 2 0 0 1 0 2 0 0 1 2 0 1 0 0 2 2
0 0 2 0 1 2 2 0 1 1 0 1 0 1 2 2 0 1 2 2 1 2
1 0 2 1 2 1 2 1 1 2 0 1 0 0 2 2 2 2 1 1 0 2
0 0 1 0 1 1 2 0 1 1 0 2 1 2 2 1 2 1 0 1 0 2
2 0 1 0 2 0 2 0 0 1 0 2 1 0 1 1 2 2 0 1 1 2
1 0 2 1 2 0 2 0 1 0 0 1 1 0 2 2 0 1 2 1 2 2
1 0 2 0 2 1 2 0 1 1 0 2 0 1 2 2 1 2 2 1 1 2
2 0 2 2 1 2 2 0 0 0 1 2 1 1 2 2 1 2 1 1 2 2
0 0 1 1 2 1 2 0 1 1 0 2 1 0 2 1 1 0 0 1 1 2
2 0 2 0 1 1 2 0 0 0 0 2 0 0 2 1 2 1 2 1 1 2
2 0 2 0 2 1 2 0 1 1 0 1 0 0 2 1 2 1 1 0 2 2
0 1 1 0 1 1 2 0 0 0 0 2 0 0 1 1 1 2 1 1 2 2
1 0 2 0 2 1 2 0 0 0 0 2 0 2 2 2 2 1 1 1 2 2
1 0 2 1 2 1 2 0 1 1 0 2 1 1 2 2 1 1 2 1 1 2
1 0 2 0 2 2 2 1 2 2 0 2 0 1 1 1 1 2 1 0 1 2
2 0 2 0 2 1 2 1 1 2 0 2 0 0 2 1 2 1 2 2 0 2
1 0 1 0 2 0 2 0 0 1 0 0 1 0 2 1 0 2 1 2 2 2
1 0 1 0 2 2 2 0 0 2 1 2 1 1 2 1 0 2 2 2 2 2
0 0 2 2 2 0 2 0 0 1 0 2 0 0 2 1 0 2 2 1 1 2
0 0 1 1 1 0 2 0 0 1 0 2 0 0 2 0 2 2 0 0 2 2
0 0 2 1 0 0 2 1 0 1 0 1 0 0 2 1 1 1 1 0 0 2
1 0 2 2 2 1 2 0 0 1 0 2 0 0 2 1 1 2 2 1 1 2
2 0 2 0 2 1 2 0 1 1 0 1 0 1 2 1 2 1 0 0 2 2
2 0 2 0 1 1 2 0 0 1 0 2 0 0 2 1 0 2 1 1 2 2
1 0 1 0 0 0 2 0 0 1 0 2 1 0 2 1 0 2 1 1 1 2
1 1 2 1 2 0 2 0 0 0 0 2 0 0 2 2 1 1 0 0 1 2
2 1 1 1 1 0 2 0 0 0 0 1 0 0 2 0 1 2 0 0 2 2
1 0 1 0 2 1 2 1 1 1 1 1 0 0 2 1 2 2 1 0 2 2
0 0 1 1 2 0 2 0 1 0 0 1 0 0 2 2 2 1 1 1 2 2
2 1 2 0 1 1 2 0 1 1 0 2 0 0 2 2 1 2 0 1 0 2
0 0 1 0 1 2 2 0 0 0 1 2 0 0 1 2 2 2 2 1 2 2
1 0 1 0 2 1 2 0 1 2 2 1 0 0 2 1 1 2 1 2 1 2
1 0 2 1 2 1 2 0 0 0 0 1 1 0 1 1 0 2 1 0 1 2
0 0 1 0 1 0 2 0 0 1 0 1 0 0 1 1 1 1 1 2 1 2
1 0 2 1 1 1 2 0 0 1 1 2 0 0 1 1 2 2 0 2 2 2
2 0 2 1 1 1 2 0 1 1 0 1 0 0 1 0 0 2 2 2 2 2
1 0 2 1 1 0 2 0 0 1 1 1 0 0 2 2 0 2 2 1 2 2
2 0 2 0 2 0 2 0 2 1 0 2 0 1 2 1 2 2 1 2 2 2
1 0 2 0 1 0 2 0 0 2 0 2 0 0 2 2 1 1 1 1 2 2
1 0 2 0 0 0 2 0 0 1 2 2 0 0 1 0 1 2 0 1 1 2
1 1 0 1 1 2 1 0 0 0 1 2 1 2 2 1 0 2 0 0 2 2
1 0 2 1 1 0 2 0 1 1 0 1 0 0 2 1 0 2 0 2 2 2
0 0 2 1 2 1 2 0 0 1 0 1 1 0 0 0 1 2 2 1 1 2
2 0 2 0 1 1 2 0 1 0 0 2 0 0 2 2 1 2 1 2 1 2
1 0 1 1 1 0 2 0 0 0 0 2 0 0 1 0 0 2 1 1 1 2
1 0 1 1 1 0 2 1 0 2 0 2 0 0 2 1 0 2 1 1 1 2
1 0 2 1 2 1 2 0 2 1 0 2 0 0 1 1 1 2 0 0 2 2
1 0 1 1 1 1 2 0 0 1 1 2 0 0 2 0 0 2 0 1 2 2
2 0 2 0 2 0 2 0 0 1 0 1 0 0 2 2 1 2 2 1 2 2
1 0 2 0 1 0 2 0 0 1 0 2 0 1 2 1 2 2 1 1 1 2
1 0 2 0 2 2 2 0 0 0 0 2 0 0 2 1 1 2 1 2 1 2
1 0 2 1 1 0 2 1 1 2 0 2 0 0 2 1 1 2 1 1 2 2
2 0 2 1 2 2 2 0 1 1 0 1 0 0 1 2 2 2 1 0 2 2
2 1 2 0 1 1 2 0 1 2 0 2 1 0 2 0 2 2 0 2 2 2
1 1 2 0 2 0 2 1 0 1 1 2 0 0 2 2 1 2 1 0 1 2
2 0 1 1 2 1 2 0 0 1 0 1 0 0 2 1 1 2 1 1 1 2
1 0 2 0 1 1 2 0 0 1 0 1 0 0 2 1 1 2 1 0 2 2
0 0 2 0 1 1 2 0 0 1 0 2 0 0 2 1 1 2 2 2 1 2
1 0 1 0 1 0 2 0 1 1 0 1 1 0 1 0 1 1 0 1 2 2
1 0 1 0 2 0 2 0 0 2 0 2 0 1 2 2 2 1 1 1 1 2
1 0 2 1 2 0 2 0 2 2 0 2 0 0 2 1 1 2 2 1 2 2
2 0 1 0 1 1 2 0 0 0 0 0 0 0 2 1 2 2 0 2 1 2
1 0 2 0 2 0 2 0 0 1 0 2 0 0 1 2 1 2 0 1 2 2
1 0 1 1 1 1 2 0 0 1 0 1 0 0 2 2 1 2 1 1 1 2
1 0 2 1 2 0 2 0 0 0 0 1 0 0 2 0 1 1 1 1 1 2
1 0 2 1 2 1 2 0 0 1 1 1 0 0 1 1 1 2 1 0 2 2
0 0 2 0 1 1 2 0 0 0 1 2 0 0 2 1 2 2 0 1 2 2
1 0 2 2 2 1 2 0 1 1 0 2 0 1 2 0 1 2 1 1 2 2
0 0 2 0 2 1 2 0 0 2 0 1 0 0 1 0 1 2 1 0 2 2
1 0 1 0 2 1 2 0 2 2 0 1 1 0 2 2 2 2 1 2 2 2
2 0 2 0 2 1 2 0 1 1 0 2 1 0 2 1 2 2 0 0 2 2
2 1 1 0 1 0 2 1 0 2 0 2 0 0 2 0 2 2 1 1 1 2
1 0 2 1 1 1 2 0 0 1 0 2 0 1 2 0 2 2 2 2 1 2
2 0 1 1 2 2 2 0 1 1 0 1 0 2 2 1 0 2 0 0 2 2
1 0 1 1 1 1 2 0 0 1 0 1 1 0 1 0 0 2 1 1 2 2
2 0 2 0 2 0 2 0 1 1 0 2 1 0 2 2 1 2 2 1 2 2
1 0 2 2 2 1 2 0 0 1 1 2 0 0 1 1 1 1 0 2 2 2
0 0 2 1 2 0 2 0 1 1 0 2 0 0 2 0 2 2 1 1 2 2
1 0 2 1 1 0 2 0 2 2 0 1 2 0 2 2 1 2 1 1 1 2
1 0 1 0 1 1 2 0 1 2 0 2 0 1 1 1 1 2 1 1 1 2
0 0 2 0 2 0 2 0 1 0 0 2 0 0 1 1 0 1 2 1 2 2
1 0 2 0 2 2 2 0 1 2 0 2 0 0 2 0 1 2 2 1 1 2
1 0 2 1 1 0 2 0 0 2 0 1 0 0 1 2 1 2 1 2 1 2
1 0 2 0 1 0 2 1 1 0 0 2 0 0 2 2 2 2 1 1 2 2
2 0 1 0 2 0 2 0 1 0 0 1 0 0 2 1 2 2 2 0 2 2
1 0 2 0 2 0 2 0 1 1 0 2 0 0 2 1 2 1 2 1 2 2
1 0 1 1 2 2 2 0 2 0 0 1 0 0 2 1 0 1 1 1 2 2
1 0 1 0 2 0 2 0 1 1 0 2 0 0 2 2 0 2 2 0 2 2
1 0 2 1 2 1 2 0 1 0 0 1 0 1 2 2 1 2 0 1 2 2
1 0 2 0 2 0 2 0 1 0 0 1 0 0 1 0 2 2 2 2 1 2
1 0 2 1 2 2 2 1 0 1 0 2 0 1 2 1 1 2 1 1 2 2
1 0 1 0 2 0 2 0 0 1 0 2 0 1 2 1 1 1 1 2 2 2
2 0 0 0 2 0 2 0 0 2 0 1 1 1 1 0 2 2 1 1 2 2
0 0 1 1 2 2 2 1 1 2 0 2 1 1 2 2 1 1 2 1 1 2
0 1 2 0 2 0 2 0 1 0 0 2 0 1 1 2 1 2 1 0 2 2
1 0 2 1 1 1 2 0 0 2 0 2 1 0 2 2 2 0 1 1 1 2
1 0 1 1 1 1 2 0 1 2 1 2 0 1 1 1 1 1 0 2 2 2
0 2 1 0 2 1 2 0 1 1 0 2 0 0 1 2 0 2 2 1 2 2
0 0 1 0 2 1 2 0 0 1 0 2 0 0 2 2 2 1 1 1 1 2
0 0 2 1 2 0 2 0 1 0 0 2 1 0 2 1 1 2 1 1 2 2
0 0 2 1 0 1 2 0 0 0 0 1 0 0 2 1 2 1 1 0 2 2
1 1 1 0 0 0 2 0 0 0 0 2 0 0 2 1 1 0 0 0 1 2
1 1 1 0 1 0 2 0 0 2 0 2 1 0 2 2 1 2 1 1 1 2
1 0 2 1 2 0 2 0 0 1 0 2 1 0 2 0 1 1 2 2 2 2
0 0 2 0 1 1 2 0 2 0 0 2 0 1 2 1 1 1 2 0 1 2
1 0 1 1 2 0 1 1 2 2 0 2 1 0 1 0 2 2 2 0 2 2
1 0 2 1 2 1 2 0 2 0 1 1 1 0 2 2 0 1 1 0 1 2
2 0 1 0 2 1 2 0 1 0 0 1 0 1 2 1 0 2 1 0 1 2
1 0 2 1 0 1 2 0 0 1 0 2 1 2 2 2 2 1 2 2 1 2
2 0 1 1 1 0 2 0 0 0 1 2 0 0 1 0 2 1 1 2 2 2
0 0 1 1 2 0 2 0 0 2 0 1 1 0 2 1 1 2 2 1 1 2
0 0 1 0 2 1 2 0 2 1 0 2 0 0 2 2 2 2 1 1 1 2
2 1 2 0 1 1 2 0 2 1 0 2 1 0 1 1 1 2 1 1 2 2
1 0 1 1 2 1 2 0 0 0 0 2 0 1 2 1 0 1 1 2 2 2
1 0 2 1 1 1 2 0 0 2 0 2 0 0 1 2 2 1 0 1 1 2
1 0 1 0 1 1 2 0 0 1 0 2 0 1 2 2 1 1 1 1 2 2
0 0 2 1 2 0 2 0 1 1 0 2 0 2 2 1 1 2 2 2 1 2
0 0 2 0 1 1 2 0 0 1 0 1 0 0 2 2 1 2 0 2 2 2
1 2 0 1 1 1 2 0 1 0 0 2 1 1 2 1 1 2 0 2 2 2
2 0 1 1 1 0 2 0 2 0 0 2 0 0 2 2 1 2 0 1 1 2
2 0 2 0 2 0 2 0 1 2 0 2 1 1 1 1 1 1 0 0 2 2
1 0 1 0 2 1 2 0 0 2 0 2 0 0 2 1 1 2 1 2 0 2
1 0 1 0 1 1 2 0 1 1 0 1 1 0 2 0 1 2 0 1 1 2
0 0 2 0 2 0 2 0 1 0 0 2 0 0 1 2 2 0 1 0 0 2
0 0 1 0 1 0 2 0 0 0 0 2 0 0 1 1 1 2 2 2 2 2
1 0 2 0 2 1 2 0 1 0 0 1 0 0 2 2 2 2 1 1 2 2
1 1 1 0 2 2 2 0 0 0 0 2 1 0 2 2 2 2 1 1 2 2
1 0 2 1 1 1 2 0 1 0 0 2 2 1 2 1 1 2 0 1 2 2
0 0 2 2 2 0 2 0 1 0 0 2 1 0 2 1 1 1 2 0 0 2
1 0 1 1 1 2 2 0 1 1 0 2 0 0 2 1 0 2 1 1 1 2
2 0 1 1 2 0 2 0 0 2 1 2 0 0 1 1 0 2 1 2 2 2
1 0 1 1 2 0 2 0 2 0 0 2 0 0 1 1 2 1 1 2 2 2
1 0 2 1 2 1 2 1 1 2 0 2 1 1 1 1 2 2 1 1 2 2
0 0 2 0 2 1 2 0 0 1 0 1 1 0 2 1 1 2 0 0 1 2
1 0 2 1 2 0 2 0 0 1 0 2 1 0 2 2 1 1 1 2 1 2
2 0 2 1 1 1 2 0 1 1 0 2 0 0 1 1 1 2 2 1 2 2
1 1 1 1 1 0 2 0 1 1 0 2 2 0 1 1 1 1 1 1 2 2
1 0 1 0 2 1 2 0 0 0 0 2 1 0 2 2 2 2 1 2 2 2
2 0 2 0 1 1 2 0 1 2 0 1 0 0 2 1 1 2 0 1 2 2
2 0 2 0 1 0 2 0 0 1 0 2 0 0 2 2 0 1 1 2 2 2
1 1 2 0 2 0 2 0 0 1 0 2 0 0 2 2 0 1 1 2 2 2
1 0 0 0 1 1 2 1 0 1 0 2 0 0 0 2 1 2 0 2 2 2
1 0 1 0 1 0 2 0 0 0 0 1 1 2 1 2 1 2 1 2 2 2
1 0 2 0 2 1 2 0 1 2 0 2 1 0 1 2 1 1 1 0 2 2
1 0 1 0 2 1 2 0 1 1 0 2 1 0 2 0 1 2 1 2 1 2
1 0 2 0 2 0 2 0 0 1 0 0 1 0 2 1 0 2 1 0 1 2
1 0 2 1 2 1 2 0 0 1 0 1 0 1 2 2 1 2 1 0 2 2
2 0 2 0 1 1 2 0 1 1 0 2 1 1 2 1 0 2 0 1 2 2
1 0 2 0 2 0 2 0 1 0 0 2 1 0 2 1 0 0 1 2 1 2
0 0 2 0 1 0 2 0 0 1 0 1 1 0 2 1 2 2 1 1 1 2
1 0 2 0 1 1 2 1 1 1 0 2 1 1 2 0 1 2 0 2 0 2
0 0 2 0 1 1 2 1 0 1 0 1 0 0 1 1 0 2 0 1 1 2
0 0 1 1 1 0 2 0 0 1 0 1 0 0 2 0 0 2 1 1 2 2
1 0 2 0 0 1 2 0 0 0 0 2 0 1 2 1 1 1 2 1 0 2
2 0 1 2 2 1 2 0 0 0 0 2 0 0 2 2 1 1 1 1 0 1
1 0 2 0 1 0 2 0 2 1 1 2 0 1 2 2 1 0 1 1 0 2
0 0 2 1 2 1 2 0 0 1 0 2 0 0 2 1 1 2 0 0 2 2
0 0 0 0 1 1 1 0 2 1 0 2 0 1 2 1 1 2 0 1 1 2
1 0 1 2 1 1 2 0 1 0 0 2 0 1 2 0 2 2 1 2 1 2
0 0 0 0 1 1 2 0 1 0 0 2 0 0 2 2 2 2 1 1 1 2
0 0 1 2 2 1 2 0 2 0 0 2 0 1 1 1 0 2 1 2 2 2
0 0 1 1 2 1 2 0 0 0 0 2 0 1 2 1 0 2 2 0 2 2
1 0 2 1 1 1 2 0 0 1 1 2 0 0 1 0 1 2 1 1 2 2
1 0 0 0 1 0 2 0 1 0 1 1 1 0 2 1 1 2 1 1 1 2
0 1 2 0 2 0 2 0 0 0 0 1 0 0 2 0 0 1 1 0 2 2
2 0 1 0 2 1 2 0 0 0 0 2 1 1 2 1 1 1 0 2 2 2
1 0 2 0 2 1 2 0 1 2 0 2 1 1 2 2 2 2 0 2 2 2
1 0 1 1 2 1 2 0 1 2 0 2 0 0 2 0 2 0 0 1 2 2
2 0 2 0 1 1 2 0 0 0 0 2 0 0 2 0 0 2 1 1 1 2
1 1 2 0 2 0 2 0 1 0 0 2 1 0 2 1 0 1 0 2 1 2
0 0 1 2 2 0 2 0 0 2 0 2 0 0 1 1 1 2 1 2 2 2
2 0 1 0 2 1 2 0 1 1 0 2 0 2 2 1 0 2 1 1 1 2
0 0 2 0 2 0 2 0 0 0 0 2 0 2 2 1 2 2 2 1 0 2
1 0 2 0 2 1 2 0 1 1 0 2 0 1 1 1 2 1 1 1 2 2
2 0 1 0 2 1 2 0 0 1 0 2 0 2 2 2 1 2 0 0 2 2
1 0 2 2 1 1 2 0 0 0 0 2 0 0 2 2 1 1 0 0 2 2
1 0 2 2 2 0 2 1 0 1 0 2 0 0 2 1 2 2 0 1 1 2
1 0 1 1 1 0 2 0 0 0 0 2 0 0 1 1 1 1 1 1 1 2
2 0 2 0 1 2 2 0 0 1 0 1 0 1 2 1 2 2 0 0 2 2
1 0 2 0 2 0 2 0 1 0 0 2 1 1 2 1 1 0 0 1 1 2
1 0 2 0 0 1 2 0 0 1 0 2 1 0 1 2 1 1 2 1 1 2
0 0 2 1 2 0 2 0 0 1 0 2 0 0 2 1 1 1 1 1 2 2
0 0 2 1 1 1 2 1 0 0 0 2 0 1 2 2 1 1 1 1 2 2
1 0 1 1 2 0 2 0 0 1 0 2 1 0 2 0 1 2 2 1 0 2
0 0 2 0 1 2 2 0 0 1 0 2 0 0 1 1 1 1 1 0 2 2
1 0 1 1 2 0 2 0 0 1 0 2 0 0 2 2 0 1 1 1 1 2
1 0 2 1 2 1 2 0 0 0 0 2 0 0 1 0 2 1 0 2 1 2
0 0 2 0 1 1 2 0 0 2 0 2 0 0 2 0 2 2 1 1 1 2
0 0 1 0 1 1 2 0 0 1 0 2 1 1 1 1 2 1 2 0 2 2
0 0 2 1 1 1 2 1 0 1 0 2 0 0 2 2 0 2 0 1 1 2
2 0 1 0 1 0 2 0 0 1 1 1 0 0 2 2 1 2 1 1 2 2
1 0 2 0 2 0 2 0 0 0 1 2 0 1 2 2 2 1 0 1 2 2
2 0 2 0 2 0 1 0 0 1 0 1 0 0 2 1 0 1 2 2 1 2
1 0 1 0 2 0 2 0 1 1 1 2 0 0 2 0 0 2 2 1 2 2
0 0 2 1 2 1 2 0 1 0 0 2 0 1 1 2 1 1 1 2 2 2
1 0 2 1 2 2 2 0 1 1 0 2 1 0 2 2 2 1 1 1 1 2
2 0 2 1 2 1 2 0 0 2 0 2 0 1 2 2 2 2 0 0 1 2
0 0 2 0 1 0 2 0 1 2 0 2 1 0 2 2 2 0 1 1 1 2
1 0 2 1 1 0 2 0 0 2 1 2 0 0 2 1 1 2 2 2 0 2
1 0 2 1 2 1 2 0 0 0 0 2 1 0 2 1 0 1 0 1 2 2
1 0 2 0 2 2 2 0 1 2 0 2 0 0 2 2 2 1 1 2 1 2
0 0 2 1 2 2 2 0 0 0 0 2 1 0 2 1 2 2 1 1 2 2
1 0 2 0 2 0 2 0 0 1 0 2 0 0 2 2 1 0 1 1 2 2
1 0 2 1 1 2 2 0 1 0 0 2 0 0 2 0 0 1 2 1 2 2
1 0 1 0 1 1 2 0 0 1 0 0 1 0 2 1 1 1 2 1 1 2
1 0 2 0 2 2 2 0 0 2 0 2 0 0 2 1 1 0 1 1 1 2
2 0 0 1 2 1 2 0 1 1 0 1 0 0 2 1 1 1 1 1 1 2
1 0 1 1 2 2 2 0 1 1 0 2 0 1 2 1 1 1 0 2 2 2
2 0 1 0 1 1 2 1 1 1 0 2 0 0 1 0 1 2 2 2 1 2
1 0 2 0 2 1 2 1 0 0 0 2 0 0 2 2 1 2 1 0 2 2
1 0 1 1 2 0 2 0 1 2 0 2 0 0 2 1 1 2 1 1 2 2
2 0 1 0 2 0 2 0 1 1 0 2 0 0 2 1 1 2 1 1 1 2
1 0 1 1 1 0 2 0 0 1 0 1 1 0 2 2 0 2 0 2 2 2
2 0 1 1 1 1 2 0 0 1 0 2 0 0 2 1 2 2 2 2 1 2
0 0 2 0 2 0 2 0 0 1 0 2 0 0 2 1 1 2 0 1 1 2
0 0 2 1 2 0 2 0 0 2 0 2 0 1 0 2 2 0 1 1 2 2
1 0 1 1 2 1 2 0 0 2 0 2 1 0 1 2 1 1 0 1 1 2
1 0 1 2 2 1 2 0 1 0 0 2 1 0 2 1 2 2 1 0 2 2
0 0 2 1 2 0 2 0 0 1 0 2 0 1 2 2 0 2 0 2 1 2
2 0 0 0 2 0 2 0 1 1 1 2 0 0 2 1 0 2 0 0 2 2
1 0 2 0 1 2 2 0 1 2 1 2 1 0 2 1 0 1 2 1 2 2
0 0 1 2 1 1 1 1 0 1 0 2 0 1 2 1 2 2 1 1 2 2
1 0 2 1 2 1 2 0 0 1 0 2 0 0 1 1 2 2 1 1 1 2
1 0 2 0 2 0 2 0 0 0 0 2 0 0 2 2 1 1 2 2 1 2
1 0 1 2 2 1 2 0 0 0 0 2 0 1 1 2 2 2 0 0 1 2
2 0 2 0 2 0 2 0 0 0 0 2 0 0 2 1 0 1 1 1 2 2
1 0 1 0 1 1 2 0 1 2 0 1 0 0 2 2 1 1 0 2 2 2
1 0 2 0 2 1 2 0 1 0 0 2 0 0 2 1 0 0 1 0 0 2
1 0 1 1 1 1 2 0 1 0 0 2 0 0 2 1 2 0 1 1 2 2
1 0 2 1 2 0 2 1 0 1 0 2 0 0 2 2 1 2 1 1 2 2
1 0 2 0 2 0 2 0 1 0 0 1 1 0 1 1 0 1 2 2 2 2
1 0 1 0 2 1 2 0 0 1 0 2 0 0 2 2 1 1 1 0 1 2
2 1 2 0 2 0 2 0 0 1 0 2 0 1 2 0 2 1 1 1 2 2
1 0 1 0 1 0 2 1 1 2 1 2 1 0 1 1 2 2 0 2 2 2
0 0 1 0 1 0 2 0 1 1 0 2 0 2 1 1 1 1 1 0 1 2
2 0 2 1 2 2 2 0 1 1 0 2 2 1 2 0 2 2 1 2 1 2
2 0 2 1 2 0 2 0 0 1 0 2 1 0 2 1 2 1 2 2 1 2
0 0 1 2 2 1 2 1 0 1 0 2 0 0 1 2 1 2 0 1 2 2
2 0 1 0 1 1 2 1 1 1 0 2 0 0 2 2 1 2 2 0 0 2
2 1 2 1 2 0 2 0 1 0 0 1 1 0 2 0 1 2 0 0 2 2
1 0 2 0 0 1 1 0 0 1 0 2 0 0 2 2 2 2 1 2 1 2
1 0 1 0 2 0 2 0 1 1 0 2 0 0 2 2 1 2 1 1 1 2
1 0 1 2 1 0 2 1 0 1 0 2 1 0 2 1 1 2 1 0 1 2
1 0 2 1 2 0 2 0 1 0 0 2 1 0 2 1 1 2 1 1 2 2
1 0 1 0 2 1 2 0 1 1 0 2 0 0 2 2 1 2 2 2 2 2
0 0 0 0 1 1 2 1 1 1 0 2 1 1 2 2 1 1 2 1 1 2
1 0 2 0 1 1 2 0 1 1 0 1 0 0 2 1 2 2 1 0 1 2
1 0 2 0 2 1 2 0 2 1 0 1 0 0 1 1 1 2 1 2 1 2
1 0 1 0 2 0 2 0 1 0 0 2 1 2 1 1 1 2 1 1 2 2
1 0 1 0 2 1 2 0 0 1 0 2 1 1 2 0 2 2 0 1 0 2
0 0 2 1 2 1 2 0 1 2 0 1 0 0 2 1 1 1 1 1 1 2
1 1 1 2 1 0 2 0 1 1 0 2 0 2 2 1 2 2 1 1 2 2
1 0 1 0 1 1 2 0 0 0 0 2 0 0 2 0 2 2 1 1 2 2
0 0 2 0 2 1 2 0 0 1 0 2 0 0 2 2 2 1 2 2 2 2
1 0 1 0 2 0 2 0 0 1 1 2 0 1 2 1 2 2 1 1 2 2
1 0 0 0 1 1 2 0 0 1 0 2 2 2 1 1 0 1 1 0 1 2
0 0 0 0 1 0 2 0 0 0 0 2 1 0 2 1 2 2 0 0 1 2
1 0 2 0 2 0 2 0 1 1 0 2 1 0 2 2 1 2 2 0 1 2
0 0 2 1 2 0 2 1 0 2 0 2 0 0 2 2 1 2 1 0 2 2
1 0 2 1 2 0 2 0 0 2 1 2 0 0 2 2 1 2 1 0 0 2
0 0 1 0 2 1 2 0 0 0 0 2 0 0 2 2 1 1 2 1 2 2
1 0 2 0 2 0 2 0 1 1 0 2 0 0 2 2 0 2 0 1 2 2
1 0 1 1 2 1 2 0 0 0 0 0 0 0 2 1 1 2 1 1 1 2
1 0 2 1 2 2 2 0 0 0 2 1 1 0 2 1 2 2 1 1 2 2
2 0 2 0 2 0 2 0 1 1 0 2 0 1 2 1 2 0 2 1 2 2
1 1 2 1 2 0 2 0 0 0 0 2 1 0 2 0 0 2 2 2 2 2
0 0 2 1 0 1 2 0 1 2 0 1 0 0 1 1 1 2 0 2 1 2
0 1 0 0 2 0 2 0 0 1 0 2 1 0 2 0 2 2 1 1 1 2
0 0 1 0 2 0 2 0 1 1 0 2 2 0 2 2 1 2 0 2 2 2
1 0 2 1 2 1 2 0 0 0 0 2 0 0 2 1 0 1 2 1 2 2
0 0 1 0 1 0 2 0 1 1 0 2 1 0 2 1 2 2 2 2 2 2
1 0 2 2 2 0 2 1 2 2 0 2 0 1 2 1 0 2 1 1 2 2
0 0 0 1 2 0 2 0 0 2 0 2 0 0 2 2 1 1 0 1 1 2
1 0 2 0 2 1 2 0 2 1 0 2 0 0 0 2 1 2 1 1 2 2
2 0 2 0 1 0 2 0 1 2 0 2 1 0 2 2 1 0 2 0 2 2
2 0 2 0 2 2 2 0 1 0 1 1 1 0 2 1 0 1 0 1 2 2
0 0 1 0 2 1 2 0 0 1 0 2 0 1 2 1 1 2 1 1 2 2
1 0 0 1 2 1 2 0 0 1 0 1 0 1 2 1 2 2 2 0 2 2
1 1 1 0 2 0 2 0 1 1 0 2 0 0 2 1 2 2 0 1 1 2
0 0 2 1 1 0 2 0 1 1 0 2 0 0 2 1 2 2 1 2 0 2
1 0 2 0 1 1 2 0 1 1 0 2 0 0 2 1 1 2 0 1 2 2
1 1 1 1 2 0 2 0 0 2 0 2 0 0 2 2 2 1 1 1 1 2
0 1 2 0 2 0 2 0 1 2 0 2 0 0 2 2 2 2 0 2 1 2
0 0 2 0 1 0 2 0 0 1 0 2 2 0 2 1 0 1 2 1 2 2
0 0 2 1 2 0 2 0 1 2 0 2 0 0 2 1 0 1 2 1 2 2
1 0 2 0 2 0 2 0 0 1 0 1 0 0 2 1 2 2 2 1 2 2
1 0 1 2 2 0 2 0 1 2 0 2 1 1 2 1 2 2 2 1 2 2
2 0 1 1 2 1 2 0 0 2 0 2 1 1 2 0 2 0 1 2 1 2
1 0 1 1 2 1 2 0 0 0 0 2 0 0 2 2 2 2 1 0 2 2
1 0 2 0 2 1 2 0 0 0 0 1 0 0 2 1 2 2 2 0 2 2
1 0 0 0 2 0 2 1 0 1 0 1 1 0 2 2 1 2 1 1 1 2
1 0 2 0 2 1 2 0 1 1 0 2 1 1 2 2 2 1 1 0 2 2
1 0 1 1 2 0 2 0 0 1 0 2 1 0 2 2 1 2 2 0 2 2
1 0 2 0 1 1 2 0 1 0 1 2 1 1 2 0 1 2 1 1 1 2
0 1 2 1 2 1 2 0 0 1 0 1 0 1 2 1 2 2 1 1 2 2
1 0 0 0 2 0 2 0 1 1 0 2 0 1 2 1 2 1 2 1 1 2
0 0 1 2 1 0 2 0 1 1 0 2 1 2 2 1 1 2 1 2 2 2
0 0 1 1 2 0 2 1 0 1 0 2 1 0 2 0 2 2 1 1 1 2
1 0 2 0 2 0 2 0 1 1 0 1 0 0 2 1 0 2 1 1 2 2
0 0 2 1 1 1 2 0 0 0 0 2 0 1 2 2 0 2 1 1 2 2
1 0 2 0 2 0 2 0 0 1 1 1 0 1 2 1 1 2 1 2 1 2
1 0 1 1 1 2 2 0 0 1 0 2 0 0 1 1 1 2 2 0 2 2
1 0 2 1 2 1 2 0 0 2 0 1 1 0 2 0 1 1 0 2 2 2
0 0 1 0 1 1 2 1 1 2 0 2 2 1 2 2 2 2 1 1 2 2
1 0 1 0 2 2 2 0 0 1 1 2 0 0 2 1 1 1 0 2 1 2
1 0 1 1 2 0 2 0 0 0 0 2 0 0 2 1 2 2 0 1 1 2
0 0 1 0 2 1 2 1 0 1 0 1 0 1 0 1 2 0 2 2 2 2
1 0 1 1 2 0 2 0 1 1 0 1 0 1 2 1 2 2 1 1 2 2
0 0 1 2 2 2 2 0 2 0 0 2 0 1 2 1 2 2 2 2 2 2
0 0 1 1 2 0 2 0 0 1 0 2 0 0 2 2 1 2 1 2 2 2
2 0 1 0 2 1 2 0 1 1 0 1 0 0 2 2 2 0 2 1 2 2
0 1 2 0 2 0 2 0 1 1 0 2 1 0 2 2 0 2 1 2 2 2
1 0 0 1 2 1 2 0 1 1 0 2 0 1 1 2 0 2 0 1 2 2
0 0 2 0 2 0 2 0 0 0 0 2 1 1 2 2 2 2 1 1 2 2
0 1 1 1 2 1 2 0 1 2 0 2 0 1 2 2 2 2 2 2 0 2
2 0 2 0 2 0 2 0 0 2 0 2 0 1 2 1 1 1 2 1 1 2
1 1 2 0 1 0 2 0 0 0 0 2 0 1 2 2 1 2 0 1 2 2
1 1 1 1 2 0 2 0 0 0 0 2 0 1 2 0 1 2 0 2 1 2
1 0 0 1 2 0 2 1 1 2 0 2 0 0 2 2 1 2 2 1 1 2
1 0 1 1 1 1 2 0 1 1 0 2 1 1 2 1 1 2 1 1 1 2
1 0 2 0 1 0 2 0 0 0 0 2 1 0 2 2 2 2 1 1 1 2
0 0 1 0 2 0 2 0 0 1 0 2 0 1 2 2 2 1 1 2 1 2
2 0 1 1 2 0 2 0 1 1 0 2 0 1 2 1 2 2 2 1 1 2
1 0 2 0 2 0 2 0 1 0 0 2 1 1 1 1 0 1 1 0 2 2
0 0 1 1 2 1 2 0 2 1 0 1 2 0 2 1 2 2 0 1 2 2
2 0 2 0 1 0 2 0 1 1 0 2 0 0 2 2 1 1 1 1 2 2
0 1 2 0 2 1 2 0 0 1 1 1 0 0 2 2 2 0 1 0 1 2
0 0 1 1 2 1 2 0 0 1 1 0 0 1 1 1 2 1 1 2 1 2
2 1 2 2 0 0 2 0 1 0 0 2 1 1 1 2 1 2 1 1 1 2
1 0 1 1 2 0 2 0 1 0 0 2 1 0 2 1 1 2 2 2 2 2
0 1 2 2 2 2 2 0 1 0 1 2 1 1 1 1 2 2 1 2 1 2
0 0 0 0 1 2 2 0 1 1 0 2 1 0 2 0 1 2 1 0 1 2
1 0 2 2 2 1 2 0 0 0 0 2 1 0 2 1 1 2 1 1 2 2
2 0 0 2 1 1 2 0 0 2 0 2 1 1 2 2 2 2 1 1 2 2
0 0 2 0 2 0 2 0 0 0 1 2 0 0 2 2 2 2 1 1 2 2
1 0 2 0 2 1 2 0 0 0 0 2 1 0 2 2 2 2 0 1 2 2
1 1 1 0 2 0 2 0 0 0 0 2 0 0 2 1 1 2 1 0 2 2
1 0 2 1 2 0 2 0 0 1 1 2 1 1 1 0 2 1 0 2 2 2
1 0 1 0 2 0 2 0 0 0 0 1 0 0 1 1 2 1 2 1 2 2
2 0 1 1 1 1 2 0 1 1 0 2 0 2 2 2 2 1 1 1 2 2
0 0 0 2 1 0 2 0 1 1 1 1 0 1 1 1 1 1 1 0 2 2
0 0 0 2 2 2 2 0 1 1 0 2 0 0 2 1 1 2 0 1 1 2
1 0 1 1 2 2 2 0 0 1 0 2 0 0 2 2 2 1 1 2 2 2
0 2 1 1 2 1 1 0 1 1 0 2 1 1 2 1 1 2 2 2 1 2
1 1 1 0 2 1 2 0 1 0 0 2 0 1 2 1 2 2 0 1 1 2
1 0 1 0 2 1 2 0 0 0 0 2 1 1 2 2 1 2 1 1 2 2
2 1 0 1 1 0 2 0 1 1 0 2 1 0 2 2 2 2 2 2 2 2
1 0 2 0 2 2 2 0 0 0 0 1 1 0 2 2 1 1 2 0 1 2
2 0 2 0 2 1 2 0 0 1 0 2 0 1 2 1 2 0 1 1 2 2
2 0 0 0 1 0 2 0 1 0 0 2 0 0 2 1 2 2 0 0 2 2
1 1 2 0 2 0 2 1 2 1 0 2 0 1 2 1 1 2 1 0 1 2
1 0 2 2 2 0 2 0 0 2 0 2 1 0 1 1 0 2 1 1 1 2
1 0 2 1 2 0 2 0 0 0 0 2 1 0 2 2 1 2 2 2 2 2
1 0 1 1 2 0 2 0 0 0 0 2 1 1 2 1 1 2 2 1 2 2
0 0 1 0 1 0 2 0 1 2 0 2 1 0 2 1 2 1 1 2 0 2
1 0 2 0 2 0 2 0 0 1 0 2 0 1 2 1 0 2 2 2 2 2
1 0 0 0 2 0 2 0 0 1 0 1 0 0 2 2 2 2 2 1 1 2
2 0 1 1 2 2 2 0 1 0 1 2 0 1 2 0 1 0 1 1 2 2
0 0 2 2 2 0 2 0 0 2 0 2 2 1 2 0 1 2 0 2 1 2
1 0 1 0 2 0 2 0 0 2 0 2 0 0 2 2 1 2 1 1 2 2
0 0 2 1 1 0 2 0 1 1 0 2 0 1 2 2 0 0 1 1 0 2
1 0 1 1 2 1 2 0 1 1 0 2 2 0 2 2 2 1 1 0 1 2
0 0 1 0 0 2 2 0 0 0 0 1 0 1 2 2 1 2 1 1 1 2
1 0 1 0 2 0 2 0 1 1 0 2 0 0 2 1 2 2 1 0 2 2
1 0 0 1 2 0 2 0 1 0 0 2 0 0 2 0 0 2 1 1 2 2
1 0 1 1 2 0 2 0 1 1 1 2 0 1 2 2 0 2 2 0 1 1
1 0 2 1 1 0 2 0 0 2 0 2 0 0 1 1 2 1 0 1 2 2
0 0 2 0 0 2 2 0 2 0 0 2 0 0 2 1 2 2 1 1 2 2
1 0 0 0 2 0 2 0 2 1 0 2 0 0 2 2 2 0 1 1 1 2
1 0 1 0 2 1 2 0 0 2 0 2 0 0 1 0 2 2 2 1 1 2
1 0 0 1 1 1 2 1 0 1 0 2 0 1 2 2 2 1 1 1 2 2
1 0 2 1 2 1 2 0 1 1 0 2 1 1 2 1 2 1 1 1 1 2
1 0 1 1 2 1 2 0 1 1 0 1 0 0 2 1 1 1 0 2 1 2
0 0 2 1 1 1 2 0 0 1 0 2 1 1 2 1 1 2 1 2 1 2
2 0 1 1 2 2 2 0 1 1 0 2 1 0 2 2 2 1 0 2 2 2
0 0 2 0 2 2 2 0 1 2 0 2 1 0 1 2 2 2 1 1 0 2
0 0 2 1 1 2 2 0 1 1 0 1 0 0 2 0 2 2 1 2 2 2
0 0 1 2 2 1 2 0 0 1 0 2 0 0 2 1 2 2 0 1 2 2
1 0 1 2 1 0 2 0 0 1 1 1 0 0 2 0 2 1 1 2 2 2
1 0 1 1 2 0 2 0 0 1 0 1 0 1 2 2 1 2 1 2 2 2
2 0 1 0 2 1 2 0 0 1 0 2 1 1 2 2 2 2 1 2 2 2
2 0 2 0 1 1 2 0 1 0 1 2 0 1 2 2 0 2 1 1 1 2
2 1 0 0 2 0 2 0 0 0 0 2 0 2 2 1 1 2 1 2 0 2
0 1 1 0 1 2 2 0 1 0 0 2 0 0 2 1 1 2 2 1 1 2
0 1 1 1 2 0 2 0 0 2 1 2 1 0 2 0 1 2 0 1 2 2
0 0 1 2 1 2 2 1 0 2 0 2 1 0 2 2 2 2 2 2 0 2
2 1 1 1 1 0 2 0 0 0 0 2 0 0 2 1 2 2 1 0 2 2
0 1 2 1 1 1 2 0 1 0 0 2 0 1 2 1 2 2 0 1 2 2
1 0 1 0 2 0 2 0 1 0 0 2 1 0 2 1 0 0 1 2 1 2
1 0 2 0 1 0 2 0 1 1 0 2 0 0 2 0 1 1 1 1 1 2
1 0 1 0 1 1 2 0 1 1 0 2 0 1 2 2 2 2 2 0 0 2
0 0 2 1 1 0 2 0 0 1 0 2 1 0 2 2 1 2 1 0 1 2
1 0 2 0 2 2 2 0 0 0 0 2 1 1 2 1 2 2 1 2 1 2
1 1 1 0 1 0 2 0 0 2 1 2 1 0 1 2 0 2 1 0 1 2
1 0 1 0 2 0 2 0 2 1 0 2 1 0 2 0 0 2 1 2 1 2
0 0 2 1 1 2 2 0 2 1 1 2 1 1 2 1 1 1 0 0 2 2
0 0 2 2 2 2 2 0 0 0 0 2 0 0 2 2 2 1 1 1 1 2
0 1 1 0 2 1 2 0 0 1 0 2 1 1 2 2 1 2 2 1 1 2
0 1 0 1 2 1 2 0 1 1 0 2 0 0 2 2 2 1 2 0 2 2
0 0 1 1 1 2 2 0 0 1 0 2 0 0 1 2 1 1 0 0 2 2
1 0 1 0 2 1 2 0 1 0 0 2 1 1 1 1 2 1 2 1 2 2
0 0 0 1 1 1 2 0 1 1 0 2 1 0 2 1 2 0 2 1 2 2
1 0 0 1 2 0 2 0 0 1 0 2 1 1 2 1 0 1 2 0 1 2
2 1 0 1 1 1 2 0 0 0 0 2 1 0 2 1 2 1 0 0 2 2
1 0 2 1 2 0 2 0 0 1 0 2 2 1 2 2 2 2 0 2 2 2
1 0 1 0 1 0 2 0 0 1 1 1 1 0 2 1 1 2 2 2 2 2
1 1 1 0 2 0 2 0 0 0 0 1 1 0 1 2 2 1 2 1 2 2
1 0 1 0 1 1 2 0 1 1 0 2 0 0 2 1 1 1 1 2 2 2
1 0 2 0 1 1 2 1 1 0 0 1 0 0 2 2 2 1 1 2 1 2
1 0 2 0 2 1 2 0 1 1 0 2 0 0 2 2 2 2 0 2 1 2
1 0 1 1 0 0 2 0 0 0 0 2 1 0 2 2 1 2 1 1 2 2
2 0 2 0 2 0 2 0 0 0 0 2 0 0 2 1 2 1 2 2 2 2
2 0 2 1 2 1 2 0 1 1 0 2 0 0 2 2 1 1 2 2 2 2
0 0 2 0 0 0 2 0 0 2 0 2 0 0 2 2 2 2 1 1 2 2
0 0 2 1 0 0 2 0 0 0 0 2 0 0 2 1 1 2 1 1 1 2
0 0 0 1 0 1 2 0 0 0 0 2 1 1 2 1 2 2 0 2 2 2
2 0 2 1 2 0 2 0 1 0 0 1 1 0 2 2 1 2 0 2 2 2
2 0 0 1 2 1 2 0 1 1 0 2 0 0 2 2 1 1 0 2 2 2
1 0 1 1 2 1 1 0 0 0 0 2 0 0 2 2 1 2 1 0 1 2
0 1 1 0 1 1 1 1 0 0 0 2 1 0 2 1 1 2 1 0 1 2
1 0 1 0 1 1 2 0 0 2 0 2 0 0 2 2 2 2 1 1 2 2
1 0 2 2 2 0 2 0 1 1 0 2 0 0 2 1 0 1 1 2 1 2
1 0 2 0 2 0 2 0 0 0 0 2 1 0 2 1 0 1 1 2 1 2
0 0 2 0 2 1 2 0 0 1 0 2 0 1 2 1 0 2 0 1 1 2
1 0 2 0 1 1 2 0 0 0 0 1 0 1 2 1 1 2 2 1 1 2
1 0 1 2 1 2 2 0 0 2 0 1 0 1 2 2 2 2 1 1 1 2
2 0 1 0 2 1 2 0 0 0 0 2 0 1 1 2 2 2 1 1 2 2
2 0 1 1 0 1 2 0 1 0 0 2 1 0 1 1 2 2 1 0 1 2
0 0 1 1 2 2 2 0 1 0 0 2 0 0 1 0 0 1 2 0 2 2
1 0 1 0 1 0 2 0 1 0 0 2 1 1 2 1 2 2 2 1 1 2
2 1 1 2 2 1 2 1 1 1 0 2 1 0 2 1 2 0 2 1 2 2
0 0 1 1 1 1 2 0 0 0 0 1 2 1 2 1 1 1 1 0 1 2
1 1 1 0 2 2 2 0 1 1 0 1 0 0 2 0 1 2 1 2 2 2
1 0 1 0 1 2 2 0 1 1 0 2 2 1 2 1 2 2 1 0 2 2
1 0 1 1 1 1 2 0 0 0 0 1 0 0 2 2 1 2 0 2 1 2
1 0 2 1 2 1 2 0 1 1 0 1 0 2 2 2 0 2 1 1 2 2
2 0 2 1 1 1 2 0 0 2 0 2 1 0 2 0 1 1 1 0 2 2
0 0 2 0 2 0 2 0 1 1 0 2 0 1 2 2 1 1 1 2 1 2
1 0 1 2 2 0 2 0 1 1 0 1 0 1 2 1 1 2 2 1 2 2
1 0 1 1 2 1 2 0 0 1 0 2 0 0 2 1 1 1 1 2 1 2
0 1 0 1 2 0 2 0 0 0 0 1 1 0 1 2 2 2 2 2 2 2
0 0 1 1 2 1 2 0 0 1 1 2 0 0 2 1 2 2 1 1 2 2
1 0 2 0 1 0 2 0 1 0 0 2 0 0 1 1 2 2 1 0 2 2
1 0 2 1 1 0 2 0 2 1 0 2 0 0 2 0 1 2 1 2 0 2
1 0 2 0 2 1 2 0 0 2 0 2 0 0 2 2 0 2 1 0 2 2
2 1 2 0 1 0 2 1 1 0 0 2 0 0 1 2 2 1 2 0 1 2
2 0 2 1 2 2 2 0 1 1 0 2 1 0 2 2 1 1 1 0 1 2
2 0 2 2 2 1 2 0 0 1 0 2 0 1 2 1 2 2 0 0 2 2
0 1 2 1 2 0 2 0 0 1 0 2 2 1 2 1 1 2 1 1 2 2
0 1 2 2 1 1 2 0 0 1 0 1 0 0 2 2 2 2 1 0 2 2
0 0 2 0 1 1 2 0 0 1 0 2 1 0 2 1 1 2 2 1 1 2
1 0 2 2 2 0 2 0 1 1 2 2 0 1 2 1 1 2 0 2 1 2
0 0 2 1 1 1 2 0 1 0 0 1 1 0 2 2 1 2 1 0 2 2
0 0 1 0 0 0 2 0 0 0 0 2 0 0 2 2 1 1 0 1 2 2
1 0 1 0 0 1 2 0 0 1 1 1 0 0 2 2 1 2 1 1 1 2
0 0 1 0 2 0 2 0 1 1 1 1 0 0 2 0 2 2 1 1 2 2
1 0 2 1 2 1 2 0 0 2 0 2 1 0 2 0 1 2 1 1 2 2
1 0 1 1 1 0 2 0 0 0 0 2 1 0 2 2 2 2 2 0 2 2
2 0 2 1 2 0 2 0 0 2 0 2 1 0 1 0 2 1 2 1 1 2
0 0 0 0 2 0 2 1 0 0 0 2 0 0 2 2 1 1 0 2 2 2
0 0 2 1 2 1 2 0 1 1 0 2 1 0 2 2 1 2 1 2 2 2
0 0 2 0 1 1 2 0 0 1 0 1 1 1 2 0 1 2 1 1 2 2
1 1 2 1 1 1 2 1 1 0 0 1 0 2 2 1 2 2 1 2 2 2
0 0 1 0 1 1 2 0 0 0 0 1 1 0 2 1 0 0 2 2 1 2
1 0 2 0 2 2 2 0 1 1 0 2 1 1 2 2 1 2 2 0 2 2
0 0 2 1 2 0 2 0 0 0 0 2 0 1 1 1 1 2 1 0 2 2
0 1 2 0 1 0 2 0 0 2 0 2 0 0 2 2 1 1 2 1 2 2
1 1 1 0 1 0 2 0 1 1 0 2 0 0 2 1 1 2 0 1 2 2
1 0 2 0 2 0 2 0 0 1 0 2 0 1 2 2 1 1 0 1 1 2
0 0 2 0 2 1 2 0 1 0 0 2 1 0 2 2 2 2 2 1 2 2
2 1 1 0 2 2 2 0 1 1 0 2 0 0 2 2 1 1 2 1 1 2
1 0 1 1 0 1 2 0 1 1 0 2 1 0 2 1 2 1 1 2 2 2
0 0 1 0 2 0 2 0 0 0 1 2 0 0 2 2 1 0 2 1 2 2
2 0 1 0 1 1 2 0 1 2 0 2 0 0 2 1 1 2 0 2 2 2
0 0 0 1 1 1 2 0 0 1 0 2 0 0 2 1 2 2 2 1 2 2
1 0 1 0 2 2 2 0 0 0 0 2 0 1 2 2 2 2 0 2 2 2
1 0 0 1 2 0 2 0 0 1 1 2 1 1 1 1 2 2 0 1 2 2
1 1 2 0 1 1 2 0 1 1 0 2 0 1 2 2 1 2 1 2 2 2
0 0 1 0 1 1 2 0 1 1 0 2 1 0 2 0 1 2 0 2 1 2
0 0 2 1 2 1 2 0 0 1 0 2 0 0 2 1 0 1 2 1 2 2
0 0 2 0 2 0 2 0 2 0 0 1 0 0 2 1 2 2 0 0 1 2
0 0 1 2 2 1 2 0 1 1 0 2 0 0 1 2 1 2 2 1 1 2
1 0 0 0 1 1 2 0 0 1 0 2 0 0 2 1 2 2 2 1 2 2
2 0 2 0 1 0 2 0 0 1 0 0 0 0 2 1 2 2 1 1 1 2
1 0 1 0 1 0 2 1 1 1 0 1 1 0 2 2 1 2 1 1 1 2
1 2 1 1 2 1 2 0 1 1 0 2 0 1 2 2 1 2 1 2 1 2
0 0 2 1 2 1 2 0 0 1 0 2 1 1 2 2 2 0 2 1 2 2
1 0 2 1 2 0 2 0 0 1 0 2 0 0 2 2 2 2 2 2 1 2
1 0 1 0 2 1 2 0 1 1 0 2 0 2 2 0 2 2 1 0 1 2
0 0 1 0 1 1 2 0 0 1 0 2 1 1 2 1 0 2 2 1 1 2
1 0 0 1 2 1 2 0 0 0 0 2 0 1 2 1 1 2 0 1 2 2
1 1 1 1 2 1 2 0 0 1 0 2 1 1 2 1 2 2 2 1 1 2
0 0 2 1 1 0 2 0 1 0 0 2 0 0 2 2 0 0 1 0 2 2
2 0 0 1 0 1 2 0 0 1 0 2 0 0 2 2 1 1 1 2 2 2
1 0 1 0 1 1 2 0 1 0 0 2 0 1 1 1 1 1 1 2 1 2
0 0 1 0 1 1 2 0 0 2 0 1 0 1 2 1 1 0 1 2 2 2
0 0 2 0 1 1 1 0 2 1 0 2 1 0 2 2 2 1 2 1 1 2
0 0 2 1 1 0 2 0 1 1 0 2 0 0 2 2 1 1 2 1 1 2
0 0 2 0 2 1 2 0 1 1 0 1 2 0 2 1 0 2 1 2 1 2
1 0 1 0 2 1 2 0 1 1 0 2 1 1 2 1 0 2 1 2 2 2
0 0 2 0 2 1 2 0 0 0 0 2 0 0 2 0 2 2 1 1 2 2
0 0 2 0 1 0 2 0 0 1 0 2 0 1 2 1 1 2 0 0 2 2
1 0 0 0 2 2 2 0 0 0 0 2 0 0 2 0 1 0 2 2 2 2
0 0 1 1 2 1 2 0 0 1 0 2 1 0 2 1 2 2 2 0 1 2
1 0 2 0 2 0 2 0 0 0 0 2 0 0 2 1 1 1 1 0 2 2
0 1 2 0 0 0 2 0 1 0 0 0 1 2 2 1 2 1 2 1 2 2
1 0 2 0 1 1 2 0 0 1 1 2 0 0 2 1 1 2 2 1 2 2
2 0 1 1 1 1 2 0 0 1 0 2 0 1 2 1 2 2 0 2 2 2
1 0 2 0 2 2 2 0 0 0 0 2 0 0 2 2 1 1 2 0 1 2
1 0 2 0 2 1 2 0 0 1 0 2 0 0 2 2 0 2 1 0 2 2
0 0 2 0 2 0 2 0 0 1 0 2 0 0 2 0 1 2 2 1 1 2
0 0 2 1 2 0 2 0 0 1 0 1 1 0 1 1 1 2 2 1 1 2
1 0 1 1 2 1 2 0 0 0 0 2 0 1 1 2 2 2 2 2 2 2
1 0 1 1 2 0 2 0 0 0 1 2 0 0 2 1 1 1 1 0 1 2
0 0 2 0 2 0 2 1 2 1 1 2 0 1 1 0 2 2 0 0 1 2
0 0 2 0 1 1 2 0 0 2 1 1 0 0 2 2 1 2 1 1 1 2
0 0 2 0 1 1 2 0 2 1 0 2 1 2 2 2 1 2 2 0 2 2
1 0 1 1 2 1 2 0 0 1 0 2 0 0 2 0 2 2 1 2 1 2
1 0 1 0 2 0 1 0 0 2 0 2 1 1 2 1 0 2 1 2 2 2
1 0 1 0 2 0 1 0 0 0 0 1 0 1 1 2 2 2 1 1 1 2
1 1 2 1 2 0 2 0 1 0 0 2 0 0 1 1 2 2 0 1 1 2
1 0 2 0 1 0 2 0 0 0 0 1 0 0 2 0 0 2 1 0 1 2
0 0 2 0 2 1 2 0 0 1 0 2 0 0 1 1 2 1 0 2 2 2
0 0 1 1 2 2 2 0 0 0 0 2 0 0 2 2 2 0 1 0 2 2
0 0 2 2 2 2 2 0 1 2 0 2 0 1 2 2 0 1 2 1 2 2
1 0 0 1 2 1 2 0 0 2 1 2 1 0 2 2 1 2 1 1 2 2
0 0 2 2 2 0 1 2 1 2 0 2 0 1 1 2 2 2 2 1 1 2
1 0 0 0 2 1 2 0 0 1 0 1 2 0 2 1 1 1 1 1 2 2
0 0 2 1 2 1 2 0 0 2 0 2 1 1 2 0 2 1 1 1 1 2
1 0 2 1 2 0 2 0 0 1 0 2 0 0 2 2 1 1 0 0 2 2
1 0 2 0 2 0 2 0 1 1 0 2 1 0 2 1 0 1 0 1 1 2
1 1 1 1 2 1 2 0 0 1 0 1 0 0 2 2 1 2 0 2 1 2
0 0 2 1 2 0 2 0 0 1 0 2 1 1 2 1 0 1 0 1 2 2
0 0 2 0 1 1 2 0 1 0 0 2 0 0 2 1 2 2 1 2 2 2
1 0 1 0 1 0 2 1 1 0 0 2 0 1 2 1 1 2 0 1 2 2
0 0 2 1 1 2 2 1 0 1 0 1 2 1 2 1 2 2 2 2 1 2
0 0 1 1 2 1 2 0 1 0 0 2 1 1 2 1 2 0 2 2 1 2
2 0 1 2 2 1 2 0 1 1 0 1 1 1 2 0 2 2 0 1 2 2
1 0 1 0 2 0 2 0 1 1 0 2 1 0 0 1 1 1 1 2 0 2
1 0 2 0 2 2 2 0 1 2 0 2 0 1 2 1 0 2 0 1 2 2
2 0 2 1 1 1 2 0 1 2 0 2 0 2 2 1 1 2 1 0 1 2
0 0 2 0 2 0 2 0 0 1 0 1 0 1 2 1 1 1 2 1 2 2
1 1 1 1 2 2 2 1 0 0 0 2 0 1 2 1 2 2 2 2 2 2
1 1 0 0 2 0 2 0 0 2 0 2 0 0 2 1 2 2 1 2 1 2
1 0 1 1 2 1 2 1 1 1 0 1 1 1 2 1 1 2 0 1 2 2
1 0 0 1 2 0 2 0 0 1 0 2 1 1 2 0 2 0 1 1 0 2
0 0 2 0 2 0 2 0 1 1 0 2 1 0 2 2 2 1 2 0 2 2
1 0 1 0 2 1 2 0 0 0 0 2 1 0 2 0 1 2 1 2 1 2
1 0 1 0 2 1 2 0 0 1 0 1 0 0 2 1 1 2 1 1 1 2
1 0 1 1 2 1 2 0 0 0 0 2 1 2 1 1 1 2 2 2 2 2
0 0 2 1 2 0 2 0 0 0 0 2 0 2 2 1 2 2 2 0 2 2
2 0 2 0 2 1 2 0 0 1 0 2 0 1 2 2 0 2 0 1 2 2
0 0 2 0 2 0 2 0 1 1 1 1 0 1 2 2 1 0 1 2 2 2
1 0 2 0 2 0 2 0 1 1 0 0 0 0 2 1 1 1 1 1 1 2
0 0 1 0 2 0 2 0 0 1 0 2 0 0 2 2 1 2 0 0 2 2
1 0 2 0 2 1 2 0 0 1 0 2 0 0 2 2 0 1 1 1 2 2
2 0 1 2 2 0 2 0 1 0 0 2 1 1 1 0 2 2 0 2 2 2
1 0 2 0 1 0 2 0 1 1 0 0 0 0 2 1 2 2 2 1 2 2
1 0 1 1 1 1 2 1 0 1 0 2 0 0 2 2 1 2 1 2 0 2
0 0 1 0 1 1 2 0 0 1 0 2 0 1 2 2 2 1 1 1 1 2
1 0 2 1 2 0 2 0 0 1 0 2 1 0 2 1 2 1 2 1 1 2
1 0 1 1 2 0 2 0 0 0 0 2 0 0 2 1 2 1 1 1 2 2
1 0 2 1 2 0 2 0 0 0 0 2 1 1 2 2 2 2 2 1 2 2
1 0 2 1 2 1 2 0 0 1 0 1 0 0 1 1 1 2 2 1 2 2
1 0 1 0 2 1 2 0 2 0 0 2 0 0 2 0 1 2 2 2 2 2
0 0 2 1 2 0 2 0 0 1 0 2 0 0 2 2 2 1 1 1 2 2
1 0 0 2 2 0 2 0 1 2 0 2 0 0 2 0 0 1 1 1 2 2
1 1 2 1 2 1 2 0 0 2 0 1 0 2 2 2 2 2 0 0 2 2
2 0 1 1 1 1 2 0 0 1 0 2 1 1 2 0 1 2 1 1 1 2
1 1 1 1 0 0 2 0 1 1 0 2 0 0 2 1 2 1 0 1 2 2
0 0 2 2 2 1 2 1 0 1 0 2 0 2 2 2 1 0 1 1 2 2
2 1 2 0 2 0 2 0 1 0 0 1 1 0 2 1 1 2 1 1 0 2
0 0 1 0 2 0 2 0 0 0 0 2 0 0 2 1 1 1 1 1 0 2
0 0 1 2 1 0 2 0 0 0 0 1 1 0 2 1 1 1 1 0 1 2
1 0 2 0 2 0 2 0 1 1 0 2 0 0 1 1 1 1 1 2 2 2
0 0 1 0 2 0 2 0 1 1 0 2 0 0 2 2 1 2 2 1 2 2
1 0 2 1 2 0 2 0 0 0 1 2 1 0 1 1 1 2 1 2 2 2
0 0 2 0 2 2 2 0 1 0 0 2 1 0 1 1 0 1 1 1 1 2
1 0 1 1 2 1 2 0 1 1 0 2 0 0 1 2 2 1 1 2 1 2
1 1 1 0 1 1 2 0 1 1 1 1 0 0 2 2 2 2 0 1 2 2
1 0 2 1 2 0 2 0 0 2 1 2 0 0 1 2 1 1 2 0 0 2
0 1 2 1 2 0 2 0 1 1 0 2 0 0 1 1 1 2 1 0 2 2
1 1 1 0 2 1 2 0 0 0 0 2 0 0 1 2 0 1 2 2 2 2
1 0 1 1 2 1 2 0 1 2 0 2 0 0 2 1 1 1 2 1 2 2
0 1 0 1 2 1 2 0 0 2 0 2 0 0 2 2 1 1 1 2 2 2
0 0 1 1 2 2 2 0 0 1 0 1 1 0 2 1 1 1 1 0 1 2
1 0 1 0 2 1 2 0 2 1 0 2 0 0 2 1 1 1 2 1 2 2
1 0 2 0 2 2 2 0 1 2 0 2 0 1 1 1 1 1 1 0 2 2
0 0 1 1 1 1 2 1 1 1 0 1 0 1 2 2 1 2 0 0 0 2
1 0 2 1 2 0 2 0 0 0 0 2 1 0 2 2 0 2 0 1 1 2
0 0 1 0 2 1 2 0 1 0 0 1 0 1 2 1 0 1 0 1 1 2
2 1 2 1 2 1 2 0 0 1 0 2 0 1 2 2 1 2 1 1 2 2
1 0 1 1 1 1 2 0 1 0 0 2 0 0 2 2 1 2 1 1 2 2
1 0 2 0 2 0 1 0 1 1 1 2 0 0 1 0 2 2 1 2 2 2
0 0 2 1 2 2 2 0 0 1 0 2 0 0 2 2 2 2 1 0 1 2
1 0 2 1 1 1 2 0 1 1 0 2 0 0 2 0 2 2 0 1 2 2
2 0 1 0 2 1 2 0 0 1 0 2 1 0 2 2 1 2 1 2 0 2
1 0 1 0 1 1 2 0 1 1 0 2 0 0 2 0 1 2 2 0 2 2
1 0 2 1 2 1 2 0 0 1 0 1 0 1 1 2 0 2 1 0 1 2
0 0 2 0 2 1 2 0 0 1 0 2 0 1 2 2 1 2 2 0 2 2
1 0 2 0 2 2 2 0 0 1 1 2 1 0 2 2 1 2 1 0 2 2
0 0 2 1 1 1 2 1 1 1 0 2 0 0 1 2 1 1 1 1 2 2
0 0 1 0 2 2 2 0 0 0 0 1 1 0 2 2 1 2 2 1 2 2
2 0 2 1 2 2 2 0 0 1 0 1 1 0 2 2 0 2 2 1 2 2
1 0 2 2 2 2 2 0 0 1 0 2 0 1 2 2 1 1 1 1 1 2
0 0 1 2 2 0 2 0 0 0 0 2 0 0 2 1 1 2 2 1 1 2
1 0 1 0 1 0 2 0 1 1 0 2 0 0 1 1 2 2 1 2 2 2
1 0 1 0 2 0 2 1 0 0 0 2 0 0 2 2 1 1 2 2 1 2
0 0 1 1 2 1 2 0 2 1 0 2 0 1 2 1 1 2 1 1 1 2
2 0 2 0 2 0 2 2 0 0 0 2 0 0 2 2 2 2 1 1 2 2
0 0 2 0 1 0 2 0 0 0 0 1 0 0 2 1 2 2 1 1 2 2
0 0 0 2 2 1 2 0 1 1 0 2 0 0 2 2 1 1 1 2 2 2
0 0 2 0 1 0 2 1 1 0 0 2 0 0 2 2 1 1 1 1 2 2
0 0 2 2 1 0 2 0 1 0 0 2 0 0 2 2 2 1 0 2 2 2
2 0 1 1 1 1 2 0 1 0 0 2 0 0 1 2 0 1 1 0 2 2
0 0 2 0 1 1 2 0 1 2 0 2 0 0 2 2 0 2 2 1 2 2
1 0 2 1 1 2 2 0 1 0 1 2 1 0 1 2 1 2 1 1 2 2
1 2 1 0 1 0 2 0 1 0 0 2 2 1 2 1 2 0 1 1 1 2
0 0 1 0 1 1 2 0 1 2 0 1 0 0 2 1 2 2 2 2 2 2
0 0 0 0 0 0 2 0 1 0 1 2 1 0 1 1 1 2 2 2 2 2
1 0 1 1 1 0 2 0 0 0 0 2 0 0 2 1 1 2 1 0 1 2
0 0 2 0 2 0 2 0 0 0 0 1 0 0 2 0 1 2 0 2 0 2
0 0 2 1 2 0 2 0 1 0 0 2 1 0 2 0 1 2 1 2 2 2
1 0 2 0 2 1 2 0 0 0 0 2 1 1 2 0 0 2 0 1 2 2
0 0 0 1 1 2 2 0 1 1 0 2 1 0 2 2 1 1 1 1 2 2
0 1 0 0 1 0 2 0 0 2 0 2 0 0 2 2 1 2 0 0 1 2
1 0 2 0 1 1 2 0 2 1 0 2 0 0 2 2 1 2 0 0 1 2
1 0 0 1 2 1 2 1 0 1 0 1 0 0 1 1 1 2 2 1 1 2
2 0 1 1 2 0 2 0 2 0 0 2 0 0 2 2 0 1 1 1 2 2
1 0 1 1 2 2 2 1 1 0 0 2 0 0 1 2 2 1 0 2 2 2
1 1 1 1 2 0 2 0 1 0 0 2 1 0 2 0 1 1 1 0 2 2
1 0 1 0 0 2 2 0 0 1 0 2 0 0 2 2 1 2 1 2 2 2
1 0 1 0 2 1 2 0 0 1 0 2 2 0 2 1 1 2 1 1 2 2
1 1 1 1 2 0 2 0 0 1 0 2 0 0 2 0 1 1 2 0 2 2
0 0 2 0 2 1 2 0 1 0 0 1 1 0 2 2 1 2 1 2 2 2
1 0 1 2 2 2 2 0 0 0 0 2 1 2 1 2 1 1 0 1 2 2
1 0 2 0 2 0 2 0 0 2 0 2 0 0 1 1 1 2 2 2 2 2
1 0 2 1 1 0 2 0 0 2 1 2 2 0 2 0 2 2 1 0 2 2
0 0 1 2 2 2 2 0 2 2 0 2 1 1 2 1 2 1 2 2 1 2
0 0 1 1 2 1 2 0 1 1 0 2 0 0 2 2 2 2 0 0 2 2
1 0 2 1 2 0 2 1 1 0 0 2 0 1 2 1 0 1 1 2 1 2
0 0 2 0 0 1 2 0 0 1 0 2 0 1 2 1 1 1 0 1 2 2
1 0 2 0 2 0 2 0 0 1 0 2 0 0 2 2 1 2 0 1 2 2
2 0 1 0 2 1 2 0 0 2 0 2 0 1 2 1 1 2 1 1 1 2
1 0 2 0 2 0 2 0 0 2 0 2 0 0 2 0 1 2 1 1 2 2
1 0 1 0 1 0 2 0 0 1 0 2 1 0 1 2 2 1 1 1 1 2
0 0 2 1 1 0 2 0 1 0 0 2 0 1 2 1 2 2 0 1 2 2
1 0 2 1 1 2 2 0 0 2 0 2 2 1 2 2 2 2 2 0 2 2
1 1 1 0 1 1 2 0 0 0 0 2 0 0 2 2 2 1 1 0 1 2
1 0 0 0 2 0 1 0 0 2 0 2 0 0 0 1 1 1 0 1 1 2
0 0 1 0 2 1 2 0 0 2 0 2 0 0 2 1 2 1 1 2 2 2
1 0 1 0 2 1 2 0 0 2 1 2 0 0 2 1 0 2 2 1 1 2
1 0 2 1 1 2 2 0 0 1 0 2 0 2 2 2 1 2 1 2 1 2
1 0 2 0 2 1 2 0 0 1 0 2 0 0 2 0 2 2 1 1 1 2
2 0 1 0 1 1 2 0 1 1 0 2 0 0 2 2 0 2 1 1 1 2
1 0 1 0 1 0 2 0 0 1 0 1 0 0 2 0 0 2 0 1 2 2
1 0 2 1 2 1 2 0 1 1 1 2 0 1 2 2 1 2 1 0 1 2
0 0 2 2 2 1 2 0 1 0 0 2 0 1 2 2 0 2 1 1 1 2
0 1 1 1 1 0 2 0 0 0 0 2 0 0 2 2 2 2 1 1 2 2
0 0 2 1 1 0 2 0 1 1 0 2 1 0 2 2 0 1 1 1 2 2
1 0 1 0 2 2 2 0 0 0 0 1 1 0 2 2 1 2 2 1 2 2
0 0 2 0 1 0 2 0 1 0 0 2 0 1 2 1 2 1 1 0 1 2
2 0 2 1 2 0 2 1 1 2 2 1 0 0 2 1 1 1 1 1 1 2
1 0 1 0 1 0 2 0 2 0 1 2 0 2 1 2 1 2 1 2 2 2
1 1 2 0 1 0 2 0 0 2 0 2 0 0 2 2 1 2 2 0 2 2
1 0 1 0 2 1 2 0 0 1 1 1 0 0 1 0 2 2 1 2 2 2
1 0 1 1 2 0 2 0 0 1 0 2 0 0 2 2 1 2 1 2 1 2
0 1 2 0 1 1 2 0 0 1 1 2 1 0 2 2 2 1 0 0 1 2
1 2 0 1 2 1 2 0 1 1 0 2 0 1 2 0 2 1 0 1 2 2
0 0 1 0 2 0 2 0 1 2 0 2 0 0 1 2 1 2 1 0 1 2
0 1 2 2 2 0 2 0 1 1 0 2 0 0 2 2 2 1 1 0 0 2
0 0 2 1 2 1 2 0 0 1 0 1 1 0 1 2 1 2 2 0 2 2
1 1 1 1 2 2 2 0 1 1 1 2 0 1 2 1 2 2 0 1 2 2
0 0 1 1 2 1 2 0 0 1 0 1 1 1 2 2 2 2 1 1 1 1
2 0 1 0 2 1 2 0 0 2 1 2 0 0 2 0 1 2 0 2 2 2
0 1 2 0 1 0 2 0 0 2 0 2 0 1 1 1 1 2 2 0 1 2
0 0 1 1 1 0 2 0 0 0 0 2 1 0 2 2 1 2 2 1 2 2
1 0 2 0 2 1 2 0 0 1 0 2 0 1 2 0 0 1 1 1 1 2
1 0 1 1 2 1 2 0 1 0 0 2 0 1 2 2 2 2 1 2 2 2
1 1 2 0 1 0 2 0 0 2 0 2 1 1 2 2 2 2 1 1 1 2
1 0 1 0 2 1 2 0 0 0 0 2 0 0 2 0 2 2 2 1 2 2
1 0 1 0 1 1 2 0 1 1 0 2 0 0 1 1 2 2 0 1 2 2
1 0 2 0 1 1 2 0 0 1 0 2 1 0 2 1 1 1 1 2 2 2
1 1 1 0 2 1 2 0 0 0 0 2 0 0 2 2 2 0 1 1 2 2
0 0 1 1 2 0 2 0 0 1 0 1 1 0 1 2 1 2 1 1 1 2
1 1 0 0 2 1 2 0 0 0 1 2 0 1 1 1 1 2 2 1 0 2
1 0 2 0 2 0 2 0 1 1 0 2 0 0 2 2 1 1 2 2 2 2
0 0 2 1 2 1 2 0 1 0 0 2 0 0 2 2 1 2 0 1 1 2
0 0 2 0 1 1 2 0 1 0 0 2 0 1 2 2 0 2 2 1 2 2
0 0 2 1 2 0 2 0 0 1 0 2 0 0 1 1 0 2 1 1 1 2
2 1 2 0 2 0 2 0 0 1 0 2 0 0 2 1 2 2 1 2 1 2
0 0 1 1 1 1 2 0 0 1 0 2 0 0 1 2 0 2 0 0 1 2
2 0 0 0 1 0 2 0 1 0 0 2 1 0 2 1 1 2 1 0 1 2
0 0 2 0 2 0 2 0 1 1 0 2 0 0 1 1 1 2 1 2 2 2
0 0 2 1 2 0 2 0 0 1 1 2 1 1 2 2 1 1 1 1 2 2
0 0 1 0 1 0 2 1 0 1 0 2 0 0 2 2 0 2 0 2 2 2
1 0 2 1 2 0 2 0 2 2 0 2 0 1 2 2 1 2 2 2 1 2
1 0 2 1 2 1 2 0 1 1 0 2 0 0 2 1 0 2 1 1 2 2
2 0 1 0 2 0 2 0 0 0 0 2 0 1 2 2 1 2 0 1 2 2
0 0 2 1 2 1 2 1 0 0 0 2 0 1 2 1 2 2 1 2 2 2
1 1 1 1 1 1 2 1 0 1 0 2 0 0 2 1 2 2 1 0 2 2
1 0 1 0 2 2 2 0 0 0 0 2 1 1 1 0 1 2 2 1 1 2
1 0 2 1 2 1 2 0 1 1 1 1 0 0 2 1 1 2 1 0 1 2
0 0 1 1 2 0 2 0 0 0 1 2 0 0 1 2 1 1 2 1 2 2
1 1 1 1 2 0 2 0 0 1 0 2 0 0 2 1 1 2 1 1 2 2
0 0 1 2 2 0 2 0 0 1 0 2 1 1 1 2 2 2 0 1 2 2
0 0 2 1 2 1 2 0 0 0 1 1 1 0 2 1 1 2 0 2 2 2
2 0 2 1 2 0 2 0 1 1 0 1 1 0 2 2 2 2 1 2 1 2
1 1 1 1 1 0 2 0 1 1 0 2 0 0 2 2 0 1 1 0 2 2
1 0 1 0 1 2 2 0 0 2 0 2 0 0 2 2 2 1 1 1 1 2
1 1 1 1 1 0 2 0 0 0 0 2 1 2 2 2 2 2 1 1 2 2
2 0 2 0 1 0 2 0 0 1 0 2 0 0 1 1 1 2 1 0 2 2
0 0 2 0 1 0 2 0 0 0 0 2 1 0 1 1 2 2 0 1 1 2
1 0 1 0 2 1 2 0 0 1 0 2 0 0 0 1 1 1 2 1 2 2
1 1 2 1 2 0 2 0 0 0 0 2 0 0 2 2 2 2 2 1 2 2
1 0 1 0 2 0 2 0 2 1 0 2 0 1 2 2 2 2 2 1 1 2
0 0 1 1 2 2 2 0 1 0 0 2 0 0 2 1 2 2 2 2 1 2
2 0 2 0 2 1 2 0 0 0 0 2 0 0 1 2 2 2 1 0 2 2
0 0 2 0 1 2 2 0 1 2 0 2 1 0 2 1 0 1 1 0 2 2
0 0 2 0 2 1 2 0 0 1 1 1 1 2 2 1 0 2 1 2 2 2
2 0 0 1 2 0 2 0 0 1 0 1 0 0 2 2 2 1 1 0 0 2
1 0 1 1 1 0 2 0 0 1 0 2 1 0 2 1 1 2 1 2 2 2
0 0 2 0 2 1 2 0 0 2 0 2 2 0 2 0 1 1 2 1 2 2
0 0 1 0 1 1 2 0 0 0 1 2 0 1 2 1 1 2 1 2 2 2
1 0 0 2 0 0 2 0 1 1 0 2 0 0 2 2 1 1 0 0 1 2
1 0 2 1 2 0 2 0 1 1 0 1 0 0 2 1 2 1 1 0 2 2
1 0 2 2 2 1 2 0 0 0 0 2 1 1 2 1 2 1 1 2 2 2
0 0 1 0 1 0 2 0 0 1 0 2 0 0 2 1 1 2 0 0 2 2
1 0 1 0 1 0 2 0 0 0 0 2 0 0 2 0 2 1 0 2 2 2
0 0 2 0 1 0 2 0 2 1 0 2 1 0 1 1 2 1 1 1 2 2
0 0 2 0 1 1 2 0 0 1 0 2 0 1 1 0 1 2 1 0 2 2
1 0 0 0 2 1 2 0 1 2 1 2 1 0 2 1 2 1 0 0 1 2
0 0 1 1 2 2 2 0 0 0 0 2 1 1 2 2 1 2 0 1 2 2
0 0 1 0 1 1 2 0 0 0 0 2 0 1 2 0 2 1 1 1 1 2
1 0 2 1 1 1 2 0 1 1 1 2 1 1 2 2 1 2 1 1 1 2
1 1 1 0 1 0 2 0 0 1 0 2 1 1 1 0 2 1 1 2 2 2
1 0 2 1 2 1 2 0 1 0 0 1 0 0 1 1 1 2 1 1 2 2
0 0 0 0 2 1 2 0 1 2 0 2 0 1 2 1 1 2 1 2 2 2
0 0 2 0 1 0 2 0 1 2 2 2 0 1 1 1 1 0 2 1 1 2
2 0 2 0 1 1 2 0 0 0 1 2 1 0 2 2 2 2 2 0 2 2
0 0 2 0 2 0 2 0 1 0 0 2 0 0 2 1 1 2 0 1 2 2
0 0 2 2 0 1 2 0 0 1 0 1 0 0 2 1 1 2 0 0 1 2
1 0 0 0 2 1 2 0 0 0 0 2 0 1 2 1 0 1 0 0 2 2
0 0 1 2 1 1 2 0 0 2 0 1 1 0 2 2 1 1 1 1 2 2
0 0 1 1 2 0 2 0 0 0 1 1 2 0 2 2 2 2 0 1 2 2
0 0 2 1 2 2 2 0 1 1 0 2 0 0 2 1 2 2 1 0 1 2
2 1 0 1 0 2 2 0 0 2 0 2 1 0 1 1 1 2 0 2 1 2
0 1 2 0 1 0 2 1 1 1 1 2 0 0 2 1 2 1 1 1 2 2
1 0 2 1 2 0 2 0 1 0 0 2 0 0 1 1 1 2 1 2 2 2
1 0 1 0 2 0 2 0 0 0 0 2 0 1 2 1 0 2 2 1 1 2
0 0 2 0 2 0 2 0 0 2 0 2 0 1 1 1 1 1 1 0 1 2
1 1 2 0 2 0 2 0 0 1 0 2 0 1 2 2 1 1 0 1 0 2
0 0 2 2 2 0 2 0 0 0 0 2 0 1 1 2 1 2 0 0 1 2
2 0 0 1 1 1 2 0 1 1 0 2 0 0 2 1 0 1 0 2 1 2
0 1 2 1 2 1 2 0 2 1 1 2 0 0 2 0 1 2 0 0 2 2
2 0 2 0 1 1 2 0 0 1 0 2 0 1 1 0 1 1 2 1 2 2
1 0 0 2 2 0 1 0 0 0 0 2 0 0 2 1 1 1 2 0 2 2
2 0 1 0 1 0 2 0 1 0 0 1 1 0 2 1 1 1 0 0 2 2
1 2 2 0 1 1 2 0 1 2 0 2 0 0 2 1 2 1 1 2 2 2
1 1 1 0 1 1 2 0 0 0 0 2 0 1 1 2 2 1 1 2 1 2
1 0 1 0 2 2 2 0 1 2 0 2 0 0 1 1 2 1 0 2 2 2
1 0 1 0 1 0 2 0 0 0 0 2 0 0 2 1 2 2 1 0 2 2
1 0 2 0 2 1 2 0 0 1 2 1 0 1 1 2 1 1 1 0 2 2
1 0 1 1 2 1 2 0 0 1 0 2 0 0 2 2 2 2 1 1 0 2
0 0 2 2 1 1 2 0 0 0 0 1 0 0 2 1 2 1 1 1 1 2
1 0 2 0 2 1 2 0 0 1 1 2 1 0 2 2 0 1 0 1 2 2
2 0 0 1 2 1 2 1 2 0 0 1 0 1 2 1 1 2 0 0 1 2
1 0 2 1 1 1 2 0 0 1 0 2 0 0 1 2 2 2 1 2 1 2
0 0 2 0 1 1 2 0 0 2 0 1 2 1 2 1 1 2 0 1 2 2
0 0 1 0 1 0 2 0 0 0 0 1 0 0 2 1 1 2 0 2 2 2
0 0 2 0 1 0 2 0 1 1 0 2 1 0 1 2 0 1 2 0 2 2
1 0 2 1 2 0 2 0 0 2 1 2 0 0 1 2 2 2 1 1 2 2
0 0 1 0 1 2 2 0 1 1 1 2 2 0 2 0 1 1 0 1 2 2
0 0 0 1 1 1 2 0 1 1 0 2 0 0 2 0 1 2 1 2 0 2
0 0 1 1 1 0 2 0 1 1 0 2 0 0 1 2 1 2 2 0 2 2
1 0 2 1 2 0 2 0 1 1 0 2 0 1 2 2 0 1 1 2 2 2
1 0 1 2 2 1 2 0 0 2 0 1 0 0 2 1 1 2 2 2 1 2
2 0 2 1 1 1 2 0 0 0 0 1 1 1 2 2 1 2 0 1 2 2
0 0 1 0 1 0 2 0 0 1 0 2 0 1 2 1 1 2 0 1 2 2
1 0 0 0 1 1 2 0 1 1 0 2 0 1 2 2 1 0 2 1 1 2
2 0 2 1 2 1 2 0 0 0 0 1 0 1 2 2 1 2 1 1 2 2
0 0 2 2 2 1 2 0 1 0 1 2 0 0 1 1 0 1 1 1 2 2
1 0 0 0 2 1 2 0 2 1 0 2 0 0 2 2 1 2 0 1 2 2
1 0 1 2 2 0 2 0 0 1 0 1 0 1 2 2 2 2 1 1 2 2
1 0 2 1 2 0 2 0 0 1 0 2 0 1 2 1 2 2 2 1 1 2
2 0 2 0 1 0 2 0 2 2 0 2 0 1 2 1 1 2 0 0 1 2
1 0 1 0 1 1 2 0 1 1 0 2 0 0 2 1 1 1 1 2 2 2
0 0 0 0 2 1 2 0 0 1 0 2 0 0 1 1 2 2 1 0 1 2
0 0 2 1 2 0 2 0 0 1 0 1 1 0 2 1 2 0 1 0 2 2
1 0 2 0 1 0 2 0 0 1 0 2 0 1 2 1 0 1 0 1 2 2
1 0 1 1 1 1 2 1 1 0 0 2 0 0 2 2 1 2 1 0 1 2
2 0 2 1 2 1 2 0 2 1 0 2 0 1 2 2 1 1 1 2 0 2
0 0 2 0 2 0 2 0 0 2 0 2 0 0 1 1 2 2 0 1 1 2
0 0 1 1 1 2 2 0 0 0 0 1 0 0 2 2 1 2 1 2 1 2
0 0 2 0 2 0 2 0 1 1 0 2 0 0 1 2 2 2 1 1 1 2
1 0 2 1 2 1 2 0 0 0 0 2 0 0 1 1 0 2 2 1 2 2
1 0 2 0 1 0 2 0 0 0 0 2 0 0 2 1 2 2 0 2 1 2
1 0 2 1 2 1 2 0 1 0 0 2 1 0 1 1 0 2 1 1 1 2
1 0 2 2 2 0 2 0 0 0 0 1 0 1 2 2 1 1 0 1 1 2
0 0 1 0 1 0 2 0 1 0 0 2 0 1 2 0 2 1 2 1 2 2
1 0 2 1 2 0 2 0 0 0 1 2 1 0 2 0 1 0 2 0 1 2
1 0 1 0 2 2 2 0 1 1 0 2 0 0 2 0 1 0 2 0 2 2
1 0 1 1 2 0 2 0 1 1 0 2 0 1 2 1 2 2 2 0 2 2
0 0 2 0 1 1 2 0 0 1 0 1 0 0 2 0 1 1 2 1 1 2
1 1 0 0 1 0 2 0 1 1 0 2 0 0 2 2 2 1 1 0 1 2
2 0 2 0 2 2 2 0 1 1 0 1 0 1 1 1 1 2 1 0 2 2
1 0 2 0 2 0 2 0 1 0 0 1 1 1 2 1 0 2 1 1 1 2
0 0 1 0 2 2 2 0 0 2 0 2 0 0 2 1 2 1 1 2 1 2
2 0 2 1 1 0 2 0 1 1 0 2 0 0 0 1 1 1 1 0 1 2
0 0 0 1 0 0 2 0 1 1 2 2 0 0 2 1 0 2 1 2 1 2
1 0 1 0 2 0 2 0 1 0 0 2 0 0 1 1 2 1 1 1 1 2
0 0 2 0 0 0 2 0 0 1 0 2 0 2 2 0 0 1 2 0 1 2
0 0 2 1 1 1 2 0 0 1 0 1 0 0 2 1 0 2 1 2 2 2
0 0 1 0 2 1 2 0 1 1 0 2 1 0 1 0 1 2 1 1 2 2
1 0 1 1 1 0 2 0 1 0 0 2 1 0 2 2 1 2 1 1 2 2
1 0 1 2 2 1 2 0 0 0 0 2 0 0 1 2 0 2 1 2 2 2
1 0 1 0 2 0 2 1 2 1 0 2 0 1 2 0 2 2 2 1 1 2
0 0 2 1 2 1 2 0 0 1 0 1 0 0 2 1 0 1 1 2 2 2
1 0 2 0 1 1 2 0 1 2 0 2 0 0 2 2 0 1 2 1 1 2
0 1 1 1 2 0 2 0 0 2 0 1 1 0 1 1 1 2 0 0 2 2
0 1 2 1 2 0 2 0 0 1 0 2 1 1 2 2 1 2 1 0 1 2
1 0 1 2 2 0 2 0 1 0 0 2 0 0 2 1 1 1 0 2 1 2
0 0 2 0 1 2 2 0 0 0 1 1 0 1 2 1 1 0 0 1 2 2
1 0 1 2 2 1 2 0 0 1 0 1 0 1 1 0 0 1 0 1 2 2
1 0 2 1 2 1 2 0 0 0 0 1 1 0 2 0 1 1 1 2 2 2
0 0 2 0 2 0 2 0 1 1 0 2 0 0 1 1 2 2 2 1 2 2
1 0 2 0 2 1 2 0 1 1 0 2 0 0 2 2 1 1 1 2 2 2
1 0 2 2 1 2 2 0 2 0 0 2 1 0 1 2 0 1 1 2 0 2
1 0 2 1 2 0 2 0 2 1 0 2 1 1 1 2 1 2 0 0 1 2
1 0 2 0 2 0 2 0 0 0 0 2 1 0 2 2 1 2 1 2 2 2
1 0 1 0 2 1 2 0 1 1 0 2 0 0 1 2 2 2 1 1 2 2
1 0 2 0 2 2 2 0 1 0 0 2 1 1 1 2 1 2 1 1 2 2
1 1 0 0 2 1 2 0 0 1 0 2 0 0 2 1 2 2 2 1 1 2
1 0 1 1 1 1 2 0 0 0 0 2 0 1 2 1 1 2 1 2 2 2
0 0 2 0 2 1 2 0 0 1 0 2 0 0 1 1 1 2 1 1 2 2
2 0 1 0 2 0 2 0 0 1 0 2 1 1 2 1 1 1 1 2 2 2
1 0 1 1 2 0 2 1 1 1 0 1 0 1 2 1 1 1 0 1 0 2
1 0 2 0 2 1 2 0 0 1 0 2 0 0 2 2 2 1 0 1 1 2
1 0 1 0 2 2 2 0 1 1 0 2 1 0 2 1 0 2 1 1 1 2
0 0 2 1 2 0 2 0 0 0 0 2 1 0 1 2 1 2 1 1 1 2
1 0 2 1 1 0 2 0 0 1 0 2 1 1 2 1 1 2 1 2 0 1
0 0 2 1 1 1 2 0 0 0 0 1 0 0 1 2 1 2 2 0 2 2
1 0 1 1 1 1 2 0 0 1 0 2 0 0 2 1 1 1 0 1 1 2
0 0 1 0 2 0 2 0 2 0 0 2 0 1 2 2 0 1 2 1 2 2
1 0 1 2 2 1 2 0 1 1 0 1 1 0 2 2 2 2 2 1 1 2
2 2 2 0 2 0 2 0 1 1 0 2 1 0 2 1 2 2 1 1 1 2
1 0 1 0 2 1 2 0 1 1 0 2 0 1 2 0 2 2 2 0 2 2
1 0 2 0 2 1 2 0 1 0 0 2 0 1 2 0 2 2 2 2 2 2
1 1 2 1 2 1 2 0 1 1 0 2 0 1 1 1 1 0 0 2 1 2
0 0 2 2 1 0 2 0 0 0 0 2 0 0 2 2 2 2 1 2 2 2
1 1 2 1 2 2 2 1 0 1 0 2 0 0 2 1 1 2 1 1 1 2
1 0 0 0 1 2 2 0 0 1 0 2 1 1 2 2 0 2 1 2 1 2
1 0 2 0 2 0 2 0 1 0 0 1 0 1 2 0 1 2 1 1 2 2
0 0 1 1 1 2 2 0 1 0 0 2 0 1 2 1 2 0 1 1 2 2
1 0 2 2 2 0 2 0 1 1 0 2 1 1 2 1 1 2 1 1 2 2
1 0 0 1 2 0 2 0 0 0 0 1 1 1 2 1 2 2 2 2 2 2
1 0 1 2 1 0 2 0 0 1 0 2 0 0 2 1 1 2 0 2 2 2
1 0 2 0 2 0 2 0 1 0 1 2 0 1 2 2 2 1 1 2 2 2
2 0 1 0 2 0 2 0 0 1 1 2 0 0 2 1 1 2 1 1 1 2
0 0 2 0 2 0 2 0 1 1 0 2 0 0 2 1 1 1 1 0 1 2
1 0 2 0 2 0 2 0 2 0 0 2 0 1 2 1 1 2 2 1 2 2
1 0 1 0 2 1 2 0 0 1 0 1 0 0 1 1 1 1 0 2 1 2
