rs1408417 rs6686148 rs7575453 rs3821073 rs2595389 rs6438553 rs842461 rs10482672 rs1462493 rs4295694 rs16908021 rs7921429 rs6480223 rs997376 rs10444246 rs7301939 rs7333607 rs4646560 rs6499244 rs12327220 rs10408676 rs6061834
0 0 2 2 1 1 0 0 0 2 0 0 0 0 1 0 2 1 1 2 2 0
0 1 2 2 0 2 0 0 1 0 0 0 1 0 2 0 2 0 2 2 2 1
0 1 2 2 1 2 0 0 1 2 0 0 0 0 0 1 0 1 0 1 2 0
0 1 2 2 0 1 1 1 0 0 0 1 2 0 1 1 0 1 1 1 2 1
1 0 2 2 0 2 0 1 0 1 0 2 2 0 2 1 2 0 2 0 2 0
2 0 1 2 0 2 0 0 0 1 0 0 1 0 2 0 2 1 2 0 2 1
1 0 2 2 1 1 0 1 0 2 0 1 1 0 0 0 0 1 1 2 2 1
0 0 2 2 0 0 0 1 0 0 0 1 0 0 2 1 2 0 1 1 2 1
0 0 2 2 1 2 0 0 1 1 0 1 1 0 2 0 2 1 0 2 2 1
1 0 2 2 1 1 0 0 0 1 0 0 0 0 1 1 2 1 0 2 2 1
1 0 1 2 2 2 0 0 1 1 0 2 0 0 2 2 1 1 2 2 2 0
1 0 2 2 0 1 0 0 0 1 0 0 0 0 2 2 2 1 2 1 2 0
0 0 2 2 0 1 0 0 0 2 0 0 0 0 1 1 1 0 1 2 2 2
2 0 2 2 1 0 0 0 0 1 0 0 0 0 1 0 2 0 0 1 2 2
0 0 2 2 0 1 1 0 0 2 0 1 1 0 2 1 0 1 2 2 2 2
0 0 2 2 2 2 1 1 0 0 0 1 1 0 1 1 2 1 0 1 2 0
2 0 2 2 1 1 0 1 1 1 0 1 0 0 1 0 1 1 2 2 2 0
1 0 2 2 1 2 0 0 0 0 0 1 1 0 2 1 2 2 2 1 2 1
0 0 2 2 2 1 0 0 0 0 0 0 1 2 2 0 2 1 1 2 2 0
1 1 2 2 0 1 1 0 1 1 0 0 0 0 2 0 2 1 2 1 2 1
0 0 2 2 1 0 1 0 1 2 0 2 0 1 1 0 2 0 2 2 2 0
0 0 1 2 1 0 1 0 1 1 0 1 0 0 1 1 2 0 2 0 2 1
0 0 2 2 0 0 0 0 1 1 0 1 0 0 2 1 2 0 2 1 2 2
0 0 2 2 1 1 0 0 1 0 0 2 1 1 1 0 0 1 0 2 2 1
0 0 2 2 0 1 1 1 0 1 0 0 0 0 2 1 1 1 1 1 2 2
0 0 2 2 0 0 0 1 0 2 0 1 0 0 1 2 1 1 2 1 2 1
0 0 2 2 0 1 0 0 1 2 0 2 0 0 0 1 1 0 1 1 2 2
1 0 2 2 1 1 0 0 0 1 0 0 0 0 2 2 1 0 1 2 2 1
0 0 2 2 0 1 1 2 1 1 0 1 0 0 2 1 2 0 1 1 2 1
0 0 2 2 1 1 1 1 1 0 0 0 0 0 2 2 2 1 1 2 2 1
0 0 2 2 2 2 0 0 0 1 0 0 0 0 2 2 2 1 1 1 2 1
0 0 2 2 1 2 0 0 1 1 0 0 0 0 2 0 2 2 2 1 2 0
0 0 2 2 1 0 0 0 1 1 0 1 0 0 1 0 2 0 2 2 2 1
2 0 2 2 1 2 0 0 1 1 0 0 1 1 2 0 2 0 1 1 2 1
0 0 2 2 1 1 1 0 1 0 0 2 0 0 2 0 2 1 1 1 2 1
0 0 2 2 1 1 1 0 0 0 0 1 0 0 2 1 2 1 2 1 2 1
0 0 2 2 1 2 0 0 0 1 0 1 1 0 1 0 2 1 1 2 2 1
0 0 2 2 2 2 2 1 1 0 0 1 0 0 1 1 2 1 1 2 2 1
2 0 2 2 0 2 0 1 0 1 0 1 0 0 1 1 1 2 1 2 2 0
0 0 2 2 0 0 0 0 0 0 0 1 0 0 2 2 2 1 1 1 2 1
1 0 2 2 2 1 0 0 1 1 0 1 0 0 2 1 1 0 1 2 2 1
0 0 2 2 1 1 1 0 0 2 0 1 0 1 2 1 0 0 0 2 2 1
0 0 2 2 1 2 0 0 0 1 0 1 0 0 2 0 1 2 1 2 2 2
0 0 1 2 2 1 0 0 0 2 0 1 1 0 2 2 2 1 1 2 2 0
0 0 2 2 1 0 0 0 1 0 0 0 0 0 2 1 0 1 1 2 2 0
2 0 2 2 1 1 0 0 1 0 0 1 0 0 2 1 2 1 1 1 2 1
0 0 2 2 1 1 0 2 0 1 0 1 0 0 1 1 2 1 1 2 2 0
1 0 2 2 1 1 0 1 0 1 0 0 1 0 2 1 1 2 1 1 2 2
0 0 2 2 1 2 1 0 0 1 0 1 0 0 2 1 1 2 1 2 2 2
0 0 2 2 0 2 1 0 1 1 0 1 0 0 2 0 0 0 2 0 2 2
0 0 2 2 0 2 1 1 0 0 0 2 0 1 2 2 0 2 1 1 2 1
0 0 2 2 0 2 2 1 1 2 0 1 0 1 1 2 2 1 2 0 2 2
0 0 2 2 2 2 0 0 0 1 0 0 1 1 1 1 2 2 1 0 2 1
0 0 2 2 1 1 1 1 0 2 0 1 1 1 2 1 1 0 0 2 2 1
2 0 2 2 0 1 1 0 0 2 0 0 0 0 2 1 1 0 1 2 2 1
1 0 2 2 2 1 0 0 1 1 1 1 0 0 2 2 2 0 1 2 2 1
1 0 2 2 1 2 0 0 0 1 0 1 0 0 2 0 1 0 1 2 2 1
0 0 2 2 1 2 0 1 0 0 0 1 1 0 1 1 1 0 1 1 2 0
0 0 2 2 2 1 0 0 0 1 0 2 0 1 1 1 2 1 2 2 2 2
0 0 2 2 0 2 0 0 1 1 0 0 0 0 2 1 1 1 1 2 2 0
0 0 2 2 0 2 0 0 0 1 0 0 0 0 1 1 2 1 0 1 2 2
1 0 2 2 0 1 1 0 0 2 0 1 0 0 1 1 1 0 0 2 2 0
0 0 2 2 1 1 0 0 1 1 0 2 0 1 2 0 1 1 2 2 2 0
0 0 2 2 2 1 0 1 0 2 0 0 1 0 2 1 2 1 1 1 2 1
0 0 1 2 1 0 1 0 1 2 0 1 0 0 1 2 2 2 1 2 2 2
0 0 2 2 1 1 0 0 0 0 0 0 0 0 2 2 1 0 2 1 2 0
0 0 2 2 2 2 0 1 1 1 0 1 0 0 2 2 1 2 1 1 2 2
0 0 2 2 1 2 0 0 0 1 0 0 0 0 2 2 1 0 0 1 2 1
1 0 2 2 2 2 0 0 0 0 0 1 0 0 2 1 2 1 1 1 2 2
0 0 2 2 1 2 1 0 1 0 0 1 0 1 1 0 2 1 2 2 2 1
0 0 1 2 0 2 0 0 0 1 0 2 0 1 1 1 2 2 2 2 2 2
0 0 2 2 1 0 0 0 0 2 1 1 0 0 1 1 2 2 0 2 2 2
0 0 2 2 1 2 1 0 0 1 0 0 1 0 2 0 1 1 1 1 2 0
0 0 2 2 1 0 1 0 0 0 1 0 1 1 2 2 1 1 1 2 2 2
0 0 2 2 0 0 0 0 1 2 0 1 0 0 1 0 1 0 1 0 2 0
1 1 2 2 0 1 1 0 1 0 0 1 0 0 1 0 2 1 0 2 2 0
0 1 2 2 0 1 2 0 0 0 0 0 1 1 2 2 2 1 0 1 2 0
0 0 1 2 1 1 0 0 0 2 0 0 0 0 2 0 2 1 1 1 2 1
0 0 2 2 1 1 1 0 0 0 0 1 0 0 0 2 2 1 0 2 2 1
1 0 2 2 2 1 0 0 0 2 0 0 1 1 1 1 1 0 1 1 2 1
1 0 2 2 0 1 0 0 1 0 0 0 0 0 1 1 2 2 2 2 2 1
0 0 2 2 1 2 0 0 1 1 0 0 0 0 2 1 2 1 1 2 2 1
1 0 2 2 2 2 0 0 0 2 0 1 0 0 2 0 1 2 0 2 2 1
2 0 1 2 0 1 0 2 1 2 0 1 0 1 2 1 1 1 1 2 2 0
0 0 2 2 1 1 0 1 0 2 0 1 1 1 2 1 1 1 0 1 2 0
1 0 2 2 1 1 1 0 0 1 0 0 0 1 1 0 2 0 1 1 2 0
1 0 1 2 1 2 2 0 1 1 0 1 0 0 0 1 2 2 2 2 2 1
1 0 2 2 1 1 1 0 1 0 0 1 0 0 2 1 2 0 2 2 2 1
0 1 2 2 0 1 0 0 0 1 0 1 0 0 2 1 1 2 1 1 2 1
2 1 2 2 2 0 1 0 0 1 0 0 1 0 2 1 2 1 1 1 2 0
1 0 2 2 0 2 0 0 0 1 0 0 1 0 2 1 2 2 1 1 2 1
0 0 2 2 0 1 0 0 1 1 0 0 0 0 2 1 1 1 1 2 2 0
1 0 2 2 2 0 1 1 0 1 0 1 0 0 1 1 1 0 2 1 2 1
1 0 2 2 1 0 0 0 0 0 0 2 0 0 2 0 2 0 2 1 2 2
1 0 2 2 0 1 2 0 0 0 0 1 0 0 2 1 2 0 2 1 2 1
1 0 2 2 1 2 2 0 1 1 0 0 0 0 2 2 2 0 2 2 2 2
0 0 2 2 2 1 1 1 0 1 0 1 1 0 1 0 1 0 2 2 2 1
0 0 0 2 1 2 0 0 0 2 0 0 1 2 0 1 2 2 1 1 2 1
0 0 2 2 2 2 0 0 1 1 0 1 0 0 1 1 1 1 2 1 1 2
0 1 2 2 1 1 0 0 0 1 0 1 0 0 2 2 1 1 2 2 2 1
1 0 2 2 1 0 0 0 0 1 0 0 0 0 2 2 0 1 1 1 2 0
0 0 2 2 2 1 0 0 0 2 0 1 0 0 2 0 2 0 1 0 2 1
0 1 2 2 1 1 0 0 0 2 0 1 0 0 2 0 1 1 1 2 2 1
0 0 2 2 2 2 0 1 0 0 0 2 0 0 1 0 1 1 2 2 2 1
0 0 2 2 1 2 0 0 0 2 0 0 0 0 1 1 2 1 2 2 2 1
0 1 2 2 0 1 2 1 0 2 0 0 0 1 2 1 2 0 1 1 2 1
1 1 2 2 1 2 0 1 0 2 0 1 1 1 2 1 2 2 1 2 2 2
0 0 2 2 1 1 1 1 0 0 0 0 0 1 2 0 2 1 2 2 2 1
0 0 2 2 1 0 1 0 0 1 0 1 0 1 1 1 2 0 1 0 2 2
1 1 2 2 0 2 1 1 0 1 0 1 0 0 2 0 2 1 2 1 2 1
1 0 2 2 1 1 0 0 0 1 0 1 0 0 2 1 0 0 1 1 2 1
0 0 2 2 1 0 0 1 0 1 0 0 1 0 2 1 1 0 0 1 2 0
0 0 1 2 0 2 0 0 0 1 0 0 1 0 2 2 2 1 0 1 2 0
1 0 1 2 0 1 0 0 1 1 0 0 0 0 2 0 2 2 1 1 2 0
0 0 2 2 1 1 1 0 0 0 0 0 1 0 2 1 2 0 1 1 2 1
0 0 2 2 1 0 0 1 0 1 0 0 0 0 2 1 2 0 2 2 2 2
0 0 2 2 0 0 0 0 0 1 0 1 0 0 2 1 2 2 2 1 2 1
1 1 2 2 2 1 1 0 0 1 0 0 0 0 2 1 1 0 2 0 2 0
1 0 1 2 2 1 0 1 0 0 0 0 0 0 1 2 2 1 0 1 2 1
0 0 2 2 2 1 0 0 2 0 0 1 1 1 1 2 1 1 1 0 2 2
1 0 1 2 1 0 1 1 1 2 0 1 1 0 1 2 2 0 1 1 2 0
0 0 1 2 0 1 1 0 1 0 0 1 1 1 2 2 1 0 0 2 2 1
1 0 2 2 1 1 0 0 1 2 0 1 0 0 2 1 2 0 2 2 2 0
0 0 2 2 1 1 0 0 1 2 0 1 1 0 2 1 2 2 1 0 2 1
0 0 2 2 1 0 0 0 0 1 1 2 0 1 2 1 1 1 2 0 2 1
1 0 2 2 0 2 0 0 0 1 0 0 0 0 2 0 1 0 2 1 2 2
0 0 2 2 2 1 0 0 0 2 0 1 0 2 2 0 2 1 1 2 2 1
0 0 2 2 1 2 1 0 0 1 0 1 0 0 2 2 1 1 1 2 2 2
0 0 2 2 1 2 0 0 0 1 0 0 1 0 2 2 2 2 1 2 2 1
1 0 2 2 2 1 0 0 0 1 0 0 0 0 2 1 2 0 0 1 2 1
0 0 2 2 1 2 0 0 1 0 0 0 0 0 2 1 1 0 1 0 2 1
0 0 2 2 0 1 1 0 0 2 0 0 0 1 2 1 2 1 0 2 2 0
0 0 2 2 2 2 1 1 0 1 0 0 1 0 2 1 2 2 1 2 2 1
1 1 2 2 1 1 0 0 1 1 0 0 1 0 2 1 1 1 1 2 2 1
0 0 2 2 1 1 0 0 0 2 0 2 1 0 2 1 2 1 2 0 2 0
1 1 2 2 1 2 0 0 1 2 0 0 1 0 1 2 1 1 1 2 2 2
1 0 2 2 1 2 0 0 0 2 0 0 0 0 2 1 2 1 2 1 2 0
0 0 2 2 0 0 0 0 0 2 0 1 0 0 2 1 1 2 1 2 2 2
0 0 2 2 1 2 0 0 0 1 0 0 0 0 2 1 2 0 1 2 2 1
1 0 2 2 0 1 0 0 1 1 0 1 1 0 2 2 2 2 2 1 2 2
0 0 2 2 0 1 1 0 0 2 0 1 0 0 2 1 1 0 2 1 2 1
1 0 1 2 1 1 2 0 0 1 0 1 0 0 1 1 1 0 1 2 2 2
0 0 0 2 2 0 0 0 0 2 0 0 0 0 1 0 2 1 1 0 2 1
0 0 2 2 0 1 0 1 1 0 0 1 0 0 1 1 1 0 1 2 2 1
0 0 2 2 1 2 1 1 1 1 0 0 0 0 1 2 1 2 1 1 2 0
1 0 2 2 0 1 0 0 0 1 0 1 0 1 1 1 2 2 1 0 2 2
2 0 2 2 2 1 0 0 0 1 0 1 0 0 1 1 1 0 2 2 2 1
0 0 2 2 2 2 0 0 0 1 0 0 0 1 2 0 2 1 1 1 2 1
0 0 2 2 0 2 0 1 0 2 0 0 1 0 1 2 2 2 1 2 2 1
0 0 2 2 1 1 0 0 0 2 0 0 0 0 2 0 2 0 2 0 2 0
0 0 2 2 0 1 0 1 0 1 0 1 0 0 1 1 1 1 1 2 2 1
1 0 2 2 1 2 2 0 0 1 0 0 0 0 2 0 2 1 1 1 2 1
1 0 1 2 2 2 0 0 1 0 0 1 0 0 1 1 2 2 2 1 2 0
1 0 2 2 1 0 0 0 0 1 0 0 0 0 1 1 1 1 0 2 2 1
1 0 2 2 1 2 0 2 0 1 0 1 1 0 2 2 1 0 1 2 2 0
0 0 1 2 1 2 1 1 1 2 0 0 0 0 2 0 2 0 1 1 2 2
1 1 2 2 1 1 1 0 1 0 0 0 0 1 2 1 2 0 1 1 2 1
1 0 1 2 0 1 0 1 0 2 1 0 0 0 1 0 2 1 1 2 2 2
0 0 2 2 1 2 2 0 0 1 0 1 0 0 1 2 0 0 0 1 2 2
0 0 2 2 0 2 1 0 1 0 0 1 0 1 1 1 2 1 2 1 2 1
0 0 2 2 1 0 1 0 0 1 0 2 1 0 1 0 2 0 1 1 2 0
1 0 2 2 1 1 0 0 1 1 0 1 0 0 1 1 2 2 2 0 2 0
1 0 2 2 2 2 1 1 0 2 0 2 1 0 2 0 1 1 1 1 2 2
0 0 2 2 2 2 0 0 0 1 0 1 0 0 2 0 2 2 0 0 2 0
0 1 0 2 0 0 1 0 0 0 0 0 0 0 2 1 2 0 1 0 2 0
0 0 2 2 0 2 0 0 0 1 0 1 0 0 1 2 2 0 0 1 2 0
0 0 2 2 1 2 0 0 0 1 0 1 0 0 2 1 1 1 1 1 2 0
0 0 2 2 0 2 0 1 1 2 0 1 1 0 0 0 2 2 1 2 2 2
0 0 2 2 2 1 1 0 1 0 0 0 1 0 2 1 1 1 0 1 2 1
0 0 2 2 1 2 0 0 0 1 0 1 0 1 2 1 1 0 1 2 2 0
0 0 2 2 1 1 1 0 0 2 0 1 0 0 2 1 1 2 2 1 2 1
1 0 2 2 0 1 1 1 0 2 0 0 0 0 2 0 2 1 0 1 2 1
2 0 2 2 1 1 0 0 0 1 0 0 0 0 2 0 2 0 2 2 2 0
0 0 1 2 1 1 0 0 1 2 0 1 0 0 2 2 2 2 0 2 2 2
0 0 2 2 1 2 0 0 0 0 0 1 0 1 2 1 2 0 1 2 2 2
0 0 2 2 0 2 0 0 0 0 0 1 1 0 0 1 2 1 0 1 2 0
0 0 2 2 1 0 0 1 1 1 0 2 0 0 2 2 0 0 0 2 2 1
0 0 2 2 2 1 0 0 0 0 0 0 0 0 2 1 1 1 0 1 2 1
0 0 2 2 1 2 0 0 0 2 0 0 0 0 1 1 1 0 1 2 2 0
0 0 2 2 1 1 0 0 0 0 0 1 0 0 1 1 2 1 2 1 2 1
0 0 2 2 0 2 0 0 0 0 0 0 0 0 2 0 1 0 2 1 2 0
1 0 2 2 2 0 0 0 0 0 0 1 1 0 2 2 2 0 2 2 2 1
0 0 2 2 1 2 1 1 0 1 0 0 0 0 2 2 1 1 0 1 2 2
0 0 2 2 1 0 0 0 0 1 0 0 0 1 2 1 2 0 2 2 2 1
0 0 2 2 2 2 0 0 1 1 0 1 0 0 2 1 2 1 2 2 2 0
1 1 2 2 2 1 0 0 1 1 0 1 0 0 2 0 2 0 0 1 2 1
0 0 2 2 1 1 0 0 0 1 0 0 0 0 2 1 2 1 1 1 2 1
0 0 2 2 0 1 1 0 0 0 0 1 0 0 1 2 2 0 2 0 2 0
0 0 2 2 0 0 0 0 0 1 0 1 0 0 1 2 2 2 0 2 2 2
0 0 1 2 1 2 1 0 1 1 0 1 1 0 1 1 2 2 0 2 2 2
0 0 2 2 2 2 1 0 1 1 1 1 0 0 2 0 2 2 0 2 2 0
0 0 2 2 1 1 1 0 1 0 0 2 1 1 2 1 2 2 0 1 2 0
0 0 2 2 1 1 0 1 0 1 0 1 1 1 1 2 1 1 2 2 2 1
0 0 1 2 1 0 1 0 0 2 0 1 1 0 2 0 2 0 2 2 2 1
0 0 2 2 1 1 1 0 0 0 0 2 0 1 2 1 2 1 1 1 2 1
0 0 2 2 2 2 0 0 1 1 0 1 1 0 2 1 2 1 2 1 2 1
0 0 2 2 0 2 1 0 2 0 1 0 1 0 2 0 0 0 2 1 2 2
1 0 2 2 0 1 0 0 1 2 0 1 1 0 2 0 1 1 2 2 2 1
1 0 2 2 0 2 0 0 0 1 0 1 0 0 2 2 1 1 0 2 2 2
1 1 2 2 1 0 0 0 0 1 0 1 0 0 2 0 2 1 2 0 2 0
1 1 2 2 1 0 0 0 0 1 0 0 0 1 1 2 2 0 1 1 2 1
0 0 2 2 1 1 1 0 0 2 0 2 0 0 2 1 2 0 2 2 2 1
0 0 2 2 1 1 1 0 0 0 0 1 0 0 2 1 1 0 1 2 2 0
2 0 2 2 1 2 0 0 0 1 0 2 0 0 1 2 2 1 1 1 2 1
0 0 2 2 0 1 0 1 0 0 0 1 1 0 2 0 2 1 1 2 2 2
0 0 2 2 2 0 0 1 1 2 0 2 0 0 1 2 1 1 1 2 2 0
0 0 2 2 2 1 1 1 0 2 0 1 0 0 2 0 2 0 2 1 2 0
2 0 2 2 2 1 0 1 1 2 0 2 0 0 1 1 1 1 1 1 2 1
1 0 1 2 2 2 1 1 0 2 0 0 0 0 2 1 1 0 0 2 2 0
0 0 2 2 0 2 0 1 1 1 0 1 0 0 2 0 2 0 1 1 2 1
0 0 2 2 0 2 0 0 0 0 0 0 1 0 2 0 2 2 1 2 2 1
1 0 1 2 2 2 1 0 1 1 0 1 0 0 0 1 2 1 0 2 2 0
1 0 2 2 0 0 0 0 1 0 0 0 0 1 1 0 1 2 1 2 2 2
0 0 2 2 0 2 1 0 0 0 0 1 1 0 1 1 1 0 2 2 2 1
1 0 2 2 1 1 0 0 0 1 0 0 1 0 2 0 2 0 1 2 2 1
1 0 2 2 1 0 2 0 0 1 0 0 0 0 2 0 1 1 1 0 2 0
1 0 2 2 1 2 0 0 0 2 0 2 0 1 1 2 2 1 1 2 2 1
2 0 2 2 0 2 0 0 0 0 0 0 1 0 1 1 2 1 2 0 2 1
0 0 2 2 2 1 1 0 1 1 0 0 0 0 1 0 2 0 1 1 2 1
0 0 2 2 2 2 0 1 0 0 0 1 0 0 2 2 2 1 1 1 2 1
0 0 2 2 1 2 1 0 1 2 0 0 0 0 1 1 1 1 0 1 2 0
0 0 2 2 1 1 0 0 0 1 0 1 0 0 1 1 1 1 1 1 2 0
0 0 2 2 1 1 1 0 0 1 0 0 0 0 2 2 1 0 0 0 2 1
0 0 2 2 2 1 2 0 0 1 0 1 1 1 2 1 1 1 1 2 2 0
1 0 1 2 1 2 0 0 0 2 0 2 0 0 1 0 0 0 0 0 2 1
0 0 2 2 0 2 0 1 1 2 0 0 0 1 2 1 2 1 2 2 2 2
0 1 2 2 1 1 0 0 0 1 0 0 0 1 2 2 1 0 1 2 2 1
1 0 2 2 1 1 0 0 0 0 0 0 0 0 2 1 2 2 2 1 2 1
0 0 2 2 1 0 0 0 1 1 0 1 0 0 2 1 2 0 2 2 2 2
0 0 2 2 0 1 2 1 0 1 0 1 1 1 2 2 1 1 1 1 2 1
0 0 2 2 1 1 1 1 0 1 0 1 0 0 0 2 1 0 0 2 2 2
0 0 2 2 1 1 1 0 1 1 0 0 1 0 1 0 0 0 1 2 2 1
0 0 2 2 1 1 0 2 0 1 0 0 1 0 2 1 2 2 0 1 2 2
0 0 2 2 0 1 0 0 0 1 0 1 0 0 2 1 2 1 1 1 2 1
0 0 2 2 1 2 0 0 0 1 0 1 1 0 1 0 2 1 2 1 2 0
1 1 2 2 1 1 0 0 0 2 0 1 0 0 2 1 2 1 2 1 2 1
0 0 2 2 1 2 0 1 0 1 0 0 1 0 2 2 2 1 1 2 2 1
1 0 2 2 1 0 2 1 1 1 0 1 0 0 1 0 1 1 1 2 2 2
0 0 2 2 1 1 1 0 2 1 0 2 0 0 0 1 0 0 2 1 2 1
0 0 2 2 0 1 1 0 1 0 1 1 0 0 2 1 2 1 2 1 2 1
0 0 2 2 2 1 1 0 1 1 0 0 1 0 1 1 2 1 2 2 2 2
0 0 2 2 1 1 0 0 0 1 0 0 0 0 2 2 2 2 1 2 2 2
1 0 2 2 1 1 0 0 0 2 0 2 0 1 1 1 1 1 2 2 2 1
1 0 2 2 1 1 0 0 0 2 0 1 0 0 2 1 1 0 1 2 2 1
0 1 2 2 1 2 0 0 0 0 0 1 0 0 2 2 2 2 0 1 2 0
0 1 2 2 0 1 1 0 0 2 0 0 0 0 2 1 2 1 0 2 2 0
0 0 2 2 0 1 2 0 1 1 0 1 0 0 1 2 1 2 0 1 2 2
0 0 2 2 1 2 1 0 0 2 0 1 0 1 1 1 2 1 0 2 2 0
0 1 2 2 1 1 1 0 1 1 0 1 0 0 1 1 2 2 2 2 2 2
0 0 2 2 0 2 0 0 1 1 0 1 0 0 2 2 1 2 2 1 2 1
0 0 2 2 1 1 1 0 0 2 0 1 1 1 1 1 1 1 2 2 2 0
0 0 2 2 1 2 1 0 0 0 0 1 0 1 1 2 1 1 1 0 2 0
0 0 1 2 1 2 0 0 1 0 1 1 1 0 1 0 2 1 1 2 2 0
1 0 2 2 1 2 0 0 1 1 1 1 1 0 2 0 2 1 2 2 2 1
0 0 2 2 1 2 0 0 1 2 0 0 0 0 1 0 0 0 1 1 2 1
0 0 2 2 0 2 0 0 1 2 0 0 0 1 1 0 2 0 2 1 2 0
0 0 1 2 1 1 0 0 0 2 0 0 0 0 0 1 2 0 0 0 2 1
0 0 1 1 1 1 1 0 0 2 0 1 0 0 2 1 2 0 0 0 2 1
0 1 2 2 2 1 1 0 0 1 0 0 0 0 1 2 2 0 0 1 2 0
0 0 1 2 2 2 0 0 1 2 1 1 1 0 1 0 0 0 2 1 2 1
0 0 2 2 2 1 1 0 0 2 0 0 1 0 1 0 1 0 2 2 2 1
0 0 2 2 1 2 0 1 1 2 0 1 1 1 2 1 2 1 2 0 2 1
0 0 2 2 1 1 0 0 0 0 0 2 0 1 2 1 2 2 0 2 2 1
0 0 1 2 1 2 0 0 0 2 0 1 0 0 2 1 2 1 1 2 2 0
0 0 2 2 2 1 0 0 2 1 0 2 1 0 1 2 1 1 2 2 2 1
0 0 2 2 1 0 0 0 2 2 0 1 1 0 2 0 1 1 2 2 2 2
0 0 2 2 2 2 0 0 0 1 0 1 0 0 2 2 2 0 1 2 2 1
0 0 2 2 1 2 2 0 0 0 2 0 1 0 1 1 1 1 1 0 2 1
0 0 2 2 0 2 1 0 1 2 0 1 2 1 1 2 1 1 1 2 2 1
0 0 2 2 1 1 1 0 0 1 0 2 0 1 2 2 2 1 1 2 2 2
0 0 2 2 2 2 0 1 1 2 0 0 0 0 2 0 2 2 2 1 2 1
0 0 2 2 1 0 0 1 0 1 0 2 0 0 2 0 2 0 1 1 2 1
0 0 2 2 1 2 0 0 0 1 0 0 1 0 1 1 2 1 2 1 2 2
1 0 1 2 2 2 0 0 1 1 0 0 0 0 2 0 2 0 1 1 2 1
0 0 2 2 2 1 0 0 1 1 0 0 0 0 1 1 2 1 1 1 2 1
0 0 1 2 1 1 0 0 0 1 0 1 0 1 2 1 2 0 2 1 2 1
0 0 2 2 1 0 0 0 0 0 1 1 0 0 2 0 1 1 2 1 2 1
1 0 2 2 0 2 0 1 1 0 0 0 0 0 1 2 1 1 1 1 2 1
1 0 2 2 2 2 1 1 0 0 0 0 0 0 2 2 1 1 2 1 2 2
0 1 2 2 2 1 0 0 0 2 0 1 2 0 1 0 2 0 2 2 2 1
1 0 2 2 0 2 1 2 0 0 0 0 1 0 0 1 1 1 1 2 2 2
0 1 2 2 1 0 0 0 2 2 0 2 0 0 1 0 1 0 1 2 2 2
0 0 2 2 1 1 0 0 0 1 0 0 0 1 2 0 1 0 0 1 2 2
1 0 2 2 1 1 0 0 0 0 0 0 1 0 1 0 2 1 1 2 2 1
0 0 2 2 2 1 0 0 1 1 0 2 0 0 2 1 2 1 2 1 2 2
0 1 1 2 1 2 0 1 0 1 0 1 0 0 2 2 2 2 1 1 2 2
0 0 2 2 2 1 0 0 0 1 0 1 0 1 0 1 2 1 2 2 2 0
0 0 1 2 0 0 0 1 0 1 0 0 0 0 2 1 2 2 2 1 2 2
0 0 2 2 2 2 0 0 0 1 0 1 0 0 2 0 0 1 2 1 2 1
1 1 2 2 0 2 0 0 0 2 0 1 1 1 2 1 1 2 0 1 2 2
1 0 2 2 1 1 0 0 0 1 0 1 0 0 1 1 2 1 0 2 2 0
1 0 2 2 2 1 1 0 0 2 1 1 1 0 1 1 2 1 0 2 2 0
1 0 2 2 1 1 0 1 0 1 1 1 1 0 2 0 2 1 0 2 2 2
0 0 2 2 1 2 0 0 0 2 0 0 0 0 1 2 1 2 0 1 2 1
0 0 2 2 1 1 0 0 0 1 0 1 0 0 2 0 2 0 1 0 2 0
1 0 2 2 0 2 0 0 0 2 0 0 1 0 2 2 2 1 1 1 2 0
0 0 2 2 1 0 1 0 0 2 0 1 0 1 2 2 2 0 0 1 2 0
0 0 2 2 2 2 0 0 1 1 0 2 0 0 1 0 1 0 2 1 2 1
0 0 2 2 1 1 2 1 1 1 1 1 0 0 2 2 2 1 1 2 2 2
0 0 2 2 1 2 0 1 0 2 0 0 0 0 2 1 2 1 2 2 2 2
0 0 2 2 1 0 1 0 1 0 0 1 1 0 0 1 0 0 1 1 2 0
0 0 2 2 0 1 1 1 0 0 1 1 0 0 2 1 2 2 1 2 2 1
0 0 2 2 0 1 0 0 1 0 0 0 0 0 2 2 2 0 1 2 2 1
1 0 1 2 1 2 0 1 0 2 0 1 1 0 2 1 2 1 1 1 2 0
0 0 1 2 1 1 1 0 0 1 0 1 0 1 2 0 2 0 1 2 2 2
1 0 2 2 1 2 0 0 0 1 0 1 0 1 1 1 1 0 2 2 2 0
2 0 2 2 2 1 1 0 0 1 0 1 1 0 2 1 1 1 1 2 2 2
0 0 1 2 1 1 0 0 0 1 0 1 0 0 2 1 2 0 0 1 2 1
1 0 1 2 1 0 0 1 1 0 0 1 0 0 2 1 1 1 1 1 2 2
0 0 2 2 1 1 1 1 0 0 0 1 0 0 1 1 2 1 1 1 2 1
0 0 2 2 1 1 0 0 1 0 0 1 1 0 2 0 2 2 1 1 2 1
0 0 2 2 0 0 0 1 0 1 0 0 0 0 2 0 2 0 2 2 2 1
0 0 2 2 0 2 1 1 0 0 0 0 0 0 2 1 2 1 2 1 2 0
0 0 2 2 0 1 0 0 1 2 0 1 0 0 1 1 1 1 0 0 2 1
0 0 2 2 1 1 1 0 0 2 0 0 0 1 2 1 2 1 2 1 2 2
0 0 2 2 0 0 0 1 1 2 0 1 0 0 2 1 1 0 2 1 2 1
1 0 2 2 1 1 0 1 1 1 0 1 1 1 2 0 1 2 2 1 2 2
0 0 1 2 1 2 1 1 0 1 0 1 0 1 0 0 2 0 1 1 2 0
0 0 2 2 2 1 0 1 1 0 0 1 0 0 2 0 2 1 1 1 2 2
1 0 2 2 0 2 1 0 0 1 0 1 1 1 1 2 2 0 2 2 2 2
0 0 1 2 1 2 0 0 1 2 0 1 1 0 1 0 2 0 0 0 2 1
1 0 2 2 1 2 0 0 0 2 0 2 0 0 1 1 2 1 1 1 2 0
0 0 2 2 1 2 0 1 0 1 0 1 1 0 2 0 1 0 2 1 2 1
0 0 2 2 1 1 0 0 1 0 0 1 0 0 1 0 2 1 1 1 2 1
1 0 2 2 2 2 1 0 0 0 0 1 1 0 1 2 2 1 1 2 2 2
1 1 2 2 2 2 0 0 1 2 0 0 0 1 1 0 2 0 1 1 2 2
0 0 2 2 1 2 1 1 0 1 0 2 1 0 1 2 2 2 0 2 2 1
1 0 2 2 0 2 0 1 0 2 0 0 1 0 2 2 2 0 1 2 2 1
0 1 1 2 1 1 0 0 0 2 0 1 1 0 1 0 2 0 2 2 2 1
1 0 2 2 1 1 1 0 0 1 0 0 0 0 1 1 2 1 1 2 2 1
1 0 2 2 1 2 1 0 0 0 0 0 0 1 2 2 2 2 1 2 2 1
1 0 2 2 1 2 0 0 0 0 0 1 0 1 2 1 2 0 0 2 2 1
0 0 2 2 1 1 1 0 0 2 0 1 0 0 2 1 2 2 0 0 2 1
0 0 1 2 1 2 1 1 0 2 0 0 0 0 2 1 2 0 0 1 2 1
0 0 2 2 2 2 0 0 0 0 1 1 1 0 1 1 1 1 2 2 2 1
0 0 2 2 0 2 0 0 1 1 0 1 0 0 2 1 2 0 0 2 2 0
1 0 2 2 1 2 1 0 1 2 0 1 0 0 2 0 2 0 2 1 2 0
1 0 2 2 0 2 0 0 0 2 0 1 0 0 2 1 0 0 2 2 2 0
1 0 1 2 0 0 1 1 1 1 0 1 0 0 1 0 2 1 2 2 2 2
0 0 2 2 2 1 0 1 0 0 0 0 0 0 2 1 2 0 0 2 2 1
0 0 2 2 1 0 1 0 0 0 0 1 0 0 0 2 1 0 1 0 2 1
0 0 2 2 1 1 0 0 0 2 0 0 0 0 1 0 2 1 1 0 2 1
0 0 2 2 1 1 0 0 0 1 1 1 1 0 1 0 1 0 1 2 2 1
1 0 2 2 1 2 0 0 0 2 0 1 0 0 2 1 1 1 1 2 2 2
1 0 2 2 0 2 0 0 0 1 0 1 1 0 2 1 1 0 2 1 2 0
0 0 2 2 1 2 1 1 0 1 0 0 0 1 2 1 1 0 0 1 2 2
0 0 2 2 1 2 1 0 0 2 0 2 0 0 1 0 2 1 1 2 2 0
0 0 1 2 0 1 1 0 0 1 0 0 0 1 1 1 2 0 1 1 2 1
0 1 2 2 0 1 0 0 0 0 0 0 0 0 1 1 2 0 1 1 2 0
0 0 2 2 1 2 0 0 0 1 0 0 0 0 1 1 2 0 0 1 2 2
0 0 2 2 2 0 1 0 0 0 0 0 1 0 2 2 2 0 1 1 2 0
0 0 1 2 1 1 0 0 0 2 1 1 1 0 1 1 2 1 0 0 2 0
0 0 1 2 0 0 0 0 0 0 0 2 0 0 2 2 2 0 1 2 2 0
0 0 2 2 2 1 0 0 1 0 0 0 0 0 2 1 1 0 0 2 2 2
1 0 2 2 1 1 0 0 1 1 0 1 2 0 2 1 2 0 1 1 2 1
0 0 2 2 2 2 0 1 0 1 0 1 0 0 1 2 1 0 1 1 2 0
0 0 2 2 1 1 0 0 0 2 0 0 0 0 0 1 2 1 2 2 2 2
1 0 2 2 1 2 0 0 0 2 0 0 2 0 1 1 2 1 1 2 2 1
1 0 2 2 1 1 1 1 0 2 0 0 1 1 1 0 1 2 1 1 2 0
1 0 2 2 0 1 0 0 0 1 0 1 0 0 0 2 0 1 1 2 2 1
0 0 2 2 0 2 0 0 0 1 0 0 0 0 1 2 1 0 2 2 2 1
0 0 2 2 2 0 0 0 0 1 0 2 2 0 1 1 2 1 0 1 2 1
0 1 1 2 1 2 1 1 0 1 0 0 0 0 1 1 1 1 1 2 2 1
0 0 2 2 0 1 1 0 0 1 0 0 1 1 2 0 1 0 1 1 2 0
0 0 2 2 2 1 0 1 0 1 0 1 0 1 2 0 1 0 2 0 2 1
0 0 2 2 0 1 1 0 0 1 0 1 0 0 2 1 1 2 1 1 2 1
1 0 1 2 1 1 1 0 0 1 0 1 0 0 2 1 2 1 1 1 2 1
0 1 2 2 2 1 1 0 0 1 0 0 0 0 1 1 2 1 2 2 2 1
0 0 2 2 2 2 1 0 0 1 0 0 0 0 1 2 2 1 2 1 2 0
0 0 2 2 1 1 0 1 1 0 0 1 2 0 1 1 1 2 0 1 2 1
0 0 2 2 2 2 0 0 1 2 0 0 0 0 2 1 1 2 1 1 2 0
0 0 2 2 1 2 1 1 1 2 0 1 0 1 1 1 2 2 1 1 2 0
0 0 2 2 1 1 1 0 0 2 0 1 0 1 1 2 2 1 1 1 2 1
1 0 2 2 0 2 0 0 0 1 0 1 1 0 2 0 2 0 0 2 2 1
0 0 2 2 1 2 0 1 0 2 0 0 0 0 1 2 1 1 0 1 2 1
0 0 2 2 1 0 0 0 0 1 0 1 1 0 2 0 1 1 1 2 2 1
0 0 1 2 0 2 0 0 0 2 0 1 0 0 2 0 0 1 1 1 2 2
0 0 1 2 2 1 0 1 0 2 0 0 0 0 2 0 1 1 1 1 2 2
0 0 2 2 1 2 0 0 1 1 0 0 0 0 1 1 2 0 2 1 2 0
0 0 2 2 2 1 1 0 0 2 0 1 2 0 2 1 2 0 1 1 2 2
0 0 2 2 1 1 1 0 0 1 0 0 0 0 2 1 2 0 2 2 2 1
0 0 2 2 0 1 0 0 0 2 0 1 0 0 2 2 2 1 2 1 2 2
0 0 2 2 1 1 0 0 0 0 0 2 2 0 2 2 2 0 1 1 2 0
1 0 2 2 2 1 0 2 0 1 0 0 0 0 1 2 0 1 1 1 2 1
0 0 2 2 0 2 0 0 0 1 0 1 1 0 2 0 1 0 1 2 2 2
2 0 2 2 1 2 0 0 0 2 0 0 1 0 0 0 1 1 2 2 2 0
1 0 2 2 0 2 0 0 0 1 0 1 1 0 2 1 1 0 1 2 2 1
0 0 2 2 1 2 0 1 0 2 0 1 1 2 2 1 2 0 0 2 2 1
0 0 1 2 0 2 0 1 0 1 0 0 0 0 2 1 2 2 1 1 2 2
1 0 2 2 1 0 1 1 0 1 0 2 1 0 1 2 1 0 0 2 2 1
0 0 2 2 0 0 0 0 1 0 1 0 0 0 2 1 2 2 1 1 2 2
1 0 2 2 2 1 0 0 1 2 0 1 1 0 0 0 2 1 2 1 2 0
0 0 2 2 2 1 1 1 0 1 0 0 0 1 2 2 2 1 1 2 2 2
0 0 2 2 2 2 0 0 1 2 0 0 0 0 1 2 1 1 0 0 2 1
0 0 2 2 0 1 1 0 0 0 0 1 1 0 2 0 2 0 1 2 2 1
0 0 2 2 1 1 1 0 1 1 0 0 1 0 1 1 1 0 1 1 2 1
0 0 2 2 1 2 1 1 0 0 0 1 0 0 0 1 1 0 1 1 2 0
0 0 2 2 0 2 0 0 0 1 0 1 1 0 1 1 0 1 1 1 2 0
1 0 2 2 0 1 1 0 0 2 0 0 0 0 1 0 0 0 2 0 2 0
0 0 2 2 1 2 1 1 1 1 0 0 0 0 1 0 2 2 2 1 2 1
1 0 1 2 2 2 0 0 0 1 0 1 0 1 2 1 2 2 1 2 2 2
1 0 2 2 2 1 0 1 1 1 0 0 0 0 1 0 2 0 2 2 2 1
0 0 1 2 2 1 0 0 0 2 0 0 0 0 2 0 2 1 1 1 2 0
0 0 2 2 1 2 1 1 0 2 0 0 0 0 2 2 2 1 0 2 2 1
0 0 2 2 1 1 0 0 1 1 0 1 0 0 2 1 2 0 1 2 2 1
0 0 1 2 0 2 2 0 0 0 0 1 0 0 0 0 2 1 0 2 2 1
0 0 2 2 1 1 0 0 1 2 0 1 1 0 1 0 1 1 0 1 2 2
0 0 2 2 1 2 0 1 0 0 0 0 0 0 2 1 1 2 2 2 2 2
0 1 2 2 1 0 1 0 0 0 0 1 1 0 1 1 2 1 1 2 2 0
1 0 2 2 1 2 1 0 0 0 0 1 0 0 2 2 2 1 1 1 2 1
0 0 2 2 1 1 1 0 0 0 0 0 1 0 2 1 2 1 0 1 2 1
0 1 2 2 2 1 0 0 0 2 0 2 0 1 2 1 2 2 2 1 2 0
0 0 2 2 1 0 0 0 0 1 0 2 1 0 2 2 0 1 1 2 2 0
0 0 2 2 0 2 0 0 0 2 0 0 0 1 2 2 1 1 2 0 2 0
0 0 2 2 2 1 0 0 1 1 0 2 0 0 2 1 1 2 1 2 2 0
0 0 2 2 1 2 0 0 1 1 0 1 0 1 2 1 2 2 2 2 2 1
0 0 2 2 2 0 0 0 0 2 0 0 0 0 2 0 2 2 1 1 2 1
0 0 2 2 1 1 0 0 1 2 0 1 0 0 1 1 1 1 1 2 2 2
0 0 2 2 1 2 1 0 0 1 0 1 0 1 2 2 1 1 1 2 2 0
1 0 2 2 2 2 0 0 0 1 0 0 1 2 2 0 2 1 1 2 2 0
0 0 1 2 1 2 2 1 1 1 0 1 0 0 2 2 1 0 1 1 2 1
0 1 2 2 1 2 0 0 2 2 0 0 0 1 2 1 1 2 0 2 2 1
1 0 2 2 0 1 1 0 0 2 0 0 0 0 2 0 2 2 2 1 2 0
0 0 2 2 1 1 0 1 0 2 0 0 0 0 2 1 0 0 1 1 2 2
0 0 2 2 2 1 0 0 0 1 0 1 0 0 2 2 1 1 0 2 2 1
1 0 2 2 1 0 0 0 0 1 0 1 1 0 2 0 2 0 0 1 2 1
0 0 2 2 0 1 0 0 1 1 0 0 0 1 2 1 2 0 1 2 2 0
0 0 2 2 1 1 1 2 1 0 0 0 0 0 1 1 2 2 0 1 2 1
1 0 1 2 2 1 0 1 1 2 0 0 1 0 2 0 2 1 2 2 2 0
0 0 2 2 1 1 0 0 0 0 0 2 0 0 2 0 2 1 1 1 2 2
1 0 2 2 1 2 1 0 2 1 0 1 0 1 2 1 1 0 0 2 2 1
0 1 2 2 1 1 0 0 1 0 0 1 1 0 1 1 0 0 1 2 2 0
0 0 2 2 1 2 0 0 0 1 0 0 0 0 1 0 2 0 0 0 2 1
0 0 0 2 1 1 0 0 1 1 0 1 0 0 1 0 2 1 2 0 2 0
1 0 2 2 1 2 1 0 0 1 0 0 0 0 2 1 2 0 2 0 2 2
0 0 2 2 0 1 1 0 0 1 0 0 0 1 2 2 2 0 1 1 2 0
1 0 2 1 1 2 0 0 1 2 0 1 0 0 2 1 0 1 0 1 2 0
0 0 2 2 1 2 1 0 0 2 0 1 0 0 2 0 2 1 0 1 2 1
1 1 2 2 0 2 1 0 1 1 0 0 0 0 2 1 2 0 1 1 2 0
0 0 2 2 1 1 0 0 0 1 0 1 2 0 2 1 2 0 1 1 2 2
0 0 2 2 2 2 1 1 1 1 0 0 0 0 2 1 2 2 0 1 2 0
1 0 2 2 0 0 0 0 0 2 0 1 0 0 1 0 2 1 2 1 2 1
2 0 2 2 0 1 1 1 0 1 0 1 1 0 2 1 2 0 2 1 2 1
1 1 2 2 2 0 2 0 1 0 0 0 0 0 0 2 2 1 1 0 2 1
1 0 2 2 0 1 0 0 0 1 0 0 0 1 2 1 0 0 2 0 2 1
1 1 2 2 0 1 0 0 0 1 0 0 0 0 2 0 1 0 1 2 2 1
0 0 2 2 0 1 0 0 0 1 0 0 1 1 1 2 2 0 2 1 2 1
1 0 2 2 2 2 1 0 0 1 0 0 0 0 1 1 2 0 0 2 2 0
0 0 2 2 1 1 0 1 1 0 1 1 0 0 2 2 2 2 1 0 2 1
0 0 2 2 1 1 1 0 0 2 0 1 1 1 2 2 1 1 1 2 2 1
1 0 2 2 0 1 0 0 0 1 0 0 0 1 1 2 2 1 0 2 2 1
1 0 2 2 0 1 1 1 1 2 0 1 0 0 2 0 2 0 0 2 2 2
0 0 2 2 0 1 0 0 0 0 0 1 1 1 2 1 2 0 1 2 2 0
0 0 2 2 1 2 1 0 0 1 0 1 0 0 2 0 2 1 0 1 2 2
0 0 2 2 2 1 0 0 0 1 0 2 1 0 2 1 2 0 0 2 2 0
0 0 2 2 1 0 2 0 2 2 1 1 0 0 1 1 2 2 1 1 2 2
1 0 2 2 1 1 1 0 1 1 0 1 0 0 2 0 2 1 1 2 2 0
1 0 2 2 2 1 0 0 0 1 0 0 2 1 2 2 2 1 0 2 2 1
1 0 2 2 0 2 0 0 0 1 0 2 0 0 2 2 2 0 2 1 2 2
1 1 2 2 0 1 1 0 0 0 0 0 1 0 1 2 2 1 0 2 2 1
0 0 2 2 2 1 0 0 1 1 0 0 0 0 1 1 2 2 2 2 2 0
0 0 2 2 2 1 1 0 0 1 0 0 0 0 0 0 1 2 0 1 2 1
0 0 2 2 0 0 0 0 1 1 1 1 0 0 2 2 2 1 2 1 2 0
0 0 2 2 1 2 1 0 2 1 0 1 1 0 2 0 2 2 1 1 2 1
0 0 1 2 2 0 1 0 0 1 0 1 1 0 2 0 2 1 1 2 2 2
0 0 2 2 1 1 0 0 0 0 0 0 1 0 2 1 1 0 2 2 2 0
1 0 2 2 2 0 0 0 1 1 0 0 0 0 1 1 1 1 0 1 2 2
1 0 2 2 0 1 0 1 0 1 0 0 0 0 2 1 2 0 2 2 2 1
0 0 1 2 1 1 0 0 0 2 0 1 1 0 2 1 1 0 2 2 2 1
0 1 2 2 1 1 0 0 0 1 0 2 0 0 2 0 1 1 0 2 2 0
1 0 2 2 0 2 0 0 0 1 0 0 0 0 2 0 1 1 2 1 2 1
0 0 2 2 1 1 2 0 0 1 0 1 2 1 1 0 0 0 2 2 2 2
0 0 2 2 1 2 0 0 1 2 0 1 1 0 2 1 2 1 0 1 2 1
0 0 1 2 1 1 1 0 0 2 0 0 0 0 1 1 1 0 2 1 2 1
0 0 2 2 0 1 0 0 1 2 0 1 0 0 2 1 1 1 1 2 2 2
0 0 2 2 1 0 0 1 0 0 0 2 0 0 2 1 2 2 2 2 2 0
0 0 2 2 0 2 1 1 0 0 0 2 1 0 1 1 1 1 1 2 2 1
0 0 2 2 1 1 0 0 0 1 0 0 0 0 2 0 1 0 1 2 2 1
0 0 2 2 0 1 1 0 2 1 0 0 0 0 2 2 1 1 1 2 2 2
1 0 2 2 0 2 1 0 0 1 0 2 0 0 1 1 2 1 2 1 2 1
1 0 2 2 1 2 0 0 0 2 1 1 0 0 2 0 1 1 1 2 2 1
0 0 2 2 1 1 0 0 0 0 0 1 0 1 0 1 1 1 2 1 2 0
0 0 2 2 1 0 1 1 1 1 0 0 0 0 1 1 2 0 1 2 2 1
0 1 2 2 1 2 0 0 0 2 0 1 0 0 1 1 1 0 2 1 2 1
0 0 2 1 1 2 0 1 1 1 0 2 0 0 1 1 2 1 2 1 2 1
0 0 2 2 2 2 1 0 0 2 0 1 1 0 2 0 1 1 1 1 2 1
0 0 1 2 1 1 1 0 2 2 0 1 0 0 2 1 2 1 0 2 2 2
0 0 2 2 1 2 0 0 0 1 0 0 1 1 2 1 2 1 1 2 2 2
0 0 2 2 1 1 0 0 0 1 0 1 0 0 1 2 2 0 1 1 2 1
0 0 2 2 2 1 0 0 1 1 0 0 0 1 1 2 1 0 1 2 2 1
0 1 2 2 0 2 0 0 0 2 0 2 0 0 1 1 2 1 0 0 2 1
2 0 2 2 2 1 1 0 1 2 0 0 1 0 1 1 1 2 1 1 2 0
0 1 1 2 1 0 0 0 1 2 0 0 0 1 2 1 2 1 1 2 2 2
1 0 2 2 1 1 0 0 0 1 0 0 0 0 2 1 2 2 1 2 2 1
1 0 2 2 1 1 0 0 0 1 0 1 1 0 1 0 1 1 1 1 2 0
1 0 2 2 0 1 1 0 1 0 1 1 0 0 2 1 2 0 0 1 2 0
0 0 2 2 0 1 0 0 0 0 0 2 0 0 0 0 2 0 1 2 2 0
1 0 2 2 1 2 2 0 0 2 0 0 0 0 1 1 1 2 2 1 2 0
1 0 2 2 1 2 0 1 0 1 0 0 0 1 1 0 2 1 1 0 2 2
0 0 2 2 0 1 1 1 1 2 0 0 0 0 2 1 0 0 1 0 2 0
0 0 1 2 1 1 0 0 0 1 0 1 0 0 2 1 2 2 2 1 2 1
0 0 2 2 0 2 1 1 0 2 0 1 0 0 1 0 2 1 1 1 2 0
0 0 2 2 1 1 0 0 0 0 0 1 0 0 1 0 2 0 1 1 2 1
0 0 2 2 1 1 0 0 0 0 0 0 1 0 0 2 2 1 1 2 2 2
1 0 2 2 1 1 0 0 0 1 0 2 0 1 1 0 2 1 2 2 2 1
0 0 1 2 2 1 0 1 1 0 0 0 0 0 2 1 2 1 2 1 2 1
0 0 2 2 0 1 0 0 1 1 0 0 1 1 1 2 1 0 0 2 2 1
0 0 2 2 1 1 1 0 1 2 0 0 0 0 2 2 2 0 1 1 2 0
0 0 2 2 2 0 1 0 0 2 0 0 1 0 2 1 2 1 1 1 2 1
1 0 2 2 2 2 2 1 0 1 0 1 0 1 2 2 1 2 1 1 2 1
0 0 2 2 0 2 2 0 0 2 0 0 0 0 2 2 2 0 0 1 2 1
0 0 1 2 1 1 0 1 0 0 0 2 0 1 2 1 2 1 1 1 2 2
0 0 1 2 2 0 0 0 0 2 0 1 2 0 1 1 2 1 1 1 2 1
0 0 2 2 1 1 1 0 0 2 0 2 0 0 2 1 2 0 1 0 2 1
0 0 2 2 2 2 0 0 0 1 0 0 1 1 2 0 2 0 0 1 2 1
0 0 2 2 1 1 0 0 1 1 0 1 0 0 2 2 2 0 1 2 2 1
1 0 2 2 1 2 0 0 1 1 0 0 0 0 1 1 1 1 2 2 2 2
0 0 2 2 0 1 0 0 0 1 0 1 1 0 1 1 1 1 1 1 2 1
0 1 2 2 1 1 0 1 1 1 0 1 0 0 1 2 1 1 1 2 2 0
1 1 2 2 2 2 2 0 0 0 0 1 0 2 2 1 2 2 2 2 2 0
0 0 2 2 1 1 0 0 0 2 0 0 2 0 2 2 1 0 2 2 2 1
1 1 2 2 1 1 0 1 1 2 0 0 0 0 1 1 2 1 1 1 2 0
0 0 2 2 2 1 0 1 1 0 0 0 0 1 0 0 1 0 1 1 2 1
0 0 2 2 0 1 0 0 0 1 0 0 0 0 2 1 2 2 2 1 2 0
0 0 2 2 1 1 1 0 0 2 0 0 1 1 1 0 2 0 2 1 2 2
0 0 2 2 1 2 0 0 0 1 0 0 0 0 1 0 0 2 0 1 2 1
0 0 2 2 1 0 0 0 0 1 0 1 0 0 1 0 2 0 1 1 2 1
1 1 2 2 0 1 0 0 0 1 0 0 0 0 2 2 2 0 2 0 2 0
0 0 2 2 1 1 0 0 0 1 0 1 2 1 2 0 1 0 0 1 2 1
1 0 1 2 0 0 1 0 1 1 0 2 0 0 0 1 2 0 1 1 2 1
1 0 2 2 2 1 0 0 0 1 0 0 0 1 2 1 1 0 1 2 2 0
1 0 2 2 1 0 1 0 1 1 0 2 0 0 1 0 2 1 2 2 2 1
0 0 2 2 1 2 2 0 0 1 0 0 1 1 1 1 2 2 2 0 2 1
0 0 2 2 1 1 1 1 0 0 0 1 1 0 1 1 2 1 1 1 2 1
0 0 2 2 1 1 1 0 0 2 0 0 2 0 2 1 2 2 1 2 2 1
0 0 2 2 1 0 1 0 0 0 0 1 1 0 2 2 1 1 1 1 2 1
0 1 2 2 0 1 0 1 0 1 0 1 0 0 2 1 2 1 2 2 2 1
0 0 2 2 1 2 0 0 0 1 0 0 0 1 1 1 1 1 2 2 2 1
0 0 2 2 0 2 1 0 1 1 0 0 0 0 1 1 2 1 0 1 2 0
0 0 2 2 1 2 1 0 1 1 0 1 0 1 1 1 1 1 1 2 2 0
0 0 2 2 2 1 0 1 1 0 0 0 0 0 1 0 1 1 0 1 2 1
0 0 2 2 0 1 0 0 0 0 0 1 0 0 1 2 2 1 0 2 2 1
0 1 1 2 0 2 1 1 2 0 0 0 0 0 2 1 2 2 2 1 2 2
0 0 2 2 0 1 1 0 1 2 0 1 0 0 2 1 2 1 1 2 2 0
0 0 2 2 1 0 1 0 1 1 0 1 1 0 0 2 2 0 2 1 2 0
0 0 2 2 0 1 0 1 0 2 0 1 0 1 1 1 2 1 2 1 2 0
0 0 2 2 0 1 1 0 1 0 0 1 0 0 1 1 1 2 2 2 2 1
0 0 1 2 0 1 0 0 1 2 0 2 0 1 2 1 2 1 2 1 2 0
0 0 2 2 2 2 1 0 0 2 0 2 0 0 2 1 0 1 1 1 2 2
0 0 2 2 2 2 0 0 0 2 0 1 0 0 2 1 2 1 0 1 2 1
1 0 2 2 1 1 2 1 1 1 0 1 0 0 2 0 1 1 1 1 2 2
0 0 2 2 1 1 0 0 0 0 0 1 1 0 1 0 2 0 1 2 2 1
0 0 2 2 1 0 1 0 0 1 0 1 0 0 1 0 2 0 0 2 2 0
0 1 2 2 2 2 0 1 0 0 0 1 0 0 2 1 2 0 0 1 2 2
0 0 2 2 2 1 0 0 0 1 0 0 0 0 2 2 2 1 2 1 2 0
0 0 2 2 0 2 0 1 0 2 0 0 0 0 1 2 2 2 1 1 2 1
1 1 2 2 2 1 0 0 1 1 0 2 1 0 2 1 2 2 1 2 2 2
1 0 2 2 2 2 1 0 1 1 0 1 0 0 1 1 2 1 0 1 2 1
2 0 2 2 1 1 0 0 1 2 0 0 0 0 2 1 2 1 1 1 2 2
0 0 2 2 2 1 0 1 0 1 0 1 0 0 0 0 2 2 1 2 2 1
0 1 2 2 0 1 0 0 0 2 0 0 0 0 1 2 2 2 1 2 2 1
0 0 1 2 1 1 1 0 1 2 0 0 0 0 1 1 1 1 0 2 2 1
0 0 2 2 0 1 1 0 0 1 0 1 0 0 1 1 1 1 0 1 2 1
0 0 2 2 1 2 0 0 0 1 0 1 0 0 1 1 1 1 1 2 2 0
0 0 2 2 1 0 1 0 0 1 0 0 1 0 2 1 1 0 1 2 2 1
0 0 2 2 0 1 0 0 0 0 0 0 0 1 2 1 2 2 2 0 2 0
1 0 2 2 0 1 0 1 0 0 0 2 0 0 1 1 2 1 0 2 2 1
1 0 2 2 1 2 0 0 0 1 0 0 0 1 1 0 1 1 1 2 2 1
0 0 1 2 1 2 1 0 0 1 0 1 0 0 2 2 2 1 1 2 2 0
0 0 0 2 1 2 1 0 0 1 0 1 0 0 2 1 1 0 2 1 2 1
1 0 0 2 1 2 0 0 1 1 0 1 1 0 1 1 1 1 2 2 2 2
0 0 2 2 1 2 0 0 2 1 0 1 0 0 0 2 1 1 1 1 2 2
0 0 2 2 2 1 1 1 0 1 0 1 0 0 2 1 2 1 1 1 2 0
0 0 2 2 1 1 0 0 0 1 0 0 0 1 1 1 2 1 1 1 2 1
0 0 2 2 1 2 0 0 0 1 0 1 1 0 1 1 2 1 1 2 2 0
0 0 2 2 0 2 0 1 0 0 0 2 0 0 1 1 1 1 1 2 2 0
0 0 2 2 1 2 1 0 0 0 0 0 0 0 1 0 1 1 0 2 2 0
0 0 2 2 1 0 0 1 0 0 0 0 0 0 2 1 2 1 2 1 2 1
1 1 2 2 0 1 0 1 1 1 0 1 0 0 1 2 2 1 1 2 2 1
0 0 2 2 2 2 1 0 1 1 1 1 1 0 1 1 1 0 1 1 2 1
0 0 2 2 1 1 0 0 0 1 0 1 0 1 1 1 2 1 1 2 2 2
0 0 1 2 0 2 0 0 1 0 0 1 2 0 2 1 2 1 1 2 2 1
0 0 2 2 2 1 0 1 0 0 0 1 0 0 1 1 2 1 2 2 2 1
0 0 2 2 0 1 0 1 0 1 0 0 1 0 2 2 2 0 0 1 2 0
0 0 2 2 0 1 0 1 0 0 0 1 0 1 2 1 2 1 0 0 2 1
1 0 2 2 2 2 2 0 0 1 0 1 0 0 2 1 2 0 1 2 2 1
0 0 1 2 1 1 0 0 0 0 0 1 1 0 2 2 1 2 2 2 2 2
0 0 2 2 2 1 1 1 0 2 0 0 0 0 2 1 1 1 0 0 2 0
0 0 2 2 0 2 0 0 0 2 0 1 0 0 1 1 1 0 1 2 2 1
1 0 2 2 0 1 0 0 0 1 0 1 0 0 2 1 1 1 0 2 2 1
1 0 2 2 1 1 0 0 0 2 0 0 0 0 1 0 1 1 1 2 2 2
1 0 2 2 0 2 1 0 0 1 0 0 0 0 1 1 1 0 0 1 2 1
1 0 2 2 1 1 0 0 0 1 0 1 0 0 0 0 2 2 1 1 2 1
0 0 2 2 1 2 0 0 0 2 0 1 0 0 1 1 2 0 1 1 2 1
0 0 2 2 1 2 1 0 0 2 1 1 0 0 2 1 2 0 1 1 2 1
1 0 2 2 1 1 2 0 0 1 1 1 0 0 2 1 2 1 1 2 2 0
0 1 2 2 2 0 0 1 0 1 0 1 1 0 1 2 2 1 2 1 2 1
0 0 1 2 1 2 0 0 1 1 0 2 0 1 2 1 2 0 1 2 2 2
1 0 2 2 1 1 1 0 0 1 0 1 0 0 2 2 2 0 0 1 2 2
0 0 2 2 1 1 1 0 0 1 0 0 0 0 2 0 2 1 1 1 2 2
1 0 1 2 2 1 0 1 0 0 0 1 0 0 2 2 1 0 2 1 2 1
1 0 2 2 2 0 0 0 0 0 1 0 0 0 2 2 1 0 1 1 2 1
0 1 2 1 1 1 0 0 0 2 0 0 1 0 2 1 2 0 1 2 2 0
0 0 1 2 1 1 0 0 1 1 0 0 0 0 0 0 2 1 1 1 2 2
0 0 2 2 1 1 0 0 0 0 0 0 0 0 2 2 0 1 1 1 2 0
0 0 2 2 1 2 2 0 1 0 0 0 1 0 1 1 1 1 0 2 2 0
1 0 2 2 1 1 0 0 0 1 0 1 1 2 2 1 2 1 0 2 2 1
1 0 2 2 1 0 1 0 0 0 0 1 0 0 2 1 1 0 0 2 2 1
1 0 2 2 0 1 0 1 1 1 0 1 0 1 1 1 1 1 1 2 2 1
1 0 2 2 0 0 0 0 0 0 0 1 0 0 2 1 1 0 0 2 2 2
0 0 2 2 1 1 0 0 0 1 0 1 0 0 2 0 2 1 2 1 2 1
1 0 2 2 0 1 0 0 0 2 0 1 0 0 2 0 2 0 1 0 2 1
1 0 2 2 1 2 0 0 0 1 0 0 0 0 2 1 1 2 0 2 2 1
2 0 2 2 1 2 0 0 0 1 0 0 0 0 1 0 0 1 2 1 2 0
1 0 2 2 1 1 0 0 0 0 0 0 1 0 2 1 2 1 2 1 2 1
2 1 1 2 1 2 1 0 0 1 0 0 0 0 1 1 2 1 1 2 2 0
1 0 2 2 1 1 0 0 1 0 0 1 0 0 2 1 2 0 2 2 2 0
0 0 1 2 1 2 1 0 0 2 0 0 0 0 2 1 1 1 1 1 2 1
0 0 2 2 2 1 0 0 0 1 0 1 1 0 2 0 1 1 2 1 2 1
0 0 1 2 2 1 0 0 0 1 0 1 0 0 2 2 2 1 2 1 2 0
0 1 2 2 1 2 2 0 1 1 0 1 0 1 2 1 2 1 1 2 2 2
0 0 2 2 0 1 0 0 0 1 0 1 0 0 1 2 2 2 2 2 2 2
1 0 2 2 0 2 0 0 0 1 0 0 0 0 2 0 1 1 1 1 2 1
1 1 2 2 1 1 0 0 0 2 1 1 0 0 2 0 1 2 2 2 2 0
1 0 2 2 1 0 0 1 0 0 0 0 1 1 1 0 0 1 1 2 2 1
1 0 2 2 0 1 1 0 1 2 0 0 1 0 2 1 2 1 2 1 2 1
1 0 2 2 1 2 0 0 0 1 0 1 0 0 2 1 1 1 2 2 2 2
1 1 2 2 1 2 0 1 0 0 0 1 1 0 1 2 1 0 2 1 2 1
1 0 2 2 0 2 1 0 2 1 0 0 0 1 2 1 1 0 2 2 2 1
0 0 1 2 2 2 0 0 0 2 0 2 0 0 2 0 2 2 1 2 2 1
1 0 1 2 2 1 0 0 0 1 0 0 0 0 2 1 2 1 2 2 2 0
0 0 0 2 1 2 1 1 2 1 0 1 0 1 2 1 1 1 1 1 2 2
0 0 2 2 1 1 0 1 1 0 0 1 0 0 2 1 2 2 1 2 2 1
0 0 2 2 1 2 0 0 0 1 0 0 0 0 2 1 2 1 1 1 2 1
0 0 1 2 2 2 0 1 1 1 0 0 0 0 1 1 1 0 1 1 2 1
0 0 2 2 1 2 0 0 1 1 0 2 1 0 1 1 2 1 1 1 2 1
1 1 2 2 2 1 0 1 1 2 0 0 0 0 1 2 2 1 1 0 2 1
0 1 2 2 0 1 0 0 0 2 1 1 0 0 1 2 2 1 0 1 2 0
0 0 2 2 1 1 0 1 0 1 0 0 0 0 2 0 2 1 2 2 2 1
2 0 2 2 1 2 1 1 1 1 0 0 0 0 2 0 1 1 1 1 2 1
0 0 1 2 2 2 0 0 0 0 0 2 1 0 1 2 1 0 2 0 2 1
0 0 2 2 1 0 2 0 1 1 0 1 0 0 1 2 2 2 2 2 2 0
0 0 2 2 1 1 0 0 1 1 0 2 0 0 1 0 1 0 1 1 2 0
0 0 2 2 1 2 0 0 0 1 0 1 1 0 2 1 2 0 0 1 2 1
0 1 2 2 1 1 0 1 0 1 1 0 1 1 1 0 2 1 1 2 2 1
0 0 2 2 1 1 1 0 0 2 1 1 0 0 2 1 2 2 2 1 2 0
0 0 1 2 1 1 0 1 0 2 0 0 1 0 2 1 0 0 2 1 2 1
1 0 2 2 1 0 0 0 0 2 0 0 0 0 1 0 2 1 2 1 2 2
0 0 2 2 1 1 0 0 0 0 0 0 1 0 2 2 2 1 2 1 2 0
0 0 2 2 2 1 0 0 1 1 1 2 0 1 1 0 2 1 1 2 2 0
0 0 2 2 0 0 0 0 0 0 0 0 1 0 1 1 2 1 2 2 2 1
1 0 2 2 2 1 0 1 0 1 0 0 0 0 2 0 1 1 0 2 2 0
0 0 2 2 1 2 0 0 0 1 0 0 0 0 1 1 2 1 1 2 2 1
0 1 2 2 1 2 0 1 0 0 0 0 1 1 2 1 2 0 1 2 2 0
0 1 2 2 2 1 1 0 0 1 0 1 1 0 2 2 2 2 2 1 2 1
0 0 1 2 1 1 1 0 0 1 0 0 0 1 2 0 1 2 1 2 2 1
1 1 2 2 2 1 1 2 0 1 0 0 2 0 2 0 2 1 0 0 1 1
1 0 2 2 1 2 1 0 0 2 0 1 0 0 1 1 0 0 0 2 2 1
1 1 2 2 2 1 1 0 1 1 0 0 0 0 1 1 2 1 1 0 2 1
1 0 2 2 2 1 0 0 0 1 0 0 1 0 1 1 1 2 1 1 2 1
0 0 1 2 2 1 1 0 1 2 0 0 0 0 2 0 1 1 2 1 2 0
1 0 2 2 1 1 1 0 1 2 0 2 0 0 1 1 1 1 1 2 2 2
1 0 1 2 2 2 0 0 2 1 0 0 0 0 2 0 2 2 0 2 2 0
1 0 2 2 0 1 0 1 0 1 0 0 1 0 1 0 1 2 1 2 2 1
0 0 2 1 1 2 1 1 1 1 0 0 0 0 2 1 0 0 0 1 2 2
1 0 2 2 2 2 1 0 0 0 0 1 0 0 2 1 2 1 2 1 2 1
0 1 2 2 1 0 0 0 0 1 0 1 0 0 2 2 2 1 1 1 2 1
1 0 0 2 0 1 1 0 0 1 0 0 0 1 2 2 2 1 2 2 1 2
0 0 2 2 1 1 1 0 0 2 0 0 0 0 1 1 2 2 1 1 2 0
1 1 2 2 1 0 0 0 0 1 0 2 1 1 1 1 2 2 1 2 2 1
0 0 2 2 1 0 0 0 0 1 0 2 0 0 1 0 2 0 0 2 2 1
1 0 1 2 2 1 0 0 1 1 0 1 0 0 1 1 2 0 1 2 2 1
1 0 2 2 1 1 0 0 0 2 0 2 0 0 2 1 2 2 2 1 2 0
0 0 2 2 0 1 0 0 0 0 0 0 0 0 2 2 2 0 1 1 2 1
1 0 2 2 0 1 1 0 0 1 0 1 1 0 1 0 2 0 1 1 2 1
1 0 2 2 1 1 1 0 0 0 0 1 0 0 2 1 1 0 0 1 2 1
0 0 2 2 2 0 1 0 0 2 0 0 0 0 2 0 1 2 0 0 2 1
1 1 2 2 1 0 0 0 0 1 0 0 0 0 2 1 2 1 1 1 2 1
2 0 2 2 1 2 1 0 1 1 0 1 0 0 2 1 1 1 0 0 2 2
0 0 2 2 0 1 1 0 0 1 0 0 0 0 1 0 1 1 0 1 2 1
1 0 2 2 1 2 1 0 1 0 0 2 0 0 2 2 2 1 0 1 2 0
0 1 2 2 1 2 1 1 0 1 1 0 0 0 1 1 0 0 1 0 2 2
0 0 2 2 0 0 0 0 0 1 0 1 0 0 2 2 2 0 1 2 2 1
2 0 2 2 1 0 1 0 1 2 0 1 1 1 2 2 1 2 1 2 2 1
0 0 2 2 1 2 0 0 0 1 0 0 0 0 2 2 2 2 1 2 2 0
0 0 2 2 2 1 0 0 0 1 0 1 0 1 2 0 2 1 2 1 2 1
0 0 2 2 1 1 0 0 1 0 0 1 0 0 2 0 1 0 1 2 2 2
1 0 2 2 1 2 0 1 0 1 0 1 0 0 2 2 2 1 2 2 2 2
1 0 2 2 1 2 1 1 0 0 0 1 0 0 1 2 0 1 1 2 2 0
0 1 2 2 1 2 0 0 1 1 0 1 1 0 2 1 0 1 1 2 2 0
0 0 2 2 2 2 0 1 0 1 0 1 0 0 2 2 1 1 2 2 2 1
0 0 2 2 1 1 0 0 0 2 0 0 0 0 2 0 2 1 2 2 2 2
0 0 2 2 0 1 1 0 0 0 0 1 0 2 1 1 1 0 1 0 2 1
0 0 2 2 0 1 0 0 1 1 0 1 1 0 2 0 2 2 2 0 2 0
0 0 2 2 1 2 1 0 1 1 0 1 0 0 2 0 2 0 1 1 2 0
1 0 2 2 2 2 0 0 0 1 1 2 0 0 2 1 1 1 0 1 2 0
0 0 2 2 1 1 1 0 1 2 0 2 0 0 2 1 2 2 2 2 2 0
1 0 0 2 1 2 1 0 0 1 0 0 1 0 2 0 2 0 2 2 2 2
1 0 2 2 1 2 0 1 1 1 0 0 1 0 2 1 2 2 1 2 2 0
1 1 2 2 1 0 1 0 0 0 0 1 0 0 1 2 2 2 2 2 2 0
1 0 2 2 1 1 1 0 0 0 0 1 0 0 2 1 1 0 2 2 2 1
0 0 2 2 1 2 1 0 0 0 0 1 0 0 2 1 2 0 1 2 2 2
1 0 1 2 2 0 1 0 0 1 0 0 0 0 2 1 2 2 1 2 2 1
1 0 1 2 2 0 0 0 1 1 0 0 0 1 1 0 2 1 1 1 2 1
1 0 2 2 0 1 1 1 0 1 0 1 0 0 2 1 2 0 2 0 2 1
0 1 2 2 1 1 0 0 0 0 0 1 0 0 2 0 2 2 1 2 2 2
1 0 2 2 0 1 0 1 0 1 0 1 0 1 1 1 1 1 1 0 2 2
0 0 2 2 2 2 0 0 0 1 0 1 0 0 0 2 2 0 0 1 2 1
1 0 2 2 0 1 0 1 1 2 0 1 0 0 1 2 1 1 1 2 2 0
1 0 2 2 1 2 1 0 0 0 0 0 0 1 1 2 1 0 0 2 2 1
2 0 1 2 1 2 0 0 0 2 0 1 1 1 1 1 2 0 1 0 2 0
0 0 2 2 1 1 0 1 0 2 0 1 1 1 2 1 1 1 2 0 2 1
0 0 2 2 2 2 0 1 0 1 0 0 0 0 2 1 2 1 2 2 2 1
0 0 2 2 1 0 0 0 1 2 0 2 0 0 1 2 2 1 2 2 2 1
1 0 2 2 1 1 2 0 0 0 0 2 0 1 2 1 2 1 1 2 2 2
1 0 2 2 2 1 0 0 0 0 0 2 0 0 2 0 2 1 1 1 2 2
0 0 2 2 2 2 0 0 0 1 0 0 2 0 2 1 2 1 1 2 2 1
1 0 2 2 2 0 0 1 0 0 0 1 0 0 2 1 2 1 1 1 2 2
1 0 2 2 0 2 0 0 0 2 0 0 1 0 0 0 1 0 1 2 2 1
1 0 2 2 1 1 0 0 0 2 0 1 0 0 2 1 2 1 0 2 2 1
0 0 2 2 1 2 1 0 0 0 0 1 0 0 2 0 2 1 1 1 2 1
1 0 2 2 0 1 0 0 0 1 0 0 0 0 1 2 2 1 2 2 2 2
0 0 2 2 1 2 2 0 0 2 0 1 0 1 1 0 2 1 2 2 2 0
0 0 2 2 1 1 0 0 1 1 0 0 0 0 2 1 2 1 1 1 2 1
0 0 2 2 2 2 0 1 0 1 0 2 0 0 2 0 2 1 2 1 2 2
1 0 2 2 0 1 1 0 0 1 0 0 0 0 2 1 2 0 2 1 2 1
0 0 0 2 0 2 1 0 0 1 0 1 0 0 2 2 1 2 1 2 2 1
0 0 2 2 0 2 0 0 0 1 0 1 0 0 2 0 1 1 1 2 2 0
0 0 1 2 0 1 1 0 0 1 0 0 0 2 0 1 2 0 0 1 2 1
0 0 2 2 0 2 0 0 0 1 0 0 0 0 2 1 1 1 1 2 2 1
0 0 2 2 1 1 0 1 0 0 0 1 0 0 2 1 1 2 1 1 2 2
1 0 2 2 2 1 0 1 0 1 0 0 0 0 2 1 1 2 1 1 2 1
0 0 2 2 0 1 1 0 0 2 0 1 0 0 2 0 2 0 0 2 2 0
0 0 2 2 2 2 0 0 1 2 0 0 0 0 2 2 2 1 2 2 2 2
1 0 2 2 1 2 0 0 1 1 0 0 2 0 1 0 1 1 2 1 2 2
0 0 2 2 1 2 0 0 0 2 0 2 0 0 2 1 1 1 1 2 2 1
0 0 2 2 1 2 1 0 1 1 0 0 0 0 2 0 1 2 0 2 2 0
0 0 2 2 1 1 2 0 1 2 0 1 1 0 2 1 2 0 1 1 2 2
1 0 2 2 1 2 0 0 0 2 0 0 0 0 1 1 2 2 1 1 2 2
1 0 2 2 0 1 0 0 1 0 0 2 1 1 2 1 1 0 0 2 2 1
1 0 2 2 0 1 0 0 1 1 0 1 1 0 2 0 2 0 2 1 2 1
0 0 2 2 2 2 0 0 1 2 0 0 1 0 2 1 1 1 1 0 2 0
1 0 2 2 1 2 2 1 0 2 0 1 0 0 1 2 0 0 2 1 2 0
1 0 2 2 0 1 1 0 0 0 0 1 1 1 2 1 2 1 2 0 2 2
0 0 2 2 1 2 0 1 0 0 0 1 0 0 2 0 1 1 2 2 2 2
0 0 2 2 0 1 0 0 0 2 0 1 0 1 2 1 1 2 1 2 2 1
0 0 2 2 1 1 0 0 0 0 1 0 0 0 1 1 1 0 1 2 2 1
0 0 2 2 2 1 0 0 0 0 0 1 0 1 2 0 1 0 1 0 2 0
0 0 1 2 0 1 1 0 0 1 0 2 0 1 2 0 1 0 2 1 2 1
0 0 2 2 0 1 0 0 0 0 0 2 0 0 0 1 2 1 1 0 2 2
1 0 2 2 0 2 0 0 0 0 0 2 1 1 2 1 1 1 0 2 2 0
0 0 2 2 1 1 0 0 0 1 0 0 0 1 1 0 1 1 2 0 2 0
0 0 2 2 0 1 0 1 1 1 0 1 0 0 0 1 1 1 1 1 2 2
0 0 2 2 0 0 0 0 0 0 0 1 0 0 2 2 1 1 1 1 2 1
0 0 2 2 2 1 0 0 1 2 0 1 2 1 2 0 2 1 2 2 2 1
1 0 2 2 1 1 0 0 0 2 0 0 0 0 2 1 2 2 1 1 2 1
0 0 2 2 1 1 1 1 0 0 0 0 1 1 2 0 2 1 0 1 2 1
2 0 2 2 0 1 0 0 0 2 1 1 0 0 0 1 0 0 1 1 2 1
1 0 2 2 1 1 1 0 1 1 1 0 0 0 2 0 1 1 1 2 2 0
1 1 2 2 1 2 0 0 0 0 0 1 0 0 1 0 0 0 1 2 2 1
1 0 2 2 1 1 2 0 1 2 0 1 1 0 1 2 2 1 0 2 2 1
0 0 2 2 1 1 1 0 1 2 0 0 0 0 2 1 2 0 0 1 2 1
0 0 2 2 0 0 0 0 1 1 0 0 0 0 2 1 2 1 1 1 2 2
1 0 2 2 0 1 0 0 0 0 0 0 0 0 2 0 1 1 1 2 2 1
0 0 2 2 1 2 0 0 0 1 0 1 1 0 2 1 2 2 0 2 2 1
1 0 2 1 1 2 0 0 0 0 0 2 0 0 2 0 1 1 2 1 2 2
1 0 1 2 2 1 1 0 0 2 0 1 0 0 2 1 2 1 1 1 2 1
0 0 2 2 1 2 1 0 0 1 0 1 0 0 2 0 2 1 0 2 2 2
0 0 2 2 2 2 1 0 0 2 0 0 0 0 2 1 2 1 0 1 2 2
1 0 2 2 2 2 0 1 0 2 0 0 0 0 2 0 1 0 0 0 2 1
1 0 2 2 2 2 0 0 0 1 0 1 1 1 2 0 2 0 0 1 2 2
0 1 2 2 0 2 0 0 0 1 0 1 0 1 2 1 2 0 1 1 2 2
1 0 2 2 1 1 1 1 0 0 0 1 0 0 2 0 2 0 0 2 2 1
1 1 2 2 1 1 0 0 0 2 0 1 0 0 1 1 0 2 2 2 2 2
1 0 2 2 1 0 1 0 2 2 0 1 0 0 1 2 2 2 2 2 2 0
1 0 0 2 1 1 0 0 0 1 0 0 0 1 2 1 2 1 1 0 2 2
1 0 2 2 0 1 0 0 0 2 0 1 0 0 2 1 2 1 2 1 2 2
1 0 2 2 2 1 0 1 0 0 0 0 1 1 2 0 2 1 1 2 2 1
0 0 2 2 1 1 0 0 0 1 0 2 0 0 2 1 2 1 2 1 2 1
1 1 2 2 1 1 0 0 1 0 0 1 0 0 2 1 1 2 2 1 2 1
0 0 2 2 0 2 1 1 1 2 0 0 0 1 1 2 2 1 0 1 2 1
1 0 2 2 0 1 0 0 0 0 0 1 0 0 2 2 0 0 1 1 2 1
1 0 2 2 1 2 0 0 1 0 0 0 0 0 2 2 2 1 1 2 2 1
1 0 2 2 0 2 0 2 1 1 0 0 0 2 1 0 2 1 0 2 2 0
1 1 1 2 1 1 0 0 1 0 0 0 1 0 1 1 2 1 0 2 2 1
0 0 1 2 0 1 0 0 0 0 0 0 1 0 1 1 2 1 1 1 2 1
0 0 2 2 1 1 1 0 0 1 0 2 0 0 2 2 2 1 1 1 2 0
2 0 2 2 0 1 0 0 2 1 0 0 0 0 2 1 1 0 1 2 2 1
2 0 2 2 1 1 0 0 0 1 0 1 1 0 1 1 1 1 1 2 2 1
0 0 2 2 1 2 0 0 0 0 0 0 0 0 2 1 1 1 1 1 2 0
0 0 2 2 1 2 0 0 0 0 0 1 0 1 1 0 2 1 0 1 2 1
0 0 2 2 1 2 0 0 1 2 1 1 0 0 2 1 2 1 1 1 2 1
0 0 2 2 1 1 0 0 0 1 0 1 0 0 2 2 2 1 0 0 2 1
0 0 2 2 1 2 2 1 0 1 0 1 0 0 1 1 2 1 2 2 2 0
0 0 2 2 0 1 0 0 0 1 0 0 0 1 1 1 2 1 2 2 2 1
0 0 2 2 1 1 0 0 0 1 0 0 0 0 2 1 1 2 0 2 2 0
1 0 1 2 1 2 0 1 0 1 0 0 1 0 1 0 2 1 1 2 2 0
0 0 2 2 0 0 0 0 0 0 0 0 1 0 2 2 2 1 0 0 2 1
2 0 2 2 0 0 1 0 0 0 0 1 0 0 1 0 0 1 1 2 2 0
1 0 2 2 1 1 1 0 0 1 0 0 1 1 1 2 1 1 1 1 2 2
1 0 2 2 0 2 0 1 1 1 0 1 0 0 1 2 2 2 2 1 2 2
0 1 2 2 0 0 1 0 0 1 0 0 0 0 2 1 1 2 2 1 2 2
0 0 2 2 1 1 0 0 0 0 0 1 0 0 2 2 2 2 1 1 2 0
1 0 2 2 1 2 0 1 0 1 0 0 1 0 2 1 2 1 2 1 2 1
0 1 2 2 0 2 0 1 0 1 0 0 1 0 2 1 1 2 0 2 2 1
0 0 1 2 0 1 0 0 1 1 0 1 1 0 1 0 0 1 0 2 2 0
1 0 2 2 1 1 0 2 1 1 0 1 0 0 1 2 2 0 1 1 2 1
0 0 2 2 2 2 0 0 0 1 1 0 1 0 2 1 1 0 0 2 2 0
1 0 2 2 1 1 0 0 1 0 0 1 0 0 2 0 1 1 0 1 2 2
2 0 2 2 0 1 0 0 0 0 0 1 1 0 2 1 2 0 2 2 2 2
0 0 1 2 1 2 0 1 0 1 0 0 0 0 2 1 2 1 1 2 2 1
0 0 2 2 1 1 1 0 0 1 0 1 0 0 2 2 0 2 1 2 2 1
1 1 2 2 0 1 0 0 0 1 0 2 0 0 2 1 2 1 2 2 2 2
0 0 2 2 1 2 0 0 0 1 0 2 1 0 2 1 1 1 1 1 2 1
0 0 2 2 2 0 1 1 0 1 0 0 0 0 2 1 2 1 1 1 2 0
0 0 2 2 1 1 0 0 0 1 0 0 0 0 1 1 2 1 2 2 2 1
0 0 2 2 0 2 0 0 0 1 0 2 0 0 2 2 2 1 0 2 2 2
0 0 2 2 2 2 0 1 0 1 0 0 1 0 2 1 2 0 0 1 2 0
0 0 2 2 1 2 1 1 1 1 0 0 1 0 1 1 2 1 0 1 2 0
1 0 2 2 1 0 1 0 0 2 0 1 1 0 1 0 2 1 2 2 2 0
1 0 2 2 1 1 1 0 1 2 0 0 0 0 2 1 1 0 1 2 2 0
1 0 2 2 1 2 1 0 1 1 0 0 0 0 2 1 2 1 1 1 2 2
0 0 2 2 1 1 0 0 0 0 0 1 0 0 1 0 2 0 1 0 2 1
0 0 2 2 1 1 1 1 0 1 0 1 0 0 2 1 2 0 1 1 2 1
0 0 2 2 0 2 0 0 0 1 0 0 0 0 2 2 2 2 0 1 2 0
1 0 2 2 2 0 1 1 0 0 0 0 1 1 2 2 1 1 0 1 2 2
0 0 2 2 1 0 0 0 1 1 0 0 0 0 2 0 2 2 1 2 2 1
0 0 2 2 0 1 0 1 1 1 2 0 0 0 2 2 1 0 2 0 2 0
1 1 2 2 1 2 0 1 1 1 0 1 0 1 2 0 2 1 2 2 2 0
1 0 2 2 2 1 0 0 0 2 0 1 0 1 1 1 2 2 0 1 2 0
1 0 2 2 0 0 1 0 0 1 1 0 0 0 2 2 2 2 1 2 2 0
1 0 2 2 1 1 1 0 0 2 1 1 0 0 2 0 2 0 2 1 2 1
0 1 2 2 1 2 0 1 0 2 0 0 1 0 2 1 0 2 1 1 2 0
0 1 2 2 1 2 1 0 0 1 0 0 0 0 2 1 2 0 2 1 2 0
0 0 2 2 1 2 2 0 0 2 0 0 0 0 2 1 2 0 1 2 2 1
0 0 2 2 0 1 0 0 0 1 0 1 0 0 1 0 1 1 1 1 2 1
0 0 2 2 1 2 0 0 1 2 1 2 0 0 2 1 1 1 2 2 2 1
0 0 2 2 0 0 0 0 1 1 0 2 0 0 1 1 0 1 1 1 2 2
0 0 2 2 0 1 0 1 1 1 0 1 0 0 2 2 1 0 1 0 2 2
0 0 2 2 1 2 1 1 0 2 0 1 1 1 2 0 1 0 2 1 2 0
0 0 2 2 0 2 0 0 0 2 0 2 1 0 2 1 2 0 1 1 2 0
0 0 2 2 1 1 1 2 0 1 0 1 0 0 1 1 1 0 2 1 2 2
1 0 2 2 0 0 0 0 1 1 0 0 1 0 1 0 1 2 1 1 2 0
0 0 2 2 1 1 1 1 2 1 0 1 0 0 1 1 2 0 1 2 2 0
2 0 2 2 2 0 2 0 0 1 0 0 0 0 0 0 2 0 2 0 2 1
0 0 2 2 0 2 0 2 1 1 0 1 0 0 1 0 1 1 2 2 2 1
0 0 2 2 1 2 1 0 1 1 0 0 0 0 2 1 2 2 1 1 2 0
0 0 2 2 1 2 1 0 0 0 0 1 0 0 1 0 2 1 2 2 2 0
0 1 2 2 0 2 0 1 1 1 0 2 0 1 1 1 2 1 1 1 2 0
0 0 2 2 1 1 1 1 0 1 0 0 0 0 1 0 2 0 2 1 2 1
0 0 2 2 2 1 0 1 0 2 0 0 0 0 0 0 2 2 1 2 2 0
0 0 2 2 2 2 0 0 0 2 0 1 0 0 2 1 2 1 1 2 2 0
0 0 2 2 1 0 0 2 1 2 0 0 0 0 2 1 2 0 2 2 2 0
1 0 2 2 1 0 2 0 1 1 0 1 1 0 2 0 2 2 1 2 2 0
0 1 2 2 1 1 1 1 1 2 0 1 1 1 2 2 1 1 1 2 2 2
2 0 2 2 0 2 0 1 0 2 0 1 0 0 1 0 2 1 1 2 2 0
1 0 2 2 1 2 1 1 1 1 0 2 1 1 2 1 2 2 1 2 2 1
0 0 2 2 0 0 1 0 1 0 0 2 0 0 2 0 0 0 1 2 2 0
1 0 1 2 1 2 0 0 0 1 0 0 0 0 2 1 1 1 1 2 2 1
0 0 2 2 2 0 1 0 0 0 0 1 0 0 2 0 0 1 1 1 2 1
0 0 2 2 2 1 0 0 0 2 0 1 0 0 2 1 2 1 1 1 2 1
2 0 2 2 0 1 2 1 1 1 0 0 0 0 2 0 2 0 2 2 2 2
0 0 2 2 0 0 0 1 0 1 0 0 0 0 2 1 2 1 1 2 2 1
0 0 2 2 1 2 1 0 0 1 0 0 0 0 2 2 1 0 2 2 2 1
1 0 2 2 0 1 0 0 2 1 0 0 0 0 2 1 2 1 1 2 2 1
0 0 2 2 1 0 1 0 1 2 0 2 0 0 2 1 2 0 0 2 2 0
1 0 2 2 1 1 0 0 0 1 1 0 0 0 2 1 2 0 1 2 2 1
0 0 2 2 2 1 1 0 0 0 0 0 0 0 2 0 1 1 1 1 2 1
1 0 2 2 0 1 2 2 0 1 0 1 0 2 1 0 0 1 0 2 2 1
0 0 2 2 1 1 0 0 1 1 0 0 1 0 1 1 2 2 1 1 2 1
0 0 1 2 2 1 1 0 1 1 0 0 1 0 2 1 1 0 0 0 2 1
0 0 2 2 0 1 2 1 0 2 0 0 0 0 1 0 2 1 1 2 2 1
0 0 2 2 2 1 1 0 0 1 0 1 0 0 0 1 2 0 2 2 2 0
0 1 1 2 0 1 1 1 0 2 0 0 0 0 2 1 2 0 1 1 2 0
1 0 2 2 0 1 1 1 1 1 0 0 1 1 1 0 1 2 0 1 2 1
0 0 2 2 1 2 0 0 0 2 0 2 0 0 2 2 2 0 1 2 2 1
0 0 2 2 1 0 0 0 0 0 0 0 0 0 0 2 1 2 1 1 2 2
0 0 2 2 1 2 0 1 0 0 0 0 0 0 0 0 2 1 1 1 2 0
2 0 2 2 0 0 1 0 0 1 0 1 0 0 2 2 2 2 2 2 2 1
1 0 2 2 0 2 0 0 0 2 0 1 0 0 2 2 2 2 1 1 2 1
0 0 1 2 0 0 0 0 1 1 0 0 0 2 2 1 0 0 0 2 2 1
0 0 2 2 1 2 0 0 0 1 0 1 0 0 2 0 1 2 1 2 2 0
0 0 2 2 1 1 0 0 0 1 0 0 0 1 2 2 2 0 1 1 2 1
0 0 2 2 1 2 1 0 1 2 0 0 0 0 2 1 1 0 2 1 2 0
0 0 2 2 2 2 0 0 1 1 0 0 0 1 1 0 2 1 0 2 2 2
0 0 2 2 2 1 0 1 1 0 0 0 1 0 1 1 1 1 1 0 2 1
2 1 2 2 1 1 1 0 1 1 0 1 0 0 2 0 2 2 2 2 2 2
2 0 2 2 2 2 1 1 0 2 0 2 0 0 2 1 2 1 0 2 2 2
1 0 2 2 0 1 1 1 0 1 0 1 0 1 2 2 1 2 0 2 2 0
0 0 2 2 0 1 0 0 1 1 0 1 0 0 1 1 1 2 2 2 2 2
0 0 1 2 2 1 0 0 0 0 0 1 0 0 2 0 2 2 0 1 2 0
0 0 2 2 1 1 0 1 0 0 0 1 0 1 2 1 2 0 1 2 2 1
0 0 2 2 2 1 0 0 0 1 0 0 1 0 1 0 2 1 2 2 2 1
0 0 2 2 1 1 1 1 0 1 0 0 1 0 0 2 1 2 2 1 2 0
1 0 2 2 1 2 0 0 0 2 0 1 0 0 2 1 2 0 2 1 2 1
0 0 2 2 1 0 1 0 0 1 0 0 0 0 2 1 1 0 1 2 2 0
0 0 2 2 0 0 0 1 1 2 1 0 0 0 1 1 2 1 2 1 2 0
1 0 1 2 0 1 0 1 1 1 0 1 0 1 2 1 2 2 1 1 2 2
1 0 2 2 1 1 1 1 0 1 0 1 0 0 2 0 2 2 0 1 2 0
0 0 2 2 2 1 0 1 2 2 0 1 1 0 1 0 2 0 1 1 2 1
0 0 2 2 1 1 1 0 1 1 0 1 0 1 2 0 2 2 1 2 2 1
0 0 2 2 2 2 1 0 2 0 0 0 0 0 2 1 0 1 2 2 2 1
0 1 2 1 0 2 0 0 0 1 0 1 1 0 2 2 2 0 1 2 2 0
0 0 2 2 1 2 0 0 0 2 0 0 0 0 1 1 1 1 2 2 2 1
0 0 1 2 1 1 0 0 0 1 0 0 0 0 2 1 2 0 0 2 2 1
0 0 2 2 1 1 0 1 1 1 0 0 1 1 1 0 2 1 2 1 2 0
0 1 2 2 1 1 0 0 1 0 0 2 0 0 1 2 2 0 0 2 2 1
0 0 2 2 2 1 1 0 1 1 0 2 0 0 1 0 2 1 1 0 1 1
0 0 2 2 1 0 1 1 1 0 0 1 1 0 1 2 1 0 0 0 2 1
0 0 2 2 1 0 1 0 1 2 1 2 0 0 2 0 2 1 2 1 2 1
0 0 1 2 1 1 1 0 1 0 0 2 0 0 1 1 2 0 2 1 2 1
0 0 2 2 1 0 0 0 0 2 0 1 0 0 2 0 2 1 2 1 2 2
1 0 2 2 0 1 1 0 0 2 0 0 1 0 1 1 1 1 1 1 2 1
0 0 1 2 2 1 2 0 1 1 0 1 0 0 1 1 2 2 2 1 2 0
0 1 2 2 0 1 0 0 0 1 0 0 0 0 0 1 1 1 2 2 2 2
0 0 2 2 1 1 0 1 0 1 0 1 1 0 2 1 2 0 1 1 2 1
2 0 2 2 1 0 0 0 0 1 0 0 0 0 1 1 2 1 1 1 2 1
1 0 2 2 2 1 0 1 1 1 0 0 0 0 2 1 2 0 0 2 2 2
1 0 2 2 2 1 1 0 0 2 0 0 0 0 2 0 1 2 2 2 2 1
1 0 2 2 1 2 1 0 0 1 0 0 0 2 1 1 1 1 1 0 2 0
0 0 2 2 1 2 0 1 0 1 0 0 0 0 2 1 1 1 2 1 2 1
0 0 2 2 0 2 0 0 1 0 0 1 0 0 1 0 1 1 0 2 2 0
0 0 2 2 2 1 0 0 0 0 0 1 0 0 1 0 1 1 2 1 2 0
2 0 2 2 1 2 2 0 1 2 0 1 0 0 2 1 2 1 1 2 2 0
0 0 2 2 1 1 0 0 0 1 0 1 0 0 2 1 1 1 2 2 2 1
0 0 2 2 1 1 1 0 0 2 0 0 0 2 2 1 1 0 1 2 2 0
0 0 1 2 1 1 0 0 0 2 0 1 1 0 2 1 1 2 2 1 2 1
0 0 2 2 1 1 0 0 0 1 0 1 0 0 2 1 2 1 0 2 2 1
0 0 2 2 1 1 0 0 0 1 0 1 0 0 2 1 2 1 0 1 2 0
1 0 2 2 0 2 1 0 0 1 0 0 0 0 1 1 1 1 0 2 2 1
0 0 2 2 1 1 0 0 0 1 0 2 0 1 2 1 2 1 2 1 2 2
0 0 1 2 2 1 1 0 1 0 0 0 0 0 0 1 1 2 1 1 2 1
1 0 2 2 1 2 0 0 0 2 0 0 1 0 2 0 2 1 1 1 2 0
0 0 2 2 1 2 0 0 0 1 0 1 0 0 2 1 1 2 1 0 2 1
0 0 2 2 1 2 0 1 1 1 0 1 1 0 2 2 1 1 1 0 2 0
0 0 2 2 1 1 0 1 0 1 0 0 0 0 2 1 2 2 1 1 2 2
0 1 2 2 2 2 1 1 1 2 0 0 1 0 1 1 1 0 2 2 2 1
0 0 2 2 1 0 1 0 0 2 0 1 0 0 2 2 0 1 2 1 2 1
0 1 2 2 1 0 0 0 0 1 0 1 0 0 2 2 1 0 2 2 2 0
1 0 2 2 2 0 0 0 0 0 0 1 0 1 1 1 2 2 1 1 2 2
0 0 2 2 1 1 0 1 0 2 0 1 0 0 2 2 2 1 2 0 2 1
0 0 1 2 1 2 1 0 0 1 0 0 0 1 1 1 1 1 2 2 2 1
1 0 2 2 0 2 0 0 0 0 0 0 1 0 2 1 0 0 0 2 2 0
1 0 2 2 2 0 0 1 0 0 0 0 2 0 0 2 0 1 0 1 2 0
0 0 2 2 2 2 1 1 1 1 0 0 0 0 1 0 2 0 0 1 2 0
0 0 2 2 1 1 2 0 0 1 0 1 1 0 2 0 2 0 0 2 2 0
0 0 2 2 1 1 0 0 0 2 0 0 0 0 1 1 0 1 1 2 2 1
1 0 2 2 1 1 1 0 0 1 0 1 0 0 0 0 2 1 1 2 2 1
0 0 2 2 2 2 0 1 0 1 0 0 1 0 2 2 2 1 1 0 2 0
1 0 2 2 1 1 0 0 0 0 0 0 1 0 1 1 2 1 1 2 2 2
0 0 2 2 1 0 0 0 0 0 0 2 1 0 1 0 1 0 1 0 2 1
0 0 2 2 1 2 0 0 0 0 0 1 0 1 2 1 2 0 0 1 2 2
0 0 2 2 2 1 0 0 0 0 0 0 0 1 2 1 2 1 1 0 2 1
0 0 2 2 2 1 0 0 0 2 0 1 0 1 2 1 2 1 2 2 2 0
0 0 2 2 0 0 0 0 1 0 0 1 0 0 2 1 1 0 0 2 2 1
0 0 2 2 0 2 0 0 0 2 2 1 0 0 2 1 2 2 2 1 2 0
1 0 2 2 1 1 1 0 0 0 0 1 0 0 2 1 2 1 1 2 2 2
0 0 2 2 2 1 0 1 1 0 0 1 0 0 1 1 2 0 0 2 2 0
0 0 2 2 1 2 0 0 0 1 0 0 0 0 2 0 0 1 0 0 2 0
0 0 2 2 0 0 0 0 0 1 0 1 0 0 0 2 1 2 1 1 2 2
0 0 2 2 2 2 0 0 0 1 0 1 0 0 0 2 1 0 1 0 2 1
1 0 2 2 2 2 0 0 1 1 0 1 1 0 2 1 1 1 1 2 2 1
0 1 2 2 1 0 0 0 0 2 1 0 0 0 1 0 2 0 2 2 2 2
0 0 2 2 1 1 0 0 0 0 1 0 1 1 1 1 2 1 2 1 2 1
1 0 2 2 0 2 0 0 0 1 0 0 0 0 2 0 0 1 1 2 2 2
0 0 2 2 1 0 0 1 0 0 0 1 1 0 1 1 2 2 1 2 2 0
0 0 2 2 1 1 0 0 0 1 0 2 1 0 1 1 0 2 0 1 2 1
0 0 2 2 1 2 0 0 0 1 0 2 0 0 1 1 2 2 0 2 2 2
0 0 2 2 1 2 0 0 1 0 0 1 0 0 2 1 2 1 0 1 2 1
0 0 2 2 2 1 1 0 0 1 0 1 0 0 2 1 2 1 1 1 2 0
1 0 2 2 1 2 0 0 1 1 0 1 0 1 2 1 0 1 0 1 2 2
0 1 1 2 1 1 0 0 0 1 0 0 0 0 1 1 1 0 1 2 2 0
0 0 2 2 2 1 0 1 1 1 0 1 0 0 1 2 2 0 2 1 2 1
0 0 2 2 0 1 0 0 0 1 0 0 0 0 2 0 2 1 1 1 2 2
0 1 2 2 1 1 0 0 0 1 0 2 0 0 1 1 2 1 2 2 2 1
0 0 2 2 0 0 0 0 1 0 0 1 1 0 2 1 2 1 0 1 2 1
0 0 2 2 0 0 0 0 1 0 0 0 0 0 2 2 2 2 1 2 2 1
1 0 2 2 1 1 0 0 0 1 0 0 0 0 2 0 2 0 1 1 2 2
0 1 2 2 2 1 1 0 0 1 0 1 0 0 1 1 1 2 1 1 2 1
0 0 2 2 1 1 0 0 0 0 0 1 2 0 1 0 2 0 2 1 2 1
1 0 2 2 1 2 0 0 0 2 0 1 1 0 2 2 2 0 1 2 2 2
0 0 2 2 1 1 0 0 1 1 0 1 1 0 1 0 2 1 1 1 2 1
0 1 2 2 0 1 0 0 0 1 0 1 0 0 2 0 2 1 2 1 2 2
2 0 2 2 2 1 1 1 0 0 0 0 0 1 2 0 2 0 2 2 2 1
0 0 2 2 1 2 1 0 1 0 0 2 0 0 2 1 2 1 2 1 2 2
0 0 2 2 1 1 0 0 0 1 0 1 1 1 2 1 1 2 1 0 2 1
0 0 2 2 2 2 1 1 0 0 0 0 0 0 2 0 2 1 1 1 2 1
0 0 2 2 0 1 0 0 0 1 0 0 0 1 2 0 0 1 2 1 2 1
0 1 2 2 1 2 1 1 1 0 0 0 1 0 2 2 2 2 1 2 2 1
2 0 2 2 0 1 1 0 0 1 0 1 0 0 2 1 2 0 2 1 2 0
1 0 2 2 0 0 0 0 2 1 0 1 0 0 1 1 0 1 0 1 2 0
2 0 2 2 2 2 0 0 0 1 0 0 0 0 2 0 1 0 0 1 2 2
1 1 2 2 0 2 0 0 1 2 0 1 0 1 2 1 1 2 0 0 2 2
0 0 2 2 2 1 2 0 0 0 1 1 0 0 1 0 2 2 1 2 2 0
1 0 2 2 2 1 0 1 0 1 0 1 0 1 2 2 2 1 2 2 2 2
1 0 1 2 2 2 1 1 1 1 0 1 1 0 2 1 1 2 0 1 2 1
0 0 2 2 1 2 0 1 1 0 0 0 0 0 2 2 1 2 0 2 2 1
0 0 2 2 1 1 0 0 0 2 0 1 0 0 2 2 2 1 1 1 2 2
0 0 2 2 0 0 0 0 0 1 1 0 0 0 2 0 2 0 1 2 2 0
1 0 2 2 0 2 1 0 0 0 0 0 0 1 2 0 2 0 1 2 2 1
0 0 2 2 0 2 1 0 0 0 0 2 0 0 2 2 2 0 1 2 2 0
0 0 2 2 2 1 0 0 1 1 0 1 1 0 0 1 1 2 1 1 2 1
1 0 2 2 1 1 0 1 0 2 0 1 0 0 2 0 1 2 1 2 2 2
1 0 2 2 2 1 0 0 0 1 0 0 0 0 1 1 1 0 2 2 2 0
1 0 2 1 1 1 0 0 1 2 0 1 1 0 2 0 0 0 1 1 2 2
0 0 2 2 2 0 0 0 1 1 0 1 0 0 2 1 2 1 0 1 2 2
1 0 2 2 2 1 0 0 1 1 0 1 0 2 2 2 1 1 1 2 2 1
1 0 2 2 1 1 1 0 0 2 0 1 1 1 2 1 2 2 0 2 2 1
1 1 2 2 1 2 0 0 0 0 0 0 0 0 2 0 2 1 0 1 2 1
0 0 2 2 1 1 0 0 0 0 0 1 0 0 2 1 1 1 1 1 2 1
0 0 2 2 1 0 0 0 1 2 0 0 0 0 2 0 1 2 1 2 2 1
1 0 2 2 0 0 1 0 0 0 0 0 0 1 2 1 0 1 1 2 2 1
1 0 2 2 0 0 0 0 0 0 0 1 0 1 0 1 1 0 0 1 2 1
1 0 1 2 1 1 0 0 0 1 0 1 0 0 2 2 1 0 2 1 2 2
2 0 2 2 2 0 0 0 0 0 0 0 1 1 2 1 2 0 1 2 2 0
0 0 2 2 2 1 1 0 0 1 0 1 0 0 1 1 2 0 0 1 2 1
0 0 2 2 0 1 0 0 0 0 0 1 0 0 2 2 2 1 1 2 2 0
0 0 2 2 2 1 1 0 0 2 0 2 1 1 2 2 1 0 0 1 2 0
1 0 2 2 0 1 1 0 0 1 0 1 0 0 2 1 2 0 1 1 2 2
1 0 2 2 2 2 0 2 0 1 0 1 0 0 1 1 2 2 0 1 2 1
2 0 2 2 1 1 1 1 0 2 0 1 1 0 1 2 2 0 1 0 2 0
0 0 1 2 1 1 1 0 1 2 0 1 0 0 1 1 1 1 0 1 2 0
0 1 2 2 1 2 1 0 1 0 0 0 0 0 2 2 2 0 0 2 2 2
1 0 2 2 1 2 0 0 1 2 0 1 1 1 1 2 2 2 2 2 2 1
1 1 2 2 1 1 0 0 1 2 0 0 0 0 2 2 1 1 0 2 2 1
0 1 2 2 0 1 0 1 0 1 0 2 0 0 2 1 2 0 1 1 2 1
0 0 1 2 1 2 0 1 1 0 0 1 1 0 2 1 2 0 1 1 2 1
0 0 2 2 1 1 0 1 0 2 0 1 0 0 2 0 2 2 2 2 2 2
0 0 2 2 0 1 0 1 0 2 0 1 0 0 2 1 2 2 1 1 2 1
0 1 2 2 0 0 1 0 0 1 0 0 0 0 2 2 2 1 1 2 2 1
1 0 2 2 0 1 1 0 1 1 0 1 0 0 1 1 2 1 1 1 2 1
0 0 1 2 1 0 0 1 0 1 0 1 0 0 2 1 2 0 1 2 2 1
0 0 2 1 2 1 0 0 0 1 0 0 1 0 2 0 2 0 2 1 1 1
0 0 2 2 0 0 0 0 0 2 0 1 0 0 2 1 2 0 1 1 2 2
1 0 2 2 0 1 0 2 0 1 0 0 0 0 2 0 1 1 2 2 2 1
0 0 2 2 2 1 0 0 0 1 0 0 0 0 2 1 1 0 2 0 2 1
0 0 2 2 1 1 0 0 0 1 0 0 1 0 0 1 2 1 1 2 2 1
1 0 2 2 1 1 0 0 1 1 0 1 1 1 1 2 2 1 1 0 2 1
0 0 2 2 2 2 1 0 0 1 0 0 1 0 1 0 2 2 2 1 2 1
0 0 2 2 0 2 1 0 0 2 0 1 0 0 2 0 2 0 1 2 2 0
0 0 2 2 0 2 0 0 0 1 0 0 0 0 1 1 2 1 1 1 2 1
1 1 1 2 1 2 0 0 0 1 0 0 1 0 1 2 2 0 2 2 2 0
0 0 1 2 0 1 0 0 1 1 0 2 0 0 1 2 1 0 2 2 2 1
0 1 1 2 1 1 1 0 0 1 0 1 1 1 1 2 2 2 2 1 2 0
0 0 2 2 1 2 0 0 0 1 0 0 0 0 1 2 2 1 2 2 2 1
0 0 2 2 0 2 0 0 0 1 0 0 1 1 2 0 1 1 0 2 2 1
1 1 2 2 0 1 1 0 0 0 0 0 0 0 2 2 1 1 2 1 2 0
1 0 2 2 1 1 0 1 1 2 0 2 0 1 1 0 2 0 1 2 2 1
1 0 1 2 0 2 0 0 0 1 0 1 1 0 1 1 1 0 2 2 2 1
0 0 2 2 1 2 1 0 0 2 0 0 0 0 1 0 1 2 2 1 2 2
1 0 2 2 0 1 0 0 1 1 0 1 0 1 0 1 2 1 2 1 2 0
0 0 1 2 0 1 0 0 0 1 0 2 0 0 2 1 2 1 2 2 2 0
1 0 1 2 1 2 0 0 1 1 0 0 0 0 2 0 0 1 2 2 2 1
0 0 2 2 1 2 1 0 1 1 0 0 0 0 2 1 1 0 1 2 2 2
0 0 2 2 1 1 0 1 0 0 0 1 0 0 1 1 2 1 0 2 2 1
1 0 2 2 2 0 0 0 0 1 0 1 1 0 2 1 2 1 1 2 2 1
0 0 2 2 1 1 0 1 0 1 1 0 1 0 2 0 1 1 2 0 2 2
0 0 2 2 0 2 1 0 1 2 1 1 0 0 2 2 2 1 2 0 2 1
0 0 2 2 2 2 1 0 0 1 0 1 0 1 2 2 1 1 1 2 2 2
1 0 2 2 2 1 0 0 0 2 0 0 0 0 2 2 0 1 1 2 2 1
1 0 2 2 1 0 0 1 0 2 0 1 0 1 2 1 1 1 2 2 2 1
0 0 2 2 1 0 1 0 0 2 0 0 1 0 2 2 2 0 2 2 2 2
1 0 1 2 2 0 0 0 0 0 0 0 0 0 1 1 1 2 2 2 2 1
0 0 1 2 1 1 0 0 0 1 1 0 1 0 2 1 2 0 2 2 2 2
1 0 1 2 2 1 0 0 1 1 0 0 0 0 1 1 2 2 2 1 2 1
0 0 2 2 0 2 0 0 0 0 0 0 0 0 1 1 1 2 0 1 2 2
2 1 1 2 1 1 0 0 0 2 0 0 0 2 2 1 2 0 2 2 2 1
0 0 2 2 1 1 0 1 0 2 0 1 1 0 2 1 1 0 2 1 2 1
2 0 2 2 1 1 1 0 0 1 0 0 0 0 1 0 2 0 2 2 2 1
2 0 2 2 0 2 0 0 0 1 0 1 0 1 2 1 2 1 1 1 2 0
0 0 1 2 1 1 0 0 1 0 0 0 0 0 2 2 2 2 2 2 2 2
0 0 2 2 1 0 1 0 0 2 0 0 0 0 2 0 2 1 1 2 2 1
0 0 2 2 1 1 1 1 1 0 0 1 0 0 1 1 1 1 2 2 2 0
1 0 2 2 0 1 0 0 1 2 0 1 1 0 2 2 2 1 1 1 2 0
0 0 2 2 0 1 0 0 1 0 0 2 0 0 1 1 2 0 2 1 2 1
0 0 2 2 2 1 0 0 1 1 0 0 0 0 2 0 2 1 2 1 2 0
0 0 2 2 0 2 0 0 0 2 0 0 0 1 1 1 2 1 1 2 2 1
0 0 2 2 2 0 0 1 0 2 0 1 0 0 1 1 2 2 2 1 2 0
1 0 1 2 1 2 0 0 0 1 0 1 0 1 2 0 1 1 1 0 2 2
1 0 2 2 0 1 0 1 0 2 0 0 0 0 0 1 2 1 1 1 2 0
1 0 2 2 1 1 0 0 0 2 1 0 0 1 2 1 2 2 2 1 2 1
0 0 2 2 1 2 1 0 0 1 0 0 0 0 2 1 1 1 1 2 2 0
1 0 2 2 1 1 0 0 0 0 0 0 0 0 2 2 1 1 1 2 2 0
0 0 2 2 1 1 1 0 0 1 0 0 1 0 2 1 1 2 1 2 2 0
0 0 2 2 1 1 1 0 1 2 0 2 0 0 1 0 2 2 0 1 2 2
0 0 2 2 0 2 0 1 0 0 0 0 0 0 1 2 2 2 1 1 2 1
0 0 2 2 1 2 0 0 0 1 0 0 0 0 2 1 1 2 2 1 2 0
0 0 2 2 1 2 0 0 1 1 0 1 0 0 2 1 1 0 0 0 2 2
1 1 2 2 2 1 0 0 0 0 0 1 0 0 2 1 2 1 0 1 2 1
0 0 2 2 0 1 0 0 0 1 0 0 0 0 1 1 2 2 1 2 2 0
1 0 0 2 0 0 0 1 1 1 0 0 2 0 2 0 2 1 1 1 2 0
1 0 2 2 1 2 0 1 0 2 0 0 0 0 2 1 2 1 2 2 2 1
0 0 2 2 1 2 0 1 0 2 0 1 1 1 1 0 1 0 1 1 2 1
1 0 2 2 0 0 1 0 0 2 0 0 0 0 2 2 2 1 1 0 2 1
0 0 2 2 1 2 0 0 0 1 0 2 0 0 2 2 2 2 1 1 2 1
1 0 2 2 0 0 0 0 0 2 0 0 0 1 1 1 1 2 1 1 2 2
0 0 1 2 1 1 0 0 0 2 0 1 0 0 1 1 2 1 2 2 2 1
0 0 2 2 1 0 0 0 0 1 0 1 0 0 1 0 2 2 1 2 2 1
0 0 1 2 1 1 0 0 0 0 0 0 0 0 2 1 1 1 2 0 2 1
1 0 2 2 2 1 0 0 0 1 0 0 0 0 2 1 2 1 2 2 2 1
0 0 1 2 1 1 1 1 0 0 0 1 0 0 2 2 2 1 2 1 2 1
1 0 1 2 0 0 0 0 1 2 0 1 0 0 2 0 1 1 1 2 2 1
0 1 2 2 0 2 0 0 0 2 0 1 0 0 0 1 2 1 1 1 2 2
1 0 2 2 1 1 1 0 0 0 0 0 1 1 2 1 2 1 2 2 2 2
1 0 1 2 1 1 0 1 0 1 1 1 0 0 1 1 2 1 1 2 2 1
0 1 2 2 0 1 1 0 0 1 0 0 0 0 1 0 2 1 2 0 2 0
0 0 1 2 0 2 0 0 0 1 0 0 0 0 1 1 2 2 1 2 2 0
1 0 2 2 0 1 0 0 0 1 0 1 0 1 2 1 2 1 2 1 2 0
0 0 2 2 2 2 1 0 0 2 0 1 1 1 2 1 2 1 2 2 2 0
0 0 1 2 1 2 0 0 0 1 0 0 0 0 1 1 2 1 2 2 2 1
0 0 2 2 0 2 0 0 0 2 0 1 0 1 2 2 2 1 0 1 2 1
0 0 2 2 0 1 0 0 0 1 0 0 1 0 1 0 2 1 1 2 2 0
1 0 1 2 0 1 1 0 0 2 0 1 0 0 1 2 2 1 1 2 2 1
1 0 2 2 1 2 0 0 1 2 0 0 0 0 1 1 2 1 0 1 2 2
0 0 2 2 1 1 1 0 0 2 0 1 0 0 2 2 1 1 1 0 2 1
1 0 1 2 0 0 0 0 0 1 0 0 0 0 1 0 2 1 2 2 2 1
1 0 2 2 2 1 1 1 0 1 0 1 0 1 2 2 2 0 1 1 2 1
1 0 2 2 1 2 0 0 1 2 0 2 0 0 1 0 2 0 1 2 2 2
0 0 2 2 1 2 0 1 0 1 0 2 0 0 2 2 2 1 1 0 2 0
0 0 2 2 1 1 1 0 0 0 0 0 0 0 1 2 2 1 0 1 2 0
1 0 1 2 1 1 1 0 0 0 0 0 0 0 2 2 2 0 2 2 2 0
0 0 2 2 1 2 0 0 0 0 0 1 0 0 1 1 2 1 2 1 2 1
0 0 2 2 0 2 0 0 0 2 0 1 0 0 2 1 2 1 1 2 2 1
0 0 2 2 0 2 0 0 0 2 0 1 0 0 2 1 2 1 2 2 2 0
1 0 2 2 2 1 0 0 0 2 0 0 1 0 1 1 2 1 2 1 2 0
1 0 2 2 1 2 0 0 0 1 0 1 0 0 2 2 2 1 1 2 2 0
1 0 2 2 0 1 0 2 0 2 0 1 0 0 1 1 1 1 2 1 2 1
0 0 2 2 0 2 0 0 0 1 0 1 1 1 2 1 2 0 1 1 2 1
0 0 2 1 2 1 0 1 0 2 0 0 0 0 2 2 2 1 0 1 2 2
0 0 2 2 0 1 0 0 0 1 0 0 1 0 1 1 1 1 2 2 2 2
1 0 2 2 1 0 0 0 0 1 0 0 0 0 0 1 2 1 2 2 2 0
0 0 2 2 1 2 1 1 2 2 0 1 0 0 0 1 0 1 1 1 2 1
0 1 1 2 1 0 0 0 1 1 0 2 1 0 2 1 2 1 0 2 2 2
0 0 2 2 1 1 0 0 1 2 0 0 0 0 2 1 1 1 2 2 2 0
0 0 2 2 2 1 1 0 0 2 1 0 1 0 2 0 2 0 0 1 2 1
0 0 2 2 1 1 1 0 0 1 0 1 1 1 1 1 2 0 1 1 2 1
0 0 0 2 2 2 1 1 0 0 0 1 0 1 0 0 2 0 1 2 2 1
0 0 2 2 0 0 0 0 0 1 0 2 1 0 1 0 2 2 1 1 2 0
1 0 2 2 1 1 0 0 0 0 0 1 1 1 1 0 2 1 1 1 2 2
0 0 2 2 1 2 0 0 1 1 0 1 1 0 2 1 2 1 2 1 2 0
0 0 2 2 1 2 0 0 0 1 0 0 0 0 2 0 2 0 1 2 2 1
0 0 2 2 1 1 1 2 0 2 0 0 0 0 2 1 2 1 1 2 2 1
0 0 2 2 1 2 1 0 0 0 0 1 0 1 1 2 0 1 2 2 2 2
0 0 2 2 0 2 0 0 0 1 0 2 1 0 2 0 2 0 2 2 2 1
1 0 2 2 0 1 0 1 0 0 0 0 0 0 2 0 2 1 2 2 2 0
0 0 2 2 1 1 1 0 0 1 0 0 0 0 2 1 2 2 2 2 2 2
0 0 1 2 1 1 0 0 0 0 0 2 0 1 1 1 2 1 0 2 2 1
0 0 2 2 1 1 0 0 0 2 0 0 0 0 2 1 1 2 1 2 2 1
0 0 1 2 0 1 0 1 0 1 0 1 0 0 1 1 1 0 0 2 2 0
0 0 2 2 1 1 0 0 1 0 0 1 0 0 2 1 1 0 2 1 2 0
0 0 2 2 2 1 0 0 0 2 0 0 0 0 2 1 2 0 2 2 2 0
0 0 2 2 0 0 0 0 0 2 0 0 1 0 1 0 1 0 2 1 2 0
1 0 2 2 2 1 0 1 0 0 0 0 1 0 1 1 2 2 0 1 2 1
1 0 2 2 0 2 0 0 1 2 0 1 0 0 2 2 1 0 1 2 2 0
0 0 2 2 1 2 0 0 0 0 0 0 1 0 0 1 2 2 1 2 2 1
0 1 2 2 2 1 0 0 1 1 0 0 0 0 2 0 1 1 1 2 2 0
0 0 2 2 0 1 0 0 1 2 0 0 0 0 2 1 1 0 1 1 2 1
0 0 2 2 1 2 0 1 0 0 0 2 0 0 1 0 1 1 0 2 2 1
0 0 2 2 1 0 1 0 1 0 0 0 0 0 2 0 2 1 1 1 2 0
0 0 2 2 1 2 1 0 0 2 0 0 1 0 1 2 2 1 0 2 2 1
0 0 2 2 0 1 0 0 1 1 0 0 0 0 1 2 2 1 0 1 2 1
0 0 2 2 1 1 0 0 0 0 0 0 0 0 2 0 2 0 2 0 2 1
1 0 2 2 0 0 0 0 0 2 0 1 0 0 1 1 1 1 1 2 2 0
1 0 2 2 1 1 0 0 0 1 0 1 0 0 2 1 2 0 1 1 2 2
0 0 2 2 2 0 0 0 0 1 0 0 0 0 1 0 2 2 2 0 2 1
1 0 2 2 2 1 0 0 1 0 0 1 0 0 1 0 2 1 0 2 2 1
0 0 2 2 0 0 0 0 1 2 0 1 0 0 2 1 2 1 0 1 2 2
0 0 2 2 1 2 1 0 0 1 0 1 0 0 2 2 2 1 2 2 2 1
2 0 1 2 0 1 0 0 0 1 0 2 0 0 1 1 1 1 2 1 2 1
1 1 2 2 1 0 0 1 0 1 0 0 0 0 2 0 1 1 2 2 2 0
0 0 2 2 0 1 1 0 0 0 0 0 0 0 2 2 2 0 2 2 2 1
1 0 2 2 0 1 0 0 1 2 0 1 0 0 2 1 1 1 1 1 2 1
0 0 2 1 0 1 0 0 1 1 0 1 0 0 2 2 1 2 0 2 2 0
0 0 2 2 0 2 0 0 0 1 0 1 0 0 2 0 2 1 2 1 2 1
0 0 0 2 1 2 0 1 0 2 0 0 0 0 0 2 2 1 2 1 2 1
0 0 2 2 1 1 1 0 1 2 0 0 1 0 2 1 1 0 2 2 2 0
1 0 2 2 1 2 0 0 0 1 0 1 0 0 1 0 0 0 2 2 2 0
1 0 2 2 0 1 1 0 0 0 0 0 0 0 2 1 2 1 1 0 2 0
0 0 1 2 0 2 0 0 0 1 0 0 1 0 2 0 1 2 2 2 2 0
1 0 2 2 0 1 0 1 1 2 0 0 0 0 2 1 2 0 0 1 2 2
0 1 2 2 1 0 0 0 0 2 0 0 1 0 1 1 2 2 1 1 2 0
0 0 2 2 1 2 0 0 1 1 0 0 0 0 1 2 2 0 1 2 2 1
1 0 1 2 1 2 0 0 0 1 0 0 0 0 1 0 1 1 2 0 2 1
1 0 2 2 1 0 1 1 0 2 0 0 0 0 1 1 1 2 2 1 2 1
0 0 2 2 1 2 0 0 0 0 0 1 2 0 2 0 2 1 1 2 2 2
0 0 2 2 0 2 1 0 0 0 0 1 1 1 2 0 2 1 0 0 2 1
0 0 1 2 2 0 0 0 0 1 0 1 0 0 1 1 1 2 1 2 2 0
0 0 2 2 1 2 0 1 0 2 0 2 0 0 1 0 2 1 0 1 2 1
0 0 1 2 1 2 1 0 0 2 0 1 0 0 2 1 2 1 2 2 2 0
1 0 2 2 2 1 0 0 0 1 0 0 0 0 2 0 2 1 2 2 2 1
0 0 2 2 0 2 0 1 0 0 0 0 0 0 2 1 1 2 1 2 2 1
0 0 1 2 1 2 0 0 0 2 1 0 0 0 1 1 2 2 2 1 2 0
0 0 2 2 0 1 0 0 2 2 0 0 0 0 2 0 1 1 2 2 2 2
1 0 2 2 0 1 0 0 0 2 1 0 0 0 2 2 2 1 1 2 2 2
1 0 2 2 0 1 0 1 0 1 0 0 0 0 2 1 2 1 0 1 2 1
0 0 2 2 2 2 0 0 1 2 0 0 1 0 1 1 2 2 1 2 2 1
0 0 2 2 1 1 1 0 0 1 0 1 0 0 1 2 2 1 1 1 2 1
1 0 2 2 0 2 0 0 0 1 0 0 0 0 2 1 1 1 2 1 2 0
0 1 2 2 2 2 1 0 0 1 0 0 0 0 1 2 2 2 1 2 2 0
0 1 2 2 0 0 0 0 0 2 0 1 0 1 2 2 1 2 1 2 2 0
1 0 2 2 1 0 0 0 0 0 0 1 0 0 2 1 2 1 1 2 2 1
0 1 2 2 0 1 0 0 0 0 0 2 1 0 2 1 1 0 0 1 2 0
1 0 2 2 0 2 0 0 0 1 0 1 0 0 2 1 1 0 1 0 2 1
0 0 2 2 0 1 0 1 0 2 0 2 0 0 2 1 2 1 1 1 2 1
1 0 2 2 0 2 0 0 0 1 0 0 0 0 1 2 1 0 1 1 2 1
0 0 2 2 1 2 1 0 0 1 0 0 1 1 1 1 2 2 1 1 2 1
1 1 2 2 1 2 1 0 0 1 0 0 0 0 2 1 2 2 0 2 2 2
0 0 2 2 0 1 0 1 0 1 0 1 0 1 1 1 2 0 2 1 2 2
2 0 2 2 0 2 0 0 0 2 0 1 0 0 2 2 0 1 1 1 2 1
0 0 2 2 2 1 0 1 0 1 0 2 0 0 2 2 2 2 0 2 2 1
0 0 1 2 1 0 2 0 0 2 0 2 1 0 1 1 1 1 2 2 2 2
0 0 2 2 1 1 0 0 0 1 0 0 0 0 2 2 1 2 2 2 2 1
1 0 2 2 2 0 0 0 0 2 0 1 1 0 2 1 2 1 2 2 2 0
1 0 2 2 1 0 0 0 0 1 0 0 0 1 2 1 1 2 2 1 2 1
0 0 2 2 2 0 0 0 0 1 0 1 0 0 2 1 2 0 0 1 2 0
0 0 2 2 0 1 0 1 1 2 0 1 0 0 2 1 1 2 1 0 2 2
0 0 2 2 1 2 0 0 0 2 0 0 2 0 2 1 2 1 1 1 2 1
0 0 1 2 0 2 0 0 1 0 0 0 0 0 2 2 2 0 0 2 2 1
0 0 2 2 0 1 0 0 0 2 1 0 0 0 1 0 2 1 0 2 2 0
0 0 2 1 0 1 0 0 0 1 0 1 0 0 2 2 2 1 0 2 2 2
0 0 2 2 0 1 0 1 0 2 0 0 0 0 2 1 2 1 1 2 2 1
2 0 1 2 1 2 0 1 0 2 0 0 0 0 2 0 2 0 2 0 2 0
0 0 2 2 0 0 0 0 0 1 0 0 0 0 0 0 2 1 2 1 2 1
0 0 2 2 2 2 0 0 1 2 0 0 0 0 2 0 1 0 1 1 2 1
1 0 2 2 1 2 0 0 0 1 0 1 0 1 2 0 2 0 1 2 2 1
0 0 2 2 1 2 1 0 0 0 0 2 0 0 2 2 2 1 2 2 1 2
2 0 2 2 0 0 0 0 0 1 0 1 0 0 1 1 2 1 1 1 2 2
1 0 1 2 2 2 1 0 1 1 0 0 1 0 2 0 2 1 2 2 2 1
0 0 2 2 2 1 0 1 0 2 0 2 0 0 1 0 2 0 2 1 2 1
0 0 2 2 0 2 0 0 0 2 0 1 0 0 2 0 1 1 1 1 2 1
1 0 1 2 2 2 0 0 0 2 0 1 0 0 1 2 0 2 1 2 2 1
0 0 2 2 2 1 1 1 1 2 0 1 1 0 2 0 2 1 0 2 2 0
0 0 1 2 1 0 0 1 1 1 0 0 0 0 1 0 2 0 0 0 2 1
1 0 2 2 2 2 1 0 0 2 0 0 1 0 1 1 2 0 2 2 2 2
0 0 1 2 0 1 1 0 0 1 0 0 0 0 1 1 1 1 2 1 2 1
1 0 2 2 0 1 0 0 0 1 0 1 0 0 2 2 2 0 2 1 2 1
0 0 2 2 1 1 0 0 0 2 0 1 0 0 2 0 2 1 1 2 2 2
0 0 2 2 0 0 0 1 1 1 0 1 0 0 2 2 1 1 1 1 2 2
0 0 2 2 1 1 0 1 1 2 0 0 0 0 2 2 1 1 0 1 2 0
1 0 2 2 1 1 2 2 0 2 0 0 1 0 0 0 1 0 1 2 2 2
1 0 2 2 0 1 0 0 0 1 0 2 0 0 2 2 2 0 1 1 2 1
1 0 2 2 1 1 1 0 0 0 1 0 0 0 2 1 2 1 1 2 2 0
0 0 1 2 2 1 0 2 0 2 0 1 0 1 2 0 2 2 1 2 2 1
0 0 2 1 2 1 0 0 1 1 0 0 0 0 2 1 2 1 1 0 2 0
0 0 2 2 0 0 0 1 0 0 0 0 0 0 2 1 1 1 1 2 2 1
0 0 2 2 2 2 1 0 0 2 0 1 0 0 1 0 2 0 2 1 2 1
0 0 1 2 2 1 0 0 1 0 0 2 1 1 1 2 2 0 0 2 2 0
0 0 2 2 0 1 0 0 1 1 0 0 0 0 2 1 2 1 1 2 2 2
0 0 2 2 0 2 0 0 0 2 0 1 0 0 2 1 2 1 1 2 2 0
0 0 2 2 0 1 0 1 0 2 0 2 0 0 1 1 2 2 0 1 2 2
0 0 2 2 1 0 0 0 1 0 0 0 1 0 2 1 2 1 0 2 2 0
0 1 2 2 2 2 1 0 0 1 1 0 0 0 2 0 2 1 2 1 2 1
0 0 2 2 0 1 0 0 0 2 0 1 0 0 0 2 2 1 2 1 2 0
0 0 2 2 0 2 1 0 1 1 0 1 0 0 1 1 2 0 1 1 2 2
0 0 2 2 0 2 0 0 0 0 0 0 0 1 2 2 2 0 2 1 2 0
1 0 2 2 1 1 0 0 1 2 0 1 0 1 1 1 2 1 1 2 2 2
0 0 2 2 1 1 1 0 0 1 0 0 2 0 2 0 2 0 2 2 2 2
0 0 2 2 1 0 0 0 0 0 0 0 0 0 2 2 2 2 1 1 2 0
1 0 2 2 1 0 0 0 0 2 0 0 0 0 1 0 2 2 1 2 2 1
1 0 1 2 0 2 0 0 0 1 0 1 0 0 1 2 1 1 1 0 2 2
0 0 2 2 1 0 0 2 0 2 0 1 1 0 1 1 1 1 1 2 2 0
0 0 2 2 2 0 0 0 1 1 0 2 0 1 2 1 1 1 2 2 2 0
0 0 2 2 1 1 0 0 0 2 0 2 0 0 1 1 1 1 2 2 2 1
1 0 2 2 0 1 0 0 0 1 0 1 1 0 2 1 2 1 2 2 2 1
0 0 1 2 0 1 0 1 0 0 0 1 1 0 0 1 1 1 1 2 2 1
1 0 2 2 1 2 0 0 0 1 0 1 0 0 2 1 1 2 1 1 2 2
1 0 2 2 2 0 0 0 0 2 0 1 0 0 2 1 2 2 2 1 2 1
0 0 2 2 2 1 0 0 1 1 0 1 0 0 2 1 2 1 1 1 2 0
0 0 1 2 1 1 0 1 0 1 0 1 0 0 2 1 2 1 0 2 2 0
1 0 2 2 0 0 0 1 0 1 0 0 0 0 2 2 2 0 2 0 2 2
1 0 2 2 1 1 0 0 0 1 0 1 0 0 1 2 1 0 2 1 2 0
0 1 2 2 0 1 0 0 0 2 0 1 1 0 2 1 2 1 0 2 2 2
2 0 2 2 1 2 0 0 0 1 0 1 0 0 1 2 2 1 2 1 2 0
2 0 2 2 0 1 1 1 0 1 0 2 0 0 1 2 2 0 1 2 2 1
1 0 2 2 1 1 0 0 0 2 0 0 0 0 2 1 2 0 1 1 2 0
0 0 2 2 1 1 1 0 0 1 0 0 0 0 2 1 1 2 1 1 2 2
0 0 2 2 1 1 0 0 0 1 0 0 0 0 1 1 0 1 1 1 2 1
0 1 2 2 1 1 1 0 0 1 0 1 0 0 2 1 1 0 2 1 2 1
0 0 1 2 1 1 0 1 1 1 0 1 0 0 2 0 2 0 2 1 2 1
0 0 2 2 1 2 0 0 0 0 0 0 0 0 2 1 2 1 1 1 2 2
0 0 2 2 0 1 0 1 1 1 0 1 0 0 2 1 2 0 2 0 2 2
1 0 1 2 2 0 0 0 0 0 0 0 0 0 1 0 2 1 2 2 2 1
0 0 0 2 1 2 1 1 0 2 0 2 0 0 1 1 0 1 2 2 2 1
0 1 2 2 1 0 0 0 0 2 0 0 0 1 1 0 2 1 1 2 2 0
0 0 2 2 1 2 0 1 1 1 0 0 1 0 2 1 2 2 2 2 2 0
0 1 2 2 1 1 0 0 0 2 0 1 0 0 2 2 2 1 1 2 2 2
1 1 2 2 2 1 0 0 0 2 0 2 0 0 2 1 2 1 0 2 2 1
0 0 2 2 1 1 0 0 0 1 0 1 0 0 2 1 2 0 0 1 2 2
0 1 1 2 1 2 0 0 0 1 0 0 0 0 2 1 2 1 0 2 2 1
0 0 2 2 0 2 0 1 0 1 0 0 1 0 1 1 2 2 1 1 2 1
0 0 2 2 1 2 0 0 0 0 0 0 0 0 1 1 2 1 0 1 2 0
0 0 2 2 2 2 0 0 0 1 0 1 0 0 1 1 0 2 2 1 2 1
0 0 2 2 2 2 0 0 1 1 0 1 0 0 2 1 0 1 2 1 2 0
0 0 2 2 1 1 1 1 0 1 0 0 0 0 2 2 2 0 2 2 2 2
0 0 2 2 0 0 0 0 0 0 0 1 0 0 2 1 2 2 1 1 2 1
0 0 2 2 1 1 0 0 0 0 0 2 0 1 2 1 1 2 1 2 2 1
1 0 2 2 2 0 0 1 0 0 0 1 0 2 2 1 2 0 0 1 2 1
0 0 2 2 2 1 0 1 0 2 0 0 0 0 2 2 2 0 1 1 1 1
0 0 2 2 1 2 0 0 0 1 0 0 1 0 1 2 1 1 0 2 2 0
1 0 2 2 0 1 1 0 0 2 0 2 0 0 2 1 2 2 2 0 2 2
0 1 2 2 0 1 1 0 0 1 0 0 0 0 1 2 2 1 1 1 2 0
1 0 2 2 1 2 0 0 0 2 0 0 0 1 1 1 1 1 1 2 2 1
0 0 2 2 1 1 0 0 0 0 0 2 0 0 2 0 2 1 1 1 2 1
0 0 2 2 1 0 0 0 0 1 0 1 0 0 2 1 1 2 2 0 2 0
1 0 2 2 1 2 0 0 0 1 0 0 0 0 2 1 1 1 1 2 2 1
1 0 2 2 1 1 1 0 0 2 0 1 0 0 2 0 2 0 0 2 2 1
0 0 2 2 0 1 0 0 1 0 0 0 1 0 2 0 2 0 2 1 2 1
0 0 1 1 1 1 0 0 0 2 0 1 0 0 2 1 2 1 2 2 2 1
0 0 2 2 2 1 1 0 0 2 0 0 0 0 2 0 2 2 2 2 2 1
0 0 2 2 1 1 0 0 0 1 0 0 0 1 2 0 2 1 1 2 2 2
0 0 1 2 1 1 0 0 0 1 0 0 0 0 1 0 1 0 1 1 2 0
0 0 2 2 1 0 1 0 0 1 0 0 0 0 2 1 2 2 1 1 2 1
2 0 2 2 0 1 0 0 0 0 0 1 0 0 2 0 0 1 1 1 2 2
1 0 2 2 1 2 1 1 0 0 0 2 0 0 2 0 1 0 2 0 2 0
1 0 2 2 2 1 0 1 1 1 0 0 0 0 2 0 1 0 1 2 1 1
1 0 2 2 2 1 0 0 1 1 0 0 0 0 2 1 1 1 0 1 2 1
0 0 2 2 1 1 1 0 0 2 0 0 0 0 2 1 1 1 2 1 2 0
0 0 2 2 1 2 0 0 0 2 0 1 0 1 2 0 2 1 2 2 2 2
0 0 2 2 1 1 0 0 0 0 0 1 0 0 1 1 2 1 2 2 2 2
0 1 2 2 1 1 0 0 0 1 0 0 0 0 2 1 2 2 1 1 2 0
1 0 2 2 2 1 0 0 0 1 0 1 0 0 1 1 1 1 2 2 2 2
0 0 2 2 0 1 0 0 0 0 0 1 0 0 1 0 2 1 1 0 2 2
0 0 2 2 1 1 0 1 0 1 0 1 0 0 1 0 2 2 0 1 2 1
0 0 2 2 1 2 1 0 0 2 0 1 0 0 1 1 2 1 0 2 2 1
2 0 2 2 1 2 0 1 0 2 0 1 0 0 2 2 2 0 2 2 2 1
0 0 2 2 1 1 1 1 0 2 0 1 0 1 2 0 2 2 2 2 2 1
0 0 2 2 1 2 2 0 0 0 0 1 0 0 2 2 2 1 1 2 2 2
0 0 1 2 1 2 1 0 0 1 0 1 1 0 1 1 2 0 0 2 2 1
2 0 2 2 2 1 0 0 1 1 0 1 0 0 2 0 1 1 1 2 2 0
1 0 2 2 2 1 1 0 0 1 0 1 1 0 2 1 2 2 2 2 2 1
0 0 2 2 0 0 0 0 0 0 0 0 0 0 1 0 2 0 1 1 2 1
0 1 2 2 1 1 0 0 1 2 0 0 0 0 2 0 2 1 1 1 2 2
1 0 1 2 0 1 0 0 1 1 0 2 1 0 1 1 2 1 2 2 2 2
0 0 2 2 0 2 0 1 0 0 0 1 0 0 1 1 1 2 1 2 2 1
1 0 2 2 2 1 1 0 0 1 0 0 0 0 1 0 1 2 1 2 2 1
0 0 2 2 1 2 0 2 0 2 0 1 1 1 2 1 1 1 1 2 2 2
0 1 2 2 1 0 0 0 0 1 0 0 1 0 2 2 2 0 0 2 2 2
1 0 2 2 1 2 1 0 0 1 0 1 0 0 0 1 2 1 0 1 2 2
0 0 2 2 1 2 0 1 1 1 1 0 0 0 2 1 1 1 1 2 2 1
0 0 2 2 1 2 0 0 0 2 0 0 0 0 2 0 2 2 1 1 2 1
0 0 2 2 0 1 0 1 0 2 0 1 0 0 2 1 1 1 2 1 2 2
0 0 2 2 0 1 0 0 1 2 0 0 0 0 1 1 2 1 1 2 2 0
1 0 1 2 0 0 0 0 1 1 0 0 0 0 2 0 0 0 2 0 2 1
1 0 2 2 1 1 0 0 0 1 0 0 0 0 2 1 2 2 1 1 1 1
1 0 2 2 2 0 1 0 0 1 0 0 1 0 2 1 1 2 2 1 2 0
1 0 1 2 0 1 0 1 0 1 0 0 0 0 1 0 0 1 2 2 2 1
0 0 1 2 1 0 0 0 0 1 0 0 0 0 2 1 2 0 1 2 2 2
1 0 2 2 0 2 1 0 0 1 0 1 1 0 2 0 2 2 1 2 2 1
0 0 2 2 0 2 0 0 0 0 0 1 0 0 2 1 2 1 1 2 2 1
2 0 2 2 1 1 0 1 0 1 0 0 0 0 1 2 2 1 2 2 2 2
0 1 2 2 1 1 0 0 1 1 0 1 0 0 2 1 2 0 1 2 2 0
1 0 2 2 0 1 1 0 0 2 0 2 0 0 2 1 1 2 2 2 2 1
1 0 2 2 0 1 0 0 0 2 0 0 0 1 2 0 2 2 0 2 2 2
1 0 2 2 1 1 0 0 2 2 0 0 0 0 2 0 1 1 1 2 2 1
1 0 2 2 0 0 0 0 0 2 0 0 1 1 2 2 1 2 2 2 2 0
1 0 2 2 1 2 1 0 1 1 0 1 0 0 0 2 2 1 2 1 2 1
0 1 2 2 0 1 0 1 0 1 0 1 0 0 1 0 2 1 2 2 2 0
1 0 2 2 2 1 0 1 0 0 0 0 0 0 2 2 2 0 2 2 2 1
0 0 2 2 0 1 0 0 0 1 0 1 0 1 2 0 2 2 2 2 2 0
1 0 2 2 1 2 0 1 0 0 0 1 0 0 1 2 1 1 1 2 2 2
1 0 2 2 1 0 0 1 1 0 0 1 1 0 1 0 2 1 1 2 2 0
0 0 1 2 0 2 1 0 0 0 0 2 0 1 0 1 1 2 0 1 2 1
1 0 0 2 1 2 0 0 0 1 0 0 0 0 2 2 1 1 2 2 2 0
1 0 2 2 1 1 0 0 0 1 0 0 0 0 1 2 1 1 1 2 2 0
0 0 2 2 1 0 0 0 0 1 0 1 0 0 2 1 1 0 2 0 2 0
0 0 2 2 2 0 0 0 1 1 0 0 0 0 1 2 2 0 2 0 2 2
1 0 2 2 0 1 0 0 0 0 0 0 0 0 2 0 0 0 1 0 2 0
0 0 1 2 1 2 0 0 0 1 0 0 0 0 1 1 2 1 2 2 2 1
1 0 2 2 1 1 0 0 1 1 0 0 1 0 1 1 2 1 1 0 2 2
1 0 2 2 1 1 0 0 0 1 0 0 0 0 2 0 2 2 1 1 2 0
1 0 2 2 1 1 0 0 0 1 0 2 0 0 2 2 1 1 2 2 2 0
0 0 2 2 0 1 1 0 1 1 0 1 1 0 1 1 2 1 1 2 2 1
2 0 2 2 2 1 0 0 0 0 0 1 0 0 1 0 2 0 1 1 2 0
0 0 2 2 1 1 0 0 0 1 0 0 1 0 1 1 2 1 2 1 2 2
1 0 2 2 2 2 0 1 0 1 0 1 0 0 1 2 2 2 0 1 2 1
0 0 2 2 0 2 0 0 1 2 0 1 0 0 2 2 0 1 2 2 2 1
0 0 2 2 2 1 0 0 0 0 0 1 0 0 1 0 2 0 1 2 2 1
0 0 1 2 0 1 1 0 2 1 0 1 2 0 2 1 2 2 1 1 2 1
1 0 2 2 0 0 0 0 1 2 0 2 0 0 2 2 2 1 1 1 2 1
0 0 2 1 2 0 0 0 0 1 1 1 0 0 2 1 2 1 2 1 2 1
1 0 2 2 0 0 0 0 0 2 1 0 0 0 2 1 1 1 1 1 2 0
0 0 1 2 1 1 1 0 0 0 0 0 0 0 1 1 2 1 2 1 1 1
1 0 2 2 2 2 0 0 0 1 0 2 0 0 1 1 2 0 2 2 2 1
0 0 2 2 1 0 0 0 0 1 0 1 2 0 0 1 1 2 1 1 2 1
1 0 2 2 2 2 0 0 0 2 0 1 0 0 1 2 2 2 2 2 2 1
1 0 2 2 1 1 1 1 1 1 0 1 0 1 2 0 1 1 2 2 2 0
0 0 2 2 0 2 0 0 0 1 0 0 0 0 2 2 2 2 1 2 2 0
1 0 1 2 2 1 1 1 1 2 0 1 1 0 2 1 2 0 1 1 2 1
0 0 2 2 1 2 1 0 1 0 0 0 0 0 2 1 2 0 1 1 2 1
0 0 2 2 0 2 0 0 0 1 0 1 0 0 1 1 1 1 1 2 2 1
1 1 2 2 2 2 0 0 1 1 0 0 0 0 1 1 2 1 0 1 2 1
0 0 2 2 1 1 0 0 0 1 0 0 0 0 2 2 2 1 1 2 2 2
0 0 2 2 1 2 0 0 0 1 0 0 0 0 2 2 1 1 1 0 2 1
0 0 1 2 1 1 1 0 0 0 0 1 0 0 1 0 2 1 2 1 2 2
1 0 1 2 2 1 0 0 0 1 0 1 1 0 1 2 1 1 1 1 2 1
0 0 2 2 1 0 0 0 0 1 0 2 0 0 2 1 2 1 1 1 2 2
0 0 2 2 1 1 0 0 0 2 0 1 2 1 0 2 2 1 1 2 2 0
2 0 2 2 1 0 0 0 0 2 0 2 1 2 2 0 0 1 1 2 1 1
0 1 2 2 1 1 0 0 0 1 0 2 0 0 2 0 0 2 1 2 2 1
0 0 2 2 2 2 0 0 0 0 0 0 0 1 2 2 2 0 1 2 2 1
0 0 2 2 0 2 1 0 0 1 1 0 0 0 2 1 1 0 0 1 2 1
0 0 2 2 0 2 1 1 0 0 0 0 1 1 2 1 2 2 2 1 2 2
0 0 2 2 1 1 0 0 0 2 0 0 0 0 1 2 1 2 1 1 2 1
2 1 2 2 1 0 0 0 0 2 0 2 0 0 2 1 2 1 0 2 2 0
0 0 2 2 2 2 0 0 0 2 0 2 0 0 1 0 1 1 1 1 2 2
0 0 0 2 1 2 0 0 0 1 0 1 0 0 2 0 2 0 2 2 2 1
0 0 2 2 0 2 0 0 0 1 0 0 0 0 2 1 2 1 1 1 2 1
0 1 2 2 2 2 1 1 0 1 0 1 0 0 2 2 1 1 1 1 2 1
0 0 2 2 2 1 2 0 0 1 0 1 0 1 2 0 1 2 1 1 2 1
0 0 2 2 0 1 0 1 0 1 0 0 0 0 1 2 0 0 1 1 2 2
0 0 2 2 2 1 0 1 0 1 0 0 0 0 2 1 2 0 0 1 2 1
0 0 2 2 1 0 1 0 0 1 0 2 1 1 2 2 0 0 0 2 2 2
0 0 2 2 0 1 0 0 2 2 0 1 1 0 2 2 2 2 0 2 2 1
0 0 1 2 1 2 1 1 1 0 0 0 0 0 2 1 0 1 1 0 2 2
0 0 2 2 2 1 0 0 0 1 0 1 0 0 0 2 2 2 1 2 2 2
0 0 2 2 0 1 0 0 0 1 0 1 0 0 1 2 1 2 1 2 2 1
0 0 2 2 0 2 0 0 0 1 1 2 1 0 2 1 1 0 1 0 2 1
0 0 2 2 1 2 1 0 0 2 0 1 0 0 2 2 0 1 1 2 2 0
0 0 2 2 1 1 0 0 0 1 0 1 0 0 1 1 2 2 2 1 2 1
0 0 1 2 1 1 1 0 0 2 0 2 1 0 2 1 2 1 1 2 2 0
0 0 2 2 1 0 0 1 0 0 0 2 0 0 1 0 1 0 1 1 2 1
0 0 2 1 1 1 0 0 0 1 0 1 0 0 2 0 2 1 0 2 2 1
1 0 1 2 1 1 0 0 2 2 0 0 0 0 2 0 1 1 1 2 2 1
0 0 2 2 0 1 0 0 1 2 0 0 0 0 1 0 0 1 1 2 2 1
0 0 2 2 1 1 0 0 0 1 0 1 1 0 1 1 2 2 1 2 2 1
0 0 2 2 0 0 0 0 0 0 0 2 0 0 1 1 2 0 1 2 2 1
1 1 2 2 2 2 0 0 0 2 0 1 0 0 2 1 2 1 2 2 2 1
0 0 1 2 1 0 0 0 1 1 0 1 0 1 2 0 1 1 1 1 2 0
0 0 2 2 1 1 0 0 0 0 0 2 1 2 1 2 2 2 1 2 2 1
0 0 2 2 2 2 0 0 0 0 0 2 0 0 2 1 2 2 1 1 2 2
1 1 2 2 0 2 0 0 0 1 0 2 0 0 2 0 2 1 1 2 2 1
0 0 2 2 1 2 0 0 0 2 0 2 1 0 0 0 1 2 0 0 2 0
0 0 2 2 1 1 0 0 1 1 0 0 0 1 2 1 1 1 1 2 2 1
0 0 2 1 0 1 0 0 0 0 0 0 0 2 2 1 2 1 1 1 2 2
0 1 2 2 1 2 1 2 0 2 0 0 0 0 2 2 1 1 2 2 2 1
0 0 2 2 1 1 0 1 0 2 0 1 1 0 1 1 2 1 2 2 2 1
0 0 2 2 0 2 0 0 0 1 0 1 0 0 2 1 1 1 0 1 2 1
1 0 2 2 0 2 0 0 0 0 1 2 1 1 2 0 2 1 1 2 2 2
0 1 2 2 1 2 0 1 0 0 0 1 0 0 2 0 1 0 0 1 2 2
1 0 2 2 0 0 0 0 0 0 0 2 0 0 2 0 1 0 1 2 2 0
0 0 2 2 1 2 0 0 1 0 0 1 0 0 2 1 1 1 1 2 2 0
0 0 2 2 2 1 1 0 0 1 0 2 0 0 2 0 1 1 2 1 2 1
1 0 2 2 2 2 0 0 0 0 0 1 0 0 1 1 1 0 2 0 2 0
2 0 2 2 1 1 1 0 0 0 0 2 0 0 2 2 1 1 2 1 2 1
1 0 2 2 0 1 1 1 0 2 0 1 0 0 1 1 2 1 2 2 2 1
0 0 2 2 0 1 0 0 0 0 0 0 0 0 2 1 1 1 1 1 2 2
0 0 2 2 1 1 0 0 0 0 0 0 0 0 2 1 2 2 2 1 2 2
1 0 1 2 1 2 0 1 0 1 0 1 0 0 2 1 1 2 1 1 2 1
0 0 2 2 1 1 0 0 1 2 0 0 0 0 1 2 2 1 0 1 2 2
1 0 2 2 0 2 1 0 0 2 0 1 0 0 1 0 1 1 0 1 2 0
0 0 2 2 1 2 0 0 0 2 0 0 0 0 2 1 2 0 2 1 2 1
0 0 2 2 0 2 0 0 1 1 1 1 0 2 2 0 1 0 1 2 2 0
0 0 2 2 2 1 0 1 1 1 0 1 0 0 1 1 1 1 1 1 2 1
0 0 2 2 0 1 0 0 0 1 0 0 0 0 1 1 2 0 2 1 2 2
1 0 2 2 0 2 0 0 0 1 0 2 0 0 1 0 2 1 1 1 2 1
0 1 1 2 0 2 0 0 0 1 0 1 0 0 0 0 2 1 1 1 2 1
0 0 2 2 1 1 0 0 0 1 0 1 0 0 1 1 2 1 2 1 2 2
0 0 2 2 1 0 0 0 1 0 0 0 0 0 2 1 2 1 1 2 2 1
0 0 1 2 2 0 0 0 0 2 0 2 0 0 1 2 2 0 1 1 2 0
0 0 2 2 0 2 0 0 0 1 0 1 0 0 2 2 2 1 1 2 2 1
0 0 1 2 0 1 0 0 1 1 0 0 1 0 2 0 1 0 2 2 2 0
1 0 2 2 1 2 1 1 1 1 0 0 0 0 1 0 2 0 1 1 2 1
2 0 2 2 1 2 0 0 0 1 2 0 0 0 2 1 1 1 1 1 2 2
0 0 2 2 0 0 0 0 0 2 0 1 0 0 2 2 1 2 2 2 2 1
0 0 2 2 0 1 1 0 0 1 0 2 0 0 2 1 2 0 1 1 2 2
1 0 2 2 1 2 1 1 0 1 0 0 0 0 1 0 2 0 2 2 2 1
1 0 2 2 2 1 1 0 0 0 0 1 0 1 2 2 0 0 1 1 2 1
0 0 2 2 0 2 1 1 0 2 0 2 1 0 2 1 1 2 1 2 2 1
0 0 2 2 0 0 0 1 0 1 0 0 0 0 2 1 2 0 1 2 2 1
0 0 1 2 0 1 1 0 0 1 0 2 1 0 2 2 2 0 0 1 2 1
0 0 2 2 2 2 0 0 0 1 0 1 1 0 1 2 1 2 2 2 2 1
0 0 2 2 0 1 0 1 1 0 0 0 0 0 1 0 2 0 2 1 2 0
0 0 1 2 2 2 0 0 0 2 0 1 0 0 2 1 2 1 0 2 2 1
0 0 2 2 2 2 0 0 1 1 0 0 0 0 2 0 1 0 2 1 2 1
0 0 1 2 1 1 1 0 0 2 0 1 1 0 2 2 2 0 1 0 2 1
0 0 1 2 0 1 0 0 0 0 0 1 0 0 2 1 0 1 1 2 2 2
0 0 2 2 2 2 0 1 0 1 0 1 1 0 2 1 2 1 2 1 2 1
1 0 2 2 2 0 0 1 1 0 0 2 0 0 2 0 1 2 1 1 2 1
1 0 2 2 0 1 1 0 0 1 0 0 0 0 2 1 1 2 1 2 2 1
1 0 2 2 0 1 1 0 0 2 0 1 1 0 2 2 1 1 2 2 2 0
1 0 2 2 1 2 1 0 0 1 0 1 0 0 2 0 2 1 2 1 2 1
0 0 2 2 1 1 1 0 1 2 0 1 0 0 2 1 1 0 2 2 2 1
0 1 2 2 0 1 0 0 0 1 0 0 0 0 2 2 2 0 1 1 2 1
0 0 2 2 1 1 1 0 0 1 0 1 0 0 1 2 2 1 1 2 2 1
0 0 2 2 1 2 0 1 0 1 0 1 0 0 2 2 2 2 2 2 2 1
0 0 2 2 0 1 0 0 1 1 0 0 0 0 1 0 2 1 0 2 1 1
0 0 1 2 2 2 0 0 0 1 0 0 0 1 2 1 2 1 1 1 2 0
1 0 2 2 0 1 1 0 1 1 0 1 0 0 2 2 2 0 1 0 2 1
0 0 2 2 1 1 1 0 0 1 0 0 0 1 1 2 2 0 1 1 2 0
0 0 2 2 1 1 0 0 0 2 0 1 1 0 2 2 1 0 2 1 2 1
0 0 1 2 0 1 0 1 1 0 0 0 0 0 2 0 2 0 1 1 2 0
1 0 2 2 1 1 0 1 0 2 0 1 0 0 2 2 2 1 1 1 2 2
1 0 1 2 0 2 0 1 1 2 0 1 1 0 2 0 1 1 1 2 2 2
0 0 1 2 1 1 0 0 0 2 0 0 0 0 2 0 2 1 2 2 2 2
0 0 2 2 1 0 0 0 0 2 0 1 0 2 1 1 2 1 1 2 2 0
0 0 2 2 1 2 0 1 0 0 0 2 0 0 2 2 2 1 1 2 2 1
0 0 2 2 0 1 0 0 1 0 0 1 1 0 2 1 1 0 1 0 2 0
0 0 2 2 1 2 0 0 0 1 0 0 1 0 2 1 1 0 2 2 2 2
0 0 2 2 0 1 0 1 1 2 0 1 0 0 1 1 1 1 1 2 2 0
0 0 1 2 0 2 0 1 0 1 0 0 0 0 2 1 2 1 1 1 2 2
0 0 2 2 1 1 1 0 0 0 0 1 0 1 1 0 2 1 1 2 2 2
1 0 2 2 1 1 0 0 0 1 0 1 1 0 2 0 1 2 2 1 2 2
0 0 2 2 2 1 0 1 0 2 0 0 0 1 1 1 2 0 1 1 2 2
0 0 2 2 1 2 0 0 0 1 0 0 0 0 2 2 2 1 0 1 2 0
0 0 2 2 1 1 0 0 0 0 0 2 0 0 2 0 2 2 0 0 2 0
0 0 2 2 2 2 1 0 0 1 0 0 1 0 2 2 2 1 1 2 2 2
0 0 2 2 2 1 0 0 1 1 0 2 0 1 2 1 1 2 0 1 2 1
0 1 2 2 0 1 0 1 0 2 0 0 0 1 2 2 1 2 1 1 2 0
1 0 2 2 2 2 0 0 0 0 0 1 0 0 2 1 1 1 2 2 2 0
1 0 2 2 1 0 1 0 0 1 0 0 0 0 1 1 2 0 2 2 2 2
1 0 2 2 0 1 0 0 2 1 0 0 0 0 2 2 2 2 1 0 2 1
2 0 2 2 1 1 1 1 0 0 0 1 0 0 2 1 2 1 1 0 2 2
1 0 2 2 0 1 1 0 0 2 0 0 0 0 2 1 1 0 1 2 2 1
1 0 2 2 2 1 0 0 0 1 0 0 0 0 2 2 2 1 1 1 2 2
1 0 2 2 1 1 1 0 0 1 0 2 0 0 1 1 2 1 2 1 2 1
0 0 2 2 0 2 0 0 0 0 0 1 0 0 1 1 1 1 2 2 1 0
0 0 2 2 1 1 0 0 0 0 0 2 0 0 1 1 0 1 1 1 2 0
0 0 2 2 2 1 0 0 0 1 0 0 1 1 2 2 2 1 1 2 2 1
0 1 2 2 0 2 1 1 0 0 0 1 0 0 2 0 2 1 1 2 2 2
0 0 2 2 0 1 1 0 0 2 1 1 1 0 1 0 2 0 1 2 2 1
0 0 2 2 1 2 0 0 0 0 0 1 0 0 2 2 2 2 0 1 2 0
0 1 2 2 0 1 0 0 0 1 1 0 1 0 2 2 2 1 1 2 2 0
0 0 2 2 0 1 0 0 1 0 0 1 0 0 1 0 2 1 0 2 2 2
0 0 2 2 1 1 1 0 0 0 0 0 0 0 1 0 2 1 1 1 2 1
0 0 2 2 0 2 0 0 0 0 0 1 0 1 0 2 2 2 2 1 2 1
0 0 2 2 1 1 0 0 0 2 0 0 0 0 1 1 0 1 2 1 2 2
0 0 2 2 1 2 0 0 0 0 0 1 0 0 2 1 2 1 1 2 2 1
0 1 2 2 2 1 0 1 1 1 0 1 0 0 2 1 2 1 2 2 2 0
0 0 2 2 0 1 0 0 0 2 0 1 0 0 2 1 0 0 0 1 2 0
2 1 2 2 1 2 0 0 0 2 0 2 1 0 2 1 2 1 1 1 2 1
1 0 1 2 1 1 0 0 0 2 0 0 0 0 1 0 2 2 0 2 2 0
0 0 2 2 0 1 0 0 0 1 0 2 0 0 1 0 1 1 1 1 2 2
2 0 2 2 1 0 1 1 0 1 0 1 0 0 1 2 2 2 1 2 2 0
1 0 2 2 1 1 0 0 0 2 0 2 1 0 1 0 2 2 2 2 2 0
1 0 2 2 0 0 1 0 0 0 0 0 0 1 2 1 2 2 1 2 2 2
0 0 2 2 1 1 0 0 1 1 0 1 1 0 1 0 0 0 1 2 2 1
1 0 2 2 1 0 0 0 0 0 0 2 0 2 1 2 2 1 2 2 2 1
0 0 2 2 1 1 1 0 0 2 1 0 0 0 2 0 2 1 1 0 2 1
1 0 2 2 0 1 0 1 0 0 1 2 0 0 2 0 2 1 1 2 2 0
1 0 2 2 0 2 1 1 1 2 0 1 1 0 2 1 1 1 0 1 2 2
0 1 2 2 0 1 0 0 0 1 0 1 1 1 1 0 1 1 2 1 2 0
1 0 2 2 1 1 1 0 1 2 0 1 0 0 2 0 2 0 0 2 2 1
0 1 1 2 1 1 0 0 1 1 0 0 0 0 2 1 2 0 0 1 2 0
0 0 2 2 1 2 0 1 0 1 0 0 1 0 2 2 2 0 0 0 2 2
1 1 2 2 0 2 0 0 0 0 0 1 0 0 1 1 2 1 1 2 2 1
0 1 2 2 0 2 1 0 0 1 0 1 0 0 1 1 2 0 2 1 2 1
2 0 2 2 1 1 1 0 0 2 0 0 0 0 1 0 1 2 0 1 2 2
1 0 2 2 2 1 0 0 1 1 0 1 0 0 2 1 2 2 2 1 2 1
2 1 2 1 1 1 0 1 2 0 0 1 1 1 2 1 0 2 0 1 2 1
0 0 2 2 1 2 0 0 0 1 0 0 0 0 2 0 1 1 1 1 2 1
0 0 2 2 0 1 0 1 0 2 0 0 0 1 1 1 1 1 1 2 2 1
1 0 2 2 0 0 0 0 1 1 0 0 0 0 2 1 2 0 1 2 2 0
1 0 2 2 0 0 0 0 0 1 0 0 0 0 1 1 2 1 1 2 2 1
0 0 1 2 1 1 0 0 0 1 0 0 0 0 1 1 2 2 0 0 2 0
1 0 2 2 0 1 0 0 0 1 0 0 0 0 2 1 1 1 0 2 2 1
0 0 1 2 1 1 0 1 0 2 0 2 2 0 2 0 2 0 2 2 2 2
0 0 2 2 1 2 0 0 0 1 0 2 1 0 1 0 2 1 2 2 2 2
1 0 1 2 1 2 0 1 0 2 0 0 0 0 2 1 1 0 0 1 2 2
1 1 2 2 1 0 0 0 0 1 0 1 0 1 2 0 2 0 0 1 2 0
0 0 2 2 2 1 0 1 0 1 0 0 0 0 2 2 2 0 2 1 1 0
0 0 2 2 1 2 1 0 0 2 0 0 0 0 2 0 2 1 2 2 2 0
1 0 2 2 1 1 0 0 1 2 0 1 0 0 1 0 2 2 2 2 2 1
0 0 2 2 1 2 0 1 1 0 1 1 0 0 2 2 2 0 2 2 2 0
0 0 1 2 0 0 0 0 1 1 0 1 0 0 1 1 2 1 1 1 2 2
0 0 2 1 0 2 0 0 0 2 0 1 0 0 2 1 2 0 1 1 2 2
0 0 2 2 1 2 0 0 0 1 1 1 0 2 2 2 1 1 2 2 2 1
0 0 2 2 2 1 0 1 0 0 0 1 0 0 2 1 2 0 2 2 2 1
0 0 2 2 2 2 0 1 0 1 0 0 0 0 2 2 2 1 1 1 2 0
0 0 2 2 2 1 0 1 0 2 0 1 1 1 2 1 1 0 0 2 2 1
1 0 2 2 0 1 0 0 0 0 0 0 0 0 2 2 1 1 1 1 2 2
2 0 2 2 2 2 0 0 1 1 0 1 0 0 2 2 2 1 1 2 2 1
1 0 2 2 0 2 0 0 0 1 0 2 0 0 2 2 1 1 1 1 2 1
1 1 2 2 1 1 0 1 1 1 0 0 0 0 2 1 2 0 2 2 2 1
1 0 2 2 1 1 0 1 0 1 0 1 0 0 1 0 1 1 0 1 2 2
0 0 2 2 2 1 0 0 0 1 0 0 1 0 1 0 1 1 0 1 2 0
0 0 1 2 2 1 0 2 1 0 0 1 0 0 2 1 2 1 2 1 2 2
1 0 1 2 0 2 0 0 0 2 0 2 0 0 2 2 1 1 0 2 2 1
0 1 2 2 0 1 0 1 0 2 0 0 0 0 2 2 2 1 1 1 2 1
2 0 1 2 1 1 0 1 0 1 0 1 0 0 2 1 1 1 0 1 2 1
1 0 1 2 1 1 1 1 0 1 0 1 0 0 1 1 2 0 1 2 2 2
0 0 1 2 1 2 1 0 0 0 0 2 0 0 2 2 1 0 1 0 2 2
1 0 2 2 0 1 0 0 0 1 1 1 0 0 2 0 2 0 2 2 2 0
0 0 2 2 0 2 1 2 0 0 0 1 0 0 2 1 1 1 2 1 2 1
0 0 2 2 1 0 1 0 0 0 0 0 0 0 1 1 2 0 2 2 2 1
0 0 2 2 1 0 1 0 0 2 0 0 0 0 2 1 2 0 0 2 2 1
2 0 2 2 2 2 0 0 0 2 0 1 0 1 1 1 1 1 1 2 2 1
0 0 2 2 1 1 0 0 0 1 0 2 0 1 2 1 2 2 0 1 2 2
0 0 1 2 0 2 1 0 1 1 0 1 0 0 2 0 2 1 2 1 2 1
0 0 2 2 1 2 0 0 0 2 0 0 0 0 2 1 2 1 2 2 1 1
0 1 1 2 1 2 0 0 2 2 0 1 0 1 1 1 1 2 2 2 2 2
0 1 2 2 0 2 0 1 1 0 0 1 0 0 2 2 2 0 1 2 2 2
0 0 2 2 2 1 0 0 0 0 0 0 0 0 2 0 1 2 2 1 2 2
0 0 2 2 0 1 0 0 0 1 0 2 0 0 1 1 1 2 1 2 2 1
0 0 2 2 2 2 1 0 0 0 0 0 0 0 2 1 2 1 1 2 2 1
1 1 2 2 0 0 0 0 0 1 0 0 1 0 2 2 1 2 1 1 2 1
1 0 2 2 2 2 0 0 0 1 0 1 0 0 2 1 2 1 2 1 2 0
1 0 2 2 1 2 0 2 0 2 0 1 0 1 1 1 2 2 2 0 2 0
1 0 2 2 1 0 1 0 0 2 0 1 1 1 2 1 0 1 2 1 2 0
0 0 2 2 0 0 0 0 0 1 0 2 0 0 1 1 2 1 0 2 2 1
0 0 2 2 2 1 0 0 1 0 0 0 0 0 2 0 0 1 0 2 2 1
0 1 2 2 1 2 0 2 1 0 0 0 2 0 2 1 2 0 2 2 2 2
1 0 2 2 2 1 0 0 1 2 0 0 0 1 2 0 2 1 0 1 2 2
1 1 2 2 0 1 0 0 0 2 0 1 0 0 2 1 2 0 2 1 2 0
1 0 2 1 2 1 0 1 1 0 0 2 0 1 1 1 2 1 0 2 2 0
0 0 2 2 1 2 0 0 1 2 0 0 0 0 2 2 2 1 2 1 2 0
1 0 2 2 0 1 1 0 2 2 0 1 0 0 1 1 1 2 0 0 2 2
0 1 2 2 1 2 0 0 0 2 0 1 0 0 2 1 2 1 1 2 2 1
1 0 2 2 1 0 0 1 0 2 0 1 0 0 2 1 2 0 1 1 2 1
0 0 2 2 0 1 1 1 0 2 0 1 0 0 2 1 0 2 1 2 2 1
0 0 1 2 1 2 1 0 0 2 2 0 0 0 2 0 2 1 1 1 2 2
1 0 1 2 1 1 0 1 0 2 0 0 0 0 2 0 2 2 2 2 2 0
0 0 2 2 0 0 0 0 0 0 0 1 0 0 2 0 1 1 2 1 2 0
0 0 2 2 1 2 0 1 0 2 0 0 0 0 1 0 2 0 2 1 2 1
1 0 2 2 1 1 0 0 1 2 0 0 0 0 2 0 1 0 2 1 2 1
0 0 2 2 1 1 0 0 0 1 0 0 0 0 1 2 1 1 1 1 2 1
1 0 2 2 1 0 1 1 0 2 0 1 0 1 2 2 2 1 1 2 2 1
0 0 1 2 0 2 1 2 1 2 0 1 0 0 2 0 1 1 1 2 2 2
1 0 2 2 0 1 0 0 0 1 0 2 0 0 1 1 2 2 1 1 2 0
1 0 2 2 1 1 0 0 0 2 1 0 0 0 1 0 0 1 0 2 2 0
0 1 2 2 2 0 0 0 0 0 0 0 0 0 2 1 2 1 2 2 2 0
0 0 2 2 2 1 0 1 1 0 0 1 1 0 1 2 1 1 1 1 2 1
0 0 2 2 0 2 0 0 0 1 0 0 0 0 2 0 2 2 2 1 2 1
0 0 2 2 1 0 0 0 1 2 0 1 0 1 1 0 2 1 1 2 1 1
0 0 2 2 0 0 1 0 1 1 0 2 0 0 2 1 2 0 0 2 2 2
1 0 1 2 2 1 0 0 0 0 0 0 0 0 2 1 2 1 2 1 2 2
1 0 2 2 2 1 0 2 1 1 0 0 1 0 2 0 2 1 1 1 2 0
1 0 1 2 0 1 0 1 0 1 0 0 0 0 2 1 2 0 2 0 2 0
0 0 2 2 0 1 1 0 0 0 1 2 0 1 2 1 1 1 1 2 2 0
1 0 2 2 0 2 1 1 0 1 0 1 0 1 2 2 1 0 2 2 2 1
0 0 2 2 0 1 0 1 0 1 0 2 0 0 1 2 1 2 1 2 2 2
0 0 2 2 1 0 0 0 0 2 0 0 0 0 1 2 1 1 1 2 2 2
0 1 2 2 1 2 0 0 0 1 0 1 0 0 2 0 2 1 1 2 2 0
2 1 2 2 0 1 1 0 0 1 0 1 0 1 1 0 2 2 0 2 2 1
0 1 2 2 0 1 0 0 1 0 0 0 0 0 1 1 2 1 0 2 2 0
0 0 2 2 0 1 0 0 1 2 0 1 0 0 1 1 2 1 1 1 2 0
0 0 2 2 0 2 0 0 0 2 0 1 0 1 2 1 2 1 0 1 2 0
0 0 2 2 1 1 0 0 1 2 0 0 0 0 2 1 2 2 1 1 2 1
1 0 2 2 1 1 1 0 0 1 0 0 1 0 1 2 1 2 1 2 2 0
0 0 2 2 2 2 0 0 0 1 0 1 0 0 2 0 1 0 2 1 2 0
2 0 2 2 1 2 0 0 0 1 0 0 1 0 1 1 2 0 1 2 2 0
1 0 2 2 2 1 1 0 1 1 0 0 0 0 2 2 0 0 2 2 2 1
1 0 2 2 1 0 0 1 1 2 0 1 0 0 1 2 1 2 1 2 2 1
0 0 2 2 2 1 0 0 0 1 0 1 1 1 2 1 2 1 2 2 2 1
1 0 2 2 1 2 0 0 0 1 0 2 0 0 1 1 2 1 1 1 2 1
0 0 1 2 2 2 1 1 0 1 0 1 0 0 1 1 1 0 1 2 2 2
0 1 2 2 2 0 0 1 1 2 0 0 1 0 1 1 2 0 2 1 2 1
1 0 2 2 2 1 0 0 0 1 0 1 0 0 2 0 1 2 1 2 2 0
1 0 2 2 1 0 1 0 0 0 0 1 0 0 2 1 2 2 2 2 2 2
1 0 2 2 1 1 1 0 1 1 0 1 0 0 1 1 2 1 2 2 2 1
0 0 2 2 1 1 0 0 0 1 0 0 0 0 1 2 2 1 0 2 2 1
0 0 2 2 0 0 0 0 0 0 0 0 0 0 2 1 1 1 2 1 2 1
0 0 2 2 0 0 0 0 0 0 0 1 1 0 2 1 2 2 2 2 2 1
2 0 2 2 0 2 0 0 0 1 0 0 0 0 2 0 1 1 2 1 2 0
1 0 2 2 0 0 0 0 1 2 0 1 0 0 2 0 2 1 2 2 2 1
1 0 2 2 0 1 0 0 0 0 0 0 1 1 2 2 2 1 0 1 2 2
0 0 2 2 1 1 0 0 1 1 0 0 1 0 2 1 0 2 1 1 2 2
1 0 2 2 1 1 0 0 0 1 0 0 0 0 1 1 2 1 1 1 2 0
0 0 2 2 1 1 2 1 0 2 0 1 0 0 2 2 2 2 1 1 2 2
0 0 2 2 1 1 0 1 0 2 0 1 0 0 1 1 1 1 1 2 2 2
0 0 2 2 1 1 0 0 1 1 0 1 0 0 1 1 1 2 2 2 2 2
0 0 1 2 1 2 0 0 1 2 1 1 1 0 2 1 1 1 2 1 2 0
0 0 2 2 1 2 0 0 0 1 0 1 0 0 1 0 2 2 2 1 2 2
