rs7552304 rs3768730 rs2974165 rs277536 rs17248985 rs3772812 rs11942279 rs4959749 rs9383607 rs3133825 rs928034 rs1462828 rs7072319 rs12415418 rs1784411 rs1465058 rs617686 rs4776888 rs2040845 rs4939827 rs6077868 rs4502515
0 0 0 1 0 2 2 1 1 2 1 2 1 0 1 2 0 0 0 1 1 2
0 1 1 2 0 1 1 0 0 1 0 1 2 1 0 2 0 1 1 0 1 2
1 1 0 0 0 2 1 0 0 2 0 2 2 0 0 2 0 1 1 0 2 2
1 2 0 1 0 2 0 0 0 2 0 0 1 0 0 1 0 1 0 0 2 2
0 2 1 2 0 2 1 0 0 2 1 2 0 2 0 2 0 1 0 0 2 2
0 2 0 2 0 2 0 0 0 2 0 0 0 1 1 2 0 1 0 2 2 2
0 0 0 1 0 1 1 0 0 2 0 2 1 2 0 1 0 0 0 1 1 2
1 1 1 2 0 1 1 0 0 2 1 2 1 2 1 2 1 0 2 0 2 2
1 1 0 2 0 1 0 1 1 2 1 0 0 1 1 2 2 2 0 2 1 2
0 0 1 1 0 1 1 1 0 2 0 1 0 2 0 2 0 2 1 0 2 2
0 1 0 1 0 2 2 2 0 2 0 1 1 1 2 2 0 0 1 1 2 2
0 1 1 1 0 1 0 1 0 2 1 1 1 1 1 2 1 2 0 1 2 2
0 1 1 2 0 2 1 1 0 1 0 2 1 1 1 2 0 1 0 1 0 2
1 0 2 2 0 2 0 0 0 1 0 2 2 0 0 2 0 1 1 0 1 2
1 2 0 2 0 2 0 1 1 2 0 2 1 0 0 2 0 2 2 2 1 2
1 1 0 2 0 2 2 0 1 1 0 1 1 0 1 2 1 1 0 1 2 1
1 1 1 2 0 1 1 0 0 2 1 2 1 2 0 2 0 0 1 1 2 1
0 1 0 1 0 2 0 0 1 2 1 2 0 2 1 2 0 1 1 2 2 2
0 1 0 1 0 1 2 0 0 2 1 1 1 0 1 2 0 0 1 1 2 2
1 1 1 0 0 2 1 2 0 2 0 1 1 1 0 2 0 2 0 2 2 2
0 1 1 0 1 1 0 1 0 2 1 2 1 1 1 2 1 1 0 2 2 2
0 2 0 2 0 2 1 1 1 2 0 2 2 0 0 2 0 2 0 0 2 2
1 2 1 1 0 2 0 0 0 2 0 1 2 2 1 2 0 1 1 0 2 2
1 0 0 2 0 2 0 1 0 2 0 2 0 1 0 2 0 1 0 1 2 1
0 1 2 1 0 2 1 1 1 1 1 1 1 1 0 2 0 2 0 0 1 2
1 0 0 1 0 2 0 1 0 2 1 1 2 1 0 2 0 2 0 1 2 2
0 0 1 1 0 2 2 1 0 2 1 1 2 2 0 2 1 0 0 2 1 2
0 2 1 1 0 1 1 0 0 2 2 1 1 0 1 2 0 1 1 2 2 2
1 1 1 1 0 2 1 0 0 2 1 2 0 1 0 2 0 1 1 0 2 2
0 1 0 0 0 1 1 1 0 2 1 1 1 0 0 2 0 1 1 1 2 2
0 1 0 2 0 2 0 1 0 1 2 2 1 0 1 1 0 1 0 0 1 2
1 0 1 1 0 2 1 1 0 1 0 2 1 1 1 2 0 2 1 0 1 2
1 1 0 2 0 2 0 0 0 1 0 2 2 0 1 1 0 0 0 0 2 2
0 1 0 0 0 1 0 0 1 2 2 2 1 1 0 2 0 0 0 1 1 1
1 1 0 1 0 1 0 0 0 2 1 1 2 0 0 2 0 2 0 0 2 1
1 1 0 2 0 2 0 1 0 1 0 2 1 1 0 2 0 0 2 1 2 2
0 2 1 2 0 2 0 1 0 1 0 1 1 1 0 2 1 0 2 1 2 2
1 2 0 1 0 2 2 2 0 2 2 1 0 2 0 2 0 1 0 2 2 2
2 1 0 2 0 0 0 2 0 2 1 1 1 1 0 2 0 0 0 0 2 2
1 1 0 1 0 1 1 0 0 1 1 1 1 1 1 2 0 2 0 1 1 2
1 1 1 2 0 1 1 0 0 2 1 1 1 0 0 2 0 0 1 0 1 2
0 1 2 2 0 2 2 1 1 2 2 1 1 0 1 2 0 0 0 2 2 2
0 1 1 1 0 2 0 0 0 2 1 1 2 1 0 2 0 1 0 2 1 2
1 2 0 2 0 2 2 0 1 2 2 1 2 0 1 2 1 1 1 0 2 2
0 0 0 1 0 2 1 2 2 2 1 2 0 1 1 2 0 0 0 0 1 1
0 1 1 2 1 2 1 1 0 1 0 0 1 1 0 1 0 1 1 1 2 2
0 0 1 2 0 2 0 1 0 2 0 1 1 0 1 2 0 2 1 0 1 2
0 0 1 2 0 2 2 1 0 2 1 2 1 2 0 2 0 0 1 1 1 1
0 1 0 2 0 1 2 1 0 2 1 0 1 1 2 2 0 1 0 1 1 2
1 1 0 1 0 1 0 0 0 2 1 2 1 1 0 2 0 0 0 1 2 2
0 0 0 2 0 2 0 2 0 2 2 2 2 2 0 2 0 1 1 2 2 2
0 2 0 0 0 1 0 1 0 2 2 2 2 0 0 2 0 2 1 0 2 2
0 1 0 1 0 2 0 0 0 2 0 1 1 1 1 2 1 2 1 0 1 2
1 1 0 1 0 2 1 0 0 2 1 1 0 1 1 2 1 1 0 0 1 2
0 1 1 1 0 2 0 0 0 1 1 1 2 1 2 0 0 0 1 1 2 2
0 1 0 1 0 2 0 0 0 2 0 2 1 0 0 2 0 1 1 0 2 1
1 2 1 0 0 1 0 0 0 2 1 0 0 1 1 2 0 0 0 1 1 2
1 0 0 2 0 2 1 0 0 1 2 2 1 0 0 1 0 1 0 0 0 2
1 2 0 0 0 2 1 0 0 2 0 1 2 1 0 1 0 0 0 1 2 2
0 1 0 2 0 1 0 1 0 2 0 1 2 1 2 2 1 0 1 1 1 2
0 1 1 1 0 2 0 1 0 2 0 2 2 0 0 1 1 1 1 0 2 2
1 0 1 1 0 1 1 0 1 2 0 1 1 0 1 2 2 1 0 1 2 2
0 0 2 0 0 1 1 1 0 1 0 2 1 0 0 2 0 1 0 2 2 2
0 0 1 2 0 0 1 1 0 2 0 1 0 1 0 2 1 0 0 1 2 2
0 1 0 1 0 2 1 2 0 1 1 2 2 0 0 2 1 1 1 1 1 2
1 1 1 1 0 2 1 1 0 2 1 2 2 0 0 2 0 2 0 2 1 2
0 1 0 2 0 2 2 0 0 2 1 1 1 1 0 2 0 1 0 1 1 2
2 2 0 1 0 1 0 0 0 2 1 0 1 1 1 1 0 0 0 1 2 2
1 1 1 1 0 1 0 2 0 2 0 0 1 0 1 2 0 2 0 1 2 2
0 2 0 2 0 2 1 2 0 2 0 1 1 1 0 2 1 1 1 1 2 2
1 1 0 2 0 2 0 1 0 2 0 2 1 1 1 2 0 2 0 0 1 2
1 2 1 2 0 2 1 1 0 2 1 2 1 1 1 2 0 0 0 1 2 2
0 1 0 1 0 1 0 0 0 2 1 2 1 1 0 2 0 1 1 2 1 2
0 2 1 2 0 2 0 2 0 2 1 1 1 2 0 2 0 2 1 1 2 2
1 1 0 1 0 1 0 0 0 2 1 2 1 0 1 1 0 1 1 1 2 2
0 1 1 0 0 2 2 1 1 1 1 2 0 1 0 2 2 1 2 2 2 2
1 1 0 1 1 2 1 0 1 2 0 0 1 1 0 2 0 1 1 1 2 2
0 2 0 2 0 1 1 0 0 1 0 2 1 1 0 2 0 1 0 2 1 2
0 2 0 0 0 2 1 1 0 2 2 2 1 1 0 2 0 1 0 1 2 2
1 2 0 2 0 2 0 1 1 2 0 0 1 0 1 2 0 0 0 0 1 2
0 1 0 1 0 2 0 1 0 2 2 2 1 0 0 2 0 0 0 1 1 2
1 2 2 0 0 2 0 0 1 1 2 2 1 0 1 2 0 1 0 0 2 2
0 2 0 1 0 2 1 0 1 2 1 2 2 0 0 1 0 0 0 1 2 2
1 2 0 0 0 1 2 2 0 2 1 2 1 2 1 2 0 1 1 2 2 2
1 1 0 2 0 2 0 1 0 2 0 1 0 1 0 0 0 1 1 0 2 2
0 2 2 2 0 2 1 0 0 1 1 2 2 1 1 2 0 2 0 1 2 2
0 1 0 2 1 1 0 1 0 1 1 1 0 0 0 2 0 1 0 2 2 2
1 2 1 0 0 2 0 0 0 2 0 1 0 1 0 1 0 1 1 1 2 2
0 0 0 1 0 1 1 1 0 1 1 2 2 0 0 2 0 0 1 1 2 2
0 1 0 1 0 2 1 2 0 1 1 0 0 2 0 2 0 1 0 0 1 2
0 2 0 1 0 2 0 0 0 1 0 1 1 1 0 2 0 0 1 1 2 2
1 0 1 0 0 2 1 0 1 1 0 1 2 1 0 2 0 2 1 1 1 2
0 1 1 1 0 2 1 0 1 2 1 2 1 1 1 1 1 2 1 1 2 2
2 1 0 2 0 1 0 1 0 1 0 2 1 1 1 2 0 0 1 0 1 2
0 0 1 2 0 2 1 1 1 1 0 1 1 2 0 2 0 1 0 0 2 2
1 1 1 2 0 2 0 0 0 0 1 2 0 0 0 2 0 1 0 2 2 2
1 2 1 1 0 1 1 1 0 2 1 2 2 2 0 2 0 0 1 2 1 2
0 2 1 1 0 2 2 0 0 2 2 1 1 1 0 2 0 1 0 1 1 1
1 2 1 2 0 2 1 0 1 2 2 1 1 2 0 1 0 0 1 0 1 2
2 1 1 1 0 1 1 1 0 1 0 1 2 1 1 2 0 1 1 1 2 2
1 1 0 2 0 2 1 0 0 2 1 2 1 1 1 1 0 0 0 1 1 2
1 1 1 2 0 2 1 2 0 2 1 2 0 2 0 2 1 2 0 0 2 2
1 1 1 1 0 2 1 0 0 2 0 2 2 0 0 2 0 2 0 2 2 1
0 2 1 2 0 1 0 0 0 2 1 1 1 0 0 2 0 2 0 0 2 2
1 1 0 2 0 2 0 0 0 2 1 2 1 2 0 2 0 1 1 1 2 2
1 1 1 2 0 2 0 1 0 2 0 0 2 1 0 2 0 0 0 1 1 2
1 1 0 1 0 2 1 2 0 2 1 1 1 2 0 2 0 1 0 1 2 1
0 2 2 2 0 2 2 1 0 2 1 1 0 1 1 2 0 0 1 1 2 2
0 1 1 2 0 2 1 1 1 1 1 1 1 1 1 2 0 2 0 0 1 1
0 2 1 2 0 1 2 1 0 2 1 1 1 1 1 2 0 0 0 0 2 2
1 1 1 1 0 2 1 1 0 2 1 2 1 0 0 2 1 0 1 2 1 2
0 2 1 2 0 2 2 1 1 1 0 2 2 1 1 2 0 1 0 1 2 2
1 1 1 2 0 1 1 0 0 2 0 2 2 1 0 2 1 2 0 1 1 2
0 1 2 1 0 2 2 1 1 2 1 1 2 1 0 2 0 2 0 0 2 2
1 1 2 1 0 1 0 0 0 2 2 2 0 0 1 1 0 1 0 1 2 1
0 1 1 0 0 1 0 1 1 2 0 2 2 1 2 1 0 2 2 2 2 2
0 1 1 2 0 2 1 0 0 2 2 1 1 1 1 2 0 1 0 2 2 2
1 1 0 1 0 1 0 0 0 2 1 1 2 2 1 2 0 0 0 1 2 2
1 1 0 2 0 2 0 2 0 1 1 1 0 2 0 2 1 0 0 1 0 2
1 1 0 2 0 2 1 0 0 1 1 2 1 1 2 1 1 0 0 1 1 2
1 2 1 1 0 2 1 1 1 2 2 2 1 1 0 2 0 2 0 0 2 2
1 2 1 2 0 2 0 1 0 2 1 1 1 0 0 2 0 0 0 2 2 2
1 2 0 0 0 1 1 0 0 2 0 2 1 2 1 1 0 0 2 0 1 2
0 0 2 2 0 2 1 1 0 2 0 2 0 1 0 2 0 0 0 1 2 2
0 2 0 2 0 2 1 0 0 1 1 1 2 0 0 2 0 1 0 1 2 2
1 0 0 0 0 2 2 0 0 2 1 2 2 1 1 2 0 1 0 0 2 2
0 1 1 2 0 2 0 1 0 2 1 1 0 1 1 2 0 1 0 0 2 2
0 0 0 2 0 1 0 0 0 2 1 1 1 0 0 2 0 2 0 1 2 2
1 1 0 1 0 2 0 1 0 2 0 1 1 1 0 2 0 2 0 1 2 2
0 2 0 1 0 2 0 0 0 2 1 2 1 0 1 2 0 1 1 1 1 2
0 2 1 1 0 2 1 1 0 2 0 2 1 1 1 2 0 1 0 1 1 2
0 0 1 2 0 2 0 0 0 2 0 2 0 0 0 2 0 2 0 1 1 1
1 2 1 2 0 2 0 1 2 1 1 0 0 1 0 2 0 0 1 2 2 2
2 2 0 2 0 2 0 2 0 2 0 2 2 2 0 1 1 0 1 1 1 2
0 1 0 2 0 1 0 1 0 2 1 2 1 0 1 2 0 0 2 0 2 2
1 0 1 1 0 1 0 0 1 1 1 2 2 2 1 2 1 2 1 1 1 2
0 2 1 0 0 2 1 0 1 2 0 1 2 2 1 2 0 0 0 0 1 2
0 1 0 2 0 1 1 0 0 1 1 2 1 2 0 2 0 0 0 1 2 2
0 2 1 2 0 2 1 1 0 2 0 1 2 1 0 2 0 0 0 2 2 2
1 2 1 1 1 2 1 0 0 2 0 1 0 0 1 2 0 2 1 0 2 2
1 2 1 2 0 2 1 0 0 2 1 0 1 2 1 2 0 1 0 1 2 2
2 2 0 2 0 2 2 0 0 1 0 1 1 1 0 2 0 2 0 0 1 1
0 0 0 1 0 2 0 0 1 1 2 2 1 1 0 1 0 0 1 1 1 2
0 1 0 2 0 2 0 1 0 1 2 2 0 1 2 1 1 1 0 0 2 2
1 2 1 0 0 2 0 1 0 2 1 1 1 0 1 1 0 1 0 1 1 2
0 0 0 2 0 2 1 1 0 2 0 2 1 1 0 2 0 1 0 0 0 2
0 1 0 1 0 2 1 0 0 2 0 2 1 0 1 2 1 1 1 2 2 2
0 2 1 0 0 1 2 1 0 2 0 1 1 2 1 1 0 1 1 1 2 2
0 0 2 1 0 2 1 0 0 2 0 1 0 1 1 2 0 1 0 1 1 2
0 1 1 1 0 2 0 1 1 2 1 2 1 0 0 2 0 0 1 1 2 2
0 0 1 1 0 2 0 1 1 2 0 2 0 1 0 2 0 0 1 2 2 2
1 1 0 2 0 1 0 2 0 2 2 2 2 2 0 0 0 1 0 1 2 2
1 2 1 1 0 2 2 1 1 1 0 2 2 1 1 2 0 0 0 1 2 2
0 2 1 2 0 2 1 1 0 0 1 2 1 2 1 2 0 1 0 2 2 2
0 2 1 1 0 2 0 0 2 2 2 2 1 1 0 2 0 1 1 2 1 1
1 1 2 2 1 2 1 1 0 2 2 2 2 0 1 2 0 0 1 2 1 2
0 1 0 1 0 2 0 1 0 1 1 2 2 0 0 2 0 0 1 1 2 2
1 1 0 1 0 1 0 0 1 2 1 0 1 1 1 2 1 2 0 1 2 2
0 1 0 2 0 1 1 0 0 2 1 1 1 2 0 0 0 1 0 0 1 2
2 2 0 1 0 2 1 0 0 2 2 2 1 2 2 2 0 1 1 2 0 2
1 2 1 2 0 1 0 1 0 2 2 2 1 2 0 2 0 1 0 1 2 1
0 1 1 2 0 1 0 1 1 2 1 1 1 2 0 2 0 2 0 0 2 2
0 1 1 2 0 1 1 1 1 2 1 1 1 0 0 2 0 1 1 0 2 2
1 2 1 2 0 1 0 0 0 2 0 1 0 2 0 2 0 1 1 2 1 2
1 1 0 2 0 2 1 1 0 2 1 0 2 1 2 2 0 1 0 1 2 2
1 1 2 1 0 1 1 1 0 2 2 1 1 0 0 2 0 1 1 2 2 1
0 2 1 0 0 2 2 0 1 2 0 2 1 2 0 2 0 2 0 0 2 2
1 1 1 2 0 2 1 0 0 2 1 1 1 1 0 2 0 2 0 1 2 2
0 1 0 1 0 1 1 0 1 1 0 1 1 0 0 2 0 0 0 1 2 2
0 2 1 2 1 1 1 0 0 2 0 1 1 1 1 2 1 0 1 2 2 2
0 1 1 2 0 2 1 0 1 2 0 2 1 1 0 0 0 2 1 1 1 2
0 0 2 2 0 1 1 1 0 2 1 1 1 2 1 1 1 1 2 2 2 1
2 1 0 2 0 2 1 0 1 2 1 0 1 2 0 2 0 1 0 1 1 2
0 1 0 1 0 2 1 1 0 2 0 1 2 1 1 2 0 2 0 0 2 2
0 2 0 2 0 0 1 0 0 2 0 1 1 1 2 1 0 1 2 2 1 1
0 2 1 1 0 2 1 0 0 2 0 2 1 1 1 2 0 0 0 1 2 1
1 1 1 1 0 2 0 1 1 2 1 2 1 2 0 1 0 2 1 2 1 2
1 0 0 2 0 1 0 0 1 1 1 2 0 0 1 2 0 1 1 1 2 2
1 2 1 1 0 2 1 0 0 2 2 1 0 1 1 2 0 0 2 1 0 2
2 1 1 2 0 1 1 2 1 2 1 2 1 1 2 1 0 0 1 2 1 2
0 1 0 2 0 1 1 1 0 2 1 2 0 1 0 2 0 0 0 1 2 2
0 2 1 2 0 2 1 0 0 2 1 1 1 0 0 2 0 2 0 2 2 1
0 1 0 2 0 2 0 1 0 2 1 1 0 0 0 2 0 0 0 2 2 2
1 0 0 1 0 2 1 1 0 2 1 1 1 1 0 2 0 0 1 1 1 2
0 1 1 2 0 2 2 0 1 2 1 1 1 1 1 1 0 1 0 0 1 2
0 2 1 2 0 2 1 1 1 2 1 2 2 1 0 1 0 2 1 2 2 2
0 2 0 2 0 1 0 1 0 2 1 2 2 1 1 2 0 2 0 2 1 2
0 1 1 1 0 2 0 0 0 1 1 2 1 0 1 1 1 1 1 0 2 2
0 1 1 1 0 0 0 1 0 2 1 2 0 1 0 2 0 1 1 1 2 2
1 2 1 2 0 1 1 0 0 2 0 1 0 0 1 2 0 0 0 1 0 2
1 1 0 0 0 1 1 0 0 2 1 1 0 1 0 1 0 0 0 2 2 2
0 0 1 1 0 2 0 1 1 2 2 1 1 1 1 2 0 0 0 2 2 2
0 2 1 2 0 2 0 1 0 1 1 1 0 1 0 2 0 0 1 1 2 2
0 2 2 2 0 2 0 2 1 2 0 2 0 1 0 2 0 0 0 2 2 2
0 1 0 1 0 1 1 0 0 2 1 2 0 0 1 2 0 0 0 2 2 2
0 0 0 1 0 1 0 0 0 2 0 2 1 2 1 2 0 1 0 0 1 2
1 1 1 2 0 2 0 0 0 2 1 2 2 0 1 1 0 0 1 1 2 2
0 0 0 1 0 1 1 0 0 2 1 1 0 1 0 2 0 0 0 0 1 2
1 1 0 2 0 2 2 0 1 2 0 1 0 1 0 2 0 1 1 1 1 2
1 1 0 1 1 2 0 0 0 2 1 2 0 0 2 2 0 1 0 1 2 2
0 0 1 1 0 1 0 1 0 2 1 2 1 2 0 2 0 0 0 1 2 2
0 1 2 1 0 2 1 1 1 2 1 2 0 0 1 2 1 0 1 2 1 2
0 1 1 2 0 2 0 1 0 2 2 0 1 1 2 1 0 1 0 2 0 2
0 1 2 2 0 2 0 0 1 2 0 2 2 1 0 1 0 1 0 1 2 2
0 0 0 1 0 2 0 1 1 2 2 2 0 2 2 2 1 2 2 0 2 2
0 0 0 2 0 2 0 1 0 1 1 2 2 1 1 2 0 2 0 2 1 2
0 1 0 0 0 2 1 1 1 2 1 1 2 2 0 2 0 1 0 2 2 2
0 0 1 2 0 2 2 1 0 2 0 2 1 1 1 0 0 1 1 2 1 2
0 2 0 2 0 1 2 1 0 1 0 2 1 1 0 2 0 0 1 0 2 2
0 2 0 1 0 2 1 0 2 2 2 2 1 2 1 2 0 1 0 2 2 2
0 0 1 2 0 1 1 1 0 1 0 1 2 1 1 0 0 0 1 1 0 2
1 1 1 1 0 2 0 0 1 2 1 2 1 1 0 2 0 1 0 0 1 2
1 1 1 0 0 2 1 1 0 1 1 2 1 2 1 2 0 0 0 2 2 2
1 1 1 1 0 2 1 0 0 2 0 2 0 0 1 2 1 0 0 2 2 1
0 1 0 1 0 2 0 1 1 2 0 1 2 1 0 2 0 1 1 2 1 2
1 2 1 1 0 1 1 1 0 2 0 2 0 1 0 1 0 0 0 0 2 2
1 1 2 2 0 2 1 0 1 2 0 1 0 2 0 2 1 1 0 2 1 2
1 1 1 2 0 1 0 2 0 2 1 2 0 0 0 2 0 1 0 0 2 2
0 0 1 1 0 1 0 1 0 2 0 1 1 1 0 2 0 1 0 1 2 2
0 0 2 1 0 2 0 0 0 2 0 2 2 2 0 2 0 0 0 1 2 2
0 0 0 1 0 1 0 0 1 2 0 2 1 0 1 2 0 2 0 2 2 2
1 2 0 2 0 2 1 1 0 2 0 2 1 1 0 1 0 1 1 1 2 2
1 2 1 0 0 2 0 1 0 2 1 2 2 2 1 2 0 1 1 0 2 2
1 2 0 1 0 2 1 0 0 2 1 1 2 0 0 2 0 0 1 1 2 2
0 1 1 2 0 2 1 1 1 2 1 2 0 1 0 2 0 0 0 2 1 2
0 1 1 1 0 2 2 0 0 2 1 2 2 1 1 2 0 0 2 1 2 2
0 1 1 2 0 1 0 0 0 2 1 2 1 2 0 2 1 0 0 2 1 2
0 1 0 1 0 1 1 0 0 2 0 1 2 2 1 2 0 0 1 0 2 1
1 1 1 2 0 2 2 0 0 2 1 2 2 1 0 1 0 1 0 1 2 2
1 2 0 2 1 2 2 1 0 2 1 1 1 1 0 2 0 0 0 2 2 2
0 1 0 2 0 2 2 0 0 1 1 0 1 1 0 1 0 1 0 1 1 2
0 1 1 2 0 2 1 1 0 2 1 1 2 1 1 2 0 1 0 2 1 2
0 1 0 2 0 1 2 1 0 1 2 1 1 0 1 2 0 1 2 2 2 2
0 2 2 1 0 2 0 2 0 2 1 1 2 1 0 1 0 1 2 1 1 2
0 2 0 2 0 1 0 0 0 2 1 1 1 2 1 2 0 0 0 0 2 2
0 0 0 1 0 2 1 1 0 2 1 2 2 0 1 2 0 1 1 0 1 2
0 0 1 1 0 2 0 0 1 2 1 2 1 0 0 2 0 1 0 2 1 2
1 2 1 0 0 2 0 0 0 2 1 1 1 2 0 2 1 1 0 1 0 2
0 1 1 2 0 2 1 0 1 2 0 2 2 2 0 2 0 0 0 1 2 2
0 2 0 1 0 2 0 0 0 2 1 2 1 2 0 2 1 0 0 1 1 2
1 2 0 2 0 2 0 1 0 2 0 2 1 1 0 2 1 0 0 1 2 2
0 2 1 2 0 2 1 0 0 1 0 1 1 0 1 2 0 1 0 0 2 2
2 0 1 2 0 1 2 2 0 2 1 1 2 2 0 2 0 1 0 1 1 2
1 1 1 2 0 1 0 1 0 2 0 2 0 0 0 2 0 1 1 1 2 1
1 0 0 2 0 2 0 0 0 2 1 2 1 1 0 2 0 1 0 2 1 2
1 2 0 2 0 1 0 1 0 2 1 2 2 1 0 2 0 1 0 0 1 2
0 0 1 1 0 2 1 0 0 2 0 2 2 0 1 2 0 1 0 0 2 2
1 1 0 2 0 2 2 1 0 2 0 1 0 1 1 1 0 1 0 1 1 2
0 1 0 1 0 2 1 1 0 2 1 2 1 2 0 2 0 1 1 1 1 2
0 0 0 2 0 2 0 0 0 1 0 0 1 0 1 1 1 0 0 1 2 2
0 2 0 2 0 2 0 0 0 2 1 2 0 1 1 2 1 2 0 1 2 2
2 2 2 2 0 1 1 1 0 2 1 2 0 2 0 2 0 0 1 1 0 1
1 0 2 0 0 1 0 0 0 2 1 2 1 1 0 2 1 1 1 2 2 2
0 1 0 0 0 2 0 0 0 2 1 2 2 2 1 2 0 0 0 0 2 2
1 1 1 1 0 2 0 1 0 1 2 0 2 1 1 2 0 0 0 1 0 2
0 1 2 2 0 2 0 0 0 2 0 1 1 2 1 1 0 1 1 2 2 2
0 1 0 2 0 2 2 0 0 2 0 2 1 2 0 2 0 1 1 1 1 2
0 1 1 2 0 1 2 2 0 2 1 1 0 2 1 2 0 1 1 1 2 2
0 1 1 2 0 2 1 1 0 2 2 2 1 1 1 2 0 1 1 2 1 1
0 1 1 1 0 0 1 0 0 1 1 2 0 0 0 1 0 1 1 1 1 2
1 1 0 2 0 2 1 2 0 2 2 1 2 1 1 2 0 1 0 1 2 2
2 1 2 1 0 2 1 1 0 2 0 2 1 0 0 1 0 1 1 1 2 2
0 2 1 2 0 2 0 0 0 2 1 2 1 1 0 2 0 1 2 2 2 2
0 1 0 2 0 1 2 2 0 2 0 2 1 1 0 2 1 1 0 2 2 2
1 1 1 0 0 2 0 0 0 2 0 2 1 1 1 2 0 1 0 0 1 2
1 1 1 2 0 2 2 0 0 2 2 2 1 1 1 2 0 1 0 2 2 1
0 1 0 2 0 2 1 0 0 2 1 2 0 0 1 2 0 2 0 2 2 2
1 2 1 2 0 2 1 0 1 1 1 2 1 0 1 2 0 0 0 1 1 2
0 2 0 1 0 2 1 1 0 2 0 2 1 2 0 2 0 0 0 1 1 2
1 1 1 1 0 2 0 2 0 2 1 2 0 1 0 1 0 0 1 1 2 2
1 0 2 1 0 2 2 1 1 2 0 1 0 0 0 1 0 2 0 1 2 2
0 2 0 2 0 1 1 0 0 1 1 2 1 1 0 2 0 1 0 2 2 2
0 0 1 2 0 1 1 0 1 2 1 1 0 0 1 2 0 1 0 1 2 1
1 1 1 1 0 1 0 1 0 2 0 2 0 1 0 2 0 0 0 1 2 2
0 2 0 1 1 1 1 0 0 2 0 1 0 2 1 2 0 0 0 1 2 2
1 2 0 2 0 1 1 0 1 2 0 0 1 1 1 2 0 0 1 1 2 2
0 1 1 2 0 0 1 0 0 2 1 2 0 0 1 2 1 0 2 2 2 2
1 0 0 2 0 1 1 1 0 1 1 1 0 1 1 2 0 1 0 1 1 2
2 1 0 2 0 2 0 0 0 2 1 1 1 1 0 2 0 0 0 2 0 2
0 2 0 0 0 2 1 0 0 2 2 2 2 1 1 2 1 2 0 0 2 2
1 0 1 2 0 2 2 0 0 2 0 1 1 0 0 2 0 1 0 0 2 1
1 2 1 2 0 1 0 0 0 1 0 2 0 0 0 1 0 0 0 2 1 2
0 1 0 2 0 0 0 0 0 2 1 1 2 0 1 2 0 2 0 2 2 2
1 1 0 1 0 1 1 1 1 2 0 1 1 0 0 1 1 2 0 2 1 2
1 0 0 1 0 2 2 1 0 1 1 2 1 0 0 1 0 1 0 0 2 2
1 0 1 1 0 2 0 1 0 2 1 2 1 2 0 2 0 1 1 1 1 2
0 0 0 1 0 1 0 0 0 1 1 2 1 0 0 2 0 0 1 1 1 2
1 1 0 1 0 2 1 0 1 2 1 2 1 0 1 1 0 2 0 1 2 2
1 1 0 1 0 2 1 1 0 2 0 0 0 0 0 2 0 1 0 1 1 2
1 0 0 1 0 1 2 2 0 2 1 2 1 0 2 2 0 2 0 2 2 2
0 1 0 2 0 1 1 0 0 2 1 1 1 0 0 1 0 1 0 1 1 2
0 2 1 1 0 2 1 2 0 2 0 2 2 1 1 1 0 0 0 1 1 2
0 2 0 1 0 1 0 0 0 2 2 1 1 1 2 2 0 0 1 1 2 2
0 1 0 1 0 2 1 1 0 2 0 1 2 2 0 2 0 0 1 0 2 2
1 2 0 1 0 2 2 1 1 2 1 0 1 0 2 2 0 1 1 0 1 2
0 0 0 2 0 2 1 1 0 2 1 1 0 1 0 2 0 2 0 0 2 2
0 2 0 2 0 2 2 0 0 1 1 0 1 1 1 1 0 1 1 1 1 2
0 2 0 1 0 2 1 1 0 2 1 2 1 0 0 2 0 2 0 0 2 2
0 2 2 0 0 1 0 2 0 2 0 2 2 1 0 2 0 2 0 1 2 2
0 2 1 2 0 0 1 0 0 1 0 2 1 2 1 1 0 0 0 1 2 1
0 0 0 0 0 1 1 2 0 2 2 2 1 2 0 2 0 1 0 1 0 2
0 2 0 1 0 1 1 1 0 1 1 1 2 0 1 2 0 0 1 1 1 2
1 1 0 2 0 1 0 1 0 2 0 0 1 0 0 2 0 0 0 2 1 2
0 2 0 1 1 1 0 1 0 1 0 2 0 0 0 2 1 2 2 0 1 2
0 1 1 2 0 2 0 2 0 2 1 1 2 1 0 2 0 1 0 1 2 2
1 2 1 0 0 1 1 1 0 2 0 1 1 1 0 1 1 2 0 2 2 2
0 0 0 1 0 1 1 1 0 2 0 1 0 2 0 2 0 0 0 1 2 2
0 1 1 2 0 2 2 1 1 2 0 2 1 2 0 2 1 1 0 1 1 2
1 1 0 1 0 1 0 0 1 2 1 2 0 0 1 2 1 0 0 1 2 2
1 1 0 1 0 1 1 1 0 2 0 2 1 1 1 2 0 0 0 1 2 2
0 2 0 2 0 2 1 0 0 2 1 1 1 1 0 2 0 2 0 1 2 1
1 1 0 2 0 1 1 1 2 1 2 2 2 0 1 2 0 1 0 1 2 2
0 2 2 1 0 1 0 0 0 1 1 0 0 0 0 2 0 1 1 2 2 2
1 1 2 2 0 2 2 1 1 2 1 1 1 2 1 2 0 1 0 2 2 2
1 2 2 1 0 1 1 1 0 1 1 1 0 0 0 2 0 0 1 1 0 1
0 0 2 1 0 2 2 0 0 2 2 2 0 2 0 1 1 1 0 1 2 2
1 2 1 2 0 1 0 2 0 2 0 2 1 2 0 2 0 2 0 1 2 2
1 1 0 2 0 2 0 1 0 2 2 2 0 1 2 2 1 1 2 1 2 2
1 0 2 0 0 1 0 2 1 1 1 2 2 1 0 2 0 1 1 0 2 2
1 1 1 1 0 1 1 0 0 2 0 1 0 0 0 2 0 1 0 1 2 2
1 1 0 1 0 1 1 0 0 2 1 1 0 0 1 1 0 1 1 1 2 2
1 0 0 1 0 2 1 1 0 1 1 2 1 1 0 2 1 1 0 1 2 2
0 1 2 2 0 2 0 2 1 2 0 2 1 2 0 2 0 0 1 2 2 2
0 1 0 2 0 1 2 0 0 2 0 1 2 1 1 2 0 2 0 0 2 2
0 0 0 2 0 1 1 1 0 2 1 2 0 0 1 2 0 1 0 1 1 2
0 1 0 1 0 2 0 0 1 2 1 2 2 1 1 2 0 1 1 2 2 2
1 0 1 1 0 2 2 1 2 2 0 2 1 2 1 2 0 0 1 1 2 2
1 1 0 1 0 2 0 1 1 2 0 1 1 0 0 1 0 0 1 1 2 2
0 2 1 1 0 1 0 0 0 2 0 2 1 1 0 2 0 1 1 0 2 2
0 0 1 2 0 1 1 1 1 2 1 0 1 1 1 2 0 1 1 0 2 2
1 1 1 1 0 1 0 0 1 2 0 1 1 1 0 2 1 1 0 0 2 2
1 1 2 1 0 2 1 0 1 2 1 1 2 2 1 2 0 1 1 0 2 2
0 2 0 1 0 2 1 0 0 2 1 2 1 1 0 2 0 0 0 2 0 2
0 1 0 2 0 0 2 1 0 1 2 1 1 1 0 2 0 0 1 2 2 1
0 2 2 1 0 1 0 2 1 2 2 2 1 1 1 2 0 1 0 1 2 2
1 1 0 1 0 1 1 1 0 1 0 2 1 2 0 2 0 0 2 1 2 2
0 0 1 2 0 1 1 2 1 2 1 2 1 0 0 2 0 0 1 1 1 2
0 1 2 1 0 2 0 0 1 2 2 0 0 1 1 2 0 1 1 1 2 2
1 1 0 2 0 2 1 0 1 2 1 1 0 1 0 1 0 2 1 0 1 2
0 1 0 2 0 2 1 0 0 2 0 1 1 2 0 2 0 2 1 0 2 2
1 1 0 0 0 2 1 2 0 2 1 1 0 2 1 1 0 2 0 1 2 2
2 1 0 1 0 2 1 0 1 2 0 0 2 1 2 2 0 0 1 1 2 2
1 1 0 2 0 0 1 1 0 2 1 1 1 1 0 2 1 1 1 1 1 2
0 1 1 2 0 1 0 1 1 2 0 1 2 0 1 2 0 1 0 0 2 2
1 2 1 2 0 2 0 0 0 2 1 2 1 1 0 2 1 2 1 1 2 1
0 2 0 2 0 2 1 1 0 2 0 1 1 1 1 2 0 1 0 1 0 2
1 2 0 2 0 1 0 1 0 1 1 1 0 0 0 1 0 1 2 2 1 1
1 1 1 2 0 1 1 1 1 2 1 1 2 1 0 1 0 1 0 2 2 2
1 0 1 2 0 2 0 1 0 2 0 1 2 0 1 2 0 0 0 0 2 2
0 1 0 2 0 2 1 1 0 2 0 2 1 1 1 2 0 2 1 1 2 2
0 2 0 1 0 2 1 0 0 2 0 0 1 1 0 2 0 0 0 1 2 2
0 1 0 1 0 2 2 1 0 2 1 2 0 2 1 2 0 0 0 1 2 2
0 1 1 2 0 2 1 1 0 1 1 2 1 1 0 2 0 1 0 2 2 2
0 0 1 2 0 2 0 0 0 2 1 1 2 1 0 2 0 0 0 2 2 2
0 2 0 1 0 2 0 0 0 2 2 1 0 0 0 2 0 0 0 1 2 2
0 1 1 1 0 2 1 1 0 1 1 2 1 1 0 1 0 2 0 1 2 2
1 1 2 2 0 2 2 1 0 2 0 2 0 0 1 2 0 1 0 1 2 2
0 1 0 0 0 2 1 1 0 2 0 1 0 0 0 2 0 1 0 1 2 2
1 1 0 2 1 2 0 1 0 2 0 2 1 2 0 2 0 1 0 1 2 2
0 0 0 2 0 2 0 0 0 2 1 1 1 1 1 2 1 0 1 1 2 2
1 2 1 1 0 0 2 0 0 2 1 2 0 1 0 2 0 0 1 2 2 2
1 0 0 2 0 2 2 2 0 2 0 2 0 2 1 2 0 2 0 1 1 2
1 2 1 2 0 2 1 1 0 2 2 1 0 1 1 2 0 0 0 1 2 2
0 1 0 1 0 2 1 1 0 2 0 1 2 1 0 2 0 1 0 2 0 2
0 2 0 2 0 1 2 1 0 2 1 1 1 2 1 1 0 1 1 1 1 2
1 1 1 0 0 2 1 1 0 2 0 1 1 0 0 1 1 0 0 2 1 2
1 0 1 1 0 2 0 0 0 2 0 2 1 1 0 2 0 1 0 2 2 2
1 2 1 2 0 2 2 0 0 2 1 2 2 1 1 2 0 1 1 1 2 2
2 1 1 1 0 1 1 1 2 2 1 1 1 1 0 2 0 0 1 1 2 2
0 1 0 1 0 1 0 1 1 1 0 2 1 0 2 1 0 1 0 1 2 2
0 1 0 1 0 1 2 0 0 2 2 1 1 0 1 1 0 0 0 1 1 2
1 0 1 2 0 1 2 0 0 2 1 2 1 2 1 2 0 1 0 0 1 2
0 1 0 2 0 1 0 0 0 1 0 2 1 0 1 2 0 0 0 2 2 2
1 2 1 2 0 2 1 1 2 2 0 2 0 0 1 1 0 1 1 1 2 2
0 1 0 1 0 2 0 1 0 2 0 2 1 2 1 2 1 1 1 2 2 2
1 2 0 1 0 1 1 0 0 2 2 2 0 1 1 1 0 0 0 2 1 2
1 1 1 1 0 2 0 1 0 2 0 2 0 0 0 1 0 1 0 2 2 2
0 1 0 2 0 2 2 0 0 2 2 1 1 0 1 2 0 2 0 1 1 2
0 1 0 1 0 1 1 1 0 2 0 1 2 1 0 2 1 2 0 1 2 2
0 1 0 0 0 1 1 0 0 1 0 2 0 0 2 2 0 1 1 2 2 2
0 0 1 1 0 1 1 1 0 2 2 2 2 0 0 2 0 1 0 1 2 2
0 0 1 1 0 0 0 1 0 2 1 1 0 0 0 2 0 2 0 0 2 2
0 2 0 2 0 1 0 0 0 2 0 2 1 0 0 2 0 1 1 1 2 2
1 1 0 2 0 2 0 1 0 2 1 2 0 1 1 2 0 0 0 1 2 2
0 0 0 2 0 2 2 2 0 2 0 1 1 2 0 2 0 1 0 1 2 2
1 1 1 2 0 2 0 0 0 1 1 1 1 1 0 2 1 1 1 1 2 2
1 2 0 1 0 2 0 0 0 2 2 2 0 1 0 0 0 2 0 1 2 2
1 1 1 2 0 1 2 1 1 1 1 1 1 0 1 1 0 1 0 1 0 2
0 2 1 1 0 2 0 1 0 0 1 0 0 1 1 2 0 0 1 1 1 2
1 1 2 2 0 2 0 1 0 1 0 2 2 2 1 2 0 1 0 0 2 2
0 2 0 2 0 2 2 0 0 1 0 1 1 0 0 1 0 0 0 1 2 2
0 1 1 2 1 2 1 1 0 2 0 2 0 0 1 2 1 0 1 0 2 2
0 1 0 1 0 2 1 0 1 2 0 2 2 1 0 2 0 0 1 1 2 2
0 1 0 1 0 1 1 0 1 1 1 1 0 1 1 2 0 2 0 0 2 2
1 1 1 1 0 1 1 1 1 2 2 1 0 0 2 2 0 2 1 1 2 2
0 1 0 1 0 1 1 1 0 2 0 2 1 0 0 2 0 1 0 0 1 2
1 1 2 1 0 2 1 2 0 2 1 2 1 1 0 2 0 1 1 1 1 2
1 1 1 1 0 2 0 0 1 2 1 2 0 0 0 2 0 1 1 1 2 1
1 1 0 2 0 2 0 1 1 2 1 2 2 0 0 2 0 1 1 0 2 2
1 0 0 1 0 2 1 0 0 1 2 1 2 1 0 2 0 1 0 2 1 1
1 0 0 2 0 1 0 1 0 2 1 0 0 2 0 1 0 1 0 2 2 1
0 1 1 1 0 2 0 0 0 2 0 0 1 0 0 2 0 0 1 1 2 2
0 2 0 2 0 2 1 0 0 1 1 1 1 0 0 2 0 2 0 1 2 2
0 1 0 2 0 2 1 1 0 2 0 1 2 0 0 2 0 2 1 0 1 2
0 0 0 1 1 2 0 1 0 2 0 1 1 1 0 1 0 1 1 1 2 2
0 2 0 2 0 1 1 0 0 2 1 2 2 2 0 2 0 0 1 1 2 2
1 1 0 2 0 1 0 0 0 2 1 1 1 1 1 2 0 0 0 2 2 2
0 2 0 1 0 2 0 2 1 2 1 2 1 2 0 2 0 1 1 2 2 2
0 2 2 1 0 1 1 1 0 2 0 2 1 1 0 2 0 1 0 2 2 2
1 1 0 1 0 2 2 1 0 1 0 2 1 1 1 1 1 1 1 1 0 2
1 0 1 0 0 1 2 1 0 2 0 2 0 1 0 1 1 2 0 2 1 2
2 1 0 2 0 1 2 0 0 1 1 2 2 1 1 2 0 1 2 0 2 2
0 1 0 1 0 2 2 0 0 2 0 2 2 1 1 2 0 1 1 2 0 2
0 1 0 0 0 2 1 0 1 2 1 0 1 1 2 1 0 1 0 2 2 2
0 0 0 2 0 1 0 0 0 1 1 1 1 1 0 2 0 0 2 0 0 2
0 1 0 1 0 2 1 0 0 2 0 2 2 0 1 2 0 1 0 1 1 2
0 1 0 2 0 1 0 1 0 2 0 2 1 1 1 1 0 1 0 1 2 2
0 1 0 2 0 2 1 0 0 2 1 1 1 1 1 2 0 0 0 1 2 2
1 1 1 2 0 1 2 0 0 2 2 2 2 2 0 2 0 2 0 1 2 2
1 2 1 2 0 2 0 0 1 1 0 2 1 1 1 2 0 0 0 1 1 2
0 2 1 2 0 2 0 1 0 0 1 2 2 2 0 2 0 0 0 2 2 2
0 1 0 1 0 2 1 2 1 2 0 1 2 1 0 2 0 0 0 0 1 2
0 2 1 1 0 2 0 0 0 2 2 2 0 0 0 2 0 1 0 1 2 2
1 1 0 1 0 2 0 1 0 2 0 1 1 2 1 1 1 2 1 2 2 2
0 1 1 2 0 1 2 1 0 2 1 2 0 1 0 2 0 1 0 2 2 2
1 1 0 2 0 2 0 0 0 2 0 1 0 2 2 2 0 0 0 1 2 2
1 2 2 2 0 2 1 0 1 2 1 1 2 1 0 2 1 2 0 1 2 1
1 2 0 1 0 1 0 0 0 2 0 2 1 0 0 1 0 1 1 0 1 2
1 1 0 2 0 2 0 0 0 2 1 2 0 2 0 2 0 0 0 1 1 2
1 1 0 0 0 2 0 2 0 2 0 1 1 1 1 2 1 1 0 0 2 2
1 2 1 2 0 1 0 1 0 2 0 2 1 0 1 2 0 1 0 1 1 1
0 0 1 2 0 2 1 1 0 2 0 2 1 0 0 2 0 1 0 1 1 2
1 1 1 2 0 2 1 0 1 2 1 2 1 1 0 1 0 1 0 0 2 2
2 0 0 1 0 0 1 1 0 1 1 1 1 2 0 2 0 1 0 1 2 2
1 2 2 1 0 1 1 0 0 2 1 2 0 1 2 1 0 0 0 1 2 2
1 1 2 1 0 1 0 0 0 2 1 0 2 1 0 2 0 1 0 1 1 2
0 0 2 0 0 2 0 0 1 2 1 2 1 0 1 2 1 2 1 0 1 2
2 2 1 1 0 2 0 1 0 2 2 2 1 0 1 2 0 0 0 0 1 2
0 2 0 2 0 1 1 0 0 1 1 0 2 1 0 1 0 1 0 2 2 2
1 2 0 1 0 1 2 1 1 2 2 2 2 0 1 2 0 1 0 0 2 2
0 1 1 1 0 2 1 1 0 2 0 1 1 0 0 2 0 1 1 1 2 2
0 1 1 2 0 2 1 0 0 2 0 0 1 0 0 2 0 1 0 2 1 2
0 0 1 1 0 1 0 0 0 2 2 2 1 2 1 1 0 1 0 1 1 2
0 1 0 2 0 2 0 2 2 2 0 2 2 2 0 1 0 0 0 1 1 2
0 1 2 1 0 1 2 0 0 2 1 1 2 1 1 2 0 1 2 2 2 2
1 0 1 1 0 2 0 0 0 2 1 1 2 1 1 1 0 0 0 1 2 2
0 1 0 1 0 1 2 1 0 0 1 2 1 1 1 2 0 0 0 2 2 2
1 2 0 1 0 2 0 1 0 2 1 2 2 0 0 1 1 0 1 1 2 1
1 1 0 1 0 1 1 1 0 2 2 0 0 0 0 1 0 1 0 1 2 2
0 2 0 1 0 2 0 0 0 2 1 1 0 0 1 2 0 1 1 1 1 2
0 2 1 2 0 1 1 0 1 1 0 1 1 1 1 2 0 1 0 1 2 2
0 2 1 2 0 1 1 1 0 2 2 1 1 0 0 2 0 1 0 1 1 2
2 2 2 0 0 1 0 0 0 1 1 2 2 0 1 2 0 0 0 1 2 2
0 1 0 1 0 1 1 0 0 2 0 1 2 1 0 2 0 0 0 1 2 2
2 1 2 2 0 2 0 1 0 2 0 1 1 1 1 2 0 2 2 2 2 2
0 1 0 2 0 1 1 0 0 2 1 2 1 2 0 1 0 0 1 1 2 2
1 0 0 1 0 1 0 1 0 2 2 1 2 1 0 2 0 0 0 1 1 2
0 1 0 2 0 1 1 1 0 2 1 2 1 1 0 1 0 1 2 1 0 2
0 1 1 2 0 2 1 2 0 2 1 1 1 0 0 2 0 1 0 2 1 2
1 2 1 1 0 0 2 1 0 2 0 1 1 2 1 1 0 1 2 1 1 2
0 1 0 1 0 1 0 1 0 1 1 1 2 1 1 2 0 1 0 2 2 2
1 0 0 2 0 2 0 0 0 1 1 1 2 2 1 2 0 1 1 2 1 2
1 1 1 1 0 2 2 1 1 1 0 2 0 1 0 1 0 1 0 2 2 2
1 1 0 2 0 2 0 0 0 2 1 1 1 0 0 2 0 1 0 1 2 2
1 0 0 0 0 1 2 2 1 1 0 1 1 1 0 1 0 0 0 1 2 1
0 1 0 2 0 2 0 1 0 1 0 1 0 2 0 1 0 2 0 2 1 1
2 0 0 1 0 1 0 0 1 2 1 2 1 1 1 2 0 1 0 1 2 2
0 2 0 2 0 1 1 2 0 2 1 1 2 1 0 2 0 0 0 2 1 2
2 1 0 0 0 1 1 1 0 2 1 2 2 0 0 2 0 0 0 2 2 1
0 1 0 1 0 2 1 1 0 2 2 2 1 0 0 1 0 2 0 1 2 2
1 1 1 1 0 0 0 0 0 2 1 2 1 0 0 2 0 2 0 2 2 2
0 1 2 2 0 2 2 0 0 2 2 0 2 0 1 1 0 0 0 1 2 2
1 1 0 2 0 2 2 2 0 1 0 2 1 1 0 2 0 2 1 1 2 2
1 2 0 1 0 2 1 1 0 1 1 0 1 2 1 1 0 2 1 0 2 2
0 0 0 1 0 1 0 0 0 1 2 1 2 1 1 2 0 0 0 2 2 2
0 0 1 2 0 1 0 0 0 1 1 1 1 0 1 2 0 1 0 1 2 2
0 2 1 1 0 1 1 0 1 1 1 2 1 0 1 2 0 1 1 2 2 1
0 2 1 2 0 1 1 0 0 1 1 2 1 1 1 1 0 1 0 2 2 2
0 1 1 1 1 2 1 1 1 2 0 2 1 1 0 2 0 1 1 1 2 2
1 0 1 0 0 1 1 0 0 1 2 1 2 1 2 2 0 2 1 1 1 2
0 1 0 1 0 2 0 2 0 2 1 2 2 0 0 1 0 1 0 1 2 2
0 0 1 2 0 2 0 0 2 2 1 2 2 0 0 2 0 1 1 1 1 2
1 2 0 1 0 2 0 1 0 2 1 1 1 0 0 2 1 0 0 0 2 2
0 1 0 2 0 1 1 1 0 2 0 2 0 0 0 2 0 0 0 1 2 2
1 0 0 1 0 2 1 1 0 2 0 1 1 0 1 2 1 2 0 1 1 2
2 2 0 2 0 1 1 0 1 2 0 2 1 1 2 1 0 1 1 0 1 2
0 2 1 2 0 1 1 0 0 2 0 1 2 0 1 2 0 2 0 1 2 2
0 0 1 1 0 2 1 0 1 2 2 2 1 2 1 1 1 0 0 2 1 2
1 0 1 2 0 2 0 1 1 1 2 0 1 1 0 2 0 0 1 1 2 2
0 0 0 1 0 2 1 2 0 2 0 1 1 0 0 2 0 2 0 1 0 2
1 1 0 2 0 2 0 0 0 2 1 2 1 1 0 1 0 1 1 0 1 2
1 0 0 1 0 2 0 0 0 2 0 2 1 2 1 2 0 0 0 2 2 2
0 2 0 2 0 1 0 0 0 2 1 1 0 1 0 2 0 0 0 1 2 2
1 2 0 2 1 2 1 1 0 2 0 2 0 0 1 1 0 2 2 2 2 2
1 2 1 1 0 1 0 0 1 1 1 2 1 0 0 2 0 0 0 1 2 2
0 1 1 2 0 2 0 1 0 2 1 2 2 1 0 2 0 2 0 0 2 2
0 2 0 2 0 2 2 0 1 2 1 1 0 0 2 2 0 0 0 1 2 2
1 1 1 2 0 1 1 0 0 2 0 0 2 0 0 1 0 1 1 1 2 2
0 1 1 2 0 2 0 0 0 2 1 2 2 1 0 2 0 1 2 1 1 1
1 1 2 1 0 2 1 1 0 2 0 2 1 2 0 2 0 0 0 1 2 2
1 1 0 0 0 2 2 1 0 2 2 2 1 1 1 2 0 1 0 1 2 2
1 1 0 1 0 2 0 0 0 2 1 1 0 1 1 1 1 0 0 1 1 2
0 1 0 2 0 1 0 1 1 2 0 2 0 1 2 1 0 1 1 1 2 2
0 1 1 2 0 1 1 0 0 2 0 1 1 1 1 2 0 2 0 1 1 2
0 0 1 1 0 2 1 0 1 1 0 1 1 2 1 2 0 1 0 2 0 2
1 1 0 2 0 2 2 1 0 2 0 1 2 1 0 2 1 1 1 1 2 2
0 1 1 2 0 2 2 1 0 2 0 2 1 2 0 1 0 1 0 1 2 1
0 0 0 0 0 1 1 0 0 1 0 2 2 1 2 1 0 0 0 1 2 2
0 2 0 2 0 2 0 1 0 1 2 1 0 0 1 2 0 0 0 1 1 2
0 1 0 1 0 2 0 2 0 2 1 2 1 0 0 2 1 1 0 2 0 2
0 1 1 1 0 1 0 1 1 2 0 2 1 1 1 2 0 1 0 2 2 2
0 2 0 1 0 2 1 1 0 1 0 2 1 0 0 2 1 1 0 0 1 2
0 1 0 1 0 1 0 0 0 2 2 2 0 1 0 2 0 0 1 1 2 2
1 2 1 2 0 2 2 2 0 2 0 1 2 1 1 2 0 0 0 0 2 2
1 1 1 1 0 2 0 0 0 2 1 2 1 1 1 2 0 0 1 2 2 2
1 2 1 2 0 2 0 2 0 2 1 0 0 2 1 2 0 1 2 1 2 2
0 0 0 1 0 2 1 2 1 2 0 0 1 1 1 1 0 0 2 1 2 2
0 1 1 0 0 1 0 1 0 2 0 1 1 1 0 2 1 2 1 1 2 2
0 1 1 1 0 2 1 0 0 2 0 0 2 2 0 2 1 1 0 1 2 2
0 1 0 1 0 2 0 1 0 1 0 1 1 1 2 2 0 1 0 1 1 2
0 0 0 1 0 2 0 0 0 2 1 1 1 1 2 2 0 0 1 1 2 2
0 1 1 2 0 2 1 0 0 2 0 2 1 1 0 2 0 2 0 1 2 2
0 1 0 2 0 2 0 0 0 1 2 1 1 2 0 2 1 1 0 1 2 2
0 2 1 2 0 2 1 1 0 2 2 2 1 2 2 2 0 1 0 2 1 2
1 0 0 1 0 1 0 0 0 1 1 0 0 2 0 2 0 0 0 1 0 2
1 1 0 2 0 2 0 0 0 1 0 2 1 0 1 1 1 0 0 1 2 2
0 1 0 2 0 2 1 0 0 2 0 1 2 1 1 1 0 1 0 1 2 2
0 1 1 1 0 2 2 0 1 2 2 1 2 0 0 2 0 2 0 0 2 2
0 1 0 2 0 2 0 1 0 2 1 0 1 1 0 2 0 1 0 1 2 2
0 2 1 1 0 1 1 1 0 2 1 2 2 1 1 2 0 2 1 1 2 2
0 2 0 1 0 2 1 1 0 2 1 1 0 1 1 2 0 0 1 0 2 2
0 1 0 0 0 1 1 0 0 2 0 2 1 2 0 2 0 0 0 1 2 2
0 2 0 0 0 1 0 1 0 1 1 1 0 2 0 2 1 1 0 2 2 2
1 1 0 1 0 1 0 1 1 2 0 2 1 0 0 2 1 1 1 1 2 2
0 2 1 2 0 1 0 0 0 2 1 0 1 1 0 1 1 1 0 2 1 2
0 1 0 1 0 2 0 0 0 2 1 2 1 1 2 2 0 1 0 1 2 2
0 1 1 0 0 1 1 0 0 2 1 2 2 1 1 0 0 0 0 1 1 2
2 1 2 2 0 2 0 0 1 2 0 2 1 1 1 1 1 1 0 0 2 2
2 1 0 1 0 2 0 0 0 2 1 2 0 0 1 2 0 0 0 1 2 2
0 1 1 2 0 0 1 1 0 2 0 1 1 1 1 2 0 0 0 1 2 2
0 1 0 2 0 2 0 0 1 2 0 2 2 1 0 1 0 0 1 1 2 2
1 0 0 1 0 2 1 1 1 2 0 1 1 0 1 2 0 1 1 0 2 2
0 1 1 2 0 2 0 0 0 2 0 1 0 0 1 2 0 1 0 2 0 2
1 2 0 1 0 2 0 0 0 2 2 2 1 1 1 2 0 2 1 1 2 2
2 2 1 1 0 2 0 1 0 2 1 1 1 1 0 2 0 1 0 1 1 2
2 1 1 1 0 1 1 0 0 2 1 1 2 1 0 2 0 0 1 1 2 2
1 0 0 1 0 2 1 1 0 2 1 1 1 1 0 2 0 0 1 0 2 2
0 1 0 2 0 1 1 1 0 2 0 2 1 2 0 2 0 0 0 1 2 2
0 1 0 1 0 1 0 1 0 1 2 2 2 0 0 2 0 2 0 1 2 2
0 1 0 1 0 2 0 0 1 2 0 1 1 1 0 2 0 1 0 1 2 2
1 1 1 2 0 2 0 0 0 2 0 2 1 1 0 1 0 0 0 2 1 2
0 1 2 2 0 2 1 2 1 2 1 2 1 1 0 2 0 2 0 1 2 2
0 0 2 0 0 1 0 1 0 2 0 2 2 0 1 1 0 1 0 0 2 2
0 0 1 0 0 2 1 0 0 1 2 1 1 1 0 1 0 2 0 2 0 2
0 1 0 2 0 1 0 2 0 2 1 1 1 1 0 1 0 0 0 0 2 2
0 1 0 2 0 2 0 0 0 2 0 1 1 1 0 2 0 1 1 1 2 2
1 1 0 2 0 2 1 0 0 2 1 2 1 1 0 2 0 1 1 2 2 1
0 1 0 2 0 1 0 1 0 2 0 1 2 0 1 2 0 0 1 1 2 2
1 2 1 1 0 1 1 1 0 2 2 1 2 0 0 2 0 0 0 1 2 2
1 0 1 2 0 2 0 0 0 2 1 2 1 1 1 1 0 1 0 1 1 2
1 2 1 1 0 2 0 0 0 2 0 1 1 2 0 2 1 0 0 1 1 2
2 1 1 2 0 2 0 0 0 2 1 1 1 1 0 2 0 1 0 0 1 2
0 0 0 1 0 1 1 1 1 1 0 2 2 0 1 2 1 0 0 0 2 2
1 2 1 0 0 1 0 0 0 2 2 2 0 1 0 1 0 1 0 2 1 2
1 0 1 2 0 1 1 0 0 2 1 0 0 0 1 2 0 1 0 0 2 2
2 2 1 0 0 1 0 0 1 2 0 1 2 1 0 2 0 1 0 2 2 2
0 2 0 1 0 1 1 1 1 2 1 0 0 2 0 2 0 1 0 0 2 2
0 0 2 1 0 2 1 0 0 1 1 0 1 0 1 2 0 1 0 1 2 2
1 1 0 2 1 2 1 0 1 2 2 0 2 1 0 1 0 1 1 1 2 2
1 1 1 1 0 2 0 0 0 2 1 2 2 1 0 2 0 1 1 2 1 2
1 1 0 1 0 1 0 1 0 1 0 2 1 0 0 2 1 1 0 2 1 2
0 1 0 0 0 2 1 0 1 2 0 1 2 0 1 2 0 1 0 1 2 2
0 0 0 1 0 1 1 0 1 2 0 1 1 0 2 2 1 1 0 2 2 2
0 0 0 1 0 2 1 0 0 2 0 1 1 2 0 1 0 0 0 0 2 2
0 1 0 1 0 2 1 1 0 1 0 2 1 1 1 2 0 1 0 1 2 2
2 1 2 2 0 0 1 0 0 2 2 1 1 1 0 2 1 1 0 1 2 2
1 0 1 2 0 2 0 1 0 2 0 1 0 1 2 2 0 1 1 2 1 2
0 2 1 2 0 1 0 0 1 2 0 1 1 1 0 2 0 0 1 0 2 2
1 1 1 1 0 1 2 0 1 2 0 1 1 1 0 1 0 0 0 1 2 2
0 1 0 2 0 2 0 0 0 1 1 1 1 0 0 2 0 1 0 1 2 2
1 0 0 2 0 2 0 0 0 0 1 1 2 0 0 2 0 2 0 0 2 2
0 1 0 2 0 2 1 2 0 2 0 1 0 0 0 2 0 2 1 0 1 2
0 1 1 1 0 1 0 1 0 2 0 2 2 1 1 2 1 0 1 2 2 2
0 0 1 2 0 2 0 1 1 2 0 1 1 2 0 2 0 1 1 1 1 2
0 0 1 1 0 2 0 1 0 2 1 2 2 0 1 2 0 1 2 1 2 2
0 2 1 0 1 1 0 2 1 2 0 2 2 2 1 2 0 1 1 0 1 2
1 2 1 2 0 0 1 0 0 2 2 2 1 1 0 2 0 2 0 1 2 2
1 0 0 2 0 2 0 0 0 2 0 2 2 1 1 2 0 2 0 1 1 2
0 1 2 0 0 2 1 0 0 2 0 1 1 1 2 1 0 0 0 1 2 2
0 1 0 2 0 2 0 1 0 2 0 2 1 1 0 2 0 1 0 2 2 2
0 2 1 2 0 2 1 0 0 0 1 1 2 0 2 2 0 1 0 1 1 1
1 2 1 2 0 2 2 1 1 2 1 1 1 1 0 2 0 0 0 0 2 1
0 1 1 2 0 1 1 0 0 2 1 1 1 2 0 2 0 1 0 1 0 2
0 1 1 0 0 1 1 0 0 2 1 1 1 1 1 2 0 0 0 2 2 2
1 1 0 1 0 2 0 0 0 2 0 1 2 1 1 2 1 1 1 1 1 1
1 0 1 2 0 2 1 0 1 2 0 2 1 2 1 1 1 1 0 0 2 2
1 2 0 1 0 2 1 1 1 2 0 2 2 2 0 2 0 1 0 1 2 2
0 1 1 2 0 2 0 1 0 2 1 2 1 1 1 2 1 1 0 0 2 1
0 2 0 0 0 2 1 1 0 1 1 2 1 1 1 2 0 1 0 1 2 2
0 0 1 1 0 1 0 1 0 2 0 2 2 1 0 1 0 2 0 1 2 2
1 1 2 2 0 1 0 1 0 2 0 2 0 0 0 2 0 2 1 2 2 1
1 1 1 1 0 1 0 1 1 1 0 2 1 1 0 2 0 1 1 1 2 1
1 0 1 1 0 1 1 0 1 2 1 1 1 0 1 2 1 2 0 1 2 2
0 1 1 1 0 2 0 2 1 2 0 2 0 1 1 2 0 0 0 2 1 1
1 1 0 1 0 2 0 1 0 2 0 2 1 2 1 0 0 2 2 1 2 2
1 0 0 2 0 2 2 0 0 1 1 2 1 0 2 2 0 0 2 1 0 2
0 1 2 0 0 2 2 1 0 1 0 0 1 0 0 1 0 2 0 1 2 2
0 0 1 1 0 2 1 1 0 2 1 1 2 1 0 2 0 0 0 0 2 2
1 1 2 1 0 1 2 0 0 2 1 2 2 2 0 1 0 0 1 1 1 2
1 2 1 1 1 2 1 1 0 2 1 2 2 1 0 2 1 1 1 1 2 2
2 0 1 1 0 2 0 1 1 2 2 1 1 2 1 1 0 0 0 1 2 2
1 2 1 2 0 2 0 1 0 2 0 2 0 0 1 2 0 0 0 1 2 2
1 1 0 1 0 2 0 1 1 2 0 2 1 1 0 2 0 2 0 2 1 2
0 2 0 2 0 2 2 0 0 2 1 2 0 2 0 1 0 1 0 0 1 2
0 1 1 2 0 2 1 1 0 2 1 1 2 1 0 2 0 1 0 1 2 2
1 2 1 1 0 1 1 1 0 1 1 1 1 1 0 2 0 2 0 1 2 2
1 1 0 1 0 0 0 0 0 1 2 2 0 1 0 2 0 2 1 1 2 2
0 2 0 2 0 2 1 1 0 1 0 1 2 1 0 2 1 1 0 1 2 2
0 1 1 1 0 2 0 1 1 2 1 1 1 1 0 2 0 2 0 2 2 2
0 0 1 1 0 2 1 0 0 2 0 2 2 0 0 2 0 0 1 0 2 2
1 1 1 1 0 1 2 0 1 1 1 2 2 2 0 2 0 2 0 0 1 2
0 0 1 2 0 1 0 2 1 2 1 1 0 2 2 2 0 0 1 1 2 2
1 0 0 2 0 1 0 1 0 2 0 1 1 1 0 2 0 0 0 0 2 2
1 1 1 0 0 1 2 0 0 2 1 2 2 1 0 2 0 1 0 2 1 2
0 2 1 2 0 2 1 0 0 2 0 2 1 1 0 2 0 1 1 2 1 2
0 0 1 0 0 1 0 0 1 1 1 1 2 0 1 2 0 0 0 1 1 2
0 2 1 2 0 1 1 1 0 2 0 2 1 1 1 2 0 0 2 2 1 2
0 1 0 2 0 2 0 1 0 2 1 1 1 1 0 1 0 1 0 1 1 1
1 2 0 1 0 1 1 0 0 2 0 2 1 1 0 2 2 2 1 2 1 2
0 2 2 1 0 2 1 0 0 2 1 2 1 0 0 2 0 1 0 0 2 2
1 0 1 1 0 1 0 1 0 2 2 2 1 2 2 2 0 1 1 2 1 2
0 1 0 1 0 1 1 1 0 1 2 2 1 1 0 2 0 1 0 1 2 2
1 2 1 0 0 2 0 0 0 1 1 0 0 0 1 2 0 1 0 2 2 2
0 1 1 1 0 2 1 1 0 2 1 1 1 2 1 2 0 1 0 2 2 2
1 0 0 0 0 2 1 1 0 2 2 1 1 0 2 2 0 0 0 2 1 1
0 1 1 2 0 1 1 1 0 1 1 1 1 1 0 2 0 1 0 2 2 2
1 1 2 2 0 2 0 0 0 1 2 2 1 2 0 2 0 0 0 1 2 2
0 0 0 2 0 2 0 0 1 2 1 1 1 1 1 2 0 0 0 0 2 2
1 1 2 2 0 2 1 1 0 2 1 1 2 0 0 2 0 0 0 0 0 2
0 1 1 1 0 1 1 0 1 1 1 2 0 2 0 2 0 0 0 0 2 2
1 2 1 1 0 1 1 0 0 2 1 2 0 1 1 2 0 1 0 1 2 2
1 1 0 2 0 2 1 0 0 2 2 2 1 2 0 2 0 0 1 1 2 2
2 2 1 1 0 1 0 1 0 1 2 2 2 1 1 2 0 1 1 0 2 2
0 1 1 2 0 2 1 1 0 2 1 2 1 0 0 2 0 1 0 2 2 2
0 0 1 2 0 2 0 0 0 2 1 2 1 0 0 2 0 0 0 1 2 2
1 1 0 0 0 2 0 0 1 2 1 1 2 0 0 2 0 2 1 0 2 2
0 0 0 2 1 1 0 1 0 2 0 1 1 0 1 1 0 1 0 1 1 2
0 0 1 1 0 2 1 0 0 2 0 1 1 0 0 2 0 0 0 0 2 2
2 0 1 2 0 2 0 0 1 1 2 2 0 2 0 2 1 1 0 0 2 2
0 1 1 2 0 2 0 1 0 2 1 2 1 1 2 1 0 1 0 0 2 2
0 1 0 0 0 2 0 0 0 2 1 1 1 0 1 2 0 1 0 1 1 2
0 1 0 1 0 1 1 0 0 2 1 2 1 1 0 2 1 2 1 0 2 2
1 1 1 1 0 1 0 1 0 2 0 0 1 0 0 2 1 1 0 1 2 2
0 2 1 1 0 2 2 0 0 2 1 2 2 0 1 2 0 0 0 1 2 2
1 1 2 1 0 2 0 0 0 2 1 2 1 2 1 2 0 1 0 2 1 2
1 0 1 0 0 2 1 1 0 2 2 2 1 0 1 2 0 1 1 0 2 1
1 2 2 2 0 1 0 1 1 2 0 1 0 1 1 2 0 1 0 0 1 2
1 1 1 2 0 2 1 1 0 2 0 2 1 1 0 1 1 2 1 2 1 2
2 2 1 1 0 2 0 2 0 1 0 2 1 1 1 2 0 1 1 0 2 2
2 2 1 1 0 1 0 2 0 2 2 1 1 0 1 2 0 2 1 2 1 2
0 1 0 2 0 1 2 2 1 2 0 2 1 1 0 2 0 1 0 1 0 1
0 0 0 1 0 1 1 1 1 2 1 1 0 1 0 2 0 1 2 2 2 2
1 1 1 2 0 2 0 1 0 2 0 1 0 1 1 2 0 1 0 0 2 2
1 1 0 1 0 2 0 1 0 1 0 2 1 1 1 1 0 0 1 1 2 2
0 2 0 2 0 2 1 1 0 2 1 0 1 2 0 2 0 1 1 1 2 2
0 1 1 0 0 1 0 0 0 2 1 1 1 0 0 2 1 1 0 2 1 2
1 2 0 2 0 2 1 0 1 2 0 1 2 1 2 2 0 0 0 1 2 2
0 2 0 1 0 2 1 0 1 1 2 1 2 0 0 2 0 1 0 1 1 2
1 0 0 2 0 2 1 1 1 1 0 2 2 0 1 2 0 1 0 0 2 2
1 1 0 2 0 2 1 0 1 0 2 1 0 2 0 2 0 1 1 1 2 2
0 1 1 1 0 1 1 0 0 1 2 2 2 1 0 2 1 0 0 0 2 2
2 0 2 0 0 2 2 1 1 2 0 2 1 1 0 2 0 2 0 1 2 2
0 1 2 0 0 1 0 1 1 2 1 1 1 2 0 2 0 0 1 1 2 2
1 2 1 0 0 2 1 0 0 2 1 2 2 2 0 2 0 1 0 0 1 2
0 1 0 0 0 2 0 1 0 2 2 2 2 0 2 2 0 2 0 1 1 2
0 1 1 1 0 1 0 2 1 2 1 2 0 0 0 2 0 2 0 0 2 2
0 0 0 1 0 2 0 1 0 1 2 2 2 1 1 2 0 1 2 1 1 2
2 0 1 1 0 1 1 1 0 2 0 2 2 1 0 2 0 1 0 1 1 1
0 1 0 2 0 0 0 0 0 2 0 1 0 0 0 2 0 1 0 1 1 2
1 1 1 2 0 2 2 0 0 2 0 1 2 1 0 2 0 0 0 1 2 1
0 2 1 1 0 2 1 0 0 2 0 2 1 2 0 2 0 0 1 0 2 1
1 1 1 2 0 2 0 2 0 2 1 1 1 0 0 2 0 1 0 1 1 2
1 0 0 1 0 2 0 0 0 2 1 2 1 2 1 2 0 2 0 1 2 2
1 0 1 2 0 2 1 1 0 0 2 2 0 1 1 2 1 1 0 0 1 2
0 1 0 2 0 2 0 2 0 2 0 2 1 0 0 2 0 1 1 2 2 2
0 1 0 0 0 1 1 1 0 2 1 2 2 2 0 2 0 1 0 2 2 2
2 0 1 1 0 2 0 0 0 1 1 1 1 1 1 2 0 2 0 1 2 2
0 2 0 1 0 2 1 1 1 2 0 2 1 1 0 2 0 1 0 1 2 2
1 1 1 2 0 2 0 0 1 1 1 0 2 0 1 2 0 0 0 1 1 2
0 0 1 1 0 2 0 0 0 1 1 1 1 0 0 1 0 2 0 2 1 2
1 1 1 2 0 2 0 2 0 2 0 0 1 0 0 2 0 0 1 1 1 2
1 2 1 0 0 1 0 1 0 2 0 2 1 2 1 2 0 1 1 2 1 2
0 1 0 1 0 1 0 2 0 2 1 2 0 1 0 2 0 1 1 1 2 2
0 1 1 0 0 0 1 0 0 2 2 0 2 2 0 2 0 1 0 1 1 1
2 1 2 1 0 2 1 1 0 2 1 1 1 0 0 2 0 0 2 1 0 2
0 1 0 2 0 2 1 2 0 2 1 2 1 1 1 2 0 1 0 0 1 1
0 1 0 1 0 2 2 0 0 2 1 2 0 1 0 2 0 0 0 1 2 2
1 1 0 2 0 1 1 1 0 2 0 2 1 1 1 2 0 0 0 2 2 2
1 1 0 2 0 0 0 0 0 2 0 1 1 1 1 1 0 1 0 2 1 2
1 1 0 1 0 2 0 1 0 1 0 2 2 1 0 2 0 2 1 1 2 2
1 2 2 0 1 2 1 0 0 2 2 2 1 1 0 2 0 2 1 0 2 2
0 2 1 2 0 2 0 0 0 2 1 2 1 0 0 2 1 1 0 0 1 2
0 2 0 1 0 2 0 0 0 2 2 2 0 0 2 2 0 1 0 0 0 2
1 0 0 0 0 2 1 0 1 2 0 1 1 1 0 2 0 1 1 0 1 2
1 2 1 1 0 2 0 1 0 2 0 1 1 0 1 0 0 1 1 1 2 2
0 1 0 1 0 1 1 1 0 2 0 1 2 2 1 2 0 0 1 1 1 2
0 2 0 1 0 2 1 0 0 2 1 2 0 1 1 1 0 1 0 1 1 2
1 1 0 1 0 2 0 1 0 2 1 2 1 2 0 2 0 2 1 2 1 2
0 1 0 1 0 2 1 0 0 2 0 2 0 1 1 2 0 1 1 1 1 2
0 0 0 2 0 2 0 2 0 2 0 2 1 0 0 2 0 1 0 1 2 2
0 1 1 1 0 2 0 1 1 2 2 0 0 2 1 2 0 1 1 2 2 2
0 2 1 1 0 1 1 2 0 2 0 1 1 0 2 2 0 0 1 1 1 2
1 1 1 1 0 1 0 0 0 2 1 2 2 1 0 2 1 0 0 1 2 2
0 1 1 2 0 1 2 1 0 2 1 2 0 0 0 2 1 0 1 2 1 2
0 1 2 2 0 2 0 1 0 1 1 2 0 1 2 2 0 0 1 2 2 2
1 1 0 1 0 2 1 2 0 2 1 0 1 1 2 2 1 1 1 2 1 2
0 1 1 1 0 2 0 1 0 2 1 2 1 2 2 2 0 1 1 0 2 2
0 2 1 1 0 2 0 0 0 2 1 2 1 2 1 2 0 0 0 0 1 1
1 2 1 2 0 2 0 2 0 2 0 2 1 2 0 2 0 1 0 0 1 2
1 0 2 2 0 1 0 1 0 2 1 2 1 0 0 2 0 0 1 2 2 2
0 1 0 2 0 2 2 2 1 2 1 1 2 0 0 1 0 0 0 1 1 2
1 0 1 1 0 0 0 0 0 2 0 2 1 1 0 2 0 0 0 1 1 2
1 1 0 0 0 2 0 0 0 2 1 2 1 0 1 2 1 1 0 1 1 2
0 1 2 2 0 2 1 1 0 2 2 2 2 1 0 2 0 0 1 1 1 2
2 1 1 1 0 2 1 1 0 1 2 2 1 0 0 2 0 2 0 2 0 2
0 0 0 2 0 2 0 2 0 2 0 2 1 2 2 2 0 0 0 2 2 2
0 1 2 0 0 1 1 0 0 1 1 1 1 2 2 2 1 0 0 0 0 2
1 1 1 2 0 2 1 1 0 2 1 2 1 2 1 2 1 2 1 0 2 2
0 0 1 2 0 2 1 1 1 2 0 2 2 0 0 2 0 1 0 0 2 2
0 0 0 1 1 2 1 2 1 2 1 1 1 1 1 2 0 1 0 1 1 2
1 2 0 2 0 2 2 1 1 2 0 1 2 2 1 2 2 0 1 1 2 2
0 2 1 1 0 1 0 0 0 2 0 2 1 0 0 2 0 0 0 1 1 2
1 2 1 2 0 2 0 2 0 2 1 2 1 1 0 1 0 1 0 0 2 2
2 1 0 2 0 1 1 2 0 2 1 2 2 2 1 2 0 0 0 1 1 2
0 0 1 2 0 2 1 1 0 0 0 1 0 1 0 2 0 1 1 1 1 2
1 1 0 2 0 2 2 1 0 2 0 2 0 1 1 2 0 0 0 2 1 2
0 0 0 2 1 1 0 1 0 2 2 1 2 1 1 2 0 1 0 0 1 2
0 2 1 2 0 2 1 0 0 2 1 1 2 2 1 2 1 1 2 0 2 2
0 0 0 2 0 2 1 0 0 2 1 2 1 2 1 2 0 0 0 1 2 2
0 1 0 1 0 2 1 1 0 2 2 1 2 1 0 2 0 1 1 1 1 2
0 1 0 1 0 2 0 0 0 1 1 1 1 0 0 2 0 1 1 1 1 2
0 0 1 2 0 1 0 0 0 2 1 2 2 0 0 2 0 0 1 1 2 2
1 1 1 1 0 0 1 0 0 1 0 2 2 2 0 2 0 2 0 0 1 2
0 0 0 2 0 2 1 1 0 1 1 1 0 0 1 2 1 0 0 0 1 2
1 0 1 0 0 2 0 0 0 2 0 1 2 1 1 2 0 1 0 2 2 2
0 1 1 1 0 2 0 1 0 0 1 2 0 1 1 2 0 1 0 0 2 2
0 0 1 2 0 2 1 1 0 1 1 1 2 0 1 2 0 1 0 1 2 2
1 2 1 1 0 1 1 1 0 1 2 2 2 1 1 2 0 1 0 2 2 2
0 1 0 0 0 1 0 2 1 2 1 2 2 1 0 2 0 1 0 2 2 2
2 0 1 2 0 1 2 1 1 2 1 2 0 0 2 2 1 0 0 2 1 1
2 0 0 1 0 2 1 2 0 2 1 2 0 0 0 1 0 0 0 1 2 2
0 1 0 0 0 2 0 1 0 2 1 1 1 0 1 2 0 0 1 2 1 2
1 0 1 1 0 2 0 0 0 2 0 1 1 1 1 2 0 1 1 0 0 2
0 2 2 1 0 1 0 0 0 1 0 1 2 1 1 2 0 0 0 1 2 2
0 1 0 2 0 2 1 1 0 2 2 1 0 1 1 2 0 2 1 2 1 2
2 0 1 0 0 2 0 1 1 2 2 1 0 2 0 2 1 1 0 2 2 2
0 1 1 0 0 1 1 1 0 1 0 2 1 1 0 2 0 1 0 2 1 1
0 2 1 1 0 0 2 0 0 2 1 0 2 0 0 2 0 2 0 0 1 2
0 1 0 2 0 2 1 2 1 2 1 2 1 0 0 2 0 2 1 2 2 2
0 2 0 2 0 2 2 1 0 2 1 2 1 0 1 2 0 1 1 2 1 2
0 1 1 1 0 2 1 0 1 2 1 1 1 1 0 2 0 2 0 0 2 2
1 1 1 2 0 1 0 1 0 2 2 2 1 0 0 2 0 2 0 1 1 2
1 0 2 1 0 2 1 1 0 2 2 1 2 1 1 2 0 0 1 1 1 2
0 1 0 2 0 1 0 0 0 2 0 1 1 1 0 2 0 0 1 1 2 2
0 2 0 1 0 2 1 0 0 2 2 2 0 2 0 2 0 0 0 1 2 1
1 0 1 2 0 1 0 1 0 1 2 2 1 0 1 2 0 2 0 0 2 2
0 1 1 0 0 2 1 0 0 2 1 2 1 1 0 2 0 1 0 1 2 2
0 1 0 2 0 1 0 2 1 2 1 1 2 2 0 2 0 2 0 1 1 2
1 2 2 2 0 1 0 2 0 2 1 1 2 0 1 2 1 2 0 0 2 2
2 2 0 0 0 2 2 1 0 2 1 1 1 0 0 2 0 1 0 1 2 2
0 1 1 0 0 2 0 2 1 2 0 1 0 1 0 1 0 0 0 1 0 1
1 1 1 0 0 2 1 1 0 2 1 1 1 0 1 2 0 2 1 2 1 2
1 1 1 2 0 2 0 1 0 2 1 2 2 1 0 2 0 0 1 2 2 2
0 1 1 2 0 2 0 1 0 1 1 2 0 1 1 2 0 2 0 0 1 2
0 1 0 1 0 2 0 1 0 2 0 2 1 0 0 1 0 1 1 1 2 2
1 0 0 1 0 2 0 1 0 2 1 2 1 2 1 1 0 1 0 1 2 2
0 1 0 0 0 1 2 0 0 2 1 2 2 0 0 2 0 1 0 1 2 2
1 0 0 2 0 1 0 2 1 2 0 1 1 1 1 2 0 1 0 0 2 2
0 1 0 1 0 2 1 0 0 1 1 0 1 1 1 2 0 2 0 2 2 2
0 2 0 2 0 2 2 2 1 2 1 2 2 0 0 2 1 2 0 0 2 2
0 1 1 1 0 0 0 0 0 2 0 1 0 2 0 1 0 0 0 0 2 2
1 0 2 2 0 2 0 1 0 2 1 2 1 1 0 2 0 1 0 1 2 1
1 1 1 1 0 1 1 1 0 2 1 1 2 1 1 2 0 0 0 1 2 2
0 0 2 2 0 2 0 0 0 2 2 1 2 1 1 2 0 0 1 1 1 2
2 1 1 1 0 1 1 0 0 2 1 1 0 0 1 2 0 0 1 0 2 2
1 0 1 1 0 2 2 0 0 2 0 1 0 1 0 2 1 1 0 2 2 2
0 2 0 2 0 2 0 0 1 2 1 1 1 1 1 2 0 2 0 1 1 2
0 1 0 1 0 1 1 1 0 1 0 1 0 1 0 2 0 1 0 0 2 2
0 0 0 2 0 2 1 0 1 1 0 2 2 1 0 2 1 0 0 1 1 2
0 1 1 1 0 1 0 0 1 2 1 1 0 1 0 2 0 1 0 0 2 2
0 2 0 1 0 2 1 0 1 2 1 1 1 0 0 2 0 1 1 1 1 2
1 1 1 1 0 2 0 1 0 1 1 2 0 1 0 2 0 0 0 0 2 2
0 1 0 2 0 2 1 0 0 1 2 0 2 1 1 1 0 1 0 1 2 2
0 1 2 2 0 1 0 1 0 2 1 2 2 0 0 2 1 2 1 2 2 2
2 2 1 0 0 2 0 0 1 2 0 1 1 0 0 2 0 0 0 1 1 1
0 1 1 1 0 1 0 1 1 1 0 2 1 0 0 0 0 1 2 1 2 2
1 1 0 2 0 1 2 0 0 1 1 1 0 1 0 2 0 0 0 0 1 2
0 1 1 1 0 2 0 0 0 2 1 2 1 2 1 2 0 1 0 2 2 1
1 1 1 1 0 2 1 1 0 0 1 2 1 0 2 2 0 2 1 1 2 2
1 1 0 2 0 2 0 1 0 2 1 1 1 2 0 2 0 2 0 2 2 2
1 1 1 0 0 2 1 0 0 2 1 0 1 1 0 2 0 2 0 1 1 2
0 2 0 1 0 2 1 0 1 1 1 1 1 0 1 2 0 1 1 1 0 2
0 1 2 1 0 2 0 1 0 1 1 0 1 1 0 2 0 1 0 1 1 0
1 2 1 2 0 2 2 0 0 2 2 1 1 2 0 1 1 1 0 2 2 2
1 0 0 2 0 2 1 0 1 1 1 1 1 0 2 2 0 1 1 1 0 2
0 0 1 2 0 1 1 0 0 2 2 2 0 0 1 2 0 0 0 1 2 2
0 2 1 1 0 1 1 1 0 2 0 1 0 1 1 1 0 1 0 0 2 2
1 1 0 1 0 2 0 0 0 2 1 1 0 1 1 2 1 0 1 0 1 2
1 1 0 1 0 1 1 1 0 2 1 2 2 0 2 0 0 1 0 2 0 2
0 2 0 1 0 1 1 2 0 2 0 1 1 1 0 2 0 0 0 1 1 2
2 1 1 0 0 1 2 1 0 2 1 1 2 1 0 2 0 1 0 1 1 2
0 0 2 2 0 2 1 0 0 2 0 1 1 0 1 2 1 1 0 1 1 2
0 1 2 2 0 2 1 2 1 1 1 2 2 0 0 2 0 0 1 0 2 2
0 1 0 1 0 1 0 2 0 2 2 1 0 1 1 2 0 0 0 0 1 2
0 1 0 1 0 2 0 1 0 2 1 2 1 1 0 2 0 1 0 1 2 1
0 1 2 1 0 2 2 1 1 2 0 0 1 0 0 2 0 1 1 2 2 2
0 1 0 2 0 1 1 0 1 2 1 2 1 0 0 2 1 1 0 2 2 2
1 2 1 2 0 2 1 0 0 2 0 1 1 0 0 2 0 1 0 0 1 2
0 1 0 2 0 1 1 0 0 2 0 1 0 2 0 2 0 0 0 1 2 2
0 1 0 1 0 2 1 1 0 2 1 1 2 1 1 2 0 0 0 0 2 2
0 0 0 2 1 2 0 1 0 2 2 1 0 1 0 2 1 2 0 1 2 2
1 1 0 1 0 2 1 1 0 0 1 1 0 1 0 2 0 0 0 1 2 2
1 0 1 1 0 2 0 1 0 2 1 1 2 1 0 2 0 0 1 2 2 2
1 2 0 1 0 1 1 2 0 2 1 1 1 1 1 2 0 2 0 1 2 2
0 2 1 0 0 1 0 1 1 2 0 1 0 1 0 2 0 1 0 2 2 2
1 2 0 2 0 2 1 0 0 2 0 0 0 0 0 2 0 1 1 1 2 2
0 0 0 2 0 1 0 1 2 2 1 2 2 1 0 2 0 1 1 1 2 2
1 0 0 2 0 2 0 1 1 2 1 2 1 0 1 2 0 0 1 1 2 2
0 2 2 1 0 1 1 0 0 2 0 2 0 1 0 1 0 0 0 1 1 2
0 2 0 1 0 2 0 0 0 1 2 2 1 0 0 2 0 1 1 2 2 2
0 1 2 0 0 2 1 2 0 2 2 2 2 2 0 2 1 0 0 2 1 2
2 2 0 0 0 2 1 0 0 1 0 1 2 2 0 1 0 0 0 1 2 2
0 1 0 2 0 2 0 1 0 2 1 2 1 0 1 2 2 1 0 1 2 2
1 1 1 1 0 2 1 0 0 2 1 2 1 0 0 1 0 1 0 2 2 2
0 1 1 2 0 1 0 0 0 2 0 1 0 1 2 2 0 1 0 1 0 2
0 1 0 0 0 2 0 2 0 1 1 2 1 1 1 1 0 1 0 1 1 2
0 1 0 1 0 2 1 0 0 2 1 2 1 1 0 2 0 1 0 2 1 2
2 1 1 1 0 2 2 1 0 2 1 2 0 1 1 2 0 0 0 0 2 2
0 1 0 2 0 1 1 1 0 2 0 2 1 1 1 1 0 0 0 1 2 2
0 1 1 1 0 0 1 0 0 1 2 0 1 1 0 2 0 1 0 1 1 1
0 1 0 2 0 2 1 0 0 2 0 2 1 0 0 1 0 0 0 0 2 2
1 0 0 0 0 1 1 1 0 1 1 1 1 2 1 2 0 1 0 1 2 1
0 1 0 1 0 1 2 1 0 2 0 1 0 0 0 2 0 1 1 2 2 2
1 1 1 2 0 2 1 1 0 2 1 1 1 1 0 2 0 1 0 2 1 2
0 1 2 2 0 2 1 1 1 1 2 1 0 0 0 1 0 1 0 0 1 1
1 1 1 1 0 0 0 1 0 2 1 2 1 1 1 1 0 0 0 1 2 2
0 1 0 1 0 2 1 0 2 2 0 2 1 1 0 2 0 1 0 2 2 2
0 0 0 1 0 2 0 0 0 1 1 0 2 0 0 2 0 0 1 0 1 2
1 2 0 0 0 2 0 1 0 2 2 2 1 0 1 2 0 2 0 0 2 2
0 1 0 2 0 1 1 0 1 2 0 1 2 0 0 2 0 0 0 0 2 2
0 1 0 2 0 2 0 1 0 2 0 0 1 1 0 1 0 2 1 0 2 2
0 1 1 1 0 2 2 0 0 2 1 1 2 1 1 2 0 0 0 1 2 1
1 0 0 2 0 2 0 2 0 2 2 1 0 0 0 2 0 0 0 1 1 2
0 0 0 1 0 1 1 0 0 2 1 1 0 1 1 1 0 1 0 0 2 2
0 0 0 1 0 2 0 1 0 1 1 1 0 1 1 1 0 1 1 2 2 2
0 2 1 2 0 2 0 0 0 2 1 2 1 2 0 2 1 1 0 1 2 2
0 0 1 1 0 2 0 1 0 2 0 2 1 0 0 2 1 0 0 1 1 2
0 1 1 1 0 1 0 0 0 1 1 2 1 0 0 2 1 1 0 1 2 2
1 1 0 2 0 2 2 0 0 1 1 2 0 0 2 2 0 0 0 2 2 2
1 2 1 1 0 2 1 0 0 2 1 0 1 2 0 2 0 0 1 1 1 2
1 1 0 0 0 1 1 1 0 1 0 0 1 1 1 2 0 0 0 2 0 2
0 1 0 1 0 1 1 1 0 2 1 1 2 1 0 2 0 1 0 0 2 2
0 1 0 1 0 2 0 0 1 2 0 0 1 1 1 2 0 0 0 0 2 2
1 1 0 2 0 2 0 0 0 1 1 1 2 0 0 2 0 2 0 1 1 2
0 1 1 2 0 2 0 0 0 2 1 2 2 1 1 2 0 1 1 1 2 2
0 0 0 2 0 2 2 0 1 2 1 2 0 0 0 2 0 0 1 1 2 2
0 1 0 1 0 2 1 2 0 1 2 1 1 0 0 2 0 0 0 0 2 2
1 1 1 1 0 2 1 0 0 2 0 0 2 0 2 2 0 2 1 1 2 2
1 0 1 1 0 2 1 2 0 2 1 1 2 0 1 2 0 1 1 0 1 2
0 2 0 0 0 1 1 0 0 2 1 2 1 2 1 2 0 0 1 0 2 2
0 1 1 1 0 2 0 0 0 2 2 1 1 0 0 2 0 2 0 2 2 2
0 1 1 1 0 2 2 0 0 1 1 2 2 1 1 2 0 0 0 1 1 2
0 1 0 1 0 1 0 0 0 1 0 1 1 2 0 2 0 0 1 1 2 2
0 2 0 2 0 2 0 2 0 1 0 2 1 2 0 2 0 1 0 1 2 2
1 0 0 2 0 2 1 1 0 2 1 2 2 1 0 2 0 0 0 0 2 2
1 2 1 1 0 1 0 0 0 1 0 0 2 0 0 2 0 1 0 1 1 2
1 2 0 2 0 2 0 0 0 2 1 1 2 1 0 2 1 0 0 2 2 2
0 0 0 2 1 2 1 2 0 2 1 2 1 1 0 1 0 1 0 2 2 2
0 2 1 2 0 1 0 2 0 0 1 2 2 0 0 2 0 1 0 1 2 2
1 0 1 2 0 2 1 2 0 2 1 2 1 0 0 2 1 0 0 1 2 2
0 1 1 0 0 2 1 0 0 1 1 2 1 0 1 2 0 1 2 1 2 2
0 2 0 2 0 2 0 0 0 2 0 2 1 1 0 2 0 2 1 1 1 2
2 0 1 2 0 1 0 0 0 2 1 2 0 0 0 2 0 1 0 0 2 2
0 0 1 2 0 2 1 1 0 2 0 1 1 1 0 2 0 1 1 2 2 1
2 2 1 1 0 2 1 1 0 2 1 1 1 1 1 2 1 1 0 2 1 2
0 1 1 1 1 1 1 2 0 2 1 2 0 1 0 2 1 1 1 1 2 2
1 2 1 2 0 1 0 0 0 2 1 2 1 1 0 1 0 1 2 1 2 2
0 2 0 1 0 1 2 0 0 2 1 2 1 0 0 2 1 1 0 2 2 2
1 1 1 2 0 2 0 1 0 2 1 1 2 1 0 2 0 1 0 1 2 2
0 1 0 2 0 2 2 0 0 2 1 1 1 1 2 2 0 2 0 1 1 2
0 0 0 2 0 1 1 0 1 2 1 0 1 0 0 2 0 0 0 1 2 2
0 1 2 1 0 1 0 1 1 1 1 2 1 1 0 2 0 2 0 1 1 2
0 0 0 2 0 2 1 1 1 1 2 1 1 2 0 2 0 1 0 1 2 2
0 0 1 2 0 2 1 1 0 2 1 1 1 1 0 1 0 0 0 0 1 2
1 1 2 2 1 2 2 1 0 2 1 2 2 1 0 2 0 0 0 0 2 2
1 1 1 1 0 1 2 0 0 0 1 1 2 1 0 2 0 1 0 0 1 2
1 1 0 2 0 2 0 0 1 2 2 2 2 2 1 2 0 0 0 2 2 2
1 1 2 1 0 0 0 0 0 2 1 2 1 1 0 1 0 1 0 0 2 2
0 0 0 2 0 1 1 1 1 2 1 1 2 1 2 2 0 1 0 1 2 2
0 2 1 2 0 2 1 2 1 2 0 2 2 1 1 2 0 2 0 1 1 2
1 1 0 1 0 2 2 1 0 1 0 2 1 1 1 1 1 2 1 0 2 2
0 0 1 2 0 1 0 1 0 1 1 2 2 1 0 2 0 2 1 2 2 2
0 1 1 1 0 0 2 0 0 2 2 1 1 1 0 2 0 0 0 2 2 2
0 1 1 0 0 2 0 2 0 1 1 1 1 0 0 2 0 2 0 1 2 2
0 1 1 2 0 2 0 1 0 2 0 1 2 0 1 2 0 1 0 1 1 2
0 1 0 2 0 1 1 0 0 2 1 1 1 0 1 2 0 1 0 2 2 2
1 0 1 1 0 2 0 2 0 2 1 1 1 0 1 1 1 2 1 1 1 2
1 0 0 1 0 2 1 0 0 2 1 2 2 0 1 2 0 1 0 1 1 2
0 1 1 1 0 2 1 1 0 1 0 2 1 2 1 2 0 1 1 0 1 2
0 1 1 2 0 2 1 0 0 1 1 2 2 1 0 2 0 1 1 1 2 2
1 1 0 1 0 2 1 0 0 1 0 2 2 0 0 2 1 0 0 0 1 2
0 2 1 2 0 1 1 1 0 2 2 2 1 1 0 2 0 0 1 1 1 2
0 2 1 2 0 2 0 0 0 2 0 2 1 1 0 2 0 1 0 1 1 2
0 1 0 2 0 2 1 1 0 1 0 2 1 1 1 2 0 0 1 1 2 2
1 1 0 1 0 2 1 1 0 2 1 2 1 1 0 2 0 1 0 2 1 2
1 1 2 1 0 1 0 0 0 2 0 2 1 1 1 2 1 0 1 1 2 2
0 2 0 0 0 2 1 1 0 2 1 2 1 1 1 2 0 1 0 2 1 2
0 2 0 1 0 2 0 2 1 2 0 1 0 1 0 2 0 0 1 1 1 2
0 1 1 2 0 1 1 1 0 1 1 2 1 0 0 2 0 1 0 1 1 2
0 0 0 2 0 1 0 1 1 2 1 2 0 1 1 2 0 0 0 0 1 2
2 1 0 2 0 2 0 2 1 2 1 2 2 1 2 2 0 2 1 0 2 2
0 2 1 2 0 1 1 0 0 2 2 2 1 0 1 2 0 2 1 0 2 2
1 1 1 1 0 2 0 0 0 2 1 2 1 2 0 1 0 1 0 1 1 2
1 0 0 1 0 2 1 1 2 2 0 1 1 1 0 2 0 2 0 1 2 2
0 1 1 1 1 2 0 0 2 1 1 2 1 0 2 1 1 1 0 0 2 2
0 1 0 2 0 2 1 1 0 1 2 1 0 0 1 2 0 1 0 2 0 2
0 2 2 0 0 2 1 0 1 1 1 1 1 1 0 2 0 0 1 0 2 2
0 1 1 1 0 0 0 1 0 1 0 1 1 1 1 2 0 1 2 1 2 1
0 1 1 1 0 1 1 1 0 2 1 2 2 1 0 1 1 0 0 2 2 2
2 0 0 2 0 2 0 2 0 1 1 0 1 1 1 2 0 0 1 0 1 2
0 1 0 1 0 2 0 0 0 1 0 2 2 1 0 2 0 0 0 0 2 2
0 1 0 2 0 2 1 1 0 2 2 2 2 0 0 2 0 0 0 1 2 1
0 1 2 1 0 1 2 0 0 1 0 2 1 2 0 2 0 1 0 2 2 2
2 1 0 1 0 1 2 0 0 2 0 1 1 2 0 2 0 1 1 1 2 2
0 1 0 2 0 2 2 0 0 2 1 2 2 1 0 2 0 0 0 2 2 2
1 0 1 2 0 2 1 0 1 2 0 2 2 0 1 2 0 0 0 1 2 2
0 2 0 1 0 2 0 1 0 2 1 2 0 2 1 2 0 1 1 2 2 2
0 0 0 2 0 2 0 0 0 2 1 0 1 0 0 2 0 1 0 1 1 2
0 0 1 2 0 2 1 0 0 2 1 2 2 1 0 1 0 0 1 1 1 2
0 1 1 2 0 2 0 1 0 2 1 2 1 1 1 2 0 2 0 2 2 2
1 1 1 1 0 1 1 1 0 2 0 2 2 0 0 2 0 1 0 1 0 2
1 2 0 1 0 2 1 1 0 1 2 2 2 1 1 2 0 0 0 1 2 2
0 2 1 1 0 2 1 0 0 2 0 2 1 1 1 1 0 1 1 1 2 2
1 1 0 1 0 2 2 1 0 2 1 2 0 2 2 2 1 0 0 1 2 2
0 0 1 2 0 2 1 1 0 2 0 1 0 2 2 1 0 1 1 1 2 2
0 1 0 0 0 2 1 1 0 2 1 2 0 1 0 2 0 2 0 1 2 2
1 0 1 2 0 2 0 0 1 2 0 2 1 1 0 2 0 2 0 2 2 2
0 1 1 2 0 2 0 1 1 1 0 2 0 0 0 2 0 0 0 1 2 1
0 1 1 2 0 1 1 1 0 2 1 0 2 0 2 1 0 0 0 0 2 2
1 0 0 1 0 1 1 0 0 2 0 1 0 0 0 1 0 1 0 0 1 2
0 1 0 2 0 2 0 2 0 2 0 2 1 1 1 0 0 0 0 2 2 2
0 1 1 0 0 2 1 1 0 2 1 0 1 1 1 1 0 0 0 2 2 2
1 1 1 1 0 0 1 0 0 2 1 1 0 0 1 2 0 0 1 1 1 2
0 1 1 2 0 2 2 0 0 2 0 2 2 1 2 2 0 1 0 2 0 1
1 2 1 2 0 1 0 2 0 2 1 1 2 0 0 2 0 1 1 0 2 2
0 1 1 1 0 1 0 0 0 2 2 1 2 2 0 2 0 0 0 1 1 2
0 0 2 2 0 2 2 1 0 2 1 2 2 1 1 2 0 1 0 0 2 2
0 1 0 1 0 2 1 1 0 2 0 2 2 0 0 2 0 0 0 2 2 1
0 0 0 2 0 1 0 0 0 2 0 2 0 1 1 2 0 1 1 0 2 2
0 1 1 1 1 2 0 1 0 1 1 1 1 0 1 2 1 1 0 0 1 2
0 1 0 2 0 1 2 1 0 2 0 2 1 0 0 2 0 1 0 1 2 2
0 1 0 0 0 2 0 1 1 2 1 1 2 2 1 1 0 0 0 0 2 2
0 1 0 1 0 2 0 1 0 2 0 1 2 0 1 2 1 2 0 0 1 2
0 2 0 2 0 1 1 0 1 2 0 2 1 1 0 1 0 1 0 2 0 1
1 0 0 2 0 2 1 0 0 2 0 2 2 2 0 2 0 1 0 1 1 2
0 1 1 1 0 2 0 0 0 2 0 2 1 2 0 2 0 1 1 0 1 2
1 1 0 1 0 2 1 0 0 2 1 2 1 2 0 2 0 2 1 1 1 2
0 2 0 2 0 1 2 1 0 2 1 2 1 0 0 2 0 0 0 0 2 2
1 1 0 1 0 1 0 1 0 2 1 2 2 2 0 2 0 0 2 2 2 2
1 1 1 2 0 2 2 0 1 2 1 2 1 1 0 2 0 1 1 1 2 2
0 1 0 0 0 2 1 2 0 2 0 2 1 2 1 2 0 0 1 1 1 2
1 1 0 2 0 2 1 1 0 2 0 2 0 0 0 2 0 1 0 0 2 2
0 1 1 1 0 2 1 0 0 2 1 2 1 2 0 1 0 0 0 0 2 2
0 2 1 1 0 2 1 0 0 1 1 1 2 0 0 2 0 2 1 1 2 0
1 0 2 0 0 1 1 1 0 2 1 1 2 0 1 2 0 1 0 1 2 2
1 0 0 2 0 2 1 2 0 2 2 2 1 0 1 2 0 0 0 1 2 2
1 1 0 1 0 1 0 1 0 1 0 1 0 0 0 1 0 1 0 1 2 2
0 0 0 1 0 2 0 1 1 2 2 1 1 0 1 2 0 1 1 1 2 2
0 0 2 2 0 1 1 0 1 2 0 1 0 0 1 2 0 2 1 1 1 2
1 0 0 1 0 2 1 1 1 2 0 1 0 2 2 2 1 1 0 1 2 1
2 1 0 1 0 1 0 1 0 2 0 2 1 1 0 2 0 0 0 1 2 2
0 1 1 2 0 2 2 0 0 2 1 1 1 0 1 2 0 1 1 1 2 2
0 1 1 2 0 2 0 2 1 2 2 1 1 0 0 2 0 1 0 1 2 2
1 0 1 0 0 2 0 2 1 2 1 2 1 0 0 2 0 0 0 1 2 2
1 0 1 2 0 2 0 1 0 2 1 1 0 2 0 2 0 0 0 0 2 2
0 1 0 2 0 1 0 1 0 1 1 2 0 1 1 2 1 0 1 2 2 2
0 2 1 0 1 2 1 1 1 2 1 1 0 0 0 2 0 1 1 1 1 2
1 2 0 1 0 2 0 0 0 2 0 2 1 0 1 2 0 0 1 1 2 2
0 1 1 1 0 2 0 0 0 1 1 2 1 2 0 2 0 1 0 0 1 1
0 1 1 2 0 2 0 2 0 2 2 2 1 2 0 2 1 0 0 1 2 2
1 2 1 2 0 2 1 0 0 1 1 1 1 0 0 2 0 1 1 2 2 2
0 0 2 2 0 0 1 0 0 2 0 1 1 1 1 1 0 1 0 1 1 2
0 0 1 2 0 2 1 0 0 2 1 1 1 0 0 2 0 1 0 0 2 2
0 1 1 2 0 1 0 1 0 2 2 1 2 2 0 2 0 1 0 1 1 2
0 2 0 1 0 2 0 1 1 2 1 2 1 0 0 2 0 1 0 2 2 2
0 0 0 1 0 1 1 2 0 2 0 2 0 1 0 2 0 2 0 1 1 2
0 2 1 1 0 2 2 0 0 1 1 2 2 2 1 2 0 1 0 2 2 2
0 0 1 1 0 1 1 1 0 1 1 2 1 1 0 1 1 0 0 2 0 2
0 0 1 1 0 1 1 0 1 2 2 1 0 2 1 2 1 1 0 0 2 2
0 1 2 1 0 2 1 0 1 1 1 2 1 0 1 2 1 1 1 1 1 2
0 2 0 0 0 1 0 1 1 1 1 2 1 0 0 2 1 1 1 1 1 2
0 0 1 1 0 1 0 1 0 1 1 1 0 1 1 2 0 1 0 2 1 2
1 0 0 1 0 1 1 0 0 1 1 0 1 1 0 2 0 1 0 0 2 2
1 1 1 2 0 2 0 0 0 2 1 2 1 1 1 2 0 1 2 0 2 1
1 0 1 2 0 2 1 0 0 2 2 2 0 2 0 2 0 1 1 1 1 2
2 1 1 2 0 2 2 2 1 1 1 1 1 0 0 1 1 2 0 1 1 2
1 1 0 2 0 2 2 2 0 2 1 1 0 1 2 2 0 0 0 2 1 2
0 1 1 2 0 2 0 0 0 2 0 1 0 2 2 2 0 1 0 1 2 2
1 0 1 2 0 1 0 1 0 2 0 1 2 1 0 2 1 0 0 0 2 2
0 1 1 1 0 1 2 1 0 2 0 2 0 1 0 2 1 0 0 0 2 2
0 2 0 2 0 2 0 0 0 1 1 1 1 1 0 2 0 1 1 1 2 2
0 2 1 1 0 2 0 1 1 2 1 2 1 1 1 1 0 1 1 1 1 2
0 1 0 1 0 2 0 0 0 2 1 0 1 0 1 2 0 0 1 2 2 2
0 1 0 1 0 2 0 1 0 2 1 1 1 2 0 2 2 1 0 1 1 2
0 1 1 2 0 1 1 1 0 2 0 1 1 1 0 2 0 0 0 1 1 2
0 0 2 1 0 1 0 1 0 1 1 1 2 1 0 1 0 2 1 1 2 2
1 1 1 2 0 2 0 0 0 2 1 2 2 0 0 2 0 0 0 1 1 2
0 2 1 2 0 2 0 0 1 2 1 1 1 2 1 2 0 1 0 1 2 2
1 1 2 2 0 1 1 1 0 2 0 2 0 1 0 2 0 1 0 0 1 2
1 0 1 1 0 2 1 1 0 2 1 1 1 0 0 2 0 0 0 2 2 2
0 1 0 1 0 1 2 1 0 2 1 1 1 0 0 2 0 0 1 1 1 2
0 0 0 1 0 2 1 0 0 2 0 1 1 1 1 2 0 1 0 0 2 2
0 2 1 1 0 2 1 1 0 2 1 2 2 1 1 2 0 1 0 2 2 2
0 2 1 1 0 1 1 0 0 2 1 1 1 0 1 2 0 0 0 2 1 2
0 2 0 2 0 1 0 1 0 1 0 2 1 1 0 2 0 1 0 0 0 1
0 2 0 1 0 2 0 0 0 2 1 2 1 1 0 2 0 2 0 0 2 2
2 1 1 2 0 2 0 1 0 2 1 1 1 1 1 1 0 1 1 0 1 2
0 0 0 0 0 2 1 0 0 2 2 0 2 0 1 2 0 1 0 2 1 1
0 1 1 1 0 2 0 0 0 2 1 2 1 2 0 2 0 1 0 1 2 2
1 1 1 2 0 1 2 0 0 2 1 1 1 2 1 1 0 0 0 0 2 2
0 0 2 2 0 2 1 0 0 1 1 2 0 0 0 2 0 2 0 2 2 2
1 2 0 2 0 2 1 0 0 2 1 1 1 1 2 2 0 0 0 0 1 2
0 2 1 1 0 2 2 1 0 1 2 1 1 1 0 2 0 1 1 2 1 2
0 1 0 1 0 2 1 0 0 2 2 2 0 1 0 1 0 2 0 0 2 1
1 0 0 1 0 1 2 1 0 2 2 1 0 1 1 2 0 0 0 2 2 2
0 1 1 1 0 2 1 0 1 2 2 2 1 1 1 1 0 1 1 2 1 2
0 1 1 1 0 1 1 1 0 2 0 1 1 2 0 1 0 1 1 1 1 2
1 1 1 1 0 2 0 0 1 1 0 2 1 0 1 2 0 0 2 1 2 2
0 1 1 2 0 2 0 0 1 2 1 2 1 0 1 1 0 2 1 2 2 2
1 2 1 2 0 2 1 0 1 2 0 2 0 0 0 2 0 1 1 2 2 2
0 1 0 2 0 2 0 2 0 2 2 2 2 0 1 1 1 1 1 1 2 2
0 1 1 1 0 2 0 1 0 2 0 1 1 1 0 2 0 1 1 1 0 2
0 0 2 1 0 2 0 1 0 2 1 2 1 1 1 2 1 1 0 1 2 2
0 2 0 1 0 1 0 1 0 2 2 2 2 2 0 2 1 0 0 1 2 1
0 1 1 2 0 2 1 1 0 1 2 0 1 1 1 2 0 2 0 2 1 2
0 1 1 1 0 1 1 1 1 2 0 1 1 1 1 2 0 0 2 0 1 2
2 2 0 2 0 1 0 2 0 2 1 2 2 1 0 2 1 1 0 1 1 2
2 2 2 0 0 2 1 1 0 2 1 1 1 2 1 2 0 0 0 0 1 2
0 2 1 0 0 2 1 0 0 2 1 2 2 0 1 2 0 2 2 2 1 2
1 0 0 2 0 1 0 1 0 2 0 1 0 0 0 1 0 2 1 0 2 1
0 0 0 1 0 2 0 0 0 0 1 2 1 0 1 2 0 1 1 0 2 2
0 2 2 2 0 1 1 1 0 2 1 2 1 1 1 2 0 1 1 2 2 2
1 2 0 2 0 2 1 1 0 2 1 2 2 1 1 2 0 0 1 1 1 2
1 1 1 2 0 1 0 0 0 2 2 2 2 2 1 2 0 1 1 0 2 2
0 1 0 2 0 2 0 0 1 2 1 2 1 2 1 2 1 1 0 2 1 2
1 1 1 1 0 2 1 0 1 2 0 2 2 0 0 2 0 1 0 1 1 2
1 2 1 2 0 2 1 0 0 2 1 2 2 1 1 2 1 2 1 1 1 2
1 1 1 2 0 2 1 1 0 2 1 2 2 1 0 2 0 2 0 0 1 2
1 2 1 0 0 2 1 2 0 1 1 1 1 1 1 1 0 1 1 0 2 1
1 1 0 1 0 2 1 2 0 2 1 2 1 1 1 2 0 2 1 1 2 2
0 1 0 1 0 1 1 1 0 1 0 2 1 1 0 1 0 1 0 1 2 2
1 1 0 1 0 1 1 1 1 2 0 1 1 2 0 1 0 2 0 0 1 2
0 1 1 2 0 2 2 1 0 1 1 1 2 1 0 2 0 2 1 0 1 2
0 1 0 2 0 1 1 0 0 2 1 1 1 0 0 0 2 1 0 2 2 2
1 1 0 1 0 2 0 1 0 2 1 0 1 1 0 2 0 2 1 1 2 2
2 1 1 0 0 1 1 0 0 0 2 2 0 1 1 2 0 0 0 0 2 2
0 2 1 2 0 2 1 0 0 2 1 1 2 0 0 2 0 2 1 1 2 2
0 0 0 1 0 2 1 0 0 2 1 2 0 1 1 1 1 2 2 0 0 2
0 1 1 2 0 2 0 1 0 2 1 2 0 1 1 2 0 0 2 0 2 2
0 0 1 0 0 1 2 2 0 1 0 2 0 1 1 2 0 1 1 1 2 1
1 1 1 1 0 2 1 1 0 2 1 2 0 1 1 2 0 2 2 1 0 2
0 0 0 1 0 2 1 0 1 2 1 1 2 1 0 1 0 1 1 0 1 2
1 0 1 1 0 2 1 1 1 2 2 1 0 1 0 2 0 1 0 0 2 1
1 1 0 2 0 2 1 1 0 2 2 1 1 0 0 2 0 2 0 0 1 2
1 2 0 2 0 2 1 0 1 2 1 0 0 1 1 2 0 1 2 1 2 2
1 0 0 2 0 2 0 0 0 1 1 2 2 0 0 2 0 0 0 1 1 1
0 2 1 1 0 2 1 2 1 1 2 1 1 0 0 2 0 0 0 2 2 2
1 2 0 1 0 2 1 1 0 2 0 1 1 1 1 2 0 1 0 1 1 2
0 1 0 2 0 1 0 1 0 2 0 2 2 0 2 2 0 0 1 1 1 2
1 0 0 2 0 2 0 1 1 2 1 1 1 1 0 2 0 1 0 1 2 2
0 0 0 2 0 2 0 0 0 2 0 2 0 0 1 2 0 0 0 0 2 2
0 1 2 1 0 2 1 2 0 1 0 1 0 1 0 2 0 2 0 2 2 2
0 0 0 1 0 1 2 1 0 2 0 1 0 0 1 2 0 0 1 0 1 2
0 2 1 2 0 2 1 0 1 2 0 2 2 1 0 1 0 2 2 1 2 2
1 1 0 2 0 2 2 1 1 1 0 2 0 0 1 2 0 2 1 1 1 0
0 0 1 2 0 2 0 1 0 2 1 2 1 0 1 2 0 0 0 1 2 2
1 0 0 0 0 2 1 0 0 2 1 2 1 1 0 2 0 1 1 2 2 2
2 0 0 1 0 2 1 1 0 2 1 2 1 1 1 2 0 1 1 0 1 2
0 2 0 2 0 1 0 0 0 2 0 2 1 1 0 2 2 2 1 2 2 2
1 0 0 2 0 2 0 1 0 2 2 2 1 0 0 1 0 2 1 1 1 2
0 0 1 2 0 1 1 0 0 2 2 1 1 0 0 2 0 0 1 1 2 1
1 0 0 2 0 2 0 0 0 2 1 1 1 1 1 2 1 1 0 1 2 2
0 1 1 1 0 2 0 1 0 1 2 2 1 0 1 1 0 1 0 1 2 2
1 0 1 0 0 1 1 0 0 1 2 2 1 1 0 2 0 0 0 1 2 2
1 1 1 2 0 1 1 1 1 1 0 2 1 0 2 2 0 1 0 0 2 2
0 1 1 1 0 2 1 1 0 2 2 1 2 1 1 2 0 0 0 1 2 2
1 1 1 1 0 2 0 0 1 2 2 1 2 2 0 2 0 0 2 1 1 2
1 1 1 1 0 2 1 0 1 2 0 2 2 1 1 2 0 1 1 1 2 2
0 1 1 0 0 1 2 0 0 2 1 1 2 1 2 2 0 1 0 0 2 2
1 2 0 2 0 2 1 0 0 1 0 2 1 0 0 2 1 1 1 0 0 2
0 2 2 2 0 2 0 1 0 2 0 2 2 0 0 2 0 0 0 2 2 2
0 2 0 1 0 1 0 1 0 1 1 2 1 0 1 2 1 2 0 1 2 0
1 1 1 2 0 2 1 0 0 2 2 1 1 2 1 1 0 1 1 0 1 2
0 1 1 2 0 2 1 1 0 2 2 2 0 1 1 2 1 2 0 1 1 2
0 1 0 1 0 1 0 0 0 2 1 2 0 2 1 2 0 0 1 0 1 2
0 1 0 2 0 2 1 1 1 2 0 2 1 2 1 2 0 1 0 1 2 2
1 1 1 1 0 2 1 0 0 2 0 2 1 0 1 2 0 1 0 1 2 2
0 0 1 2 0 2 1 1 0 0 0 2 2 0 2 2 0 2 1 1 2 1
0 0 1 1 0 1 1 1 0 2 1 2 2 0 1 2 0 2 0 1 1 2
0 2 1 2 0 2 2 2 0 1 1 1 1 1 1 2 0 2 1 2 1 2
0 1 2 1 0 1 2 1 0 2 2 1 0 0 0 2 0 0 0 2 2 2
1 1 2 1 0 2 0 1 0 1 1 2 1 1 0 2 0 2 1 0 2 2
0 1 0 2 0 2 1 1 0 0 1 1 2 0 2 2 0 1 2 1 1 2
1 0 1 2 0 2 0 1 0 2 0 1 1 0 2 2 0 2 1 1 2 2
0 2 0 2 0 2 2 1 0 2 1 1 1 1 1 2 0 1 1 0 1 2
1 1 1 2 0 2 1 1 0 1 1 0 1 1 0 2 0 0 0 1 2 2
0 1 1 2 0 2 0 0 0 2 0 1 1 2 0 1 0 1 0 1 2 2
1 1 1 0 0 2 1 0 0 2 0 2 0 0 1 1 0 0 0 0 2 2
1 1 0 1 0 2 1 1 0 2 1 2 0 1 0 2 0 2 1 0 1 2
1 0 0 2 0 2 1 1 0 0 1 1 2 1 0 2 0 2 0 1 0 2
0 1 0 1 0 2 1 0 1 2 1 2 2 0 0 2 0 2 1 2 1 2
0 1 0 2 0 2 2 1 0 2 1 2 1 0 1 2 0 0 0 0 2 2
1 0 0 2 0 1 2 0 0 2 2 1 1 1 1 2 0 1 1 0 2 2
0 1 0 2 0 2 0 1 0 2 1 2 1 1 1 2 0 1 0 2 0 2
0 1 0 1 0 2 2 1 1 2 2 2 1 1 1 2 0 1 1 1 1 2
1 1 1 1 0 1 0 0 0 2 2 2 0 0 1 2 0 2 1 0 0 2
0 1 0 2 0 2 0 0 0 2 1 1 1 1 1 2 0 1 1 1 2 1
1 1 1 2 0 2 1 1 0 2 1 1 1 0 1 1 0 1 2 0 1 2
0 0 0 1 0 2 0 0 0 2 1 2 1 0 0 2 0 0 0 1 0 1
0 1 2 1 0 1 1 0 0 2 1 2 1 0 2 2 0 0 0 1 0 2
0 1 0 2 0 1 0 1 1 2 0 1 2 0 1 2 0 1 2 1 2 2
1 0 1 0 0 2 1 2 1 2 2 2 0 0 1 2 0 2 0 1 2 2
1 0 1 2 0 0 2 0 0 2 1 1 0 0 2 2 0 1 1 0 1 2
0 1 2 0 0 0 1 1 0 2 1 2 1 0 1 1 1 1 0 1 2 2
2 0 1 1 0 2 2 0 0 2 2 1 1 1 1 2 0 1 1 1 2 2
1 0 1 0 0 2 1 0 0 2 0 2 1 1 0 2 0 0 0 2 2 2
0 2 0 1 0 2 0 1 1 2 2 1 1 2 2 2 0 0 1 1 1 2
1 1 1 1 0 2 1 1 0 0 1 1 0 0 0 2 0 2 1 1 2 2
0 1 0 1 0 2 0 0 0 2 0 1 2 1 2 2 0 0 0 1 2 2
1 2 0 2 0 2 1 0 0 0 1 2 1 0 1 2 1 1 0 1 2 2
0 1 0 1 0 2 2 1 0 1 0 0 2 2 1 2 1 1 0 0 1 2
1 0 0 2 0 2 0 2 1 2 2 2 0 0 1 2 0 1 2 0 1 1
0 0 1 2 0 2 0 0 0 2 1 1 1 0 0 2 0 1 0 2 2 1
0 2 1 1 0 2 0 0 0 2 1 2 1 0 0 2 0 1 0 0 2 2
1 1 0 2 0 2 2 0 0 2 2 1 1 2 0 2 0 2 1 1 1 1
0 1 1 1 0 2 2 1 0 2 2 1 1 1 0 2 1 2 1 0 1 2
0 0 0 1 0 1 0 1 0 1 0 2 1 0 1 1 0 2 1 1 1 0
0 1 0 1 0 1 1 2 0 1 2 2 1 1 0 2 0 1 0 0 2 2
0 1 1 2 0 2 1 2 0 2 2 1 1 0 1 1 0 2 0 0 2 2
1 1 0 1 0 2 1 2 0 1 0 2 1 0 1 1 0 1 1 2 0 2
0 2 1 1 0 1 0 0 0 2 2 0 2 1 0 2 0 0 0 0 1 2
0 1 0 2 0 2 1 0 0 2 0 1 1 1 0 2 1 0 2 2 1 2
1 2 1 1 0 2 0 1 0 1 0 2 1 0 1 2 1 0 1 1 1 2
2 2 2 2 0 2 0 1 0 2 2 2 1 1 0 1 0 1 0 1 2 2
0 1 0 1 0 2 0 1 0 2 2 2 0 0 1 2 0 1 2 0 1 2
1 1 0 2 0 2 2 0 1 1 1 2 2 1 2 1 1 0 0 1 1 2
1 1 1 2 0 2 0 0 0 2 2 2 1 0 0 2 0 2 0 1 2 2
0 1 1 2 0 1 0 2 0 2 0 0 2 0 0 2 1 1 2 0 1 2
1 2 0 2 0 1 2 0 0 1 1 2 1 1 0 1 0 1 1 2 2 2
0 1 0 1 0 2 1 1 0 1 1 2 1 0 1 2 0 0 0 2 2 2
1 0 2 2 0 2 1 1 0 2 0 1 2 0 0 2 0 1 2 0 1 1
0 1 0 1 0 2 0 0 0 2 0 2 1 1 1 2 0 1 1 0 2 2
0 1 2 2 0 2 1 1 0 1 0 1 2 2 0 2 0 1 1 0 1 2
0 0 0 1 0 1 2 1 0 2 1 2 0 1 0 1 0 2 0 0 1 1
0 1 0 2 0 2 0 1 1 2 0 0 1 1 0 2 0 1 0 2 2 2
1 0 0 1 0 1 0 1 0 2 0 2 0 1 1 2 0 0 0 1 2 2
1 2 0 2 0 1 0 1 0 2 1 2 2 0 0 2 0 0 0 0 2 2
0 2 1 2 0 2 0 1 0 2 0 1 1 1 1 1 0 0 1 0 2 2
1 0 1 2 0 2 1 1 0 2 1 2 0 2 1 2 0 1 0 1 2 2
0 1 0 1 0 2 0 1 0 2 0 2 0 0 0 2 0 1 1 2 1 2
0 0 0 1 0 2 1 1 1 2 1 1 1 0 0 2 1 1 0 1 1 2
0 0 0 1 0 1 1 0 0 2 0 2 1 1 2 2 1 1 1 1 2 2
0 1 0 2 0 2 0 1 0 2 2 2 1 2 0 2 0 0 0 2 2 2
1 1 1 2 0 0 1 0 0 2 1 2 1 1 1 2 1 1 1 0 1 1
1 1 1 1 0 2 1 0 0 2 0 2 1 0 0 1 0 1 0 1 1 2
0 1 0 2 0 1 0 1 0 2 2 2 1 0 0 1 0 0 0 1 1 2
0 1 2 2 0 2 1 0 0 2 1 2 2 1 1 2 0 1 0 0 2 2
1 0 2 1 0 2 1 1 0 1 0 1 1 1 0 2 0 0 0 0 1 2
0 1 1 2 0 2 1 1 0 2 2 2 0 0 0 1 0 0 1 1 1 2
0 1 1 2 0 2 0 2 1 2 1 0 2 0 0 1 0 2 0 0 2 2
1 1 2 0 0 2 0 1 1 2 0 2 2 1 0 2 0 1 2 0 2 2
0 2 0 2 0 2 0 0 0 2 2 2 1 1 1 0 0 1 0 1 1 2
1 2 0 2 0 1 0 0 0 2 1 2 2 0 0 2 1 2 0 1 1 2
0 1 1 2 0 1 1 0 0 1 1 0 1 0 1 2 1 1 0 1 1 2
1 1 1 1 0 2 1 1 0 2 1 1 1 0 1 1 0 2 0 1 0 2
0 1 0 0 0 0 1 0 0 2 0 2 1 1 0 0 0 1 1 1 2 2
1 0 2 1 0 2 0 2 0 2 1 2 1 1 1 2 0 2 0 0 1 2
0 1 1 1 0 2 1 2 0 1 2 2 2 1 0 2 0 1 1 2 0 2
1 1 0 1 0 2 1 0 0 2 0 0 1 1 0 2 0 1 1 1 2 2
1 0 0 2 0 2 1 0 0 1 2 1 1 0 0 2 0 0 0 0 1 2
1 1 0 2 0 2 0 1 0 2 2 2 0 0 1 2 0 1 1 1 2 2
0 0 0 2 0 1 1 1 0 2 1 2 1 2 0 2 0 2 0 2 2 1
0 2 0 2 0 2 1 0 0 2 0 2 0 2 0 2 0 0 0 2 2 2
1 1 1 0 0 1 1 1 0 1 1 1 2 0 0 2 0 1 1 0 0 2
0 1 0 1 0 2 0 0 2 1 1 2 1 2 0 2 0 1 0 2 1 2
0 1 1 2 0 2 1 0 1 1 1 1 1 1 1 2 0 0 1 0 2 2
1 0 0 2 0 2 1 1 0 2 1 2 2 0 1 1 0 1 0 0 1 2
1 2 1 0 0 2 0 1 1 2 2 2 1 2 0 2 0 0 0 0 1 2
0 2 0 0 0 2 1 0 0 1 1 1 2 0 0 1 0 1 1 0 1 2
1 0 0 2 0 1 1 1 0 1 1 1 1 0 1 2 0 2 0 1 1 2
0 1 1 1 0 0 1 2 0 2 1 2 0 0 0 1 0 1 1 1 1 2
1 1 1 2 0 1 1 0 0 2 0 2 1 1 0 2 1 1 0 1 2 1
0 1 0 0 0 1 0 0 0 2 1 2 1 1 0 2 0 1 1 0 1 2
2 0 2 2 0 2 0 0 0 1 1 2 2 0 1 2 0 2 1 1 1 2
0 0 0 2 0 2 1 0 0 0 2 2 1 1 0 2 0 1 1 1 2 2
1 0 0 1 0 2 1 0 1 1 1 2 2 0 0 2 0 0 0 1 2 2
0 1 1 1 0 2 1 0 0 2 0 2 0 1 0 2 1 1 0 1 2 2
0 0 0 1 0 2 0 0 0 2 2 2 1 1 1 2 0 0 0 0 1 2
0 1 0 1 0 2 1 1 0 2 1 2 1 0 0 2 0 1 2 1 1 2
1 1 1 1 0 2 1 2 0 1 1 1 2 1 0 2 0 1 0 1 1 2
0 1 1 1 0 2 0 2 0 2 0 2 1 0 0 1 1 1 0 0 1 2
1 0 1 2 0 2 1 0 0 2 1 2 0 1 1 1 0 0 1 0 1 2
0 1 0 2 0 1 1 0 0 2 1 1 1 1 2 2 1 1 1 0 2 2
0 1 0 2 0 2 1 1 0 2 1 1 0 0 2 2 0 0 1 1 0 2
0 2 0 2 0 2 1 0 0 0 1 1 1 2 0 2 1 0 1 2 2 2
0 1 0 1 0 2 0 1 0 2 1 1 2 1 0 2 0 1 2 1 1 1
0 1 1 1 0 2 1 1 0 2 1 2 2 1 1 2 1 0 1 1 1 2
1 1 0 1 0 2 1 1 0 2 2 2 2 0 1 1 0 1 1 2 2 2
1 2 0 2 0 2 1 2 0 1 0 2 2 0 0 2 1 1 0 0 1 2
1 0 0 2 0 2 0 0 0 1 0 2 0 0 0 2 0 2 2 2 1 1
1 1 2 2 0 2 2 2 0 2 1 0 1 0 0 2 0 1 1 1 1 1
0 0 1 1 0 2 0 1 0 2 2 2 2 1 1 2 1 1 2 2 2 2
1 0 1 2 0 1 0 0 0 2 1 2 2 1 0 2 0 1 1 1 2 2
0 0 1 2 0 2 1 0 0 2 0 1 1 2 1 2 0 1 0 1 2 2
0 2 1 1 0 1 2 1 0 2 1 2 1 0 2 2 0 1 0 1 1 2
0 1 0 1 0 2 1 1 0 2 0 2 1 2 1 1 0 1 0 0 1 2
1 1 1 2 0 2 0 1 0 1 0 1 1 1 0 2 0 0 1 1 2 2
0 2 1 2 0 1 0 1 0 2 2 1 0 2 0 2 0 0 2 0 2 2
0 1 1 1 0 2 0 2 0 2 2 2 1 1 1 2 0 1 1 1 1 2
1 1 0 2 0 1 2 1 0 2 0 2 2 1 2 2 0 0 0 0 2 2
0 0 0 0 0 2 2 1 0 2 2 1 1 2 0 2 0 2 0 1 2 2
0 2 1 1 0 2 1 1 0 1 1 2 1 1 1 2 0 0 1 1 2 2
0 0 0 2 0 2 0 0 0 2 1 1 1 0 0 0 0 2 1 2 0 2
1 1 1 0 0 1 0 1 0 2 1 0 2 0 0 1 0 0 0 0 1 2
0 1 0 2 0 1 1 1 0 1 0 2 1 0 1 2 0 0 1 0 2 1
0 1 1 2 0 2 0 0 0 2 1 1 1 1 1 2 0 1 0 1 1 2
0 2 0 1 0 2 0 2 1 2 0 1 1 2 0 2 0 1 1 0 2 2
1 1 1 1 0 2 1 0 0 2 0 1 1 0 0 2 0 1 0 2 1 1
0 1 1 0 0 2 0 2 0 2 0 1 2 1 0 2 0 2 0 0 1 2
0 1 0 1 0 2 0 2 0 2 1 1 1 0 2 1 0 0 0 1 1 1
1 1 0 1 0 2 0 1 0 1 1 2 1 0 0 2 0 1 1 0 1 2
0 2 0 2 0 2 1 2 1 2 1 2 1 0 0 2 0 1 1 0 2 2
1 1 0 2 0 0 1 0 0 1 0 2 0 2 1 2 1 1 0 0 2 2
0 0 1 1 0 1 0 1 0 2 1 2 2 0 1 1 0 2 2 2 1 2
0 2 0 1 0 1 0 0 0 2 1 2 2 2 0 2 0 1 2 0 1 1
1 1 1 2 0 2 1 0 0 2 1 1 0 0 1 2 0 2 0 1 2 2
0 1 1 1 0 1 1 0 0 2 1 2 1 1 1 2 0 1 1 1 2 1
0 2 1 0 0 2 2 2 1 1 2 1 1 0 0 2 0 2 0 0 2 2
0 1 0 2 0 2 2 0 0 2 2 1 1 0 1 1 0 0 2 2 2 2
1 0 1 1 0 2 1 0 1 2 1 2 2 0 0 2 1 0 0 1 2 0
0 2 0 1 0 2 0 1 0 0 1 2 2 1 0 1 0 1 0 0 1 2
1 2 1 2 0 2 1 0 0 2 1 1 2 2 1 2 0 1 1 1 0 0
0 0 0 1 0 2 0 1 0 2 0 1 1 1 1 2 0 0 0 0 1 2
1 0 0 2 0 1 1 1 0 2 2 1 0 1 0 2 0 1 1 0 2 2
0 0 0 0 0 2 0 2 0 2 0 1 1 0 0 2 0 0 0 2 1 1
2 2 1 1 0 2 1 1 1 1 1 2 1 0 1 2 0 0 1 0 1 2
2 2 1 2 0 2 0 1 0 0 1 1 0 1 0 2 0 2 2 2 1 2
0 1 1 2 0 2 1 0 0 2 2 2 1 1 1 2 0 1 2 1 2 2
1 1 1 0 0 2 1 1 0 1 0 1 1 0 1 1 0 0 1 1 2 2
1 1 0 1 0 0 0 1 0 2 2 1 0 0 1 2 1 1 1 1 2 1
1 1 1 1 0 0 1 0 0 2 2 0 0 0 0 2 0 1 0 2 1 1
1 0 0 2 0 1 1 1 0 2 0 2 1 2 0 2 1 1 0 0 2 2
0 0 1 2 0 2 2 2 0 2 1 2 1 0 1 2 0 1 1 1 2 2
0 0 0 1 0 1 0 1 0 2 1 2 1 0 0 2 0 1 1 1 2 1
0 2 0 2 0 1 1 0 0 2 0 2 1 0 0 2 0 1 1 0 1 2
0 1 1 1 0 1 0 2 0 1 2 2 0 2 1 1 1 1 0 2 2 1
1 1 1 2 0 1 1 0 0 2 2 1 2 0 0 1 1 1 0 2 2 2
1 1 1 1 0 2 0 1 0 2 2 2 2 0 1 2 0 0 1 2 2 2
0 1 0 1 0 1 1 0 0 2 0 2 1 2 0 2 1 2 1 1 0 1
1 1 0 2 0 1 0 1 0 0 1 2 2 0 0 2 1 2 0 2 1 2
1 1 0 2 0 2 1 0 0 1 2 2 2 2 0 2 0 1 0 2 1 2
0 1 1 1 0 2 1 2 0 2 0 2 1 0 2 2 0 1 0 0 2 2
0 1 1 2 0 1 1 1 0 2 1 1 1 2 1 2 0 0 1 2 2 2
0 1 0 0 0 2 0 2 0 2 1 1 0 0 1 1 1 1 1 2 1 1
0 2 1 1 0 2 0 0 1 2 0 2 1 2 0 2 0 0 1 2 1 2
0 1 0 2 0 1 0 0 0 0 1 2 1 1 1 2 0 0 0 0 1 2
0 2 1 2 0 1 1 1 0 2 1 2 1 2 2 1 0 0 1 0 2 2
1 0 0 1 0 2 0 0 0 1 2 2 2 0 0 2 0 1 0 1 2 1
0 0 0 2 0 2 1 0 1 2 1 1 1 0 0 2 0 2 1 0 2 1
0 2 1 2 0 1 0 1 0 2 1 1 1 1 1 2 0 0 0 0 2 2
0 0 0 2 0 1 1 0 0 1 1 2 0 0 0 2 1 1 0 0 2 2
1 0 0 2 0 2 0 1 1 2 1 2 1 0 1 2 0 1 1 1 1 2
1 2 0 1 0 2 0 1 0 2 1 2 0 1 1 2 0 1 0 0 1 2
0 2 0 2 0 2 0 2 1 1 0 1 2 1 0 2 0 1 1 1 2 2
2 2 1 2 0 1 0 0 0 0 1 2 1 0 0 2 0 1 1 1 0 2
0 1 0 1 0 1 1 1 0 1 1 2 1 0 2 1 0 1 0 0 2 2
1 1 2 1 0 2 0 1 0 2 0 2 1 0 1 2 0 1 0 2 0 2
0 1 0 2 0 2 0 1 0 2 0 1 0 2 0 2 0 2 1 0 1 2
1 0 0 1 0 0 1 0 0 1 1 1 1 1 0 2 0 1 1 1 1 1
1 1 1 1 0 1 0 0 0 2 0 1 1 2 0 2 1 0 1 1 1 2
0 1 1 2 0 1 1 1 1 1 1 2 1 0 0 2 0 1 0 0 2 2
0 1 0 1 0 2 1 0 0 1 1 1 2 0 0 2 0 2 0 1 1 2
0 0 1 2 0 1 1 0 0 2 1 1 1 0 2 2 0 1 1 1 2 2
1 2 0 0 0 1 1 0 0 1 1 2 2 1 0 1 1 1 1 1 1 1
2 1 1 1 0 2 1 1 0 2 0 2 2 1 0 2 0 1 1 0 2 2
0 2 2 2 0 2 2 0 0 2 1 2 1 1 0 2 0 0 1 1 1 2
0 2 0 1 0 1 0 2 1 0 1 1 1 1 0 0 0 2 1 2 1 2
1 1 2 0 0 2 0 1 0 2 1 2 2 0 1 2 0 0 0 1 2 2
0 1 0 0 0 1 1 1 1 2 0 1 0 2 0 1 0 1 2 1 1 2
2 1 0 2 0 2 0 1 0 2 2 2 1 0 0 1 0 2 0 0 1 2
0 0 0 0 0 2 0 1 0 2 0 1 1 1 0 2 0 1 0 0 1 1
0 0 0 1 0 2 1 1 0 2 0 1 2 2 1 2 0 2 0 2 1 2
1 2 0 1 0 1 1 0 0 2 0 0 2 1 0 2 0 1 0 1 2 2
0 0 1 1 0 2 1 2 0 2 1 1 1 1 1 2 0 1 1 1 0 2
0 0 0 0 0 1 0 0 0 2 2 0 2 1 0 2 0 0 1 2 2 2
0 0 0 1 0 2 1 1 0 2 1 1 2 0 1 2 0 1 1 2 1 2
1 0 1 2 0 2 1 1 0 1 2 1 1 2 0 1 0 2 0 2 1 2
1 0 0 2 0 1 2 2 0 2 1 2 2 2 0 2 1 1 0 0 2 2
0 2 1 0 0 1 1 1 0 1 1 1 1 0 0 2 0 0 0 0 1 2
1 1 1 1 0 2 0 1 0 2 0 1 1 0 1 1 0 0 0 2 2 2
0 0 1 1 0 2 0 0 0 2 2 2 1 1 1 2 0 1 1 0 1 2
0 0 1 2 0 2 1 2 0 2 0 1 2 1 1 2 1 0 1 1 2 2
1 2 1 1 0 1 0 1 0 1 0 1 1 1 0 2 0 0 1 1 1 2
1 2 1 2 0 2 0 1 0 2 1 1 1 1 0 2 0 0 1 1 2 2
1 2 0 2 0 2 1 0 0 2 0 1 2 1 0 2 1 1 1 2 1 1
0 0 1 0 0 2 1 1 0 2 2 2 1 0 0 1 0 1 1 1 2 0
2 1 0 1 0 2 1 0 0 2 1 1 1 0 0 2 1 1 1 0 1 2
1 2 1 1 0 2 0 1 1 2 1 2 1 1 1 2 0 1 2 1 1 2
0 1 1 2 0 1 0 1 0 2 1 2 1 2 1 2 0 2 1 0 2 2
0 1 1 1 0 1 1 0 0 2 2 2 1 1 1 2 1 1 0 0 1 1
0 1 0 2 0 2 1 0 0 2 1 2 0 1 0 1 0 0 0 0 2 2
0 0 0 1 0 2 0 1 1 2 0 1 1 1 0 2 0 0 0 1 1 2
2 1 2 1 0 2 0 2 0 2 1 1 2 1 0 2 0 1 0 2 2 2
1 2 0 2 0 1 0 0 0 2 2 0 0 2 0 2 1 0 1 1 1 2
2 2 0 2 0 1 1 1 0 1 1 2 0 2 0 1 0 0 1 1 2 2
0 0 0 1 0 1 0 1 0 2 2 2 2 1 0 2 0 1 2 2 0 2
0 1 2 2 0 2 1 2 0 2 1 1 0 1 0 2 0 1 1 0 1 2
2 2 1 1 0 2 0 2 1 2 1 1 2 2 1 1 0 1 0 0 1 2
0 1 2 1 0 2 2 0 0 1 1 2 1 1 0 2 1 1 2 0 0 1
1 0 2 0 0 2 0 1 0 1 2 1 1 1 0 2 0 2 1 0 2 2
0 0 1 2 0 2 0 1 1 1 0 2 1 1 0 1 0 2 0 1 2 2
0 1 2 2 0 2 1 0 0 1 1 1 1 0 0 1 0 0 2 1 2 2
1 1 1 2 0 2 2 0 0 2 1 2 0 1 1 2 1 1 0 1 2 1
1 1 1 2 0 2 0 0 1 2 1 1 2 2 0 1 0 2 1 2 1 2
0 0 2 2 0 2 0 0 1 2 0 2 2 1 1 1 0 1 1 0 2 2
0 0 0 1 0 1 0 0 0 2 2 2 1 2 2 2 0 1 1 0 2 2
1 1 0 0 0 1 1 1 1 2 0 2 2 1 1 2 0 1 1 1 2 2
0 1 2 2 0 1 0 1 0 2 2 1 2 0 1 2 0 1 0 2 1 0
1 0 1 2 0 2 0 1 0 2 0 1 0 2 1 2 0 0 2 1 1 2
1 1 0 1 0 1 2 1 0 2 1 2 0 1 1 2 0 2 0 1 2 2
1 2 2 2 0 2 0 0 1 2 1 1 2 1 0 2 1 0 1 0 1 2
1 0 1 1 0 2 1 0 1 2 1 1 2 2 0 0 0 0 0 1 2 2
0 1 1 1 0 2 1 1 0 2 0 1 2 2 1 2 0 0 1 2 2 2
0 1 1 1 0 1 1 1 0 2 1 2 1 1 0 1 0 1 1 1 1 2
1 1 1 2 0 1 0 2 0 2 0 1 0 1 0 2 0 0 0 2 2 2
1 0 0 0 0 2 2 0 0 2 1 0 2 1 1 2 0 1 1 2 1 1
2 1 1 0 0 1 0 1 0 2 1 2 0 1 1 1 0 1 1 2 2 1
0 2 0 2 0 0 0 0 0 2 0 2 1 1 0 2 0 0 1 1 1 2
1 1 0 0 0 2 1 1 0 2 1 1 2 0 0 2 0 0 0 1 1 2
0 1 0 2 0 2 0 0 0 1 1 1 2 1 1 2 1 0 0 2 1 2
0 1 1 2 0 2 0 1 0 2 0 1 0 1 0 1 0 1 0 1 2 2
1 0 1 2 0 1 1 1 0 2 0 1 2 0 0 2 0 1 1 0 2 2
1 1 0 2 0 2 1 0 0 2 2 1 2 1 0 2 0 1 0 1 2 2
0 2 0 0 0 2 0 1 1 2 1 1 1 0 0 2 0 2 0 1 1 1
0 0 1 0 0 1 1 0 0 2 1 1 1 2 0 2 1 1 1 1 2 2
1 1 2 1 0 0 2 0 1 2 1 1 1 1 1 2 0 1 1 2 1 2
1 0 2 2 0 2 1 1 1 1 2 1 2 0 1 2 0 2 0 0 2 2
0 0 0 2 0 0 1 1 0 2 1 1 2 0 1 2 0 1 1 2 2 2
0 1 1 2 0 2 0 1 0 2 0 1 0 0 1 1 0 1 0 1 2 2
0 1 1 2 0 2 1 0 0 2 1 2 2 0 0 1 0 1 0 2 1 2
0 1 1 0 0 2 1 1 0 1 2 2 2 1 1 1 0 1 1 1 1 2
0 1 1 1 0 1 1 1 0 2 0 2 2 1 0 2 0 0 1 2 1 2
1 1 0 2 0 2 2 0 1 1 1 2 2 0 1 2 0 0 0 2 2 2
0 0 1 2 0 2 1 2 0 1 1 1 2 0 1 2 0 0 1 0 1 0
0 1 1 2 0 1 1 1 0 2 1 1 0 0 0 2 0 1 0 0 2 1
2 2 1 0 0 2 0 1 0 1 2 1 1 0 1 2 0 1 1 2 2 2
2 2 0 1 0 2 0 0 0 1 2 2 0 1 0 2 0 2 0 1 1 2
0 1 0 1 0 2 0 0 1 2 1 2 2 0 1 2 0 1 0 1 1 2
1 0 1 2 0 2 1 1 0 1 0 1 0 2 1 2 1 0 0 1 2 2
1 0 2 2 0 1 1 1 0 2 2 2 1 1 1 2 0 0 0 1 1 1
0 2 0 2 0 1 2 1 0 2 1 2 1 0 1 2 0 1 0 1 0 2
0 1 0 2 0 2 1 0 0 2 2 2 2 2 1 2 0 0 0 2 2 2
1 1 1 1 0 1 0 1 0 2 1 2 2 1 1 2 0 1 1 0 1 2
0 1 1 2 0 2 1 0 0 2 0 2 1 1 1 2 0 1 0 1 2 2
0 0 1 0 0 2 0 0 0 1 1 2 1 0 0 2 0 0 0 0 2 2
1 1 1 1 0 2 0 1 0 2 1 1 2 1 2 1 0 2 0 1 1 2
1 1 0 1 0 2 1 1 0 2 1 2 1 2 0 2 1 1 2 2 2 2
0 1 2 2 1 1 0 1 0 2 1 2 2 0 1 2 0 0 1 1 2 2
1 0 1 2 0 2 1 0 0 1 0 2 2 1 1 2 0 2 1 2 2 2
2 2 0 1 0 1 0 2 0 2 1 1 2 2 0 2 1 0 0 1 2 2
0 2 2 2 0 1 1 0 0 2 2 2 1 0 0 2 0 1 0 1 1 2
0 1 0 1 0 2 1 1 0 2 0 2 0 0 1 1 1 1 0 1 1 2
1 1 1 1 0 2 1 1 0 2 1 1 1 1 0 1 2 1 0 2 2 2
0 1 0 2 0 0 0 0 0 1 0 1 2 1 2 2 0 1 0 1 2 2
0 1 0 1 0 2 1 0 1 2 1 1 0 1 0 2 0 2 0 1 1 2
0 2 1 0 0 2 2 1 0 2 1 2 1 1 0 2 1 0 1 0 1 2
2 1 0 2 0 1 0 1 0 2 1 2 2 1 1 1 1 2 1 1 2 2
1 2 0 1 0 2 1 1 0 1 2 2 1 0 0 2 0 2 0 2 2 2
0 0 1 2 0 2 1 0 0 2 2 1 2 1 2 1 0 1 0 1 2 2
1 1 2 1 0 1 1 1 0 2 1 1 2 1 0 2 1 1 1 1 1 2
1 0 1 2 0 2 1 0 0 1 1 2 1 0 0 1 1 0 0 1 2 2
0 1 1 1 0 1 1 2 0 2 0 2 1 0 1 1 0 1 0 2 1 2
0 0 0 2 0 2 0 1 0 1 0 2 1 0 1 2 1 1 0 2 2 2
0 1 1 1 0 1 0 0 1 1 2 0 1 0 0 2 0 0 0 1 2 2
0 2 1 2 0 1 2 0 1 2 1 1 2 1 0 2 0 0 1 1 1 2
1 1 0 1 0 1 0 1 1 1 1 2 2 0 0 2 1 0 1 1 1 2
0 0 1 0 0 2 0 1 0 2 1 1 1 0 2 2 0 1 0 0 1 2
0 0 2 2 0 2 0 0 0 2 0 0 1 0 0 2 0 2 1 2 2 2
0 0 1 1 0 2 0 1 0 1 0 2 2 0 0 2 0 1 0 2 1 2
1 1 1 1 0 2 0 2 0 1 0 2 2 0 1 2 2 0 0 2 1 2
0 1 0 1 0 2 0 0 1 2 0 2 0 0 1 2 0 1 0 1 2 2
0 1 0 2 0 1 1 1 0 2 0 1 2 1 0 2 0 1 0 1 2 2
2 1 1 1 0 1 0 1 0 2 1 2 1 0 0 2 1 0 1 1 1 2
1 0 0 1 0 2 1 1 0 1 0 2 1 1 0 2 0 1 0 1 2 2
1 0 1 1 0 1 1 1 1 1 2 2 2 0 0 2 0 0 1 1 2 2
0 1 2 0 0 2 0 1 0 2 1 2 2 1 0 2 0 1 0 0 2 2
2 2 1 1 0 2 0 1 0 1 2 1 0 0 0 0 0 2 0 1 2 2
1 1 1 2 0 2 1 1 1 2 1 2 1 0 0 2 0 0 0 1 2 2
1 1 1 2 0 2 1 2 0 2 0 2 0 1 0 2 0 1 0 0 1 2
0 1 1 1 0 2 0 1 1 1 1 1 1 1 0 1 0 2 0 1 2 2
1 1 0 1 0 2 1 0 0 2 1 1 1 2 0 2 0 0 1 0 2 2
1 0 0 2 0 2 2 1 0 2 1 1 0 0 1 2 0 1 1 2 2 2
0 1 1 2 0 2 0 0 1 2 1 2 0 1 1 1 0 1 0 1 1 2
1 0 1 1 0 1 0 1 0 1 2 2 2 0 1 2 1 0 1 0 1 2
2 1 1 2 0 2 1 0 0 2 1 2 2 1 0 2 1 1 1 1 2 2
0 0 1 2 0 2 2 2 0 2 0 1 2 0 0 2 0 1 1 1 2 2
0 1 0 2 0 2 0 1 0 2 1 2 1 0 0 2 0 1 0 1 0 2
0 2 1 1 0 1 0 1 0 2 1 2 2 2 0 1 0 1 1 1 1 1
0 0 0 1 0 0 1 2 1 1 1 2 0 1 2 2 0 2 0 0 0 1
0 2 1 2 0 1 1 1 2 2 0 1 1 1 0 2 2 1 1 0 2 2
0 0 0 2 0 1 0 0 0 2 1 2 2 1 0 2 1 2 0 2 1 2
0 1 0 1 0 2 0 1 1 2 1 2 1 2 2 2 0 1 1 1 1 2
1 1 0 2 0 2 0 1 0 2 1 1 1 1 0 2 0 0 0 2 1 2
0 2 0 2 0 2 0 0 0 2 2 0 2 0 1 2 1 0 0 1 2 2
1 0 0 0 0 2 1 1 0 2 1 1 1 0 0 2 0 0 0 1 1 2
0 2 1 2 0 2 1 0 0 2 0 2 1 1 1 2 0 1 0 1 2 2
0 2 1 0 0 2 1 0 0 2 0 2 1 0 1 2 0 1 1 1 1 2
0 1 0 0 0 2 2 0 0 2 2 2 1 1 1 2 0 1 0 0 2 2
1 1 1 1 0 2 1 0 0 2 1 2 0 1 0 2 0 1 1 1 1 2
1 1 1 1 0 2 0 1 1 1 0 2 1 0 0 0 0 0 1 1 2 2
0 1 1 1 0 2 0 1 0 1 1 2 1 0 0 2 0 0 0 1 2 2
0 2 2 1 0 1 0 1 0 2 1 1 1 0 1 2 0 1 0 0 2 2
0 1 0 2 0 1 2 1 0 2 1 2 1 2 0 2 0 0 1 2 0 2
0 0 1 2 0 2 1 0 0 2 0 2 1 1 1 2 0 1 1 1 2 2
0 2 1 2 0 2 0 1 0 2 0 2 1 0 1 2 0 0 0 1 2 2
1 1 0 2 0 2 2 2 1 1 1 2 0 0 1 2 0 2 1 1 2 2
0 1 0 2 0 2 1 0 2 2 1 2 1 2 0 2 0 1 0 0 2 2
0 2 0 1 0 1 1 1 0 1 1 2 1 0 1 2 0 0 1 0 2 2
1 1 1 0 0 2 1 1 1 2 1 1 1 1 0 2 0 0 0 1 1 2
1 1 2 1 0 2 1 0 0 2 1 2 0 1 1 2 1 2 0 1 2 2
1 1 1 1 0 2 0 1 1 2 0 2 2 0 0 1 1 1 2 1 2 2
2 0 0 0 0 2 1 1 0 2 0 2 0 1 2 2 1 0 0 1 1 2
1 1 0 1 0 2 0 1 1 2 1 2 1 1 0 2 0 1 0 1 2 2
1 2 0 1 0 2 1 0 1 2 1 1 2 0 0 2 0 1 0 0 2 2
0 0 2 1 0 2 1 1 0 1 1 1 0 0 2 2 0 2 1 1 2 2
0 2 0 1 0 2 1 0 0 1 1 1 0 2 0 2 0 1 0 0 2 2
0 1 0 2 0 2 2 1 0 1 2 1 0 0 1 1 0 0 0 1 1 2
0 2 0 2 0 0 0 0 0 2 1 2 2 1 0 2 0 2 0 1 1 2
0 0 0 2 0 2 0 1 0 2 0 2 1 1 0 1 0 1 1 1 2 2
0 0 2 1 0 1 0 1 0 2 1 2 1 0 0 2 0 0 1 1 2 2
0 1 0 1 0 2 1 0 0 1 1 1 2 0 0 2 1 2 1 1 2 2
0 1 0 1 0 2 1 1 0 2 0 1 1 0 0 2 0 1 1 0 2 2
1 0 1 1 0 1 1 1 0 2 1 2 1 0 0 2 0 1 1 1 2 2
1 1 1 1 0 2 1 1 1 1 1 2 1 0 0 1 1 2 2 0 2 2
1 0 0 2 0 2 1 1 1 2 0 2 1 0 1 1 0 0 0 2 1 2
1 0 0 2 0 1 0 0 1 1 0 2 0 1 1 2 0 1 0 2 1 2
1 1 2 1 0 2 2 0 0 1 0 1 2 0 0 2 0 1 2 1 2 2
0 2 0 2 0 0 1 1 0 2 0 2 0 1 0 2 0 1 0 1 2 2
0 1 0 1 0 2 1 0 1 2 0 1 1 0 1 2 0 1 0 2 2 2
0 0 0 1 0 2 0 1 1 1 0 1 2 0 2 2 0 2 0 1 1 1
1 0 0 1 0 2 1 0 0 2 0 2 1 0 1 2 0 1 0 0 2 2
0 1 0 1 0 1 0 1 0 2 1 1 1 0 1 2 0 0 2 0 2 2
1 2 0 1 0 1 1 1 0 2 1 2 2 0 1 2 0 1 0 0 1 2
0 1 1 1 0 2 0 0 1 2 0 2 0 1 1 1 0 2 1 1 1 2
1 0 2 1 0 2 1 1 0 1 1 1 0 1 0 2 0 2 0 2 2 2
0 1 0 2 0 2 0 1 0 2 1 2 1 0 0 2 0 2 0 0 2 1
0 1 0 2 0 2 0 0 0 2 1 0 0 1 1 1 0 2 0 1 2 2
0 1 1 1 0 2 0 0 1 2 1 2 1 0 1 2 0 0 1 2 2 2
0 2 0 2 0 2 0 1 0 2 2 2 1 0 1 2 0 1 0 1 1 2
0 1 0 0 0 2 0 1 0 2 0 2 2 1 1 2 1 0 1 1 2 2
1 1 0 0 0 2 1 0 1 2 1 1 1 0 1 2 0 0 1 0 1 1
0 1 1 2 0 2 1 0 0 2 2 1 1 1 2 2 0 0 0 1 2 2
0 0 0 2 0 2 1 2 0 2 2 2 0 0 2 1 0 0 0 2 1 2
1 1 0 1 0 1 0 0 0 2 1 1 2 0 1 1 0 1 1 2 1 2
2 2 0 1 0 2 0 1 0 2 1 1 1 0 1 2 0 1 0 1 1 1
0 1 2 1 0 2 1 0 1 1 0 0 2 1 0 1 0 1 0 0 2 2
0 1 1 1 1 2 1 0 0 1 1 0 1 0 0 2 0 2 0 1 2 1
0 1 0 0 0 2 1 1 0 2 1 2 2 1 1 0 1 2 0 1 2 2
0 1 1 2 0 2 0 1 0 2 0 2 1 2 0 2 0 1 0 1 2 2
1 2 0 1 0 1 1 1 0 1 1 0 0 1 1 2 0 0 0 0 2 2
1 1 0 1 0 2 1 0 0 2 0 2 1 0 0 2 0 0 0 1 2 2
0 0 1 1 0 1 1 1 0 2 1 2 2 1 0 2 0 1 1 0 0 2
0 0 0 1 0 2 1 1 0 1 0 2 1 2 0 2 0 2 0 1 1 2
0 1 0 2 0 1 2 0 0 2 1 2 1 0 0 2 1 0 0 1 2 2
1 1 0 1 0 2 0 1 0 2 1 1 1 1 2 2 0 1 0 0 1 2
1 1 0 0 0 2 0 1 0 2 1 0 2 1 2 2 0 0 1 2 1 2
0 2 1 1 0 2 2 0 0 2 0 1 1 0 1 2 0 0 0 1 1 2
0 0 0 0 0 1 1 1 1 2 0 2 1 1 0 2 0 1 0 0 2 2
1 0 1 1 0 2 1 1 0 2 1 2 1 0 0 2 0 1 0 1 2 2
0 1 1 2 0 1 0 1 0 2 0 1 0 1 0 2 0 2 0 1 2 2
0 1 1 0 0 2 1 1 0 2 2 0 2 0 1 2 1 1 1 2 1 2
1 2 1 2 0 2 1 2 0 2 1 2 1 1 0 2 0 1 1 1 2 1
1 2 0 1 0 2 1 2 1 2 0 2 1 1 0 1 0 2 1 1 1 2
0 0 2 2 0 2 1 2 0 1 1 2 1 0 0 2 0 1 0 1 1 2
1 2 1 1 0 2 1 1 0 2 0 2 1 0 1 2 0 1 1 1 1 2
1 1 0 2 0 2 1 1 0 1 1 1 1 1 0 2 1 1 1 1 2 2
1 1 0 2 0 1 0 1 0 1 0 2 0 1 1 1 0 1 1 1 0 2
0 0 1 1 0 2 2 1 0 1 1 1 1 0 0 2 0 0 1 2 1 2
2 2 0 1 0 1 1 1 0 2 0 1 0 1 1 2 0 1 0 1 2 2
0 1 2 0 0 2 0 0 0 2 0 1 1 0 1 2 0 1 2 2 0 2
1 0 1 0 0 1 1 1 0 2 1 2 2 1 1 2 0 0 1 1 0 2
0 1 1 1 0 2 0 0 0 1 1 1 1 0 0 2 0 1 0 0 2 2
0 1 0 2 0 2 0 1 0 2 1 2 2 0 1 1 0 1 1 1 2 2
1 1 0 0 0 1 0 1 1 1 0 1 2 1 1 1 0 1 0 1 1 2
0 0 0 1 0 2 1 0 0 2 1 2 1 2 0 2 0 1 0 1 2 2
0 1 0 1 0 1 1 1 0 2 1 0 1 2 1 2 0 1 1 1 0 2
0 0 1 2 0 0 0 0 1 2 1 2 2 1 2 2 0 1 1 1 2 2
1 0 1 0 0 2 1 1 0 2 1 1 1 1 0 1 0 0 0 0 2 2
0 1 1 1 0 2 1 0 0 2 1 2 2 0 1 2 0 1 1 0 2 1
0 2 2 2 0 1 1 0 0 2 1 1 1 0 1 1 0 1 0 2 2 2
0 1 1 2 0 1 1 1 0 2 0 2 0 0 1 2 0 1 1 0 2 2
0 2 2 2 0 2 1 1 0 2 0 2 0 0 1 2 0 2 0 2 2 2
0 2 1 2 0 1 2 0 0 1 0 1 1 0 0 1 1 1 1 2 2 2
0 1 0 2 0 1 0 1 0 2 1 0 1 1 0 2 0 1 1 0 1 2
0 1 1 2 0 2 0 0 0 1 1 2 0 1 0 2 0 1 0 1 2 2
0 0 1 1 0 2 1 2 0 2 1 2 1 1 1 2 0 2 0 1 2 2
1 1 0 1 0 2 1 1 1 2 2 1 2 1 0 2 0 0 1 2 0 2
0 2 1 1 0 2 0 1 0 2 1 1 0 0 2 2 0 1 1 0 2 2
0 1 2 2 0 2 0 2 0 1 1 1 2 2 0 2 0 1 1 1 1 2
1 1 1 0 0 1 0 1 0 2 0 2 1 0 0 2 0 1 1 1 1 1
0 1 1 1 0 2 1 0 0 2 2 0 1 1 0 2 0 1 1 1 2 2
1 1 0 2 0 2 0 1 0 2 2 2 1 0 1 2 0 0 0 2 1 2
1 1 1 0 0 2 0 1 0 2 2 1 2 1 1 1 0 1 0 2 2 2
0 1 0 2 0 2 1 1 1 2 1 2 1 1 0 2 0 1 1 1 2 2
0 2 2 2 0 1 0 0 0 2 1 2 0 0 1 2 0 0 1 1 1 2
1 2 1 2 0 2 0 0 1 2 1 2 2 2 0 1 0 0 0 1 1 2
0 0 1 1 0 2 1 1 0 1 0 1 0 1 0 2 0 0 1 2 2 2
0 2 1 1 0 2 0 1 0 2 0 2 1 1 0 2 0 2 0 0 2 1
0 1 2 2 0 1 1 0 0 2 2 1 1 2 1 1 0 1 1 1 2 2
1 0 0 0 0 2 1 1 0 2 0 2 0 0 1 1 0 1 1 2 1 2
0 0 0 1 0 2 1 0 0 2 0 2 1 1 2 2 0 1 1 0 2 2
1 0 1 2 0 2 1 0 1 2 1 2 1 1 0 2 0 1 2 2 2 2
1 1 1 1 0 2 2 0 0 1 0 1 2 0 1 1 0 1 0 0 1 2
0 1 0 1 0 2 1 0 0 1 0 1 0 1 1 2 0 1 1 1 2 1
2 1 0 2 0 2 1 0 0 2 2 1 0 0 0 2 0 2 1 1 1 1
1 2 0 2 0 2 2 0 0 2 2 2 1 0 0 2 0 2 2 0 2 2
0 1 1 1 0 1 0 1 0 2 0 1 1 1 0 2 0 2 0 1 1 2
0 1 0 1 0 2 1 1 0 2 1 1 2 1 0 2 0 1 1 0 2 2
1 1 0 2 0 2 0 1 1 2 2 1 1 0 0 2 0 1 0 0 2 1
0 2 0 1 0 2 1 0 1 1 1 2 1 0 1 2 0 1 1 1 1 2
1 1 0 1 0 2 0 0 0 1 2 2 2 1 1 2 0 1 0 2 2 2
0 2 1 1 0 2 1 1 1 2 1 1 1 0 0 2 0 1 0 1 2 2
0 0 0 2 0 1 1 1 1 2 1 2 1 0 0 2 0 0 2 1 0 2
1 1 1 2 0 2 1 2 0 2 0 2 1 0 0 2 1 2 0 0 2 2
1 0 0 2 0 2 0 0 0 2 0 2 1 1 0 2 0 1 1 1 2 2
1 2 1 2 0 2 1 0 0 2 1 1 1 1 0 1 0 2 0 1 1 2
1 2 1 2 0 0 0 1 1 2 1 1 2 0 0 2 0 2 0 1 2 2
0 2 0 2 0 1 0 1 0 2 1 1 0 1 0 1 0 1 0 0 2 2
0 0 1 0 0 2 0 1 1 2 2 1 1 1 2 1 0 2 0 1 2 2
1 2 1 2 0 1 1 1 0 1 0 2 0 2 0 2 0 0 1 0 2 2
0 2 1 1 0 2 0 0 0 1 0 2 1 1 0 2 0 1 0 0 1 2
0 1 1 2 0 2 1 2 0 2 0 1 0 1 1 2 0 0 0 1 2 2
1 0 1 2 0 1 1 0 0 2 0 2 1 1 1 2 0 0 1 2 1 1
1 1 2 2 0 2 1 1 0 2 1 1 0 2 0 2 0 2 1 1 2 2
1 0 0 0 0 2 1 1 0 2 2 1 1 1 2 1 1 1 0 0 1 2
0 2 0 1 0 2 0 1 0 2 0 2 0 0 1 2 1 1 0 0 2 2
0 2 2 1 0 1 0 0 0 1 1 2 1 1 1 2 0 1 0 0 2 1
0 0 0 2 0 2 0 1 0 2 2 2 2 0 0 2 1 1 0 1 2 2
0 1 1 2 0 2 1 0 0 2 0 2 1 0 0 2 0 1 0 0 1 2
0 1 1 0 0 1 0 1 0 2 1 2 1 1 0 2 0 0 0 1 2 1
0 2 1 1 0 2 0 0 0 2 0 1 2 1 1 2 1 1 0 1 1 2
0 2 1 2 0 2 0 1 0 2 1 2 1 1 1 0 0 0 0 2 1 2
1 2 1 2 0 2 2 1 0 2 2 1 2 0 0 2 0 1 0 1 2 2
0 2 0 2 0 1 2 1 0 2 0 1 0 1 1 2 0 1 0 2 2 2
0 2 2 1 0 1 1 0 0 2 0 0 2 0 0 2 0 0 1 0 2 2
1 0 1 2 0 2 2 1 0 2 0 1 1 0 1 2 0 1 0 1 2 2
0 2 1 2 0 2 1 0 0 1 0 1 1 1 0 2 0 0 2 1 1 2
0 1 1 1 0 2 1 0 0 2 2 1 0 0 0 1 0 2 0 0 1 2
1 1 1 2 0 2 1 2 0 2 1 1 1 0 0 2 0 1 1 1 2 2
0 1 2 2 0 2 1 1 0 1 0 1 2 0 0 2 0 2 0 1 1 2
0 1 0 1 0 1 0 1 0 2 0 1 0 1 0 2 0 1 0 1 1 2
0 0 1 2 0 1 2 0 0 2 0 1 1 0 1 1 0 1 1 1 1 2
2 1 2 2 0 1 0 2 0 2 0 2 0 0 0 2 0 0 2 2 2 2
0 1 0 2 0 1 2 1 0 2 0 2 1 1 1 1 1 1 1 0 2 2
0 1 0 2 0 1 1 1 1 2 1 2 0 2 1 1 0 1 1 2 2 2
1 1 0 1 0 2 0 1 0 2 1 2 1 0 0 2 0 2 1 2 2 2
2 1 0 1 0 2 1 0 1 2 0 2 1 0 1 1 0 1 1 2 2 2
0 1 2 1 0 2 1 0 0 0 2 0 1 1 0 1 0 1 0 1 2 2
1 2 0 2 0 2 1 0 0 2 2 1 2 0 0 2 0 2 1 0 2 2
0 1 1 1 0 2 1 0 0 2 1 2 1 0 1 1 0 0 0 1 2 2
0 0 1 1 0 1 1 0 0 2 1 2 2 1 1 2 1 0 0 0 2 2
0 0 0 2 0 2 1 1 0 2 1 0 0 1 0 2 0 0 0 1 2 2
0 1 0 2 0 1 1 0 1 2 2 2 1 1 2 2 0 2 0 1 1 2
1 1 1 2 0 0 0 0 0 2 1 2 0 1 0 2 0 0 1 0 2 2
1 2 0 1 0 1 2 0 0 1 0 1 1 1 1 2 0 2 1 1 2 2
0 1 1 1 0 2 2 1 0 2 1 2 2 1 0 2 0 2 0 1 0 2
0 1 1 2 0 2 2 1 0 2 0 2 1 0 0 2 0 2 1 0 2 2
0 0 0 1 0 1 0 1 0 2 0 1 1 0 1 2 0 2 1 2 2 1
1 0 0 1 0 2 1 1 0 2 1 1 2 1 1 2 0 1 0 1 2 2
0 2 0 1 0 2 0 2 1 2 1 2 1 2 0 2 0 1 2 0 2 2
0 1 1 1 0 2 1 2 0 2 1 2 2 0 1 2 0 0 0 1 2 2
1 2 0 1 0 2 1 1 0 2 1 1 1 0 0 1 0 0 1 1 2 2
0 1 0 1 0 2 1 0 0 2 0 2 2 1 0 2 1 1 0 1 2 2
0 1 1 2 0 2 1 1 0 2 1 1 2 2 0 2 1 2 1 0 2 2
0 1 1 1 0 1 0 1 1 1 0 1 0 1 1 2 0 2 1 0 2 2
1 2 1 1 0 2 2 1 0 2 1 2 2 0 0 2 0 0 1 1 2 2
0 1 1 2 0 1 2 1 0 2 1 2 1 0 1 2 0 1 0 0 2 2
1 2 1 0 0 1 0 1 1 2 0 2 2 2 0 2 0 2 0 1 1 2
0 0 2 1 1 0 1 2 0 2 1 2 1 0 0 2 0 0 1 0 2 2
1 0 1 2 0 2 2 1 0 2 0 0 2 0 0 2 0 0 1 2 2 2
1 1 0 2 0 2 0 1 0 2 0 2 0 1 0 1 0 0 1 1 1 2
0 1 2 1 0 2 0 1 0 2 1 1 1 0 0 1 0 1 1 2 2 2
0 1 1 0 0 2 2 0 0 2 1 1 2 0 0 1 0 2 0 0 1 2
0 2 1 2 0 1 1 0 1 2 0 1 1 1 0 2 1 2 0 0 2 2
0 2 0 1 0 2 1 2 0 2 2 2 2 0 1 2 0 1 0 0 2 2
1 2 0 2 0 1 1 1 0 2 0 1 1 0 0 1 0 2 0 1 1 2
1 1 0 2 0 1 2 2 0 1 0 2 2 2 0 2 0 1 1 1 2 2
0 2 2 0 0 1 1 1 0 2 1 2 1 0 1 2 0 2 0 2 2 2
1 1 1 1 0 1 0 0 1 2 1 1 2 1 1 2 0 1 0 2 2 2
0 2 0 1 1 1 2 0 0 2 0 1 1 1 0 2 0 1 2 2 1 1
0 1 0 2 0 1 0 1 0 2 1 2 2 0 1 2 0 1 0 2 1 1
0 0 0 0 0 2 1 0 0 1 0 1 1 1 0 1 0 1 0 1 2 2
0 1 1 2 0 2 2 0 0 2 1 1 2 1 2 2 0 1 1 0 2 2
0 0 1 1 0 2 1 0 0 2 0 1 2 0 1 2 0 2 1 0 2 2
0 1 2 1 0 2 0 0 0 2 1 1 0 1 0 1 1 1 1 1 2 2
1 1 1 2 0 2 1 0 1 2 1 2 2 0 0 2 0 0 2 1 2 2
1 2 1 0 0 2 2 1 0 2 1 2 0 1 1 2 0 1 1 1 2 2
0 2 2 1 0 2 0 0 0 2 1 2 1 0 0 2 0 0 1 0 2 2
0 1 0 1 0 1 0 0 0 2 2 1 1 0 2 2 1 0 0 1 2 1
2 1 1 1 0 1 1 0 0 0 1 1 1 0 1 2 0 1 2 2 1 2
0 0 1 1 0 1 1 0 0 2 1 2 1 1 0 2 0 1 0 1 1 2
0 2 0 2 0 2 0 0 0 2 1 2 2 1 1 2 0 1 0 2 2 2
1 2 0 0 0 2 0 0 0 2 1 1 2 0 2 2 0 1 2 2 1 2
0 1 0 2 0 1 1 0 0 2 0 2 1 0 1 2 0 1 0 2 1 2
0 2 0 1 0 2 1 0 0 2 1 1 2 0 0 2 0 0 1 1 2 2
1 1 0 1 0 0 2 0 1 2 1 1 2 0 1 2 0 1 0 1 2 2
1 2 2 2 0 2 1 1 0 2 1 0 1 1 0 2 0 1 0 1 2 2
0 2 1 1 0 2 1 0 1 2 0 1 2 1 1 2 0 2 0 1 2 2
0 2 0 0 0 1 0 0 0 2 0 2 0 1 0 2 0 0 1 2 2 2
0 1 0 1 0 2 0 1 0 2 2 2 1 2 0 2 0 2 0 2 2 1
0 2 1 1 0 1 1 0 0 2 0 2 1 1 0 1 0 0 1 0 1 2
1 1 0 1 0 1 1 0 0 2 2 2 1 1 0 2 0 0 1 1 1 2
0 1 1 1 0 2 0 1 0 2 1 2 1 1 0 2 0 1 1 1 2 2
1 0 1 2 0 1 0 1 0 2 1 1 2 2 1 2 0 1 1 2 2 2
0 1 0 1 0 1 2 1 0 1 1 1 1 0 0 2 0 1 0 2 1 2
0 2 0 2 0 2 1 2 0 1 1 2 1 1 0 2 0 2 1 1 1 2
1 2 2 2 0 2 1 0 1 1 0 1 1 2 0 2 1 1 2 0 1 2
0 1 2 0 0 2 0 1 0 2 1 0 0 2 0 2 0 2 0 1 2 2
1 0 1 2 0 2 0 1 1 2 1 2 2 1 2 1 1 2 1 1 0 2
1 0 0 0 0 1 1 0 0 2 1 1 2 1 1 2 0 0 1 1 2 2
0 1 1 2 0 2 0 0 0 2 2 1 1 0 0 1 0 1 0 1 2 2
1 0 1 2 0 2 1 0 0 2 0 1 2 0 1 2 0 0 0 1 2 2
1 1 0 1 0 2 1 0 0 2 2 2 1 0 1 2 0 2 1 1 1 2
0 2 0 2 0 2 1 1 0 1 0 2 1 0 0 1 0 1 0 1 0 2
0 1 1 0 0 1 0 0 0 2 1 2 1 2 1 2 0 1 1 1 1 2
1 1 0 1 0 0 0 2 0 2 1 1 2 1 0 2 1 1 0 1 2 2
1 1 2 1 0 2 0 2 1 2 0 1 0 0 1 2 0 2 1 1 1 2
0 1 1 1 0 1 1 0 0 2 1 2 2 1 1 2 0 0 0 1 0 2
0 0 0 1 0 2 1 2 0 2 2 2 2 0 1 1 0 2 1 1 1 2
0 0 0 2 0 1 0 0 0 2 2 1 1 0 1 2 0 1 0 0 2 2
0 2 1 2 0 2 0 0 0 2 1 2 1 0 2 2 0 0 1 0 1 2
1 0 0 0 0 2 1 2 0 1 1 2 1 1 0 1 0 2 1 2 2 2
0 0 1 2 0 1 0 1 0 2 1 2 2 1 0 2 0 1 1 0 1 2
1 0 1 0 0 2 2 0 0 2 1 1 2 1 1 2 0 0 0 2 1 2
1 2 0 2 0 1 0 1 0 2 0 2 0 0 2 2 1 0 0 2 2 2
1 2 1 0 0 1 0 2 0 2 1 0 1 0 1 1 0 0 0 1 2 2
1 0 1 1 0 1 0 1 0 2 1 1 1 1 1 2 0 0 0 1 1 2
0 1 1 1 0 2 1 2 0 2 2 2 0 2 0 2 0 0 1 2 2 2
0 1 1 0 0 2 0 1 0 2 2 2 2 1 0 2 0 0 1 1 2 2
1 1 1 0 0 1 0 0 0 2 1 1 0 0 1 2 0 0 1 2 1 1
0 1 0 2 0 1 0 2 0 2 1 2 1 1 0 2 0 1 1 1 2 1
0 1 0 2 0 2 0 1 0 1 1 2 2 0 0 2 0 0 0 1 1 1
