rs11805426 rs697658 rs6547277 rs3770320 rs13026760 rs13075269 rs16865318 rs1059110 rs12201521 rs11775139 rs7026615 rs10509256 rs4598555 rs4745936 rs7480000 rs11564168 rs17086744 rs4646579 rs6499199 rs12709651 rs1820099 rs4925286
2 2 0 0 2 0 0 0 1 0 2 1 1 0 1 0 2 1 2 1 1 1
2 2 0 0 2 0 0 0 1 2 2 1 2 0 2 0 2 2 2 2 2 1
2 2 0 2 0 0 0 0 0 2 2 2 2 0 2 1 2 1 2 0 2 0
2 2 0 0 1 0 0 0 0 1 2 1 1 0 1 0 2 1 2 1 2 2
1 2 0 0 2 0 0 1 1 2 2 2 0 0 1 0 2 2 2 1 1 1
0 2 2 1 0 0 0 1 1 1 2 0 1 0 1 0 2 1 2 1 2 2
1 2 1 0 1 0 0 0 1 1 2 2 1 0 2 1 2 1 2 1 2 1
1 2 0 0 0 0 0 0 0 1 2 2 2 0 1 0 2 2 2 1 1 0
1 2 1 1 1 0 0 1 2 1 2 2 1 0 0 2 2 1 1 0 2 1
1 2 0 0 1 0 0 1 0 1 2 1 2 0 2 1 2 1 2 1 1 0
1 2 1 0 1 0 0 0 1 0 1 2 2 1 1 0 2 1 1 1 2 0
0 2 1 0 0 0 0 2 0 2 2 1 2 1 1 0 2 1 2 0 2 0
2 2 0 0 1 0 0 0 1 1 2 2 2 0 0 1 2 2 2 1 2 2
0 1 0 0 0 0 0 0 0 1 2 1 2 0 2 1 2 2 2 1 2 1
2 2 1 0 0 1 0 0 0 0 2 2 1 0 2 1 2 1 2 0 2 0
1 1 0 0 1 0 0 1 1 2 1 2 1 0 1 1 2 1 2 0 2 1
0 2 0 0 2 1 0 1 0 1 2 2 2 0 1 1 2 1 2 1 2 1
1 2 1 0 1 0 0 1 0 1 1 2 1 1 2 1 2 0 2 1 2 1
2 2 0 1 1 0 0 0 0 1 2 1 1 2 1 0 2 1 2 2 2 0
1 2 1 0 1 1 0 0 1 1 2 0 2 0 1 1 2 1 2 1 2 2
2 2 0 0 0 0 0 0 2 0 2 2 2 1 2 0 2 2 2 2 2 0
1 2 1 1 2 1 0 1 1 1 2 2 2 0 2 0 2 2 2 2 2 1
1 2 0 0 0 0 0 0 0 0 2 1 2 0 2 0 2 2 2 1 1 2
2 2 2 1 1 0 0 0 0 1 2 2 1 1 2 0 2 1 2 0 2 0
2 1 1 0 1 0 0 2 0 1 2 2 2 0 1 1 2 1 2 2 2 1
1 2 0 1 1 1 0 1 1 2 2 1 2 0 2 0 2 1 2 2 2 2
2 2 0 2 1 0 0 1 1 0 2 2 2 0 1 0 2 2 2 2 2 1
1 2 1 0 0 1 0 1 0 1 2 1 1 0 2 0 2 2 2 0 2 2
2 2 0 1 1 0 0 0 1 2 2 2 1 0 1 0 2 2 2 0 2 0
2 2 1 0 0 1 1 0 0 2 2 1 2 0 2 0 2 1 2 0 2 1
1 2 1 0 1 0 0 0 0 0 2 2 2 0 0 0 2 1 2 1 2 0
2 2 0 1 0 0 0 0 0 1 2 0 0 0 2 2 2 0 2 1 2 0
2 2 0 0 1 0 0 1 0 1 2 1 2 0 1 1 2 2 1 2 2 2
0 2 0 1 0 0 0 2 0 0 2 2 1 1 1 0 2 2 2 0 2 1
2 2 0 0 1 0 0 2 2 1 2 2 2 0 1 0 2 1 2 2 2 2
2 2 1 0 1 1 0 0 0 0 2 2 1 0 1 0 2 1 2 1 2 1
1 2 0 0 1 2 0 0 1 1 2 1 1 0 1 0 2 1 2 2 2 2
1 2 1 0 1 0 0 1 0 2 2 2 1 0 2 1 2 1 2 1 2 2
0 2 1 0 1 0 0 1 0 1 2 1 2 0 0 1 2 0 2 2 2 1
2 2 0 0 0 0 0 0 0 2 2 2 2 0 2 0 2 1 2 0 2 1
1 1 0 0 0 0 0 0 1 1 2 1 2 0 1 0 2 2 2 1 1 1
2 2 0 0 0 0 0 0 1 2 2 2 2 1 2 0 2 2 2 2 2 1
2 2 1 1 0 0 0 0 1 1 2 2 2 0 1 1 2 0 2 2 2 2
2 2 1 1 1 0 0 0 1 1 2 2 1 0 1 0 2 1 2 1 2 1
2 2 0 0 1 0 0 2 0 1 2 2 1 1 2 1 2 1 2 1 2 1
0 2 0 0 1 1 0 1 0 1 2 2 2 0 1 0 2 1 1 1 2 0
1 2 0 0 1 1 0 1 0 1 2 2 1 1 2 1 2 1 2 1 2 1
1 2 0 1 1 1 0 0 0 2 2 2 1 0 0 0 2 0 2 1 2 2
2 2 0 0 2 0 0 2 0 2 2 2 2 0 1 0 2 0 2 1 2 1
2 1 1 0 0 0 0 1 0 1 2 2 2 0 1 1 2 2 2 2 2 1
2 2 0 0 0 1 0 1 1 2 2 2 2 1 2 0 2 0 1 1 2 2
2 2 0 1 1 0 0 0 2 2 2 1 2 1 2 0 2 1 2 1 1 1
2 2 0 1 1 0 0 0 1 1 2 1 1 2 1 1 2 0 2 2 1 0
2 2 1 1 1 0 0 2 1 0 0 2 0 1 1 1 2 2 2 2 2 0
0 1 0 0 1 0 0 0 1 1 2 0 2 0 2 0 2 2 2 2 2 0
1 2 1 1 0 1 0 1 0 2 2 2 2 0 2 0 2 2 2 1 2 0
1 2 0 0 1 1 0 1 1 1 2 1 2 0 2 2 2 2 2 1 2 0
1 2 0 0 2 1 0 1 0 1 2 2 1 0 1 1 2 2 2 2 2 1
1 2 1 2 2 0 0 0 0 2 1 2 2 1 2 1 2 1 2 1 2 1
1 2 1 0 1 0 0 0 1 0 2 1 2 0 2 0 2 1 2 0 2 1
1 2 1 0 0 1 0 0 1 1 2 2 2 0 2 0 2 1 2 0 2 1
1 2 0 1 1 0 0 0 0 1 2 1 2 0 2 0 2 2 2 1 2 0
1 2 0 1 0 1 0 0 0 1 2 2 2 1 2 1 2 1 2 2 1 1
2 2 1 0 1 0 0 1 1 1 2 2 1 0 0 1 2 1 2 0 2 1
1 2 1 0 1 0 0 0 0 1 2 2 2 0 1 0 2 0 2 1 2 1
2 2 0 0 0 0 0 1 1 1 2 1 2 0 2 0 2 2 2 2 2 1
2 2 0 0 0 0 0 1 0 1 0 1 2 0 2 0 2 0 2 2 2 0
2 2 0 2 0 0 0 0 1 1 2 0 1 0 1 0 2 2 2 0 2 2
1 2 0 0 1 0 0 0 0 2 2 2 2 0 1 0 2 1 2 1 2 0
2 2 0 0 1 1 0 1 0 1 2 1 1 1 2 0 2 1 2 2 2 1
2 2 1 0 1 0 0 2 0 2 2 2 2 1 1 1 2 0 2 0 2 0
1 2 0 1 1 0 0 0 0 2 2 2 0 0 0 0 2 0 2 0 2 0
0 2 1 1 1 1 0 0 1 2 2 2 1 0 0 2 2 1 2 0 2 1
2 1 1 0 1 0 0 2 1 2 2 1 1 1 1 0 2 1 2 1 2 1
2 2 0 1 1 0 0 0 0 0 2 2 1 0 2 1 2 2 2 1 2 0
1 2 0 0 1 1 0 0 1 1 2 2 2 0 2 0 2 1 2 1 2 2
2 2 0 1 1 0 0 1 0 1 1 0 2 1 1 0 2 1 2 2 1 0
1 2 1 1 1 0 0 1 1 1 1 2 1 0 2 0 2 1 2 1 1 1
1 2 1 0 1 1 0 1 1 1 2 2 1 0 0 0 2 1 2 1 2 0
1 2 0 0 1 0 0 0 2 2 2 1 1 1 2 0 2 2 2 0 2 0
1 2 0 0 0 0 0 2 2 1 2 2 2 0 1 0 2 0 2 0 2 0
1 2 0 0 2 0 0 2 1 1 2 2 2 0 0 0 2 1 2 1 1 0
1 0 0 0 0 0 0 1 0 0 2 1 2 0 2 0 2 0 2 2 2 1
0 2 1 1 0 0 0 1 0 2 2 2 1 1 1 1 2 1 2 0 2 1
2 2 0 0 2 0 0 1 0 1 1 2 0 1 1 0 2 1 2 1 2 1
1 2 0 1 2 0 0 1 2 2 2 2 2 1 1 1 2 2 2 0 1 2
1 2 1 1 0 0 0 0 1 0 2 2 2 0 1 0 2 0 2 0 1 0
1 1 1 0 0 0 0 1 0 0 2 1 2 0 1 0 2 2 2 1 1 1
2 2 0 0 1 1 0 0 0 1 2 2 2 0 1 1 2 0 2 0 2 1
0 1 0 1 2 0 0 0 1 0 2 2 1 0 1 0 2 1 2 0 2 0
1 2 0 0 1 0 0 0 0 1 2 2 0 0 0 0 2 1 2 2 2 1
2 2 0 1 0 0 0 0 0 1 2 1 2 1 1 1 2 1 2 1 2 0
0 2 1 0 1 1 0 0 1 1 2 2 2 0 2 1 2 2 2 0 2 1
1 2 0 2 1 1 0 1 1 1 2 2 1 0 1 1 2 2 1 2 2 1
1 2 0 0 1 1 0 0 0 1 2 2 2 0 2 1 2 2 2 1 1 1
0 2 0 0 2 0 0 0 0 2 2 2 2 0 0 0 2 2 2 2 1 2
2 0 0 0 1 0 0 1 1 1 2 2 1 0 2 2 2 2 2 0 2 1
2 2 2 0 2 0 0 1 0 1 2 1 1 2 2 1 2 0 2 0 2 0
2 2 0 0 0 0 0 0 1 1 2 1 1 0 2 0 2 1 2 1 2 1
2 2 0 0 0 0 0 1 1 1 2 1 2 0 1 0 2 1 2 1 1 2
0 2 0 0 1 0 0 1 1 0 2 2 1 0 0 0 2 1 2 2 2 1
1 2 0 0 0 0 0 0 0 2 2 2 2 0 2 1 2 2 2 1 2 1
2 2 0 0 2 0 0 0 1 2 2 2 2 1 2 1 2 1 2 2 2 1
2 2 0 0 0 1 0 1 0 1 2 2 2 0 1 1 2 1 2 0 2 2
2 2 0 1 2 1 0 2 0 2 2 2 2 0 2 0 2 1 2 1 2 2
2 2 0 0 2 0 0 1 1 1 2 1 2 1 0 0 2 2 2 1 1 0
0 2 1 0 0 0 0 0 0 0 2 1 2 1 2 1 2 0 2 1 2 1
2 2 1 1 1 0 0 2 0 2 2 1 2 1 1 1 2 1 2 0 2 2
1 2 1 0 0 0 0 0 0 1 2 2 1 1 2 0 2 2 2 1 2 2
1 2 1 0 0 0 0 0 0 1 2 1 2 0 2 2 2 1 2 1 1 1
1 2 1 1 1 1 0 1 1 1 2 2 2 0 1 0 2 2 2 1 2 2
2 2 0 0 2 0 0 1 1 1 2 2 1 0 0 0 2 2 2 0 2 2
2 2 1 1 0 0 0 0 0 0 2 2 1 0 0 0 2 1 2 0 2 1
1 2 1 0 2 0 0 0 1 1 2 1 1 0 0 0 2 0 1 2 0 1
1 2 1 0 1 0 0 0 1 2 2 2 1 0 1 1 2 2 2 1 2 1
2 2 0 0 0 0 0 0 0 2 2 2 2 0 1 1 2 2 2 1 2 2
0 2 2 0 1 0 0 1 0 0 1 2 2 0 1 0 2 0 2 1 2 1
1 2 1 1 2 1 0 0 1 1 2 2 1 0 1 0 2 2 2 0 2 1
1 2 1 1 2 0 0 0 1 2 2 1 2 0 1 0 2 1 2 1 2 1
2 2 0 0 0 0 0 1 1 1 2 2 0 1 1 0 2 1 2 2 2 1
1 2 1 2 1 0 0 1 0 2 2 2 1 0 1 0 2 2 2 1 2 1
1 2 1 0 0 0 0 0 1 2 2 0 1 1 2 0 2 2 2 2 2 1
1 2 1 0 0 0 0 0 0 0 2 2 2 0 1 0 2 2 2 1 2 0
2 2 0 0 1 0 0 0 0 2 2 1 2 0 1 1 2 0 1 1 2 2
2 2 2 0 1 1 0 2 0 2 2 2 2 1 0 0 2 1 2 0 2 0
1 2 1 0 2 0 0 1 0 2 2 1 2 0 0 1 2 2 2 1 2 1
2 2 0 0 1 1 0 0 0 1 2 1 2 2 2 0 2 1 2 1 2 1
2 2 0 0 1 0 0 1 1 2 2 2 1 0 2 0 2 1 2 1 1 2
1 2 0 0 0 0 0 0 0 2 2 2 1 0 1 0 2 0 2 0 2 0
1 2 0 0 1 0 0 1 1 0 2 1 1 0 1 1 2 2 2 2 2 1
1 2 0 1 2 1 0 0 0 0 2 2 2 0 1 0 2 2 1 2 2 0
1 2 1 1 1 0 0 1 1 0 2 2 2 1 1 0 2 1 2 1 2 0
2 2 0 0 1 0 0 1 0 0 2 2 1 1 0 1 2 0 2 0 2 2
1 1 0 1 1 0 0 1 0 1 2 2 1 0 0 0 2 1 2 2 2 1
2 2 1 0 1 0 0 0 1 1 2 2 2 0 1 0 2 1 1 0 2 0
1 2 0 1 1 0 0 0 0 1 2 2 1 0 1 0 2 1 2 2 2 1
1 2 0 0 1 0 0 0 2 2 2 1 2 0 1 1 2 1 1 1 2 0
2 2 0 0 1 0 0 1 0 2 2 2 2 0 1 1 2 0 2 1 1 0
1 2 0 0 1 0 0 1 0 1 2 1 2 0 2 1 2 2 2 1 1 1
1 2 0 1 0 0 0 2 0 2 1 2 1 0 2 0 2 0 2 1 2 2
2 2 0 0 1 1 0 0 1 1 2 1 2 0 1 0 2 2 2 0 2 0
1 1 1 1 2 0 0 0 0 0 2 2 2 0 1 0 2 2 2 2 2 1
1 2 2 0 0 0 0 0 1 1 2 1 2 0 1 1 2 1 2 1 1 1
2 2 0 1 1 0 0 2 2 0 2 2 2 0 2 1 2 2 2 1 1 2
1 2 2 1 1 0 0 1 1 1 1 1 2 0 1 0 2 0 2 0 1 1
1 2 2 0 1 0 0 0 1 0 2 2 2 1 2 1 2 0 2 1 2 1
0 2 0 1 0 0 0 1 1 0 2 2 1 0 1 0 2 2 2 1 2 0
2 2 0 0 1 0 0 1 1 0 1 2 2 1 2 1 2 1 2 0 2 1
2 2 0 0 0 0 0 0 1 1 2 2 2 0 1 0 2 1 2 1 1 1
1 2 1 1 0 0 0 0 1 2 2 2 2 0 1 2 2 2 2 0 2 0
1 2 0 1 1 0 0 0 1 2 2 2 2 0 2 0 2 1 1 0 2 0
1 2 0 0 1 0 0 0 2 2 2 2 1 0 2 1 2 1 2 2 1 0
1 2 1 0 2 0 0 0 1 1 2 2 2 0 2 1 2 0 2 2 2 1
1 2 0 0 2 0 0 1 0 1 2 2 2 0 1 0 2 1 2 1 2 1
1 2 0 1 0 0 0 1 1 0 2 2 1 0 2 0 2 2 2 0 2 1
2 2 1 0 1 0 0 1 0 0 2 2 2 0 0 0 2 2 2 1 1 0
1 2 0 0 0 1 0 2 0 2 2 2 2 2 1 0 2 2 2 1 2 1
1 2 1 1 2 0 0 2 0 2 2 1 2 0 1 1 2 1 2 1 2 2
1 1 0 0 1 0 0 0 0 0 1 1 1 0 1 0 2 2 2 1 2 1
1 2 0 0 1 0 0 1 1 1 2 2 2 1 2 0 2 1 2 1 2 1
2 2 0 1 2 0 0 0 0 1 2 2 2 0 2 0 2 2 2 1 1 1
1 2 2 0 1 0 0 0 0 2 2 1 2 0 1 0 2 0 1 1 2 1
1 2 0 1 2 1 0 1 0 2 2 2 1 0 2 1 2 1 2 1 2 1
2 2 0 0 1 0 0 2 0 2 2 2 2 1 2 0 2 0 2 1 2 0
1 2 2 1 0 1 0 0 1 2 2 0 2 0 1 0 2 2 2 2 2 1
2 2 1 0 1 0 0 1 1 2 1 1 2 0 1 0 2 2 2 1 2 1
2 2 0 0 1 0 0 1 0 1 2 2 2 0 1 1 2 1 2 2 2 2
2 2 0 0 1 0 0 1 0 1 2 2 1 0 2 1 2 0 2 1 2 1
2 2 0 1 1 0 0 1 1 2 2 2 2 0 1 0 2 1 2 1 2 1
2 2 1 0 0 0 0 1 0 1 2 2 2 1 0 0 2 2 2 2 2 2
2 2 0 1 1 1 0 0 0 1 2 2 2 1 1 1 2 0 2 2 1 1
0 1 0 0 1 0 1 1 1 2 2 1 2 0 1 2 2 1 2 1 2 0
0 2 0 0 2 0 0 1 0 1 2 1 2 0 2 0 2 2 2 1 2 0
2 2 1 2 0 0 0 2 1 1 2 2 1 0 1 0 2 0 2 1 2 0
2 2 0 1 1 1 0 1 1 1 2 1 2 1 2 1 2 2 2 0 2 2
1 2 0 0 0 0 0 2 0 1 2 2 1 0 2 0 2 1 2 1 2 0
2 1 0 1 0 1 0 0 0 1 1 2 1 0 2 0 2 2 2 2 2 1
2 1 1 0 1 0 0 1 0 1 2 2 2 0 1 1 2 1 2 1 2 0
2 1 0 0 2 1 0 1 1 2 2 1 2 0 0 0 2 2 2 2 1 0
1 2 1 0 0 1 0 1 0 1 2 2 2 0 1 0 2 1 2 2 2 2
2 2 0 0 0 0 0 0 0 1 2 2 2 0 0 1 2 2 2 0 2 0
0 2 0 1 1 0 0 2 1 1 2 2 0 0 0 0 2 2 2 2 2 0
2 2 0 1 0 0 0 1 1 2 2 1 2 0 2 0 2 1 2 1 2 1
2 2 0 0 0 1 0 0 0 0 2 1 2 1 0 0 2 2 2 2 1 1
1 2 0 0 0 0 0 1 0 2 2 1 2 0 2 1 2 1 2 1 2 1
1 2 0 1 0 0 0 1 2 1 2 2 2 1 2 0 2 2 2 1 2 1
2 2 0 0 0 1 0 0 0 0 2 1 2 1 2 0 2 1 1 0 2 1
1 2 1 0 2 0 0 2 0 2 2 2 2 0 2 0 2 2 2 1 2 1
1 2 0 0 1 1 0 0 0 0 2 2 2 1 0 0 2 0 2 0 2 2
1 2 1 0 1 0 0 1 0 1 2 2 1 0 2 1 2 0 2 2 2 0
1 2 0 1 1 0 0 1 1 0 2 1 2 0 1 0 2 0 2 1 2 1
1 2 2 0 0 0 0 1 0 2 2 2 1 1 2 1 2 0 2 1 2 0
2 2 1 0 1 2 0 0 0 2 2 2 1 1 0 0 2 1 2 0 0 2
1 2 1 1 1 0 0 2 0 2 2 1 1 0 1 0 2 2 2 2 1 1
2 2 1 0 0 0 0 0 0 0 2 2 1 1 1 0 2 1 2 2 2 2
2 2 0 1 0 0 1 2 1 2 1 2 1 0 2 1 2 1 2 1 1 1
1 2 0 0 1 0 0 0 0 0 2 2 1 0 1 1 2 2 2 1 2 0
1 2 1 1 2 0 0 0 2 1 2 1 1 0 2 0 2 1 2 1 2 2
1 2 1 0 0 1 0 2 0 1 2 2 0 0 1 0 2 1 2 0 2 1
1 2 0 1 0 1 0 0 0 1 2 2 1 0 2 0 2 1 2 1 2 2
1 2 1 1 1 0 0 1 1 1 2 2 2 1 1 0 2 2 2 1 1 0
2 2 1 0 0 0 0 1 0 2 2 2 2 0 0 1 2 2 2 1 2 1
1 2 0 0 1 0 0 0 1 1 2 1 2 0 2 0 2 2 2 2 1 0
0 2 0 0 2 1 0 0 1 2 1 2 2 0 1 0 2 1 2 1 2 2
2 2 0 0 1 0 0 0 0 2 2 2 1 0 2 1 2 1 2 1 2 1
2 2 2 0 0 0 0 1 0 2 2 2 2 0 1 0 2 1 2 1 2 0
2 2 0 0 2 0 0 1 0 1 2 1 2 0 2 0 2 2 2 1 1 1
0 2 0 0 2 1 0 1 0 1 2 2 2 0 1 0 2 1 1 1 2 0
1 2 2 0 2 0 0 2 0 0 2 2 2 0 2 1 2 2 2 1 2 0
2 2 1 1 0 0 0 1 0 1 1 2 1 0 1 0 2 2 2 1 2 2
2 1 0 0 0 0 0 0 1 1 2 1 1 0 2 1 2 0 2 2 2 1
1 2 1 0 0 0 0 0 2 2 2 2 1 0 2 0 2 1 2 2 2 1
1 2 0 0 1 0 0 1 1 2 1 2 1 1 1 0 2 0 2 1 2 1
1 2 1 0 2 0 0 0 0 1 1 2 2 1 1 0 2 2 2 1 2 2
1 2 1 1 1 1 0 1 0 0 2 1 1 0 1 1 2 2 2 1 2 0
1 1 0 1 1 0 0 0 1 1 1 1 1 0 2 0 2 1 2 1 1 1
1 2 1 0 0 1 0 1 0 1 2 2 1 1 2 0 2 1 2 0 2 1
0 2 1 0 0 1 0 0 1 1 2 2 1 0 2 0 2 1 2 2 2 2
2 2 0 1 0 0 0 0 0 2 2 0 2 0 2 0 2 2 2 0 2 0
1 2 0 0 1 0 0 2 0 2 2 2 2 0 2 0 2 1 2 1 2 0
2 2 1 2 1 0 0 1 1 1 2 2 2 0 1 0 2 1 2 0 2 0
1 2 0 1 1 0 0 0 1 0 2 2 2 0 2 0 2 1 2 1 2 0
2 2 0 0 2 0 0 0 0 1 2 2 2 0 1 0 2 2 2 1 0 1
2 2 0 0 1 0 0 2 0 2 1 1 2 1 1 0 2 1 2 1 1 1
1 2 1 0 0 0 0 1 1 1 1 2 1 0 1 0 2 2 2 2 2 2
2 1 1 0 0 0 0 0 0 2 2 2 2 1 0 0 2 1 2 1 1 1
1 2 0 0 1 0 0 1 1 1 1 2 2 1 1 0 2 2 2 1 1 0
1 2 1 0 0 0 0 0 1 1 2 1 1 0 1 1 2 0 2 1 2 2
2 2 0 0 2 0 0 0 0 2 2 1 2 0 2 1 2 2 2 0 1 1
2 2 0 0 1 0 0 0 1 2 2 1 1 1 2 0 2 1 2 0 2 1
1 1 0 2 2 0 0 1 1 1 2 1 2 0 2 0 2 2 2 0 2 1
2 2 1 1 1 0 0 1 1 0 2 1 1 0 2 1 2 2 2 1 2 0
1 2 0 0 0 1 1 1 2 2 2 2 1 0 2 0 2 0 2 1 2 1
1 2 1 2 2 0 1 0 1 1 2 1 2 0 0 0 2 2 2 1 2 1
2 2 0 0 1 0 0 0 0 0 2 2 1 0 2 1 2 1 2 1 2 2
1 2 1 0 1 0 0 1 2 1 2 2 2 0 1 0 2 1 2 1 2 2
2 1 0 0 0 0 0 1 1 2 2 2 1 0 1 0 2 1 2 1 2 2
1 2 1 0 0 0 0 0 0 2 2 2 2 1 1 0 2 1 2 1 2 1
1 2 1 0 0 0 0 2 1 2 2 2 2 0 2 0 2 2 2 1 2 2
2 2 1 0 1 1 0 1 1 0 2 2 2 0 2 1 2 1 2 2 2 1
2 2 0 0 0 0 0 0 1 2 2 2 1 0 2 0 2 1 2 0 2 1
2 2 0 1 0 1 0 2 1 1 2 2 2 0 0 0 2 0 2 1 2 1
0 2 0 1 1 0 0 1 0 1 2 2 2 1 1 0 2 1 2 1 2 0
0 2 1 1 2 0 0 0 0 1 2 2 2 0 1 0 2 2 2 1 2 0
2 2 0 2 0 0 0 1 0 1 2 2 2 0 1 0 2 1 2 2 1 0
2 2 1 0 0 0 0 1 0 1 2 2 2 0 2 0 2 1 2 2 2 0
2 2 0 1 0 0 0 0 1 2 2 2 1 0 1 0 2 0 2 0 2 1
2 2 1 1 2 0 0 0 1 1 2 2 2 1 2 1 2 1 2 2 2 0
2 2 2 0 1 1 0 0 1 1 2 1 1 1 2 0 2 0 2 2 2 1
0 2 1 0 0 1 0 1 1 2 2 2 2 0 2 0 2 0 2 1 2 1
2 2 0 0 1 0 0 1 0 2 2 2 1 1 2 0 2 1 2 0 2 1
2 2 0 0 1 0 0 1 0 2 2 2 2 1 1 0 2 1 2 1 2 1
1 2 1 0 1 1 0 0 0 1 2 1 1 0 1 0 2 1 2 0 2 1
0 2 1 1 0 0 0 2 0 0 2 2 1 0 1 2 2 1 2 0 2 0
1 2 0 0 1 0 0 2 0 2 2 1 2 1 2 0 2 2 2 2 2 1
2 2 0 1 1 1 0 1 0 2 2 1 2 1 1 0 2 2 2 1 2 1
0 2 1 1 0 0 0 2 0 1 1 2 2 0 2 0 2 2 2 1 2 0
1 2 2 0 2 0 0 0 1 2 2 2 2 0 1 0 2 2 2 1 2 1
2 2 0 0 1 0 0 0 0 2 2 1 2 0 2 0 2 2 2 0 2 1
1 2 1 1 2 0 0 1 1 1 2 2 1 0 1 1 2 2 2 1 2 0
2 2 0 0 1 0 0 2 1 2 2 1 1 0 1 0 2 2 2 0 2 0
1 2 0 1 0 0 1 0 2 1 2 2 1 1 0 1 2 1 2 2 2 1
2 1 1 0 1 1 0 2 0 1 2 2 2 1 1 0 2 0 2 2 2 1
2 2 2 0 0 0 0 1 0 1 2 2 2 0 2 1 2 1 2 2 2 0
2 2 0 0 0 1 0 0 1 1 2 2 1 1 2 0 2 1 2 0 2 1
1 2 1 0 1 1 0 0 2 1 2 2 1 0 1 1 2 1 2 0 2 1
2 2 0 0 0 1 0 0 1 2 2 2 2 0 2 0 2 2 2 1 2 0
2 2 1 1 2 0 0 1 0 0 2 2 1 1 1 0 2 1 2 1 2 1
2 2 0 0 2 0 0 1 0 1 2 2 1 1 2 0 2 1 2 1 2 2
2 2 0 0 1 1 0 2 1 1 2 2 2 1 2 0 2 1 2 0 2 0
2 2 2 0 0 0 0 2 1 1 2 1 1 0 1 0 2 0 2 1 2 0
1 2 0 1 2 1 0 2 1 0 2 2 2 0 1 0 2 2 2 2 2 0
1 2 0 0 1 1 0 1 0 1 2 1 1 0 1 1 2 1 2 1 2 0
1 2 1 0 1 0 0 0 0 0 2 2 2 0 1 1 2 2 2 1 2 2
0 2 0 0 1 1 0 2 0 0 2 1 2 0 1 0 2 1 2 2 2 2
2 2 1 0 0 0 0 0 1 1 2 2 2 1 1 0 2 2 2 0 2 1
0 2 0 0 1 0 0 0 0 2 2 2 1 0 1 0 2 1 2 0 2 0
0 2 0 0 2 0 0 0 1 1 2 1 2 0 2 0 2 1 2 2 2 1
0 2 0 0 0 1 0 1 0 2 2 1 2 0 2 0 2 1 2 2 2 1
1 2 0 0 0 1 0 1 0 1 2 2 0 0 1 1 2 2 2 1 2 1
1 2 0 1 0 0 0 1 2 2 2 1 1 0 0 0 2 1 2 2 2 2
2 2 0 0 0 1 0 1 1 1 2 2 2 0 1 0 2 2 2 2 2 0
2 2 0 0 2 0 0 0 1 1 2 1 2 1 2 0 2 2 2 1 2 1
1 2 0 0 1 0 0 1 0 1 2 1 2 0 1 1 2 1 1 1 2 1
2 2 1 0 0 1 0 1 1 1 2 2 1 0 1 0 2 1 2 1 2 2
2 2 1 0 1 0 0 0 0 2 2 1 2 0 1 0 2 0 2 0 2 2
1 2 0 1 1 0 0 1 0 2 2 2 2 1 0 0 2 1 2 1 2 0
2 2 1 0 1 0 0 0 0 2 2 2 1 0 1 0 2 0 2 2 2 2
2 2 0 0 1 0 0 1 1 1 2 1 2 0 2 1 2 1 2 0 2 2
0 2 1 0 1 1 0 0 0 0 2 2 1 2 1 1 2 0 2 1 1 1
1 2 0 0 1 0 0 0 0 2 2 1 2 0 2 1 2 1 2 1 2 0
1 2 0 0 2 0 0 0 1 0 2 1 1 0 2 0 2 2 2 2 2 1
1 1 1 1 1 0 0 1 1 2 2 2 1 0 1 1 2 1 2 2 2 1
2 2 0 1 1 0 0 1 0 1 2 1 1 0 1 0 2 0 2 1 2 2
1 2 0 0 0 0 0 0 0 1 2 1 1 0 1 1 2 2 2 0 2 0
1 2 1 1 2 0 0 1 0 1 2 2 1 0 1 0 2 1 1 0 2 1
2 2 0 1 1 0 0 0 0 1 1 2 1 1 2 0 2 2 2 1 2 1
0 2 0 0 0 1 0 0 1 1 2 2 1 0 1 1 2 2 2 1 2 0
2 2 0 0 1 0 0 2 0 1 2 2 2 0 1 0 2 1 2 2 2 0
1 2 1 0 0 0 0 2 0 1 2 2 2 0 1 1 2 1 2 0 2 1
2 2 0 0 0 0 0 0 0 0 1 2 1 0 0 0 2 2 2 1 2 1
0 2 0 1 0 0 0 1 1 1 2 2 2 0 1 0 2 0 2 0 2 2
1 2 1 1 1 0 0 0 0 2 2 0 2 0 1 0 2 2 1 0 2 1
1 2 2 1 0 0 0 0 1 0 2 2 1 0 1 0 2 1 2 2 2 1
1 2 1 0 0 0 0 0 0 2 2 1 2 1 1 0 2 2 2 1 2 2
1 2 1 0 0 1 0 1 0 2 1 1 1 1 2 0 2 2 1 2 2 0
0 2 0 0 1 1 0 1 0 2 2 2 2 0 2 0 2 1 2 1 2 2
2 2 1 0 2 0 0 1 0 2 2 2 2 0 1 0 2 2 2 1 2 1
1 2 1 1 2 0 0 1 0 2 2 2 2 0 2 0 2 1 2 0 2 0
2 2 0 1 0 0 0 0 0 1 2 1 2 0 2 0 2 2 2 2 2 2
2 2 0 0 1 0 0 0 1 1 2 2 1 0 2 2 2 0 2 1 2 2
2 2 0 0 2 0 0 1 1 2 2 2 2 0 1 1 2 2 2 1 2 0
2 2 0 1 2 0 0 0 0 1 2 1 1 0 2 1 2 1 2 2 1 1
1 2 0 0 1 0 0 1 0 0 2 2 1 0 1 0 2 1 2 1 2 1
1 2 0 1 0 0 0 1 1 2 2 1 2 1 0 0 2 1 2 2 2 1
1 2 0 0 1 0 0 0 0 1 2 2 2 0 1 0 2 2 2 2 2 0
0 2 0 0 0 0 0 1 0 0 2 2 1 1 0 1 2 0 2 1 2 1
2 2 1 1 2 0 0 1 0 1 2 2 1 1 2 1 2 2 2 1 2 1
2 2 0 0 1 0 0 0 1 1 2 2 2 0 2 1 2 1 2 0 2 1
1 2 0 0 0 0 0 0 0 1 2 2 1 1 2 0 2 2 2 2 2 1
1 2 1 1 1 1 0 1 1 1 2 2 1 0 1 2 2 2 2 2 1 1
1 2 0 0 0 0 0 0 1 1 2 2 2 0 1 0 2 1 2 2 2 1
1 1 0 0 1 0 0 0 0 2 2 2 2 0 1 0 2 2 2 1 2 0
2 2 0 1 1 1 0 1 0 0 2 2 2 0 1 0 2 1 2 1 2 0
0 2 0 2 2 0 0 1 1 1 2 1 1 0 1 0 2 1 2 1 1 2
1 1 0 0 2 0 0 1 0 2 2 2 2 1 0 1 2 2 2 1 2 1
2 2 0 0 0 0 0 1 1 1 2 2 1 0 0 0 2 0 2 1 2 1
0 1 0 0 1 0 0 1 0 2 1 1 1 0 1 0 2 2 2 0 2 2
1 2 1 0 1 1 0 1 0 1 2 2 1 0 2 1 2 2 2 1 2 2
1 2 0 1 1 1 0 0 0 1 2 1 2 0 2 0 2 1 2 1 2 1
1 2 0 0 1 0 0 0 0 1 2 1 2 1 1 0 2 0 2 1 1 0
1 1 1 0 1 0 0 2 0 1 2 1 2 1 1 1 2 2 2 2 2 0
0 1 0 0 0 1 0 1 1 0 2 2 2 0 1 1 2 0 2 0 2 1
2 2 1 0 1 0 0 2 0 0 2 0 2 0 1 0 2 2 2 2 2 0
1 2 0 0 0 0 0 0 0 2 2 2 1 0 1 1 2 1 2 0 2 1
2 2 1 0 2 2 0 1 1 0 2 2 2 0 2 1 2 2 2 2 2 0
0 2 0 0 2 2 0 1 1 1 2 2 1 0 1 1 2 2 2 1 2 1
1 2 0 0 1 0 0 1 0 1 1 2 2 0 0 0 2 2 2 2 2 1
0 2 1 0 1 0 0 0 0 1 2 2 2 0 2 1 2 1 2 2 2 2
2 2 0 0 0 2 0 0 1 1 2 1 2 0 2 0 2 2 2 2 1 2
2 2 0 0 1 0 0 0 0 2 2 2 1 0 0 0 2 2 2 2 2 1
2 2 1 1 0 1 0 0 1 1 2 2 2 0 2 1 2 1 2 1 2 0
1 1 0 0 2 0 0 1 1 2 1 1 1 0 2 1 2 2 2 0 2 1
1 2 0 0 0 1 0 1 0 1 2 2 2 0 2 0 2 1 2 1 2 1
1 2 1 1 0 0 1 1 0 2 1 2 1 0 2 0 2 2 2 1 2 2
2 2 0 0 0 0 0 1 1 1 2 0 1 1 0 0 2 2 2 1 2 0
2 2 0 0 1 0 0 1 1 1 2 2 2 0 1 2 2 1 2 0 2 0
2 2 1 0 0 0 0 0 0 0 2 1 2 1 2 0 2 2 2 1 2 1
2 2 0 0 2 0 0 0 0 1 1 1 1 0 1 0 2 2 2 2 2 2
0 2 0 0 1 0 0 0 0 1 2 2 1 0 1 1 2 2 2 1 1 1
2 2 2 1 2 0 0 0 0 2 2 1 1 0 1 0 2 2 2 1 2 1
0 2 1 0 1 0 0 0 0 0 2 2 1 0 1 0 2 1 2 1 1 1
2 1 1 0 0 0 0 1 1 2 2 2 2 0 1 0 2 2 2 0 2 1
1 1 0 0 2 2 0 0 0 2 2 2 2 0 1 0 2 2 2 2 2 2
1 2 1 0 2 1 0 0 0 0 2 2 0 0 1 0 2 2 2 2 2 0
2 2 0 0 1 0 0 1 1 2 2 2 2 0 2 0 2 2 2 0 2 1
2 2 2 2 1 0 0 0 1 2 2 2 2 0 2 1 2 1 2 1 1 0
1 2 0 0 2 0 0 0 1 1 2 2 0 0 1 0 2 1 2 1 2 1
1 2 0 2 2 0 0 1 0 1 2 2 1 1 2 0 2 0 2 1 2 0
1 2 1 0 1 1 0 0 1 1 2 2 2 0 1 0 2 1 2 1 2 1
1 2 0 0 1 0 0 1 1 1 1 2 1 0 1 0 2 2 2 1 2 0
1 2 1 2 0 0 0 1 0 1 2 2 0 0 2 0 2 1 2 2 2 1
2 2 1 0 1 0 0 0 1 1 2 1 2 0 1 0 2 1 2 0 2 1
2 2 0 0 1 0 0 0 0 0 1 2 1 1 1 2 2 2 2 2 1 0
2 1 1 1 2 1 0 1 0 0 2 1 2 1 2 0 2 2 2 1 2 0
2 2 0 1 1 0 0 1 1 0 2 2 1 0 2 1 2 0 2 1 1 1
1 2 1 2 0 0 0 0 2 1 2 2 2 0 2 1 2 1 2 0 2 0
2 2 1 0 2 0 0 0 0 2 2 2 2 0 1 0 2 1 2 0 2 1
2 2 1 0 1 0 0 1 0 1 2 1 2 0 1 0 2 1 2 1 2 1
0 2 0 0 1 1 0 1 1 1 1 2 0 0 1 1 2 0 2 1 2 1
1 2 0 0 0 0 0 2 0 1 2 1 2 0 1 1 2 0 2 0 2 2
1 2 0 0 0 0 0 1 1 2 2 2 2 1 0 0 2 0 2 1 2 2
0 2 0 1 0 0 0 0 1 1 2 2 2 1 1 0 2 1 2 1 2 0
1 2 1 2 1 0 0 1 1 1 2 2 1 0 0 1 2 2 2 1 2 1
2 2 0 0 1 0 0 1 0 1 1 1 2 0 1 0 2 1 2 1 2 0
2 2 0 0 1 0 0 1 0 2 2 2 1 0 1 0 2 1 2 1 2 0
2 2 1 1 1 0 0 0 0 1 2 2 2 0 1 2 2 1 2 1 2 1
2 2 2 1 0 0 0 1 0 1 2 2 2 0 2 1 2 1 1 1 2 1
1 1 0 0 1 0 0 1 2 1 2 1 2 0 0 1 2 2 2 2 2 0
2 2 1 1 2 0 0 0 1 1 2 2 0 0 0 0 2 2 2 1 2 1
2 2 0 1 0 1 0 0 0 1 2 1 2 0 2 0 2 2 2 1 1 1
1 2 0 1 0 0 0 0 1 1 2 2 2 0 1 0 2 1 2 0 2 1
1 2 0 1 0 0 0 1 1 2 2 2 0 0 1 0 2 2 2 1 2 2
1 2 0 0 0 2 0 0 1 1 2 2 2 0 2 0 2 1 2 0 2 1
2 2 0 0 0 0 0 1 0 2 2 2 1 0 1 2 2 2 2 1 2 1
0 2 0 0 0 0 0 1 0 1 2 1 1 0 2 1 2 1 1 2 2 0
1 2 0 1 0 0 0 0 0 1 1 1 1 0 0 0 2 2 1 1 2 1
1 2 0 0 0 0 0 0 1 0 2 1 1 2 1 1 2 2 1 2 2 1
1 2 1 0 1 0 0 0 1 2 2 0 2 0 1 0 2 0 2 1 2 2
2 2 0 0 1 1 0 0 1 1 2 2 2 0 2 0 2 2 2 2 2 0
1 2 1 1 2 0 0 0 1 1 2 1 2 0 1 1 2 0 2 0 2 2
0 2 1 0 0 0 0 0 1 1 2 1 1 0 1 0 2 1 2 1 2 0
2 2 0 0 1 0 1 2 0 2 2 2 1 1 0 0 2 1 2 0 2 2
2 2 2 0 1 1 0 0 0 1 2 2 0 0 0 0 2 1 2 1 1 1
2 1 1 1 0 0 0 1 0 0 2 2 1 0 1 0 2 2 2 2 2 1
2 2 0 0 0 0 0 0 1 0 2 2 1 0 0 0 2 2 2 1 1 1
2 2 0 0 1 2 1 1 0 2 2 2 2 1 1 0 2 2 1 2 2 2
1 2 0 0 0 0 0 1 1 2 2 2 1 0 2 0 2 1 2 2 2 2
1 2 1 0 2 1 0 0 0 2 1 1 2 0 1 0 2 2 2 1 2 0
2 2 1 0 2 0 0 0 0 0 2 1 2 0 2 1 2 0 2 0 2 1
1 2 1 1 1 0 0 1 1 1 2 1 2 1 2 0 2 0 2 1 2 1
0 1 0 0 1 0 1 1 0 1 2 0 2 0 1 0 2 2 2 1 2 0
0 2 1 0 0 0 0 1 0 1 2 1 2 1 2 0 2 1 2 1 2 0
0 2 1 1 1 0 0 1 1 2 2 2 2 0 2 0 2 1 2 1 2 1
2 2 1 0 2 0 0 0 0 0 2 1 2 0 2 0 2 2 2 0 1 1
1 2 1 1 0 0 0 0 0 2 2 2 1 1 1 1 2 1 2 1 0 0
2 2 0 1 1 0 0 2 0 1 1 2 1 0 2 1 2 1 2 1 2 1
1 2 0 0 1 1 0 1 1 2 2 1 1 0 2 1 2 0 2 1 2 1
0 2 0 1 1 1 0 1 1 1 2 2 2 0 1 0 2 1 1 1 2 1
1 2 0 0 1 1 0 0 0 2 2 2 2 0 2 0 2 1 2 2 2 1
2 2 1 0 0 0 0 0 0 1 2 2 1 0 2 0 2 1 2 0 2 1
1 2 0 0 2 1 0 2 0 0 2 2 2 1 0 1 2 0 1 0 2 1
1 2 1 0 2 0 0 1 0 2 2 2 2 1 1 0 2 1 2 0 1 1
2 2 0 0 1 0 0 0 1 1 2 0 1 1 2 0 2 1 2 2 2 0
1 2 0 1 1 0 0 1 1 2 2 2 2 0 2 0 2 0 2 2 2 0
2 2 1 0 0 0 0 0 1 0 2 2 2 1 1 0 2 0 2 0 2 1
1 2 1 0 0 0 0 2 1 1 2 2 2 0 2 0 2 0 2 0 2 0
2 2 0 0 0 1 0 0 1 2 2 2 2 0 2 1 2 1 2 2 2 1
1 2 1 0 0 0 0 1 1 1 2 2 2 1 2 0 2 1 2 1 1 2
0 2 0 0 0 0 0 0 0 2 2 2 1 2 1 1 2 1 2 0 2 0
2 2 1 0 0 0 0 2 0 2 2 2 2 0 2 0 2 2 2 1 2 1
2 2 0 1 1 1 0 0 1 2 2 1 2 1 2 0 2 0 2 2 2 2
1 2 0 0 0 0 0 0 0 1 2 2 1 0 1 1 2 0 2 1 2 1
2 2 1 0 2 1 0 1 0 2 2 1 1 0 1 0 2 2 1 1 2 1
1 2 0 1 1 0 0 1 0 2 2 2 2 0 2 0 2 1 2 2 2 2
1 2 1 0 1 0 0 0 0 1 2 1 1 0 1 0 2 2 2 1 2 2
1 2 0 0 0 0 0 1 1 1 2 2 2 1 2 1 2 2 2 1 2 0
2 2 1 0 2 0 0 1 0 2 2 2 2 0 1 0 2 1 2 0 2 1
1 2 1 0 0 0 0 0 2 2 1 2 1 0 2 0 2 1 2 1 2 2
2 2 1 0 2 0 0 1 0 0 2 2 2 0 2 1 2 1 2 2 1 1
0 2 0 0 1 1 0 0 0 0 2 2 2 1 2 1 2 2 2 2 2 2
2 2 1 1 0 0 0 1 0 2 2 2 1 1 1 1 2 2 1 1 2 0
2 2 0 0 1 0 0 0 1 1 2 2 2 0 1 0 2 2 2 0 1 1
2 2 2 0 0 0 0 0 0 2 2 1 1 0 1 0 2 1 1 1 2 2
1 2 0 0 1 0 0 0 1 0 2 2 1 0 1 1 2 2 2 0 2 1
2 2 0 0 1 0 0 1 0 1 2 2 2 1 2 0 2 2 2 2 2 1
1 2 0 0 0 0 0 1 1 2 2 2 1 0 0 0 2 1 2 2 1 2
1 1 1 1 1 0 0 1 0 2 2 2 1 0 2 2 2 1 2 0 2 2
1 2 0 0 0 0 0 2 1 1 2 1 2 0 1 1 2 2 2 2 2 2
2 2 0 0 0 0 0 0 0 1 2 2 1 0 2 1 2 2 2 2 2 1
2 2 1 1 0 0 0 0 1 2 2 1 2 0 0 0 2 0 2 2 2 1
1 2 2 1 0 0 0 0 0 1 2 1 1 0 1 0 2 1 2 1 0 0
0 2 0 1 2 0 0 0 0 0 1 2 1 0 1 0 2 2 2 1 1 0
0 2 0 0 1 0 0 0 0 1 2 2 2 0 0 0 2 1 2 0 2 0
1 2 0 0 1 0 0 0 0 0 2 1 2 1 2 0 2 2 2 0 2 0
1 2 1 0 1 0 0 0 0 1 1 2 2 0 2 1 2 2 2 2 1 0
1 2 0 1 1 0 0 0 1 0 1 2 1 1 2 0 2 2 2 1 2 0
1 2 0 0 1 0 0 0 0 0 2 2 2 0 0 0 2 2 2 2 2 1
1 2 1 0 1 0 0 0 0 1 2 1 2 0 2 0 2 0 2 2 2 0
1 2 0 0 1 0 0 1 2 1 2 2 1 1 0 0 2 1 2 2 2 0
1 2 0 1 0 0 0 1 1 2 2 1 2 1 1 0 2 1 2 2 2 2
0 2 2 1 0 0 1 0 0 1 2 1 1 0 1 0 2 2 2 2 2 1
0 2 0 0 1 0 0 0 1 0 2 2 1 1 2 1 2 2 2 2 2 2
2 2 1 0 0 0 0 0 1 2 2 1 2 0 1 0 2 1 2 1 1 2
2 2 1 0 1 0 0 0 1 1 2 2 1 0 0 0 2 2 2 2 2 0
2 2 1 1 2 0 0 1 1 2 2 2 2 1 1 0 2 0 2 2 2 2
1 2 1 1 0 0 0 1 0 1 2 2 2 0 2 1 2 1 2 2 2 1
1 2 0 1 1 0 0 2 0 2 2 2 0 1 0 0 2 1 2 1 2 0
1 2 0 0 1 1 0 2 1 1 2 2 2 0 0 0 2 2 2 1 2 2
1 2 0 0 1 0 0 1 0 1 2 2 1 0 2 0 2 1 2 1 2 2
2 2 0 0 1 1 0 1 0 1 2 1 1 0 1 0 2 0 2 2 2 2
2 2 1 0 0 0 0 0 0 2 2 1 2 0 1 0 2 0 2 2 1 1
2 2 2 0 2 0 0 0 1 2 2 2 1 0 1 0 2 1 2 0 2 1
2 2 0 0 1 0 0 0 1 2 2 2 2 0 1 1 2 0 2 0 2 0
2 1 2 0 1 0 0 1 0 1 2 2 1 0 1 1 2 1 1 2 1 0
2 2 0 0 2 0 0 2 0 0 2 1 1 0 2 0 2 2 1 1 1 1
1 2 0 0 0 2 0 0 0 0 2 2 1 0 2 1 2 1 2 2 2 1
1 2 0 1 0 1 0 0 0 2 1 1 2 0 0 0 2 2 2 2 2 1
2 2 1 0 0 0 0 0 0 1 2 2 1 0 2 0 2 2 1 1 1 1
1 2 1 0 0 0 0 1 1 1 2 2 2 0 1 0 2 1 2 2 2 2
0 1 1 0 0 1 0 0 1 0 2 2 2 0 2 2 2 1 2 1 2 2
1 2 0 0 0 0 0 1 0 1 2 2 0 2 0 0 2 2 2 1 2 1
1 2 0 0 2 0 0 1 0 1 2 2 1 0 1 0 2 1 2 1 2 1
1 2 1 0 2 0 0 1 1 2 2 1 2 0 2 0 2 2 2 0 2 1
2 1 0 0 1 0 0 0 1 0 2 1 2 0 1 0 2 1 2 1 2 2
2 2 0 0 2 1 0 0 0 1 2 2 2 0 1 0 2 1 2 1 2 0
1 2 0 0 2 0 0 1 0 2 2 2 1 0 1 1 2 1 2 0 2 2
2 2 1 0 0 0 0 1 0 0 2 2 2 0 2 0 2 2 1 1 2 1
2 2 0 0 0 0 0 1 1 1 2 2 2 0 1 0 2 1 2 1 2 0
1 1 0 0 0 0 0 2 1 0 2 2 2 0 0 0 2 1 2 2 2 2
1 2 0 0 2 0 0 1 1 1 2 2 1 0 1 1 2 1 2 1 2 0
2 2 0 0 1 0 0 2 1 0 2 2 2 1 1 0 2 1 2 1 2 1
2 2 1 0 2 0 0 1 1 1 2 1 2 0 2 1 2 2 2 1 2 1
2 2 2 0 1 0 0 1 0 0 2 1 2 0 1 0 2 2 2 1 2 2
1 2 1 0 2 0 0 0 0 1 2 2 2 0 1 0 2 1 2 1 2 2
1 2 0 0 1 0 0 0 1 1 2 2 1 0 1 0 2 1 2 0 2 0
2 2 1 0 0 0 0 1 0 1 2 1 2 0 1 0 2 1 2 0 2 0
2 2 0 0 1 0 0 1 1 2 2 2 1 1 1 0 2 1 2 1 2 1
2 2 0 0 0 0 0 0 0 1 2 2 1 0 0 0 2 2 2 2 2 1
1 2 0 0 1 0 0 0 2 1 2 1 2 1 1 0 2 2 2 2 2 1
1 2 0 0 2 0 0 1 1 0 2 2 2 0 1 1 2 1 2 1 2 0
0 2 1 0 2 0 0 1 0 0 2 2 1 1 0 0 2 0 2 2 2 2
2 2 1 0 1 0 0 1 0 1 2 2 2 1 1 0 2 1 2 1 2 2
1 2 0 0 1 1 0 1 0 1 1 2 2 0 1 0 2 0 2 2 2 1
1 2 0 0 2 0 0 0 1 2 2 2 2 0 2 1 2 1 2 1 1 2
0 2 0 0 2 0 1 1 0 1 2 2 2 0 0 1 2 2 1 1 2 1
2 2 0 0 0 0 0 1 1 1 2 2 2 0 2 1 2 2 1 2 2 1
1 2 1 0 1 0 0 1 0 2 1 1 2 0 0 0 2 1 2 0 2 0
1 2 1 1 0 1 0 0 1 1 2 1 2 1 2 1 2 1 2 1 2 2
2 2 0 1 0 1 0 1 0 1 2 2 2 0 0 1 2 2 2 0 2 2
2 2 2 0 1 0 0 0 0 0 1 2 2 0 1 0 2 0 2 2 1 0
2 2 0 0 0 1 0 0 0 0 2 1 2 0 1 0 2 1 2 2 2 2
1 2 0 0 2 2 0 0 1 2 2 1 2 0 1 0 2 2 2 0 2 1
2 2 0 0 1 0 0 0 0 2 2 1 1 0 0 0 2 1 2 1 2 1
1 2 0 0 1 0 0 0 0 2 2 2 2 1 1 1 2 1 2 1 2 0
1 2 1 0 1 0 0 1 1 2 1 1 2 0 1 1 2 1 2 1 2 0
2 2 1 0 0 0 0 1 1 1 2 2 0 1 1 0 2 2 2 1 2 0
2 0 0 0 1 0 0 1 1 0 2 1 2 0 1 0 2 2 2 1 2 0
2 0 0 0 1 0 0 1 0 1 2 2 1 0 1 0 2 1 2 1 2 1
1 2 2 0 0 0 0 1 1 1 2 2 1 1 0 0 2 0 2 0 2 1
2 2 0 0 2 1 0 0 1 1 2 2 1 0 2 0 2 2 2 1 2 2
2 2 1 0 0 0 0 1 0 2 2 2 2 1 1 0 2 1 2 0 2 1
2 2 1 1 0 0 0 2 1 1 2 2 0 0 2 1 2 1 2 1 2 0
2 2 1 0 2 0 1 0 1 2 2 2 2 0 2 1 2 2 2 1 2 0
2 2 0 1 1 0 0 0 0 1 2 2 2 1 2 0 2 2 2 1 2 2
2 2 0 0 1 2 0 0 0 2 2 2 2 0 0 0 2 2 2 2 2 1
1 2 0 1 0 0 0 1 0 2 2 0 2 0 2 0 2 1 2 1 2 1
2 2 0 0 1 0 0 1 0 2 2 1 1 0 1 1 2 1 2 2 1 0
2 2 1 1 0 0 0 0 0 2 2 1 2 0 2 0 2 1 2 2 1 1
1 2 0 0 1 0 0 1 1 1 2 1 2 2 0 1 2 0 2 0 1 2
2 2 0 0 1 1 0 0 0 2 2 1 1 0 1 0 2 2 2 0 2 0
1 2 1 1 1 1 0 1 0 1 1 2 2 0 2 0 2 1 2 0 1 2
2 1 1 0 1 0 0 0 0 0 2 0 2 1 2 0 2 2 2 2 2 1
2 1 0 0 1 0 0 0 1 0 1 2 1 0 2 1 2 0 1 1 1 2
2 2 1 0 0 0 0 0 0 2 2 2 1 1 2 1 2 2 2 2 2 1
2 1 2 1 1 0 0 0 2 1 2 1 2 0 1 0 2 0 2 1 2 1
2 2 2 0 1 0 0 2 0 1 2 1 2 0 2 1 2 2 2 0 2 1
1 2 0 0 1 1 0 0 1 0 2 1 1 0 2 0 2 2 2 2 2 0
2 2 0 0 0 0 0 1 0 1 2 2 0 1 1 1 2 2 2 1 2 1
1 2 1 0 1 0 0 0 1 2 2 2 2 0 1 1 2 2 2 1 2 0
1 2 1 0 2 0 0 2 1 1 2 1 2 1 1 0 2 2 2 1 2 0
1 2 0 0 2 1 0 1 0 2 1 2 2 1 2 0 2 1 2 1 2 0
2 2 1 0 2 0 0 0 0 0 2 1 2 1 2 0 2 0 2 2 2 1
2 2 0 0 1 0 0 0 0 1 2 2 1 0 1 1 2 1 2 0 2 1
2 2 0 0 0 0 0 1 1 0 1 1 1 0 1 0 2 0 2 1 1 2
2 2 1 0 1 0 0 1 1 1 2 2 2 1 0 0 2 1 2 1 2 0
2 2 0 0 1 0 0 0 0 1 2 2 2 0 2 0 2 1 2 2 2 1
2 1 0 0 2 0 0 1 0 2 2 2 1 1 0 1 2 1 2 0 2 2
2 2 0 1 0 0 0 0 0 2 2 2 1 0 1 0 2 1 2 1 1 0
2 2 0 0 0 1 0 2 2 0 2 1 2 1 2 1 2 1 2 1 0 0
1 2 1 0 1 1 0 0 0 1 2 2 2 0 1 2 2 1 2 1 1 1
2 2 0 0 0 0 0 0 1 0 2 1 2 0 2 0 2 1 2 2 2 1
1 2 1 0 1 0 0 0 1 1 2 2 1 0 0 0 2 0 2 0 1 1
2 2 0 0 1 1 0 0 0 0 2 2 2 0 2 0 2 1 2 0 2 1
2 2 1 1 2 0 0 1 0 1 2 2 1 0 2 0 2 2 2 1 1 1
2 2 0 0 1 0 0 2 1 1 2 1 2 1 1 0 2 1 2 1 1 0
2 2 1 0 2 1 0 0 0 2 2 1 2 0 2 0 2 0 2 1 1 0
1 2 1 0 0 0 0 1 0 1 2 2 1 1 2 1 2 1 2 0 2 0
2 2 1 0 1 1 0 0 0 0 2 2 2 0 0 0 2 1 2 2 2 1
2 2 0 1 0 0 0 2 0 0 2 1 1 0 2 0 2 1 2 1 2 1
1 2 0 0 0 0 0 1 0 2 2 2 1 0 2 1 2 1 2 1 2 0
2 1 1 0 0 0 0 0 0 2 2 2 1 0 2 1 2 2 2 2 2 0
1 0 0 0 0 0 0 1 1 1 2 2 2 0 2 1 2 2 2 0 1 1
2 2 0 0 2 0 0 1 0 2 2 1 2 0 2 0 2 2 2 2 2 0
2 2 0 0 1 0 0 0 0 1 2 2 2 0 2 0 2 1 2 0 2 1
1 2 1 1 1 0 0 1 1 0 2 1 2 0 0 0 2 0 2 0 2 1
0 2 0 1 1 0 0 0 1 1 2 2 1 0 1 0 2 0 2 2 2 1
1 2 0 0 2 0 1 0 0 2 2 1 2 0 0 0 2 1 1 1 2 0
0 2 0 1 0 0 0 2 0 2 2 2 1 0 1 0 2 1 2 1 2 1
2 2 0 0 1 0 0 0 1 1 2 1 2 0 2 1 2 0 2 1 2 2
0 2 0 0 0 0 0 0 1 1 2 1 2 0 1 0 2 0 2 1 2 1
2 2 2 0 1 0 0 1 0 2 2 0 1 0 1 0 2 1 2 2 2 1
1 2 1 0 1 0 0 2 1 0 2 2 2 1 1 0 2 1 2 1 2 0
2 1 0 0 0 0 0 1 0 2 2 2 2 0 1 1 2 1 2 2 1 1
2 1 0 1 1 1 0 1 0 2 2 1 1 0 2 0 2 2 2 2 2 0
2 1 1 0 2 0 0 0 0 2 2 1 2 1 1 1 2 0 2 2 2 1
1 1 1 0 0 0 0 0 0 2 2 2 2 0 1 1 2 1 2 0 2 0
1 2 1 0 1 0 0 0 1 1 2 1 2 1 1 0 2 1 2 0 1 2
2 2 1 0 1 1 0 1 1 1 2 1 1 0 2 0 2 1 2 1 2 0
2 2 2 0 0 2 0 0 0 0 2 2 2 0 2 0 2 2 2 0 2 2
0 2 2 0 1 0 0 0 1 0 2 2 1 0 2 1 2 1 2 2 2 2
2 1 1 0 0 1 0 0 0 1 2 1 1 0 1 0 2 1 2 2 2 2
2 1 1 0 0 0 0 1 1 1 1 1 0 0 0 0 2 1 2 1 2 1
2 2 0 0 0 0 0 2 1 1 2 1 2 1 0 0 2 1 2 0 2 0
1 2 0 0 1 0 0 0 0 0 2 2 2 0 2 1 2 1 2 1 2 1
1 2 1 0 1 1 0 2 1 0 2 2 2 0 1 0 2 1 2 1 2 0
1 2 0 0 1 0 0 1 0 2 2 1 2 0 1 1 2 1 2 0 2 1
1 2 1 0 0 0 0 1 0 1 2 1 2 0 1 0 2 1 2 1 2 1
1 2 0 0 1 0 0 1 0 2 1 1 2 0 1 0 2 1 2 1 2 0
2 2 0 1 2 1 0 0 1 1 2 2 1 0 2 1 2 2 1 1 2 2
2 2 0 0 0 2 0 0 0 1 2 1 1 1 1 0 2 1 2 1 2 1
0 2 1 0 1 0 0 1 1 1 2 2 1 0 1 1 2 1 2 1 2 1
1 2 1 0 1 0 0 1 0 1 2 2 2 0 0 0 2 1 2 2 1 1
2 2 1 1 2 0 0 1 0 2 2 0 1 0 2 0 2 2 2 1 2 1
2 2 0 1 2 0 0 2 1 0 2 2 2 1 1 1 2 1 2 0 1 2
1 2 1 0 1 0 0 1 0 0 2 2 2 0 1 0 2 2 2 0 2 1
2 2 1 0 1 0 0 1 0 1 2 2 1 0 1 0 2 0 2 2 2 1
2 2 0 1 2 0 0 0 0 2 2 2 2 0 0 0 2 1 2 0 1 0
2 2 0 0 1 0 0 0 1 2 2 1 2 0 1 0 2 2 2 0 2 1
1 2 0 0 1 0 0 1 0 2 2 2 2 0 2 0 2 1 2 0 2 0
1 2 0 1 1 0 0 2 1 0 1 1 2 0 1 1 2 1 1 2 1 1
0 2 1 1 0 1 0 1 1 2 2 2 2 0 1 0 2 2 2 0 1 0
1 2 0 1 2 0 0 0 1 0 2 1 2 0 2 1 2 0 2 1 2 0
2 2 0 0 0 0 0 0 0 1 2 1 2 0 2 0 2 2 2 0 2 1
2 1 1 0 2 0 0 1 0 1 2 1 2 0 0 1 2 2 2 1 2 2
1 2 0 1 1 1 0 1 0 1 2 2 2 0 2 1 2 1 2 1 1 1
1 2 0 0 2 1 0 1 1 1 2 2 2 0 0 0 2 1 2 2 1 0
2 2 1 0 0 0 0 0 2 2 2 2 2 1 1 0 2 2 2 2 1 1
1 2 0 1 1 0 0 0 0 2 2 2 2 1 1 0 2 2 2 1 2 1
2 2 0 0 1 0 0 1 1 0 1 2 2 0 2 2 2 1 2 2 2 0
1 1 1 0 1 0 0 1 1 2 1 2 2 1 1 0 2 2 2 1 2 1
1 2 1 0 2 1 0 1 0 0 2 2 2 0 1 0 2 2 2 1 2 0
2 2 0 0 2 0 0 0 0 2 1 2 0 0 1 0 2 2 2 0 2 1
1 2 1 1 1 0 0 2 0 2 2 2 2 0 0 1 2 1 2 1 1 1
1 2 1 1 1 1 0 0 1 2 2 2 2 0 2 0 2 1 2 2 2 1
2 2 0 0 0 1 0 0 0 2 2 2 1 0 1 0 2 1 2 2 2 0
1 2 0 0 1 1 0 1 0 2 2 2 1 2 2 1 2 1 2 1 2 1
1 2 0 0 2 1 0 0 0 1 2 1 2 0 1 1 2 2 2 1 2 1
1 2 0 1 1 0 0 1 0 2 2 2 2 1 2 1 2 1 2 1 2 1
1 2 1 0 0 0 0 0 0 1 2 1 2 0 0 0 2 2 2 1 2 2
1 2 0 0 0 0 0 1 0 1 2 2 2 0 2 0 2 1 2 1 1 1
1 2 1 0 1 0 0 1 1 1 2 2 1 0 1 0 2 2 2 1 2 1
1 2 0 1 0 0 0 1 1 2 2 1 0 1 2 0 2 0 2 2 2 2
0 2 1 1 0 0 0 1 0 1 2 2 2 0 0 1 2 1 2 2 2 0
1 2 1 0 0 0 0 1 0 2 2 1 2 0 0 1 2 1 2 2 1 0
0 2 2 0 0 0 0 1 1 0 2 2 2 0 1 1 2 1 2 2 2 0
1 2 0 0 1 1 0 0 1 1 2 2 1 0 1 0 2 2 2 2 2 1
1 2 1 0 0 0 0 1 1 2 2 2 2 1 1 0 2 1 2 2 2 2
2 1 0 1 0 1 0 1 0 0 1 2 1 0 1 0 2 1 2 1 2 1
1 2 1 0 0 0 0 0 0 1 2 2 2 0 0 0 2 1 2 2 2 1
1 2 2 0 1 0 0 1 1 1 1 2 1 1 1 1 2 1 2 1 2 0
2 2 0 1 1 0 0 1 1 1 2 1 2 0 0 0 2 0 2 0 1 0
1 2 0 0 0 0 0 0 1 2 2 1 1 0 1 1 2 1 1 1 2 1
1 2 0 0 1 0 0 2 0 0 2 2 2 0 1 1 2 0 2 2 2 1
1 2 1 0 1 1 0 1 1 1 2 2 1 1 1 1 2 1 2 1 2 0
1 2 0 1 1 0 0 1 1 2 2 0 1 1 1 1 2 1 2 0 2 1
1 2 0 1 0 0 0 0 0 2 2 2 2 0 2 0 2 1 2 2 2 2
1 2 0 0 2 0 0 0 1 1 2 2 0 0 2 0 2 2 2 0 2 0
1 2 1 1 0 0 0 1 0 1 2 2 2 1 0 1 2 2 2 1 1 1
2 2 1 0 0 0 0 0 0 0 1 2 2 0 2 0 2 0 2 1 2 1
1 2 1 0 0 0 0 0 0 2 2 2 2 0 1 0 2 2 2 0 2 1
1 2 2 2 1 0 0 0 0 0 2 2 2 1 1 1 2 1 2 1 1 0
2 1 0 1 0 1 0 0 0 2 2 1 1 0 1 0 2 0 2 1 1 1
2 2 0 0 1 0 0 1 0 0 2 1 2 0 1 1 2 1 2 1 1 1
0 2 1 2 2 0 0 0 1 1 2 1 2 0 1 1 2 2 2 1 2 0
1 2 1 0 2 0 0 1 1 1 2 2 1 0 1 0 2 1 2 1 2 1
1 2 0 2 0 1 0 0 0 2 2 2 2 0 2 0 2 1 2 1 2 1
2 2 1 1 0 1 0 1 0 2 2 1 2 0 2 0 2 1 2 2 2 0
1 2 0 1 1 0 0 1 0 1 2 2 2 0 2 1 2 1 2 1 2 1
0 2 0 0 2 0 0 0 0 1 2 1 2 0 2 1 2 1 2 2 2 2
2 2 2 0 0 0 0 1 1 1 2 2 1 0 2 0 2 2 2 1 2 0
2 2 1 0 1 0 0 1 1 1 2 2 2 0 2 0 2 0 2 0 2 1
2 1 0 1 1 0 0 2 1 2 2 2 2 0 2 0 2 2 2 0 2 1
2 2 0 0 1 0 0 0 0 0 2 2 1 0 1 0 2 2 1 1 1 1
2 2 0 1 1 0 0 1 0 0 2 2 0 1 2 0 2 1 2 2 0 0
2 2 1 0 1 1 0 1 1 1 2 1 2 0 2 0 2 0 2 0 2 1
2 2 1 0 1 0 0 0 0 2 2 1 1 0 1 1 2 2 2 2 2 1
1 2 0 0 1 0 0 1 1 1 2 1 2 0 1 0 2 1 2 1 2 1
1 2 0 0 0 0 0 0 0 2 2 2 1 0 1 0 2 1 2 1 2 1
2 2 1 0 1 0 0 0 1 1 2 2 2 1 2 0 2 1 2 0 1 1
1 2 0 0 0 0 0 0 1 0 2 2 1 0 2 0 2 1 2 0 2 1
0 2 0 0 0 1 0 1 1 1 2 2 2 0 1 0 2 1 2 1 1 1
2 2 0 0 0 1 0 0 0 0 2 1 2 0 2 0 2 1 2 1 2 1
2 2 0 0 0 0 0 0 0 1 2 2 1 1 1 0 2 2 1 1 2 2
2 2 0 0 2 0 0 0 2 1 1 2 0 0 1 0 2 0 2 2 2 2
2 2 1 0 1 0 0 1 1 0 1 2 2 1 1 1 2 0 2 1 1 1
1 2 1 0 1 0 0 1 0 2 2 2 0 0 1 1 2 1 2 0 2 1
1 1 1 0 2 0 0 1 0 0 2 2 1 1 2 0 2 2 1 0 2 1
1 2 1 0 1 0 0 1 0 2 1 2 2 0 1 0 2 1 2 1 2 1
1 2 0 0 2 0 0 1 0 0 2 1 0 0 1 1 2 0 2 0 2 1
2 2 1 0 2 0 0 1 1 1 2 2 2 0 1 1 2 1 2 2 1 0
1 2 0 0 0 0 0 1 0 0 2 2 1 0 1 1 2 1 2 2 2 1
1 2 1 1 1 0 0 0 0 2 2 1 1 0 2 0 2 0 2 0 2 2
1 2 1 0 0 1 0 0 0 0 2 2 1 0 1 0 2 0 2 1 2 0
1 2 1 0 1 0 0 1 0 2 2 1 2 0 1 1 2 2 2 2 2 2
1 2 0 0 1 0 0 2 1 0 2 1 2 0 1 0 2 1 1 1 2 2
1 2 1 0 0 1 0 1 1 0 1 2 2 0 2 0 2 1 2 0 2 1
1 2 2 0 0 0 0 1 0 2 2 1 2 1 1 0 2 1 2 1 2 1
2 2 0 0 0 0 0 0 1 1 2 2 2 0 2 0 2 0 2 1 2 2
1 2 0 0 1 0 0 2 2 1 2 2 1 1 1 1 2 0 2 1 2 0
1 2 0 1 0 0 0 1 1 1 2 2 2 0 2 1 2 2 2 0 1 0
1 1 1 0 1 0 0 0 0 1 2 2 2 0 0 0 2 2 2 2 2 0
1 2 0 0 1 0 0 1 0 0 2 2 2 0 1 1 2 0 2 2 2 1
2 2 1 1 0 1 0 1 1 1 2 2 1 0 2 0 2 2 2 0 2 0
0 2 0 1 2 0 0 0 1 2 2 2 1 1 1 1 2 2 2 1 2 2
1 1 1 1 1 0 0 1 1 0 2 2 1 0 2 0 2 2 2 1 1 0
2 2 0 0 0 0 0 0 0 1 2 1 1 0 2 1 2 0 2 1 2 2
1 2 1 0 1 0 0 0 1 0 2 1 2 0 2 1 2 1 2 0 2 2
0 2 0 0 1 0 0 0 0 1 2 2 2 0 1 0 2 1 1 1 2 1
2 2 0 0 0 0 0 1 0 1 1 2 1 0 2 0 2 1 2 1 2 1
0 2 0 0 1 1 0 0 2 2 2 2 2 0 2 0 2 1 1 1 2 1
2 2 0 0 0 0 0 0 0 2 2 1 2 0 1 1 2 2 2 2 2 0
2 2 0 0 1 0 0 1 0 2 2 2 2 0 1 0 2 2 2 2 2 1
0 2 0 0 0 0 0 0 0 1 2 2 1 1 2 0 2 0 2 1 2 2
2 2 1 0 1 0 0 0 0 2 2 2 2 0 2 0 2 0 2 2 2 0
2 2 0 0 0 0 0 1 0 1 2 2 1 1 2 0 2 1 2 1 2 2
2 2 2 0 2 0 0 0 1 0 2 1 2 0 2 2 2 2 1 1 2 1
1 2 1 1 2 0 0 1 1 2 2 2 2 0 1 0 2 1 2 1 1 0
0 2 1 0 2 0 0 2 1 1 2 2 2 0 1 0 2 1 2 1 1 0
2 2 0 0 0 0 0 2 1 2 1 2 1 0 2 0 2 1 2 1 2 1
2 2 0 0 0 0 0 1 1 2 2 1 2 0 0 0 2 1 2 1 2 0
2 2 0 1 1 1 0 0 0 0 2 2 2 0 1 2 2 1 2 1 2 2
2 2 0 0 0 0 0 0 0 2 2 2 2 2 1 1 2 2 2 0 1 0
2 2 1 0 1 0 0 0 1 1 2 2 1 0 2 1 2 0 2 1 2 1
2 2 0 0 1 0 0 0 1 0 2 2 2 0 1 1 2 2 2 1 1 1
1 2 0 1 2 0 0 2 0 1 2 2 2 0 1 1 2 1 2 1 2 1
2 2 0 1 0 0 0 1 1 2 2 2 1 0 2 0 2 0 2 0 1 2
1 2 2 1 1 0 0 0 1 0 2 2 1 0 1 1 2 2 2 1 2 1
1 2 1 1 0 0 0 0 1 1 2 0 1 0 1 1 2 0 2 1 2 1
1 2 1 1 1 0 0 0 0 1 2 2 2 1 1 0 2 0 2 0 2 2
1 2 1 0 2 0 0 2 0 0 2 2 2 0 2 1 2 2 2 2 2 2
2 2 1 1 0 0 0 0 1 2 2 2 2 0 2 1 2 2 2 1 2 1
1 2 1 1 1 1 0 1 1 1 2 2 2 0 0 1 2 0 2 1 2 1
1 2 1 1 1 1 0 0 0 0 2 1 2 1 1 0 2 1 2 0 2 1
0 2 1 0 1 0 0 0 0 2 2 1 1 0 1 0 2 2 2 0 2 1
2 2 1 2 2 1 0 1 1 2 2 2 2 0 1 2 2 1 2 2 2 1
1 2 2 0 1 0 0 0 2 2 2 2 1 1 0 1 2 1 2 1 2 1
2 2 0 0 1 1 0 1 0 1 2 2 2 0 1 0 2 2 2 1 1 1
1 2 0 0 1 1 0 1 0 1 2 2 1 1 1 0 2 1 2 0 2 0
1 2 2 0 2 0 0 0 0 0 2 2 2 1 0 0 2 2 2 1 1 1
0 2 1 0 2 0 0 0 1 0 2 1 2 1 1 0 2 2 2 2 1 0
2 1 1 0 0 1 0 2 1 2 2 1 1 1 2 1 2 1 2 2 2 1
1 1 1 0 0 0 0 0 1 1 2 2 2 0 1 1 2 1 2 1 2 1
1 2 0 0 1 1 0 1 2 1 2 2 2 0 2 0 2 2 2 1 2 0
1 2 0 0 1 0 0 2 1 1 2 2 1 1 2 0 2 1 2 1 2 0
1 2 0 0 0 0 0 1 0 1 2 2 2 0 1 0 2 1 2 0 2 0
2 2 0 0 1 0 0 1 1 0 2 2 0 0 1 0 2 1 2 1 0 2
1 1 0 0 1 0 0 1 0 1 2 2 2 0 2 1 2 1 2 2 2 1
1 2 1 0 0 0 0 1 0 2 2 2 1 0 2 1 2 2 2 1 2 1
0 2 0 0 1 0 0 1 0 1 2 1 2 0 2 1 2 1 2 1 2 0
1 2 1 0 1 0 0 1 1 1 2 2 2 0 1 2 2 1 2 1 2 0
1 2 1 0 0 1 0 0 1 1 2 2 1 0 2 0 2 1 2 1 2 1
2 2 1 0 1 0 0 1 0 2 2 2 2 1 1 1 2 1 2 1 2 2
2 2 2 1 1 0 0 0 1 0 2 2 2 0 2 0 2 1 2 1 2 2
2 2 0 0 0 1 0 0 2 1 2 2 2 0 2 0 2 1 2 1 2 0
1 2 0 0 2 0 0 0 0 0 2 2 2 0 1 0 2 2 2 2 2 2
1 2 2 0 1 0 0 0 0 2 2 2 2 0 2 0 2 0 2 2 2 1
2 2 0 0 2 0 0 0 1 2 2 2 2 0 1 0 2 1 1 1 2 0
2 2 1 0 2 0 0 0 1 2 2 2 1 2 0 1 2 2 2 0 1 0
2 2 0 0 2 0 0 1 0 1 2 1 1 0 2 1 2 1 1 2 2 1
2 2 0 0 1 0 0 2 1 2 2 2 2 0 0 0 2 0 2 2 2 1
1 2 1 0 1 0 0 0 0 2 2 2 2 0 1 0 2 0 1 2 2 2
2 2 0 0 1 0 0 2 1 2 2 2 2 0 1 1 2 2 2 0 2 1
0 2 0 2 1 0 0 1 1 2 2 2 2 0 2 0 2 1 2 0 2 0
1 2 0 0 2 1 0 2 1 1 2 2 1 0 2 1 2 1 1 0 2 1
1 2 1 0 0 0 0 1 1 1 1 2 2 0 2 1 2 1 2 1 1 2
2 2 0 0 1 0 0 0 0 1 2 1 2 0 2 1 2 0 2 2 2 1
2 2 0 1 1 1 0 1 0 2 2 2 1 0 1 0 2 2 2 0 1 2
1 2 1 0 1 1 0 1 0 1 2 2 1 0 1 0 2 0 2 1 2 1
1 2 0 0 1 0 0 1 0 1 2 2 1 1 1 0 2 2 2 0 2 0
1 2 1 1 1 0 0 1 1 2 2 2 1 0 0 1 2 2 2 1 2 1
0 2 0 1 0 0 0 1 2 0 2 2 1 0 0 1 2 1 2 2 2 2
1 2 0 1 1 0 0 0 0 1 2 2 1 0 2 0 2 2 2 2 2 0
0 2 1 1 1 1 0 0 1 1 2 1 1 2 0 1 2 1 2 1 2 0
2 2 0 0 0 0 0 1 0 0 2 2 2 0 1 0 2 1 2 1 2 1
2 2 1 0 1 0 0 0 0 0 2 1 2 1 2 0 2 0 2 1 2 1
1 2 1 0 1 1 0 1 1 1 2 2 2 0 1 0 2 2 2 0 2 1
1 2 0 0 2 0 0 1 0 1 2 2 1 1 2 0 2 2 2 2 2 2
2 2 1 1 1 0 0 0 0 1 2 2 2 1 2 0 2 2 2 0 2 2
2 2 0 0 1 1 0 1 0 0 2 2 2 0 2 0 2 1 2 1 2 0
1 2 0 0 1 0 0 0 1 1 2 2 2 1 1 0 2 1 2 0 2 1
2 2 1 0 0 0 0 0 1 2 2 1 2 1 1 1 2 1 2 1 2 1
1 2 0 1 1 0 0 0 1 1 2 1 2 0 1 0 2 1 2 1 2 2
2 2 0 0 0 0 0 0 0 2 2 1 2 0 2 0 2 1 2 1 0 1
2 2 0 0 2 0 0 0 0 2 1 2 1 1 1 0 2 1 2 2 1 0
1 2 0 1 1 0 0 1 1 1 2 1 1 0 1 0 2 0 2 1 2 1
2 2 1 1 1 0 0 0 1 1 2 2 1 1 2 1 2 1 2 1 2 1
0 2 0 0 1 0 0 0 2 1 2 1 1 0 1 0 2 2 2 0 2 1
1 2 0 1 2 0 0 1 1 2 2 2 1 0 2 1 2 1 2 1 1 0
1 2 0 0 1 1 0 0 0 2 2 1 2 0 1 1 2 2 2 1 1 1
1 2 0 0 0 1 0 1 0 2 2 2 1 0 2 0 2 1 2 2 1 2
2 2 0 0 1 0 0 0 1 2 2 2 2 0 1 1 2 2 2 1 2 1
1 1 1 1 1 0 0 2 0 1 2 1 2 0 1 0 2 1 2 1 2 0
1 2 0 0 0 0 0 0 1 0 2 1 2 0 2 1 2 1 2 1 2 2
2 2 1 0 1 0 0 0 0 1 2 2 2 0 0 0 2 0 2 0 2 0
1 2 0 1 1 0 0 0 2 2 2 2 2 0 1 2 2 1 2 0 2 2
1 2 0 1 0 0 0 0 0 1 1 2 2 0 1 0 2 1 1 0 2 1
2 1 0 0 1 0 0 0 1 1 2 0 2 0 1 0 2 1 2 2 2 2
2 2 0 0 0 0 0 0 1 0 2 1 2 0 1 1 2 1 2 2 2 1
1 2 1 2 1 0 0 1 0 2 2 1 2 0 2 1 2 2 2 1 1 2
0 2 0 1 0 1 0 0 1 1 2 2 1 1 2 1 2 2 2 0 2 1
2 2 0 0 1 1 0 1 1 2 2 2 1 1 2 0 2 2 2 2 2 0
1 2 0 0 1 0 0 0 1 2 2 2 2 0 1 1 2 2 2 2 1 1
1 2 0 1 1 0 0 0 0 1 1 2 2 0 1 0 2 0 2 0 2 2
1 2 1 0 1 0 0 1 2 1 2 2 1 0 1 0 2 0 2 1 2 0
1 2 2 0 2 1 0 0 1 1 1 1 2 1 1 0 2 1 2 1 1 0
1 2 1 0 1 0 0 1 0 1 2 2 2 0 1 1 2 1 2 1 1 0
1 2 1 0 1 0 0 0 0 1 2 1 1 1 2 0 2 1 2 1 2 2
2 2 0 0 1 0 0 1 0 1 2 2 2 1 1 1 2 1 2 1 2 1
1 2 0 0 1 0 0 0 0 0 2 2 2 0 2 1 2 0 2 2 1 1
2 2 0 0 0 0 0 0 0 0 2 2 2 1 2 0 2 1 2 0 2 2
1 2 1 1 1 0 0 0 1 1 2 2 2 1 1 0 2 2 2 2 2 0
1 2 0 0 0 1 0 1 1 0 2 0 2 0 0 0 2 1 2 1 2 2
1 2 0 0 0 0 0 0 1 1 2 1 2 2 0 1 2 1 2 1 2 1
1 2 1 0 2 1 0 2 1 2 2 2 1 0 0 0 2 1 2 0 2 1
2 2 1 0 2 0 0 0 0 2 2 2 2 0 2 1 2 1 2 0 2 1
2 2 0 0 1 0 0 0 1 1 2 2 2 0 2 0 2 1 1 2 2 1
0 2 0 0 0 0 0 1 0 1 2 1 2 0 0 1 2 2 2 1 2 1
0 2 0 0 0 0 0 0 2 1 2 2 0 0 1 0 2 1 2 2 1 2
2 2 0 1 2 0 0 0 2 1 2 1 2 0 1 1 2 1 1 0 2 1
2 2 0 0 0 1 0 0 1 0 2 1 1 1 1 0 2 1 2 2 1 2
1 2 2 0 1 1 0 0 0 1 2 2 2 1 2 1 2 1 2 2 2 0
2 2 0 1 1 0 0 2 1 1 2 2 2 0 1 0 2 1 2 2 2 1
2 2 0 1 0 0 0 0 0 2 2 2 2 0 2 0 2 1 2 1 2 0
1 2 0 0 1 0 0 1 2 0 2 1 1 1 1 0 2 1 2 2 2 0
1 2 1 0 2 0 0 0 0 1 2 2 2 1 2 0 2 0 2 0 2 1
1 2 1 1 1 0 0 2 1 2 1 0 1 0 2 1 2 1 2 1 2 0
2 2 0 0 2 0 0 1 1 1 2 2 1 1 1 0 2 1 2 2 1 0
0 2 1 0 0 0 0 0 2 1 2 2 2 0 1 0 2 1 2 0 2 0
0 2 0 0 0 0 0 0 1 2 1 1 1 1 0 0 2 1 2 2 2 0
1 2 0 1 1 0 0 0 1 1 2 1 1 0 1 0 2 0 0 0 2 2
1 2 0 0 1 0 0 0 0 1 2 2 1 0 1 1 2 0 2 2 2 0
2 2 0 1 2 0 0 0 1 1 2 1 2 0 2 0 2 0 2 0 2 0
1 2 0 1 0 0 0 1 0 2 2 2 1 0 1 1 2 1 1 1 0 2
1 2 0 1 1 0 0 1 1 1 2 1 1 0 2 1 2 0 2 1 1 1
2 1 1 0 2 1 0 0 2 2 2 2 1 0 2 2 2 1 2 0 2 0
1 2 0 0 0 1 0 1 0 1 2 1 2 0 2 0 2 2 2 0 2 0
2 2 0 0 1 0 0 1 0 0 2 1 1 0 2 0 2 2 2 1 2 1
1 2 0 1 0 0 0 1 1 2 2 2 1 0 1 0 2 1 2 0 2 2
0 2 0 0 2 0 0 0 1 1 2 2 1 0 1 0 2 2 1 1 2 2
2 2 2 1 1 0 0 0 0 0 2 1 2 0 1 1 2 1 2 1 2 0
1 2 0 0 2 0 0 1 1 1 2 2 2 0 1 0 2 0 2 1 2 2
1 2 0 1 1 0 0 0 1 1 2 2 2 0 1 1 2 1 1 0 2 2
1 2 0 1 1 0 0 1 0 1 2 2 1 0 2 0 2 1 2 1 1 1
2 2 0 1 2 0 0 1 1 2 2 2 2 0 1 0 2 1 1 1 2 1
2 1 0 0 1 0 0 0 0 0 2 1 2 0 1 0 2 1 2 2 2 0
2 2 1 1 1 0 0 1 1 1 2 2 1 1 1 0 2 1 2 2 2 0
2 2 0 0 0 0 0 1 0 1 2 1 1 0 1 0 2 2 2 2 2 1
2 2 2 0 1 0 0 0 2 1 2 2 1 0 2 0 2 1 2 1 1 2
1 2 1 1 2 0 0 1 1 0 2 2 1 0 2 0 2 1 2 1 2 2
1 2 1 0 1 0 0 0 0 1 2 1 2 0 1 0 2 2 2 0 1 1
2 1 1 0 1 0 0 0 0 1 2 1 2 1 1 0 2 1 2 2 1 2
2 2 1 0 1 0 0 1 1 1 2 1 2 1 1 1 2 2 2 0 2 0
2 1 0 0 1 1 0 0 1 2 2 1 2 2 2 0 2 2 2 2 2 1
2 2 0 0 1 0 0 0 0 1 2 2 1 0 1 0 2 0 2 0 2 0
1 2 2 1 2 0 0 1 1 2 2 1 1 1 1 0 2 1 2 2 1 2
2 2 2 1 1 0 0 2 0 2 2 2 2 1 1 0 2 0 2 1 2 2
2 2 1 1 1 0 0 1 1 1 2 2 2 0 1 0 2 2 2 2 2 0
1 2 1 0 2 0 0 0 1 1 2 2 2 1 1 1 2 1 2 0 1 2
1 2 0 0 2 0 0 0 1 1 2 2 2 1 0 0 2 0 2 2 0 0
1 2 0 0 1 0 0 1 0 1 2 2 2 1 1 0 2 0 2 1 2 1
1 2 0 0 2 0 0 2 0 1 2 2 2 1 1 1 2 2 2 0 1 1
2 2 0 0 1 2 0 1 1 1 2 2 1 0 2 0 2 0 2 1 2 0
2 2 0 0 1 0 0 1 1 1 2 1 2 0 1 1 2 2 2 1 2 1
2 2 0 1 0 0 0 0 0 1 2 2 2 0 0 0 2 2 2 0 2 2
2 2 0 0 1 0 0 0 1 1 2 2 2 1 2 1 2 1 2 2 2 1
2 2 0 0 2 0 1 0 0 2 2 2 2 0 1 1 2 1 2 1 2 1
1 2 0 1 2 0 0 0 1 1 2 2 2 0 1 0 2 1 2 0 2 0
1 2 1 0 0 0 0 0 1 1 2 2 2 0 2 0 2 2 2 1 2 0
1 2 0 1 1 0 0 1 1 2 1 1 2 1 1 0 2 2 2 2 2 1
2 1 0 0 1 0 0 0 1 2 2 2 0 0 0 0 2 2 2 1 2 2
2 2 1 0 1 0 0 1 1 0 2 2 2 1 1 0 2 2 2 1 2 2
1 2 0 2 1 0 0 0 1 1 2 2 1 0 2 0 2 0 2 1 2 2
1 1 0 0 1 1 0 1 0 2 2 2 1 0 0 0 2 2 2 2 1 0
0 2 1 1 1 0 0 0 0 1 2 2 2 1 1 1 2 2 2 0 1 0
2 2 1 1 2 0 0 0 0 1 2 2 2 0 1 1 2 1 2 1 2 0
2 2 0 1 0 0 0 2 0 2 2 2 2 0 0 1 2 0 2 1 2 1
1 2 1 0 1 0 0 1 1 2 2 2 2 0 1 1 2 1 2 2 2 0
2 2 0 0 0 0 0 1 0 2 2 2 2 1 2 1 2 1 2 1 2 0
2 2 0 1 2 0 0 1 1 2 2 1 1 0 1 1 2 2 2 1 1 1
2 2 1 0 0 2 0 0 1 2 2 1 2 0 0 1 2 0 2 0 1 0
2 2 0 1 0 1 0 1 0 1 2 1 2 0 0 0 2 1 2 1 2 0
2 2 0 0 1 1 0 0 0 1 2 2 2 0 0 1 2 2 2 1 2 1
1 2 0 0 1 0 0 1 0 1 2 2 1 0 1 0 2 0 2 1 2 1
1 2 1 0 1 0 0 1 0 1 2 2 2 1 1 0 2 1 2 0 1 1
0 2 0 1 2 1 0 1 0 0 1 2 2 1 1 1 2 1 2 1 1 0
1 2 1 1 1 1 0 1 0 1 2 2 2 0 1 1 2 0 2 2 2 0
2 2 1 1 2 0 0 1 0 1 2 2 2 0 0 1 2 2 1 0 2 0
1 1 1 0 1 0 0 0 1 1 2 2 1 0 2 0 2 1 2 0 2 2
2 2 0 1 0 0 0 1 1 2 2 1 2 0 2 1 2 1 2 1 2 0
2 2 0 0 2 0 0 0 0 1 2 2 2 0 2 1 2 1 2 1 2 0
0 2 1 0 1 1 0 0 1 2 2 1 2 0 1 1 2 2 2 2 1 1
2 2 0 0 1 1 0 1 0 0 2 0 1 1 2 0 2 1 2 1 2 1
2 2 0 1 0 1 0 0 0 1 2 1 2 0 2 0 2 2 2 1 1 1
1 2 1 0 1 1 0 0 0 1 2 2 2 1 2 1 2 1 2 0 1 2
1 2 0 0 0 0 0 0 0 1 2 2 2 0 1 1 2 2 2 2 2 0
1 1 0 0 1 0 0 1 0 2 2 1 2 0 2 1 2 2 2 2 2 1
2 2 1 1 1 0 0 1 0 2 2 0 2 0 2 0 2 1 2 0 2 1
1 2 1 0 1 0 0 1 0 0 2 1 2 2 0 1 2 1 2 1 2 1
2 2 0 0 1 0 0 2 0 2 2 2 1 0 0 1 2 0 2 2 2 1
1 2 2 1 2 0 0 0 1 1 2 2 1 0 0 0 2 2 2 1 2 1
2 1 0 0 2 0 0 0 0 2 2 2 2 0 1 0 2 1 2 0 1 2
2 2 0 0 1 1 0 0 0 2 2 1 1 0 2 0 2 2 2 1 1 1
2 2 2 0 1 0 0 1 1 1 2 2 2 0 2 0 2 2 2 0 2 1
1 2 1 2 1 0 0 0 1 1 2 2 1 1 0 0 2 0 2 1 2 2
2 2 0 1 0 0 0 1 0 1 2 2 1 0 0 0 2 2 2 0 2 2
2 2 0 0 1 0 0 2 0 1 1 1 2 0 2 0 2 0 2 0 2 1
2 2 1 0 0 0 0 1 1 2 2 1 2 0 1 0 2 1 2 0 2 1
0 1 0 0 1 0 1 0 0 0 2 2 1 0 1 0 2 0 1 1 2 1
1 2 1 1 1 0 0 1 0 1 2 1 2 0 1 0 2 0 2 0 2 0
1 2 1 0 1 0 0 1 1 1 2 2 2 2 1 0 2 2 2 1 2 2
0 2 0 1 1 0 0 1 0 0 2 2 2 0 1 0 2 0 2 1 2 1
1 2 0 1 1 0 0 1 1 1 2 2 2 1 2 0 2 2 2 0 2 0
2 2 0 1 1 0 0 0 1 2 2 1 2 0 1 1 2 2 2 1 2 1
2 2 0 1 2 1 0 0 1 2 2 1 2 1 2 1 2 1 2 0 2 1
2 2 1 0 0 1 0 2 1 0 2 1 2 0 1 0 2 1 2 1 2 1
0 2 0 0 2 1 0 2 1 1 2 2 1 0 2 1 2 0 2 1 2 0
0 2 0 0 2 1 0 0 0 1 1 2 2 0 1 1 2 1 2 1 1 0
0 2 1 0 1 0 0 1 0 0 2 1 2 1 0 0 2 0 2 2 2 2
1 2 0 1 0 0 0 1 0 2 2 1 2 0 0 1 2 0 2 1 1 2
2 2 1 0 1 0 0 1 1 2 2 2 2 0 2 0 2 0 2 1 2 1
2 2 1 1 1 0 0 0 1 1 2 2 1 1 1 0 2 2 2 0 2 0
0 2 0 2 1 0 0 1 1 1 2 1 1 1 1 0 2 1 2 2 2 2
1 2 1 1 0 1 0 0 1 0 2 1 1 0 1 0 2 0 2 1 1 1
1 2 0 1 1 0 0 1 0 1 2 2 2 0 1 0 2 2 2 1 2 1
2 2 1 0 2 0 0 0 1 2 2 1 1 0 1 1 2 2 2 2 2 0
2 2 0 0 2 0 0 2 0 1 1 2 2 0 1 0 2 1 1 1 2 1
1 2 1 0 0 0 0 0 1 1 2 2 2 1 2 1 2 0 2 2 2 2
1 2 0 1 1 0 0 0 1 1 2 2 2 0 1 1 2 0 2 1 2 2
2 2 0 0 1 0 0 1 0 0 2 2 1 0 1 1 2 2 2 0 2 0
2 2 1 0 0 0 0 1 1 1 2 2 2 1 2 0 2 0 2 2 2 2
2 2 0 0 1 0 0 0 0 2 2 0 2 0 2 0 2 1 1 1 2 1
2 2 0 0 0 1 0 0 1 1 2 1 1 0 2 0 2 2 2 0 2 0
2 2 0 0 0 1 0 1 1 1 2 2 1 0 0 0 2 1 2 1 2 1
1 2 1 0 0 0 0 2 0 1 2 1 2 0 1 0 2 2 2 1 1 2
2 2 1 0 0 1 0 0 1 2 1 2 1 1 1 0 2 1 2 0 2 2
2 2 1 1 2 0 0 2 0 1 2 2 0 0 2 0 2 2 2 2 1 1
2 2 1 1 0 1 0 0 0 1 2 2 2 0 2 1 2 1 2 0 1 1
2 2 2 0 1 0 0 1 0 2 1 2 1 0 2 0 2 2 2 0 2 1
2 2 0 0 0 0 0 1 1 1 2 2 2 1 2 0 2 1 2 2 2 0
2 2 1 1 1 1 0 1 1 1 2 2 2 0 2 1 2 2 2 0 2 2
0 2 0 1 0 0 0 2 0 2 2 2 2 0 1 0 2 1 2 0 2 1
1 2 0 0 1 0 0 0 1 1 2 2 1 0 2 0 2 1 2 1 1 1
2 2 1 0 0 0 0 0 1 1 2 2 2 0 1 0 2 0 2 0 2 1
1 2 0 0 1 1 0 2 1 0 2 2 2 0 1 1 2 1 2 2 1 1
1 1 1 0 2 0 0 1 0 1 2 2 2 1 1 0 2 2 2 0 2 2
0 2 1 0 0 0 0 0 1 0 2 1 2 0 2 1 2 1 2 1 1 2
1 1 2 1 0 1 0 0 1 0 2 1 2 0 1 1 2 2 2 1 2 2
1 2 0 0 1 0 0 1 0 0 2 2 1 0 0 0 2 0 2 0 1 1
1 2 0 0 0 0 0 0 1 1 2 2 2 2 1 1 2 1 2 2 1 1
2 2 0 0 0 0 0 0 0 0 2 2 1 0 0 0 2 1 2 0 2 1
1 2 1 0 0 0 0 0 0 2 2 2 2 0 1 0 2 1 2 1 0 1
2 2 1 1 2 0 0 1 1 1 2 2 1 0 2 1 2 1 2 0 2 1
0 2 0 0 0 0 0 0 1 1 2 1 2 0 0 0 2 1 2 0 2 1
2 2 0 0 1 0 0 0 0 0 2 2 2 0 0 0 2 1 2 2 2 2
2 2 0 0 0 0 0 1 1 0 2 1 2 2 0 1 2 2 2 2 2 1
1 2 1 0 0 0 0 0 1 1 2 1 1 0 2 0 2 0 2 1 2 2
2 2 0 1 2 0 0 0 0 0 2 1 1 0 2 0 2 1 2 2 2 0
1 2 0 2 2 0 0 1 1 1 2 2 1 0 1 0 2 1 2 1 1 1
1 2 1 0 1 0 0 1 0 1 2 1 2 0 1 0 2 1 2 0 2 0
2 2 0 0 1 0 0 0 0 1 2 2 2 1 2 0 2 1 2 2 2 1
2 2 1 1 2 0 0 0 2 2 2 2 2 0 1 0 2 0 2 1 2 1
1 2 0 1 1 0 0 0 1 1 2 2 1 0 1 0 2 1 2 0 2 2
2 2 0 1 0 0 0 1 1 1 2 2 1 0 2 0 2 0 2 0 1 2
2 2 0 1 1 0 0 0 0 1 2 2 1 0 1 0 2 1 2 1 2 0
2 2 1 0 1 0 0 2 1 1 2 1 2 0 1 0 2 0 2 2 2 0
1 2 0 0 2 0 0 1 0 1 2 1 0 0 0 1 2 2 2 1 2 1
1 2 0 1 1 0 0 1 1 1 2 1 1 0 1 0 2 1 1 0 2 0
2 2 0 0 1 0 0 0 0 1 2 2 2 0 2 0 2 2 2 0 2 1
1 2 1 0 1 0 0 2 0 2 2 2 2 1 1 1 2 0 2 1 2 1
0 1 1 0 0 1 0 1 0 1 2 2 2 0 1 0 2 1 1 1 2 0
2 2 1 0 2 1 0 0 1 1 2 2 2 1 1 1 2 1 2 1 2 0
1 2 1 0 2 1 0 2 0 1 2 1 1 0 1 0 2 2 2 1 2 0
0 2 0 1 1 0 0 1 1 1 2 1 1 0 1 0 2 1 1 1 2 1
1 1 1 1 1 0 0 0 0 2 2 2 2 1 1 1 2 2 1 2 2 1
2 2 1 1 0 0 0 0 0 0 2 2 1 0 1 1 2 2 2 0 1 1
2 2 0 0 1 0 0 1 1 1 1 1 2 0 2 1 2 1 2 1 2 1
1 2 0 1 1 0 0 0 1 1 2 2 1 0 1 1 2 1 2 1 2 2
2 2 0 1 1 0 0 0 0 2 2 1 1 0 0 0 2 1 2 2 2 1
1 2 0 0 0 1 0 1 0 0 2 1 1 0 0 0 2 1 2 1 1 1
1 2 0 0 1 0 0 2 0 2 2 2 1 0 1 2 2 2 2 2 1 2
2 2 0 1 2 0 0 1 1 2 2 1 2 1 1 1 2 2 2 1 2 1
2 2 0 1 2 0 0 0 0 0 2 1 1 1 2 0 2 1 2 1 2 1
2 1 1 0 2 0 0 1 1 0 1 2 2 1 2 0 2 1 2 0 1 2
2 2 0 1 0 0 0 1 0 0 2 1 2 0 1 1 2 2 2 1 0 1
2 2 1 1 0 0 0 2 0 1 2 1 2 0 2 1 2 0 2 1 1 0
0 2 0 0 0 0 0 0 1 1 2 2 2 0 2 1 2 1 2 2 2 2
2 2 0 0 1 1 0 0 0 2 2 1 2 0 0 0 2 2 2 0 1 0
2 2 2 0 1 0 0 2 1 1 1 1 2 0 2 0 2 1 2 0 1 1
1 2 1 0 1 1 0 1 0 2 2 1 2 0 0 0 2 0 2 1 1 1
1 2 1 1 0 0 0 1 1 0 2 2 1 0 1 0 2 2 2 1 2 2
0 2 1 1 1 0 0 2 1 1 2 2 1 0 2 0 2 1 2 1 2 2
1 1 1 0 1 0 0 1 0 1 1 1 2 0 2 1 2 2 2 0 2 1
2 1 1 1 0 0 0 1 1 1 2 2 1 1 2 0 2 1 2 1 2 0
1 2 1 0 1 0 0 0 0 1 2 2 1 0 1 0 2 1 2 1 2 1
2 2 1 0 2 0 0 2 0 0 2 1 1 0 2 0 2 0 2 1 2 2
1 2 0 1 1 0 0 0 0 2 2 2 1 0 1 0 2 0 2 2 2 2
2 2 1 2 2 1 0 1 1 2 2 2 2 0 0 1 2 0 2 1 2 0
2 2 0 1 0 1 0 0 1 2 1 2 2 0 1 0 2 1 2 1 2 1
2 2 0 0 1 0 0 1 0 2 2 2 1 0 1 0 2 1 2 0 2 0
1 2 1 0 2 1 0 0 1 0 2 2 2 2 2 0 2 1 2 0 2 1
0 2 1 1 2 0 0 1 1 2 2 2 2 0 1 0 2 2 2 2 1 1
2 2 1 0 1 0 0 1 1 1 2 2 2 0 0 0 2 2 2 1 2 1
2 2 1 0 0 0 0 1 1 1 2 1 2 0 1 0 2 1 2 1 2 2
2 2 0 0 0 0 0 0 0 1 2 2 2 0 2 1 2 1 2 2 2 0
2 2 1 0 1 0 0 0 0 2 2 2 2 0 2 1 2 1 2 0 2 0
2 2 0 0 1 0 0 0 1 2 2 1 2 0 0 0 2 0 2 2 2 2
1 2 1 0 2 0 1 0 1 1 2 1 2 0 1 2 2 2 2 2 1 0
2 2 0 1 0 0 0 1 0 1 1 2 2 0 0 0 2 0 2 0 2 0
2 2 0 0 1 0 0 0 0 1 2 2 0 0 1 0 2 2 2 2 2 1
1 2 1 0 1 0 0 0 0 1 2 2 1 0 1 0 2 2 2 1 2 0
2 2 0 1 1 0 0 1 1 1 2 1 2 1 1 0 2 1 2 1 2 2
2 2 0 0 2 0 0 1 0 2 2 2 2 0 2 1 2 1 2 0 1 1
0 2 1 1 1 1 0 0 0 1 2 2 1 1 2 0 2 2 2 1 1 1
2 2 1 2 0 0 0 0 1 1 2 2 2 1 2 0 2 1 2 1 2 1
2 2 1 0 1 1 0 1 0 2 2 2 2 1 2 1 2 0 2 0 2 1
2 1 0 0 0 0 0 1 0 1 2 2 2 0 2 0 2 1 1 1 2 2
2 2 0 0 1 1 0 0 1 2 2 2 1 1 1 1 2 1 2 1 1 2
1 2 0 2 0 0 0 0 0 2 2 2 1 0 1 0 2 0 2 1 2 1
0 2 0 1 0 1 0 1 0 2 2 2 2 0 2 1 2 2 2 1 2 1
1 2 0 1 1 0 0 0 1 1 2 2 2 0 2 0 2 1 2 1 2 0
0 2 0 0 2 0 0 0 1 2 1 1 2 0 1 0 2 2 2 1 2 2
0 1 0 0 1 0 0 1 0 0 2 2 1 1 0 0 2 0 2 0 1 1
2 2 0 1 2 0 0 1 0 0 2 2 2 0 1 0 2 0 1 1 1 1
1 2 0 0 0 0 0 0 1 0 2 2 2 1 1 0 2 1 2 1 2 2
1 2 1 0 0 0 0 1 0 1 2 2 1 0 2 1 2 0 2 2 2 1
1 2 1 1 1 1 0 0 0 2 2 2 2 0 2 0 2 1 2 1 2 1
2 1 0 1 0 0 0 0 0 1 2 2 1 0 1 0 2 1 2 1 1 0
2 2 0 1 0 0 0 1 1 1 2 1 2 0 0 0 2 2 2 0 0 0
1 2 0 0 2 1 0 1 0 2 1 2 1 1 2 1 2 2 2 1 2 1
2 2 0 0 1 0 0 1 0 2 2 2 2 0 0 0 2 2 2 2 1 1
2 2 1 0 1 0 0 0 2 1 2 1 1 0 1 0 2 0 2 1 1 1
1 2 1 0 1 1 0 0 1 0 2 1 2 1 2 1 2 0 2 1 2 1
1 2 0 0 2 0 0 1 0 2 2 2 2 1 1 0 2 2 2 1 2 0
1 2 1 0 1 0 0 1 1 2 2 2 1 1 2 2 2 2 2 0 1 1
2 2 1 1 2 0 0 1 0 0 2 2 2 1 1 0 2 1 2 1 1 2
1 2 0 0 2 0 0 0 0 0 1 1 2 2 0 0 2 1 2 1 1 1
1 2 0 0 2 0 0 0 0 0 2 2 1 1 2 0 2 0 2 2 2 0
1 2 0 1 1 0 0 1 1 2 2 2 2 0 1 0 2 1 2 1 2 2
2 2 2 0 1 1 0 0 0 1 2 2 2 0 1 1 2 1 2 1 2 1
2 1 0 1 1 0 0 1 0 2 2 1 2 0 1 1 2 0 2 2 2 1
1 1 0 0 0 0 0 1 0 1 2 1 2 1 1 1 2 1 2 1 0 0
1 2 1 1 0 1 0 0 0 0 2 1 1 1 1 1 2 2 2 0 1 1
1 2 2 0 0 1 0 1 0 2 2 2 2 0 1 0 2 2 2 1 1 1
0 2 0 0 1 2 0 1 1 0 2 1 1 1 0 0 2 2 2 2 1 1
2 2 1 1 1 0 0 0 1 0 2 1 2 0 0 1 2 2 1 1 2 2
1 2 0 1 1 1 0 1 0 1 2 2 1 0 1 0 2 1 2 0 1 0
1 2 2 1 2 0 0 2 0 2 2 2 1 1 1 0 2 2 2 1 1 1
1 2 0 1 1 1 0 2 0 2 2 2 2 0 2 0 2 2 2 0 2 2
1 1 1 0 1 0 0 0 1 0 2 1 2 0 2 1 2 0 1 2 2 0
0 2 1 2 1 0 0 0 0 0 2 2 1 0 1 0 2 2 2 1 2 2
2 2 2 1 1 0 0 0 0 2 2 2 2 0 2 1 2 1 2 1 2 0
2 2 1 0 0 0 0 1 0 1 2 1 2 0 0 0 2 2 2 1 1 2
1 2 0 0 1 0 0 1 1 0 2 1 2 1 1 0 2 0 2 1 2 1
1 2 0 2 1 0 0 1 1 1 2 2 1 0 1 0 2 1 2 0 1 0
2 2 0 2 2 0 0 1 1 0 1 2 2 0 2 0 2 2 2 2 1 1
2 2 2 0 2 0 0 0 0 2 2 1 1 0 1 0 2 2 2 1 2 1
2 1 0 1 2 0 0 0 0 0 2 2 1 0 2 0 2 0 2 0 1 1
2 2 0 1 1 0 0 0 1 1 2 2 2 0 2 0 2 0 2 1 2 1
2 2 1 0 1 0 0 1 0 2 1 1 2 0 1 0 2 1 2 1 2 1
1 2 0 0 0 0 0 0 0 2 2 1 1 0 2 0 2 1 2 0 2 2
1 2 1 1 0 0 0 0 1 1 2 2 2 1 1 0 2 2 2 1 1 2
2 2 0 0 0 0 0 0 1 1 2 2 1 0 0 0 2 2 2 0 2 1
2 2 0 1 0 0 0 0 1 2 2 2 1 0 2 0 2 2 2 1 2 1
0 2 1 0 1 0 0 1 1 1 2 2 2 0 1 1 2 1 2 0 2 2
2 2 0 0 1 0 0 2 0 1 2 2 0 0 2 1 2 2 1 1 2 0
2 2 0 1 2 0 0 1 1 1 2 0 1 0 2 0 2 1 2 0 1 1
1 2 0 2 1 0 1 0 0 0 2 2 2 2 2 0 2 1 2 1 2 2
2 2 0 0 1 0 0 1 1 2 2 2 2 0 1 2 2 0 2 2 2 2
2 2 0 0 0 0 0 0 1 0 2 2 1 0 1 2 2 2 2 2 2 2
2 2 0 1 1 0 0 1 0 1 2 1 1 0 2 0 2 1 2 1 2 1
1 2 2 0 0 0 0 2 0 2 2 1 1 0 2 0 2 2 2 1 2 0
2 2 2 0 0 0 0 0 0 1 2 2 1 0 2 0 2 2 2 1 1 1
2 2 2 0 2 0 0 0 1 1 2 2 1 1 1 0 2 0 2 1 2 1
1 2 0 0 0 0 0 1 1 2 2 1 1 0 1 0 2 1 2 0 2 1
2 2 0 0 1 0 0 1 1 0 2 1 1 1 0 1 2 1 2 2 1 1
1 2 0 1 1 0 0 0 1 1 2 2 2 0 1 0 2 1 2 1 1 2
1 2 1 0 1 1 0 0 0 1 2 2 2 1 1 1 2 2 2 0 1 1
1 2 1 0 1 0 0 1 0 0 2 2 1 0 1 0 2 2 2 0 2 0
1 2 1 1 2 0 0 1 1 1 2 1 1 0 1 0 2 0 2 1 1 1
1 2 0 1 2 0 0 1 1 1 2 2 2 1 1 0 2 1 2 1 1 0
2 2 1 0 2 0 0 1 1 2 2 2 2 0 1 1 2 1 2 1 2 1
1 2 1 0 0 0 0 0 1 1 2 1 2 0 1 0 2 1 2 1 2 0
1 2 0 1 1 0 0 2 1 0 2 1 2 0 0 1 2 2 2 1 2 2
2 2 0 1 1 0 0 1 1 2 2 2 2 0 2 0 2 1 2 1 2 2
1 2 0 0 1 1 0 1 1 0 2 1 0 0 2 0 2 1 2 1 2 0
2 2 0 0 0 0 0 1 1 2 2 1 0 0 2 0 2 1 2 2 2 1
1 2 0 0 0 0 0 0 0 0 2 2 1 0 2 0 2 1 2 0 2 2
1 2 0 0 2 0 0 0 0 1 2 1 2 1 1 0 2 1 2 1 2 2
1 2 0 1 0 0 0 2 1 2 2 2 1 0 2 0 2 1 2 1 1 1
1 2 0 0 1 0 0 1 1 1 2 2 2 1 0 0 2 1 2 2 2 1
2 1 0 0 1 0 0 1 0 0 2 1 2 0 0 0 2 2 2 1 2 2
1 2 1 1 0 0 0 0 0 0 2 1 2 0 1 0 2 0 2 1 1 2
2 1 1 0 0 0 0 0 1 2 2 0 1 0 1 1 2 2 2 1 2 1
1 2 2 0 1 0 0 0 0 1 2 1 2 0 2 0 2 0 2 0 2 1
2 2 1 1 0 0 0 0 1 1 2 1 1 1 2 0 2 0 2 0 2 2
0 2 1 0 1 1 0 0 1 0 2 1 2 2 2 0 2 2 1 2 2 1
1 2 1 0 1 0 0 0 1 2 2 1 1 0 1 0 2 2 2 0 1 2
0 2 0 0 1 0 0 0 0 1 2 2 0 0 1 2 2 2 2 2 2 0
0 2 0 1 0 0 0 0 0 1 2 2 2 1 1 0 2 1 2 1 2 2
2 2 1 1 1 0 0 1 1 0 2 2 1 0 2 0 2 0 2 1 2 1
1 2 1 1 1 0 0 0 1 1 2 2 2 0 2 1 2 1 2 2 2 1
1 2 1 0 0 0 0 1 1 1 2 2 2 1 1 1 2 1 2 0 1 0
1 2 0 1 1 0 0 0 2 1 2 1 1 1 0 0 2 1 2 1 2 0
1 2 1 0 1 0 0 0 0 2 2 2 1 0 1 0 2 2 2 1 2 0
2 2 0 2 1 0 0 2 1 2 1 2 1 0 1 1 2 1 2 0 2 1
2 2 0 0 2 0 0 0 0 1 2 0 2 1 1 0 2 1 2 0 1 1
2 2 0 1 0 0 0 0 1 0 2 1 2 0 0 0 2 0 2 1 2 1
1 2 1 1 0 0 0 0 0 1 2 2 2 1 1 1 2 1 2 1 2 1
0 2 1 1 1 0 0 0 0 0 2 1 2 0 2 0 2 1 2 2 1 1
0 2 0 1 1 0 0 0 0 0 2 1 2 1 1 0 2 0 2 2 2 1
1 2 0 0 2 0 0 1 1 1 2 0 2 0 2 0 2 1 2 2 2 2
1 2 0 0 0 0 0 1 1 1 1 2 2 0 1 0 2 1 2 1 1 1
2 1 1 1 2 0 0 1 0 1 2 2 0 1 1 0 2 0 2 1 2 2
1 2 0 1 2 0 0 0 1 1 1 2 1 0 1 0 2 0 2 1 2 1
2 2 1 0 0 0 0 0 1 1 2 0 2 0 2 0 2 0 2 0 2 1
1 2 0 2 2 0 0 1 1 1 2 2 1 0 1 0 2 0 2 1 2 0
2 2 0 0 2 0 0 0 1 2 2 2 1 0 2 0 2 2 2 1 2 1
1 2 0 0 1 0 0 0 1 2 2 1 1 0 1 1 2 1 2 0 2 1
2 2 0 0 1 0 0 0 1 1 1 2 2 0 2 0 2 0 2 2 2 1
1 1 2 0 1 0 0 2 2 1 2 1 1 0 0 2 2 1 2 1 2 1
1 2 0 0 2 0 0 0 0 2 2 1 1 0 1 0 2 1 2 2 2 0
2 2 0 0 0 0 0 0 0 2 1 2 1 1 1 0 2 2 2 0 2 1
1 2 0 0 0 0 0 1 1 2 2 2 1 0 0 0 2 1 2 1 2 1
2 2 0 0 1 1 0 0 0 1 1 2 2 0 2 0 2 0 2 1 2 1
1 2 1 1 0 0 0 0 0 1 2 1 2 1 2 0 2 1 2 1 1 1
1 2 1 0 0 0 0 2 1 2 2 2 1 0 2 0 2 1 2 0 2 1
1 2 1 0 2 0 0 1 0 1 2 1 1 1 2 0 2 0 2 0 1 2
1 2 2 0 0 1 0 0 0 1 1 1 1 0 2 0 2 1 2 2 2 2
1 2 2 1 1 0 0 1 0 2 1 2 2 0 1 0 2 1 2 2 2 1
2 2 1 0 0 0 0 0 0 1 1 2 2 1 1 0 2 1 2 2 2 2
1 2 1 1 0 0 0 2 0 0 2 2 2 0 2 0 2 1 2 1 2 0
2 2 0 1 1 0 0 0 1 0 2 1 2 1 2 0 2 1 2 1 2 0
1 2 0 1 1 0 0 0 0 1 2 1 0 1 0 1 2 1 2 1 2 2
1 2 1 1 0 0 0 0 0 1 2 2 1 0 2 0 2 1 2 1 2 2
2 2 1 1 1 0 0 0 0 1 2 2 2 0 1 1 2 1 2 0 2 1
1 2 1 2 1 0 0 0 1 2 2 2 2 0 1 1 2 0 2 1 2 2
1 1 1 0 1 0 0 0 0 1 2 2 2 1 2 0 2 1 2 0 2 1
2 2 0 1 1 0 0 0 0 2 2 2 2 1 2 1 2 1 1 0 2 1
1 2 1 0 1 0 0 1 0 1 2 1 2 0 2 0 2 1 2 1 2 0
2 2 0 1 0 1 0 1 1 1 2 1 2 1 2 0 2 1 2 0 2 1
2 2 0 0 2 0 0 0 1 2 1 1 1 0 1 2 2 1 2 1 2 0
0 2 1 1 0 0 0 0 0 2 2 2 2 0 2 0 2 1 2 2 2 1
1 2 0 2 1 0 0 0 2 1 2 1 1 0 1 0 2 1 2 0 2 1
1 2 0 1 2 0 0 0 0 1 2 1 2 0 1 0 2 1 2 1 1 1
0 2 1 0 0 0 0 1 0 0 2 0 1 1 1 1 2 1 2 1 2 1
0 2 0 1 0 1 0 0 0 2 2 2 2 1 1 0 2 2 2 0 2 1
1 2 0 0 1 0 0 0 1 1 2 2 2 1 1 0 2 2 2 0 1 1
2 2 0 0 1 0 0 0 0 2 2 2 1 0 2 0 2 1 2 1 2 2
2 2 0 0 1 0 0 0 0 0 2 2 1 0 2 0 2 1 2 1 1 1
1 2 1 2 1 0 0 1 1 1 2 2 1 0 2 0 2 2 2 0 1 2
2 1 0 0 0 0 0 0 0 2 2 2 2 1 1 0 2 1 2 1 2 1
2 2 0 0 1 0 0 0 0 0 2 1 1 0 0 1 2 1 2 1 1 1
2 2 1 0 0 0 0 1 1 1 2 2 1 0 0 1 2 1 2 2 2 2
1 2 1 0 1 0 0 0 1 0 2 2 0 0 2 0 2 1 2 1 2 2
1 2 0 0 1 0 0 0 1 1 2 1 1 0 2 0 2 1 2 1 2 0
0 2 0 1 2 0 0 1 0 0 2 1 2 0 2 0 2 1 2 1 1 1
1 2 0 0 1 0 0 1 0 1 2 1 2 1 0 0 2 2 2 0 2 1
2 2 0 0 2 0 0 1 0 1 2 2 1 0 0 0 2 1 2 1 2 1
1 2 0 1 1 0 0 0 1 1 2 2 1 0 2 0 2 1 2 2 2 1
1 1 0 1 1 0 0 1 0 1 0 1 1 0 2 0 2 1 2 1 2 0
2 2 0 0 0 0 0 0 1 1 2 2 1 0 2 1 2 1 2 1 2 0
2 2 1 1 1 0 0 0 1 1 2 2 1 0 2 0 2 1 2 1 2 1
2 2 0 0 2 0 0 1 1 1 2 2 1 0 2 1 2 1 2 0 2 2
2 2 0 2 1 0 0 0 0 2 2 2 1 0 1 1 2 2 2 1 2 0
1 2 0 1 2 0 0 1 1 1 2 2 1 1 2 1 2 2 2 2 2 1
1 1 2 0 2 0 0 1 1 2 2 1 2 1 2 0 2 2 2 2 2 1
1 2 1 1 1 0 0 0 0 2 2 2 1 0 1 1 2 0 2 0 2 1
1 2 0 0 0 0 0 0 1 0 2 1 2 1 2 1 2 1 2 0 2 1
2 2 0 1 0 1 0 0 1 2 2 1 2 0 2 0 2 1 2 2 2 1
1 2 0 0 1 0 0 0 0 2 2 0 1 0 2 1 2 2 2 2 2 2
2 2 2 0 0 0 0 0 0 1 2 2 2 0 2 0 2 1 2 1 2 1
2 2 1 0 1 1 0 1 0 0 2 2 2 1 2 0 2 1 2 1 2 1
2 2 0 1 2 1 0 0 1 1 2 2 1 0 2 0 2 2 2 1 2 1
1 2 0 0 1 0 0 0 1 1 2 1 2 0 1 1 2 1 2 2 1 0
2 2 0 0 1 0 0 0 0 1 2 1 1 0 2 0 2 0 2 2 2 1
1 2 1 1 0 1 0 1 0 0 2 2 2 1 2 0 2 1 2 1 2 1
2 1 0 1 1 0 0 0 0 1 2 2 1 0 1 1 2 0 2 1 1 0
2 2 1 1 2 0 0 0 0 1 2 1 2 0 1 0 2 2 2 2 1 2
2 2 1 0 1 0 0 0 1 2 1 1 1 0 2 0 2 2 2 0 2 0
2 2 0 0 2 0 0 0 0 1 2 0 2 0 2 0 2 2 2 1 2 1
1 2 0 1 2 0 0 1 0 1 2 0 1 0 1 1 2 2 2 0 2 2
1 2 1 0 2 0 0 1 0 2 2 2 1 0 1 0 2 0 2 0 2 0
1 2 0 2 0 0 0 2 2 2 2 2 1 0 1 0 2 2 2 2 2 2
1 2 0 0 1 0 0 0 1 1 2 2 1 0 1 0 2 0 2 0 1 1
1 2 1 2 0 1 0 0 1 2 2 2 2 0 2 1 2 1 2 2 2 0
2 2 0 1 1 0 0 0 1 2 2 2 2 0 2 1 2 2 2 0 2 1
2 2 0 0 2 0 0 0 0 1 2 2 2 0 1 0 2 1 2 2 2 1
2 1 0 0 0 0 0 2 0 1 2 2 1 0 2 0 2 1 2 0 1 0
2 2 0 0 1 0 0 0 0 1 2 2 2 0 1 0 2 1 2 0 2 1
2 2 1 1 0 0 0 0 1 1 2 1 2 0 1 0 2 1 2 1 2 1
2 2 1 1 0 0 0 0 0 1 2 2 1 0 1 1 2 2 2 1 2 1
1 2 0 1 1 0 0 0 0 1 2 1 2 0 1 1 2 1 2 0 2 0
1 2 0 0 1 0 0 0 2 1 2 2 2 0 2 0 2 2 2 0 2 1
2 2 0 1 1 0 0 0 1 1 2 1 2 0 1 1 2 0 1 0 2 2
0 2 0 0 1 0 0 0 2 1 1 2 2 0 1 0 2 1 2 0 1 2
1 2 1 2 2 0 0 2 1 0 2 2 2 0 1 1 2 1 2 1 2 1
1 2 1 0 1 0 0 0 1 0 2 1 2 0 0 0 2 1 2 2 2 0
0 1 1 0 1 0 0 0 1 1 2 2 2 0 2 0 2 1 2 1 2 2
1 2 0 0 0 0 0 1 0 2 2 1 2 0 1 0 2 1 2 1 2 0
2 2 1 0 2 0 0 1 1 1 2 0 2 0 1 0 2 2 2 2 2 1
1 2 0 1 1 0 0 1 0 1 2 2 1 0 2 0 2 1 2 2 1 0
2 2 1 0 1 0 0 1 0 1 2 2 2 0 1 0 2 0 2 1 2 2
2 2 1 1 1 0 0 0 2 0 2 2 1 0 2 2 2 1 2 0 2 0
2 2 2 1 1 0 0 1 0 2 2 1 1 0 1 0 2 1 2 2 2 1
1 2 1 0 0 0 0 0 1 0 2 2 1 0 1 1 2 2 2 1 1 0
0 1 0 1 2 0 0 0 0 1 2 2 2 0 0 1 2 2 2 0 2 1
1 2 0 1 1 0 0 1 1 0 2 1 1 0 2 1 2 1 2 0 2 0
1 2 1 0 1 0 0 0 0 0 2 2 2 1 0 1 2 0 2 2 2 1
1 2 0 1 1 0 0 2 1 0 2 0 2 0 2 1 2 2 2 2 2 1
1 2 1 0 2 0 0 2 1 2 2 2 1 1 1 1 2 0 2 1 2 1
1 2 0 1 1 0 0 0 0 1 2 2 2 0 2 0 2 2 2 1 2 1
1 2 1 0 2 1 0 2 0 1 2 2 2 0 2 1 2 1 2 1 1 1
1 2 0 1 0 0 0 1 1 1 2 1 2 0 2 0 2 0 2 2 2 1
2 1 1 0 2 0 0 1 0 2 2 2 0 0 2 0 2 1 2 1 2 0
2 2 0 1 2 0 0 1 0 1 2 2 1 1 2 2 2 1 2 1 0 1
2 2 1 0 0 1 0 1 0 1 2 2 2 0 1 0 2 0 2 2 2 1
2 2 0 0 0 0 0 1 0 2 2 2 2 0 1 0 2 1 2 0 2 1
2 2 1 1 0 0 0 0 1 2 2 1 1 0 1 0 2 1 2 2 1 0
1 1 0 0 1 0 0 1 1 2 2 1 2 0 2 0 2 1 2 0 2 1
2 2 1 1 1 0 0 1 1 1 2 2 1 0 2 1 2 0 2 1 1 1
2 2 1 0 1 0 0 2 1 2 2 2 1 0 1 0 2 0 2 0 2 1
1 2 0 0 2 1 0 0 0 1 2 2 1 0 0 1 2 1 2 1 2 2
1 2 1 0 1 1 0 0 0 1 2 1 1 0 1 0 2 1 2 2 2 1
1 2 1 0 1 0 0 1 1 1 2 2 1 0 1 1 2 1 1 2 2 0
2 2 0 0 2 0 0 0 2 1 2 2 0 0 2 1 2 0 2 0 2 0
2 2 0 0 1 0 0 1 0 2 1 2 2 0 2 0 2 1 2 2 2 1
0 2 0 0 1 0 0 1 1 0 2 1 1 0 2 0 2 1 2 1 1 1
1 2 1 0 2 0 0 1 2 1 2 1 2 0 2 0 2 0 2 1 2 1
1 2 0 1 0 0 0 1 1 2 2 2 2 1 1 0 2 0 2 2 2 0
1 2 0 0 1 0 0 0 0 1 2 2 1 0 1 1 2 1 2 1 2 1
2 2 0 0 0 1 0 0 2 2 2 2 0 0 1 0 2 2 2 2 2 2
1 2 1 0 0 1 0 0 1 2 1 2 1 0 2 1 2 2 2 0 2 1
2 2 0 0 1 0 0 1 1 2 2 2 1 0 1 1 2 1 2 0 2 0
1 2 0 0 1 0 0 0 1 0 2 2 1 0 2 0 2 2 1 1 2 1
1 2 0 0 2 0 0 1 0 2 2 2 1 1 2 0 2 0 2 0 2 1
0 2 0 1 1 0 0 0 1 1 2 1 1 0 1 0 2 0 2 1 2 2
2 2 0 1 0 0 0 1 0 1 2 2 2 1 1 0 2 2 2 0 2 0
0 2 0 2 0 0 0 0 2 2 2 1 2 0 1 0 2 1 2 0 1 1
2 2 0 0 1 0 0 0 1 1 2 2 2 0 2 0 2 0 2 0 2 1
2 2 1 0 1 0 0 0 0 1 2 2 1 0 1 1 2 1 2 1 2 0
2 2 0 1 1 0 0 1 0 0 2 2 2 0 2 0 2 0 2 2 2 1
1 2 0 0 1 0 0 0 2 2 2 2 1 0 0 1 2 1 2 1 2 1
1 2 0 0 1 0 0 1 0 1 1 1 1 1 1 0 2 0 1 1 2 2
2 2 0 1 2 0 0 0 0 1 2 1 2 0 1 1 2 2 2 1 1 0
2 2 1 1 2 0 0 1 1 1 2 2 1 0 1 0 2 0 2 1 2 0
1 2 0 2 2 0 0 1 0 1 2 2 0 1 1 1 2 1 2 1 2 1
2 2 2 0 1 0 0 1 1 0 2 2 2 0 2 0 2 2 2 1 2 0
1 1 1 0 1 0 0 0 0 2 2 0 2 0 1 1 2 1 2 2 2 1
2 0 0 1 1 0 0 0 0 1 2 2 1 0 1 0 2 1 2 0 1 0
1 2 0 1 1 0 0 1 1 2 2 0 2 1 1 0 2 1 1 1 2 2
0 2 1 0 0 0 0 0 1 0 2 2 1 0 0 1 2 2 2 0 2 0
1 2 0 0 1 0 0 0 1 2 2 2 1 0 1 1 2 1 2 2 2 1
2 2 0 1 1 0 0 0 2 1 2 0 2 0 1 1 2 2 2 0 2 1
1 2 0 0 1 0 0 0 0 1 2 2 2 1 1 1 2 2 2 1 2 0
1 2 0 1 2 0 0 2 0 1 2 2 2 0 2 0 2 1 2 1 2 2
0 2 0 1 0 0 0 1 1 1 2 1 1 0 1 1 2 1 2 0 2 2
1 2 1 0 2 0 0 1 1 0 2 1 1 0 2 1 2 1 2 1 1 1
1 2 0 0 0 0 0 0 1 2 2 2 2 0 2 0 2 2 2 1 2 1
2 2 0 0 1 1 0 1 0 0 2 2 1 0 2 0 2 1 2 2 2 0
1 2 1 1 1 0 0 0 0 1 2 2 1 0 1 0 2 0 2 2 2 1
1 2 0 1 2 0 0 0 1 2 2 1 0 0 1 1 2 1 2 1 2 0
1 2 1 2 2 1 0 0 0 1 2 1 2 0 0 1 2 2 2 0 2 1
1 1 0 0 1 0 0 0 0 1 2 1 0 1 2 1 2 2 2 1 1 1
2 2 1 2 0 0 0 1 0 1 2 2 2 0 1 0 2 1 2 1 1 1
0 2 0 1 1 0 1 0 1 1 2 1 2 0 1 0 2 2 2 1 2 1
2 1 0 1 1 1 0 2 1 1 2 1 0 1 1 1 2 1 2 1 2 1
2 2 0 0 0 0 0 1 1 1 2 1 2 0 2 0 2 1 2 1 2 0
2 2 0 0 2 0 0 0 1 2 2 1 1 0 2 0 2 1 2 0 2 2
1 2 1 1 1 0 0 1 0 1 2 2 1 0 2 0 2 2 2 2 1 1
1 2 0 2 0 0 0 0 0 0 2 2 1 0 2 0 2 2 2 1 2 1
1 2 0 0 1 0 0 1 1 1 2 2 2 0 2 0 2 1 2 2 2 0
2 2 1 0 0 0 0 0 0 0 2 1 2 1 0 1 2 0 2 0 2 0
2 2 0 0 1 0 0 0 1 0 2 1 2 0 0 1 2 1 2 1 2 0
2 1 0 0 1 0 0 1 1 0 2 2 2 0 2 0 2 1 2 0 2 1
2 2 1 0 0 0 0 1 0 1 2 2 2 0 1 0 2 2 2 1 2 1
2 2 1 0 0 0 0 2 1 1 2 2 1 1 2 0 2 2 2 1 2 1
2 2 1 0 0 0 0 0 1 2 1 1 2 0 1 0 2 1 2 0 2 2
2 2 0 0 0 0 0 1 0 1 1 1 0 0 1 0 2 1 2 0 2 1
2 2 1 0 1 1 0 1 0 0 2 2 2 0 2 0 2 0 2 1 2 2
1 2 0 0 0 1 0 0 0 1 2 1 1 1 1 1 2 1 2 1 1 0
2 2 1 0 0 0 0 1 1 2 2 1 1 1 2 0 2 1 1 1 1 1
2 2 0 1 1 0 0 0 1 1 2 1 1 0 2 0 2 1 2 1 2 0
1 2 0 0 2 1 0 1 0 2 2 2 2 0 2 1 2 2 2 2 2 1
1 2 0 1 0 0 0 0 1 2 2 2 2 1 2 0 2 2 2 2 2 0
0 2 0 0 1 0 0 1 1 1 2 2 2 1 1 0 2 1 2 1 2 0
2 1 1 0 1 0 0 1 2 0 2 1 1 0 1 1 2 2 2 1 2 0
2 2 1 0 0 0 0 2 0 2 1 2 2 0 2 0 2 0 2 1 2 1
1 2 0 1 0 0 0 0 0 1 2 1 1 0 2 0 2 0 2 1 2 1
0 2 1 2 1 0 0 0 0 2 2 1 2 0 1 0 2 1 2 1 2 2
2 2 0 1 0 0 0 0 1 2 2 2 1 0 2 1 2 1 2 1 2 0
2 2 2 0 1 1 0 0 1 1 2 2 2 1 0 0 2 1 2 1 2 1
2 2 0 0 1 0 0 1 1 2 2 2 2 0 2 1 2 1 2 0 2 0
0 2 0 0 2 0 0 1 1 1 2 2 1 0 1 0 2 1 1 1 2 0
1 2 1 0 1 0 0 1 0 1 2 2 1 0 2 0 2 1 2 1 2 0
1 2 0 0 2 1 0 0 0 1 2 1 2 0 2 0 2 0 2 2 2 1
1 2 0 0 0 0 0 1 1 1 2 1 2 0 1 1 2 0 2 0 2 1
1 2 0 0 1 0 0 0 1 1 2 2 2 0 2 0 2 1 2 1 2 1
1 2 1 0 1 0 0 0 1 2 2 2 2 0 1 0 2 1 1 0 2 0
1 2 1 0 2 0 0 0 0 1 2 2 2 0 2 0 2 2 2 0 2 0
1 1 0 0 2 0 0 0 0 1 2 2 2 1 2 0 2 2 1 1 2 1
2 2 0 0 1 0 0 1 0 1 2 2 1 0 2 1 2 1 2 2 2 1
0 2 0 0 2 0 0 1 0 1 2 1 2 0 1 0 2 1 2 2 2 0
0 2 0 0 1 0 0 0 1 2 2 2 1 1 0 0 2 2 2 0 2 0
0 2 0 1 1 0 0 0 1 1 2 0 2 0 0 0 2 2 2 2 2 2
2 2 0 0 1 0 0 0 1 1 2 1 2 0 2 0 2 0 2 1 2 0
2 2 0 0 1 0 0 1 1 1 2 1 1 0 2 0 2 1 2 2 2 0
2 2 0 1 0 0 0 0 2 0 2 2 1 0 1 1 2 2 2 0 2 1
2 2 1 0 0 0 0 0 2 2 2 2 1 0 1 1 2 2 1 0 2 1
2 1 1 1 2 0 0 0 0 1 2 2 2 0 1 0 2 1 2 2 1 1
1 2 0 0 0 0 0 1 1 1 2 2 2 0 2 1 2 2 2 1 2 2
1 2 1 0 0 0 0 1 0 0 2 0 2 0 1 1 2 1 2 1 2 2
2 2 2 0 2 0 0 0 0 1 2 2 2 0 2 0 2 1 2 1 2 0
2 2 0 2 0 0 0 1 1 1 2 0 2 1 1 0 2 1 2 2 2 1
2 2 0 1 1 0 0 0 2 1 2 2 1 0 1 1 2 0 2 1 1 1
2 2 0 0 2 0 0 1 0 2 2 2 1 0 1 0 2 1 2 0 2 0
0 2 0 0 1 1 0 1 1 1 2 2 1 1 0 0 2 1 2 1 2 1
2 2 1 0 1 0 0 1 1 2 2 2 2 0 2 1 2 2 2 0 2 1
1 2 1 1 1 0 0 0 0 1 2 1 2 0 0 1 2 1 2 1 1 0
2 2 1 1 1 0 0 0 0 0 2 1 1 1 2 1 2 0 1 2 2 1
2 2 0 1 1 0 0 1 1 1 2 1 2 0 2 0 2 1 2 0 2 1
1 2 1 1 0 0 0 0 0 1 2 1 1 0 1 0 2 0 1 0 2 1
2 2 0 1 1 0 0 1 2 1 2 1 2 0 1 1 2 1 1 1 2 0
2 2 0 0 1 0 0 1 1 2 2 2 2 0 1 0 2 2 2 0 2 1
1 2 1 0 2 0 0 0 0 2 2 1 1 0 2 0 2 0 2 1 1 1
2 2 0 1 0 1 0 1 0 0 2 2 2 1 2 1 2 0 2 0 2 0
1 2 0 0 1 0 0 0 0 1 2 2 1 2 2 1 2 2 2 1 2 1
2 2 0 1 0 0 0 0 0 1 2 2 2 0 1 0 2 2 2 1 2 2
2 2 0 0 1 0 0 0 0 2 2 1 0 0 1 0 2 1 2 2 2 0
0 2 0 1 2 0 0 0 2 1 2 2 1 0 1 1 2 0 2 1 2 1
2 2 2 0 2 0 0 1 1 0 2 1 2 0 2 0 2 1 2 0 2 1
1 2 0 0 0 0 0 2 0 1 2 2 2 1 1 0 2 1 2 1 1 1
2 2 1 1 1 0 0 0 1 2 2 2 2 1 0 0 2 1 2 1 2 1
2 2 1 0 0 0 0 1 1 1 2 2 1 0 1 1 2 0 2 2 1 2
1 2 0 0 1 0 0 0 0 1 2 1 2 0 1 0 2 1 2 2 2 1
1 1 1 0 0 0 0 1 1 1 2 1 1 0 1 0 2 2 2 2 2 0
2 2 1 0 1 0 0 1 0 1 2 1 1 0 0 0 2 2 2 1 2 0
1 2 1 0 1 0 0 1 0 2 2 2 2 0 2 0 2 1 2 1 2 1
1 2 1 1 1 0 0 0 1 1 2 1 2 0 1 0 2 0 2 1 1 2
2 1 1 1 1 0 0 1 1 1 2 1 2 1 1 1 2 1 2 1 2 2
1 2 1 0 2 0 0 0 2 0 2 1 2 0 1 1 2 2 2 1 1 2
1 2 0 0 0 0 0 1 0 1 2 0 1 0 1 1 2 0 2 0 2 0
0 2 1 0 2 0 0 1 1 2 2 2 2 0 1 2 2 1 2 2 2 0
1 2 1 1 1 0 0 0 1 2 2 2 2 0 1 0 2 2 2 0 2 0
1 2 0 1 0 0 0 1 0 0 2 2 1 0 2 0 2 2 2 0 2 2
1 2 1 0 0 0 0 0 0 0 2 2 2 0 2 1 2 1 2 1 1 1
2 2 1 0 0 0 0 0 0 1 2 1 1 0 2 0 2 1 2 1 2 1
2 2 0 0 1 0 0 1 0 0 2 2 2 1 2 0 2 1 2 1 1 2
2 2 0 1 0 0 0 1 0 2 2 2 1 0 1 0 2 1 2 1 2 0
0 2 0 0 0 0 0 0 1 2 2 2 2 0 1 1 2 0 2 2 2 0
1 1 0 0 1 0 0 1 0 0 2 1 2 0 2 0 2 1 2 0 2 2
2 2 1 1 0 0 0 0 0 1 2 2 2 0 2 0 2 1 2 1 2 1
2 2 0 0 0 0 0 1 0 1 2 2 2 1 1 1 2 0 2 1 2 0
2 2 0 0 1 0 0 0 1 0 2 1 2 0 0 1 2 1 2 1 2 1
0 2 1 1 1 0 0 1 0 1 2 2 2 0 1 0 2 2 2 1 2 0
1 2 0 0 1 0 0 0 1 2 2 2 1 1 2 1 2 0 2 0 2 2
1 2 0 0 2 0 0 0 0 2 1 1 2 0 1 0 2 1 2 1 2 2
2 1 1 1 1 0 0 0 1 2 2 1 1 0 1 0 2 2 2 1 2 0
0 2 1 1 1 0 0 0 2 2 2 2 1 0 0 0 2 1 2 1 2 0
1 2 1 0 2 0 0 0 1 1 2 2 1 0 1 1 2 0 2 1 2 0
2 2 0 0 1 0 0 0 0 2 2 2 2 0 1 0 2 2 2 2 1 0
2 2 1 0 2 0 0 1 1 1 2 0 2 0 1 2 2 1 2 1 2 2
1 2 1 0 1 0 0 0 0 1 1 2 1 0 1 0 2 2 2 1 2 2
2 2 0 0 1 0 0 0 0 1 2 2 2 0 1 0 2 0 2 2 2 0
1 2 1 1 2 0 1 2 0 0 2 2 2 1 2 2 2 0 2 1 2 1
1 2 0 0 0 0 0 0 1 2 2 2 0 1 1 0 2 1 2 0 2 1
2 2 1 1 1 1 0 0 1 2 2 1 1 0 1 0 2 2 2 1 1 1
1 1 1 0 0 0 0 0 0 1 2 1 2 0 2 1 2 1 2 1 2 1
2 2 1 0 0 0 0 0 0 2 2 1 1 0 1 1 2 1 2 1 1 1
2 2 1 1 2 0 0 0 0 2 1 1 2 0 2 2 2 0 2 0 2 0
2 2 0 0 0 0 0 0 0 1 2 1 2 0 1 0 2 1 2 0 1 1
1 2 0 0 1 0 0 0 1 1 2 1 2 0 2 0 2 1 2 1 2 2
1 2 1 0 1 0 0 0 0 1 2 1 2 0 2 0 2 2 2 1 2 2
1 2 2 0 1 0 0 0 0 2 2 1 2 0 2 1 2 0 2 1 2 2
0 2 0 0 2 0 1 0 0 1 2 1 1 0 1 0 2 0 2 2 2 0
1 2 1 0 0 0 0 0 1 0 2 0 1 0 2 0 2 1 2 1 1 2
2 2 1 0 1 0 0 1 1 1 2 2 1 0 2 1 2 2 2 0 2 2
1 2 0 1 0 0 0 1 0 1 2 2 1 0 1 1 2 0 2 0 1 2
2 2 0 0 1 0 0 1 0 1 2 2 2 0 2 0 2 1 2 1 2 1
0 2 0 0 0 1 0 0 1 2 2 1 1 0 1 0 2 1 2 1 1 2
2 2 0 0 1 0 0 1 1 1 1 2 2 0 1 0 2 2 2 2 2 0
1 2 2 0 1 0 0 1 0 1 2 2 2 0 1 1 2 0 2 2 2 0
1 2 0 2 2 0 0 0 1 1 1 1 2 1 1 1 2 0 2 1 2 1
1 2 1 0 1 0 0 1 0 0 1 1 2 0 1 1 2 1 2 2 2 1
1 2 0 1 1 0 0 1 1 1 2 1 1 1 0 0 2 0 2 2 2 0
1 2 0 1 0 0 0 1 1 0 2 1 1 0 2 0 2 1 2 1 2 0
1 2 1 0 0 0 0 0 1 1 2 1 1 1 1 2 2 1 2 2 1 1
1 2 1 0 1 0 0 0 0 1 2 1 2 0 2 0 1 2 2 1 2 2
2 1 0 0 0 0 0 0 0 2 2 2 2 1 1 1 2 0 2 0 1 2
1 2 1 0 1 0 0 0 1 1 2 2 2 0 2 0 2 1 2 2 1 2
1 2 0 1 1 0 0 1 0 0 2 2 1 0 2 0 2 1 2 2 1 0
1 2 1 0 0 0 0 1 1 2 2 2 2 0 2 1 2 0 2 2 2 0
0 2 2 0 1 0 0 1 1 1 2 1 0 1 1 0 2 1 2 1 2 1
1 1 0 0 1 0 0 1 1 1 2 1 2 0 1 0 2 2 2 0 2 1
2 2 1 0 0 1 0 0 0 1 2 1 2 0 1 1 2 2 2 2 2 2
1 2 0 0 1 0 0 1 2 1 2 2 2 0 1 0 2 2 2 1 2 0
1 2 1 0 0 1 0 0 2 2 2 2 2 0 2 0 2 2 1 1 2 1
2 2 1 0 2 0 0 1 1 1 1 1 2 0 2 1 2 1 2 0 2 0
1 2 0 0 0 0 0 0 0 1 2 2 1 0 2 0 2 1 2 2 1 2
0 2 1 0 1 0 0 0 1 2 2 2 2 0 2 0 2 0 2 1 2 1
1 2 0 0 2 0 0 0 0 2 2 2 2 0 2 0 2 1 2 1 2 1
2 2 0 0 1 0 0 0 0 1 2 2 1 0 0 1 2 1 2 2 1 1
0 2 1 0 2 0 0 1 0 1 2 2 2 0 2 1 2 2 2 1 1 1
1 1 0 0 0 0 0 0 1 2 2 2 1 0 2 0 2 1 2 1 2 1
1 1 0 0 2 0 0 1 0 0 2 2 2 0 2 0 2 0 2 2 2 1
0 2 0 0 0 0 0 0 0 1 2 1 2 0 1 0 2 1 2 1 2 0
2 2 1 0 2 0 0 1 1 2 2 2 1 0 0 1 2 2 2 1 2 2
2 1 1 1 1 2 0 0 1 2 1 2 1 0 1 0 2 0 2 2 2 2
0 2 0 0 0 0 0 1 2 1 2 2 2 1 1 0 2 1 2 1 1 0
2 2 0 0 1 0 0 1 0 0 2 1 2 0 1 0 2 1 2 2 1 2
1 2 1 1 0 0 0 0 1 1 2 1 2 0 2 1 2 1 2 1 1 2
1 2 1 2 0 0 0 1 0 2 1 1 2 0 1 1 2 1 2 1 2 1
1 2 0 1 0 0 0 0 1 1 2 2 2 0 2 1 2 2 2 1 2 0
0 2 0 0 1 0 0 1 0 2 2 1 2 0 1 0 2 0 2 1 2 1
1 2 1 0 2 0 0 0 1 1 2 2 2 0 1 0 2 0 2 1 2 1
0 1 0 0 1 0 0 0 1 0 2 2 1 1 2 1 2 1 2 2 1 1
1 2 0 1 2 0 0 1 0 2 2 2 2 0 1 0 2 0 2 1 2 0
0 2 1 0 0 0 0 1 0 1 2 2 2 0 2 0 2 2 2 2 2 1
1 2 0 0 1 0 0 0 0 2 2 1 2 0 1 0 2 2 2 0 0 0
2 1 0 1 0 0 0 1 1 2 2 1 1 0 2 0 2 1 2 1 2 1
0 2 1 0 0 0 0 0 2 1 2 2 2 0 1 0 2 1 2 2 2 0
2 2 0 0 1 0 0 0 0 1 2 2 2 0 1 0 2 1 2 1 2 0
1 2 1 0 2 1 0 0 1 0 1 2 2 0 0 0 2 1 2 1 2 1
1 1 2 0 1 0 0 2 0 1 2 1 2 1 1 0 2 1 2 1 2 1
1 2 1 1 1 0 0 0 0 1 2 2 2 0 1 0 2 1 2 1 2 2
2 1 0 0 1 0 0 1 0 1 2 2 2 0 2 1 2 1 2 1 2 2
2 2 1 1 0 0 0 1 0 0 2 1 1 1 2 0 2 1 2 0 1 0
0 2 0 1 1 1 0 1 0 0 2 2 2 2 2 0 2 1 2 2 2 1
2 2 0 1 2 1 0 1 0 2 2 2 2 0 2 1 2 0 2 2 2 1
1 2 0 0 2 1 0 0 1 1 2 1 2 1 1 0 2 2 2 1 2 1
2 1 0 0 1 0 0 0 0 1 2 2 1 1 1 0 2 2 2 1 2 1
2 2 1 0 0 1 0 2 1 1 2 0 1 1 1 0 2 0 2 2 2 2
2 2 1 1 1 0 0 2 0 0 2 2 1 0 2 0 2 0 2 2 2 2
0 2 2 0 0 0 0 2 1 1 2 2 1 0 2 1 2 1 2 1 2 0
1 2 1 0 0 0 0 1 1 1 2 2 2 0 2 2 2 1 2 0 2 1
2 2 2 0 2 0 0 0 2 1 2 2 2 1 1 1 2 2 2 2 2 2
1 2 0 1 2 0 0 0 1 1 2 1 2 0 1 0 2 1 2 0 2 1
1 1 1 0 1 1 0 0 0 0 2 2 2 0 1 0 2 1 2 1 1 1
0 2 1 0 1 0 0 0 0 0 2 2 1 1 2 0 2 0 2 2 2 2
2 1 1 1 1 0 0 1 0 1 2 1 2 0 1 0 2 2 2 1 2 0
2 2 2 0 0 0 0 0 0 2 2 1 2 0 1 0 2 2 1 0 2 0
1 1 0 0 0 0 0 1 0 1 2 2 2 1 0 0 2 2 1 0 2 0
2 2 0 0 1 1 0 1 1 1 2 1 2 0 0 0 2 0 2 2 2 1
0 2 0 1 2 0 0 0 0 0 1 2 2 0 0 1 2 1 2 0 2 2
2 1 1 1 2 0 0 0 1 2 2 2 2 0 1 0 2 0 2 2 2 2
2 2 0 1 1 0 0 0 0 1 2 1 2 0 2 0 2 0 2 0 2 0
2 2 1 1 2 0 0 1 0 0 2 2 1 0 0 1 2 2 2 1 2 0
0 2 1 0 0 0 0 1 0 1 1 2 1 0 2 0 2 1 2 1 2 1
0 2 0 2 1 1 0 1 0 1 2 2 2 0 1 1 2 0 2 1 2 1
2 1 2 1 0 0 0 0 1 2 2 2 1 0 1 1 2 1 2 2 2 1
1 2 1 0 1 1 0 0 0 1 2 2 2 0 0 1 2 2 2 0 2 2
2 2 0 1 1 0 0 0 0 1 2 2 2 0 2 2 2 1 2 1 2 1
0 1 1 0 1 0 0 0 1 0 2 1 1 1 0 0 1 1 2 2 2 0
1 2 0 1 2 1 0 0 0 2 2 2 1 0 2 0 2 1 2 1 2 1
2 2 0 0 2 0 0 1 1 1 2 2 1 0 0 1 2 0 2 0 2 0
2 2 0 0 1 0 0 0 0 1 2 2 2 0 0 1 2 2 2 1 1 1
1 2 1 0 2 0 0 1 1 1 2 2 2 0 2 0 2 1 1 1 2 2
2 2 1 1 2 0 0 2 0 2 2 2 2 1 0 1 2 1 2 1 2 1
2 2 0 1 0 0 0 0 0 1 2 2 2 1 1 0 2 0 2 1 2 1
2 2 0 2 1 0 0 0 0 1 2 2 2 0 2 0 2 0 2 0 2 1
1 2 0 1 1 0 0 2 0 1 2 2 1 0 1 1 2 1 2 0 2 2
1 2 1 0 2 0 1 0 0 1 2 2 1 0 1 0 2 0 2 0 2 1
1 2 0 1 0 1 0 2 1 1 2 1 0 1 2 0 2 1 2 1 2 1
2 2 0 0 0 0 0 1 0 1 2 2 2 2 1 0 2 1 2 0 2 0
2 2 2 0 1 0 0 0 1 0 2 2 1 0 2 0 2 1 2 0 2 1
2 2 1 0 2 0 0 1 1 1 1 2 1 0 1 1 2 1 2 0 2 1
2 2 0 0 1 0 0 1 1 2 1 2 2 1 2 0 2 1 2 1 2 1
1 2 0 0 0 0 0 0 1 0 2 2 1 1 0 1 2 1 2 0 2 0
1 2 0 2 2 0 0 0 1 1 2 1 1 0 0 0 2 2 2 2 1 0
1 2 0 0 1 0 0 0 0 2 2 2 2 0 1 2 2 2 2 1 2 0
2 2 1 0 0 0 0 1 0 1 1 2 2 0 0 1 2 1 2 1 2 2
1 2 0 0 0 0 0 1 1 0 2 2 2 0 2 0 2 1 2 1 2 1
1 2 1 1 1 0 0 1 0 1 2 2 2 1 2 0 2 2 2 0 2 0
0 2 1 1 0 0 0 0 0 1 2 2 2 0 0 0 2 1 2 2 2 1
1 2 1 0 0 1 0 2 0 1 2 1 2 0 1 0 2 1 2 1 2 1
2 2 1 0 1 0 0 1 1 1 2 1 1 0 0 1 2 1 2 0 1 2
2 2 0 0 1 1 0 0 0 0 2 2 2 0 1 0 2 0 2 1 2 1
1 2 1 1 2 0 0 0 1 1 2 2 1 0 1 1 2 0 2 1 2 0
2 2 0 0 2 0 0 1 1 2 2 1 2 0 2 0 2 1 2 1 1 0
1 1 0 0 0 0 0 1 0 1 2 2 2 0 2 0 2 1 2 2 2 1
1 2 0 1 1 0 0 1 1 2 2 2 2 0 2 1 2 2 2 1 2 1
2 2 0 0 1 0 0 0 1 0 2 2 2 2 1 1 2 2 2 2 2 0
2 2 0 0 0 0 0 1 2 1 2 2 2 0 1 1 2 1 1 0 2 0
2 2 0 0 2 0 0 2 0 1 1 1 2 1 1 0 2 2 2 0 2 0
1 2 2 0 1 0 0 0 0 1 1 2 2 0 1 1 2 1 1 1 2 2
2 2 2 0 0 0 0 2 0 2 2 2 2 0 2 0 2 1 2 1 2 0
1 2 1 0 1 0 0 0 1 1 1 1 2 0 2 0 2 1 2 0 1 0
2 2 1 0 1 0 0 1 0 1 2 2 2 0 2 1 2 1 2 1 2 0
1 2 1 0 1 0 0 0 0 0 2 2 2 0 2 0 2 2 2 0 2 1
2 2 0 0 0 0 0 0 1 0 2 2 2 0 2 0 2 1 2 2 2 2
2 2 1 0 2 0 0 0 1 1 2 2 1 0 1 1 2 2 2 2 2 2
1 2 1 1 2 1 0 1 1 1 2 1 2 0 1 2 2 2 2 0 2 2
0 2 0 0 0 0 0 1 0 1 2 1 1 0 1 0 2 1 1 0 2 0
2 2 0 1 0 0 0 1 0 1 2 2 2 0 2 0 2 0 2 1 2 1
2 2 0 1 0 0 0 0 0 1 2 2 1 0 1 1 2 2 2 1 2 2
1 2 0 0 0 0 0 1 0 1 2 2 2 0 1 1 2 2 2 2 2 1
1 2 0 1 1 0 0 0 0 1 2 2 2 1 2 0 2 2 2 0 2 0
2 2 1 2 0 1 0 1 1 0 2 2 1 1 2 0 2 0 2 1 1 0
1 2 0 0 2 0 1 0 0 0 2 0 2 0 0 0 2 2 2 1 2 1
2 2 0 0 1 0 0 0 0 1 2 2 1 0 2 0 2 2 2 2 2 1
1 2 1 0 0 0 0 1 0 1 2 2 1 0 0 0 2 0 2 1 1 1
1 2 0 1 0 0 0 0 0 0 2 1 2 0 2 0 2 2 2 1 2 0
1 2 1 0 1 0 0 0 0 1 1 2 2 0 1 0 2 1 2 0 2 1
2 2 1 0 1 1 0 0 0 1 2 2 1 0 0 2 2 2 2 1 1 1
2 2 1 1 0 0 0 1 1 1 2 2 2 1 0 0 2 2 2 2 2 1
2 2 1 0 0 1 0 0 0 2 2 2 2 0 1 1 2 1 2 1 2 0
2 2 0 1 1 0 0 0 0 1 2 2 1 0 1 1 2 1 2 1 2 2
1 2 0 1 2 0 0 1 1 2 1 2 2 0 1 0 2 0 2 1 2 1
1 2 0 0 2 0 0 0 0 1 2 2 2 0 0 1 2 0 2 1 2 0
1 2 2 0 1 0 0 1 1 2 2 1 1 0 0 0 2 0 2 1 1 0
1 2 0 1 1 0 0 0 1 1 2 1 2 0 1 1 2 1 2 2 2 1
2 2 0 1 2 0 0 1 0 1 2 2 2 0 1 0 2 2 2 2 1 1
2 2 0 0 0 0 0 0 0 0 1 1 1 0 1 0 2 2 2 0 2 1
1 2 1 1 1 0 0 1 0 0 2 2 2 0 1 0 2 1 2 0 2 2
2 2 1 0 1 0 0 0 1 1 2 1 1 0 2 0 2 0 2 1 2 0
2 1 0 2 1 0 0 1 2 0 2 1 2 0 1 0 2 1 2 1 1 2
2 2 1 0 1 0 0 0 1 2 2 1 1 1 1 1 2 1 2 0 2 1
1 2 0 0 0 1 0 0 0 2 2 2 2 0 1 0 2 2 2 1 2 2
2 2 0 1 0 0 0 0 0 0 2 0 2 1 2 0 2 2 2 2 2 1
1 2 0 0 1 1 0 1 0 2 2 1 2 0 1 0 2 2 2 1 2 2
2 2 1 2 0 0 0 0 0 1 2 1 2 1 2 1 2 2 2 1 1 1
0 2 2 1 1 0 0 0 1 1 1 2 2 0 1 0 2 1 2 1 2 2
1 2 1 1 0 0 0 0 0 1 2 2 1 1 0 1 2 1 2 2 2 2
2 2 1 0 2 0 0 0 1 0 2 2 2 0 1 0 2 1 2 0 2 2
2 2 0 0 1 1 0 0 1 2 2 2 1 2 2 0 2 1 2 1 2 0
1 2 0 0 1 0 0 1 1 1 2 2 2 0 2 0 2 1 2 1 2 1
2 2 1 0 0 0 0 1 1 1 2 2 1 0 1 1 2 2 2 2 1 1
2 2 0 2 0 1 0 0 0 0 2 1 2 0 0 0 2 2 2 0 2 2
2 2 0 1 1 0 0 1 1 2 2 1 2 0 1 0 2 1 1 0 1 0
1 2 0 0 1 0 0 1 0 2 2 1 2 0 1 0 2 1 2 2 2 1
2 1 0 1 0 0 0 0 1 0 2 2 2 1 2 0 2 1 1 1 2 1
1 2 0 1 1 0 0 0 0 1 2 2 1 0 2 0 2 0 2 2 2 1
2 2 0 0 1 1 0 0 1 2 2 1 2 1 1 0 2 2 2 0 1 0
1 2 0 0 1 0 0 0 0 2 2 1 2 0 1 0 2 1 2 1 2 1
2 2 0 1 0 1 0 0 0 0 2 2 2 0 2 2 2 0 2 1 2 0
2 1 1 1 1 0 0 0 0 1 2 1 1 0 2 0 2 1 2 1 2 1
2 2 1 0 1 1 0 0 1 0 2 2 1 1 2 1 2 0 2 1 2 0
2 1 1 2 2 0 0 1 1 1 2 1 1 1 0 0 2 0 2 1 2 1
1 2 1 1 0 1 0 1 1 2 2 2 2 0 1 1 2 1 2 0 2 1
1 2 0 0 2 0 0 0 0 0 2 1 2 1 1 0 2 2 2 1 1 1
1 2 1 0 1 0 0 0 1 0 2 1 1 0 1 0 2 0 2 1 2 0
0 1 0 1 1 0 0 0 1 0 2 2 2 0 0 0 2 1 2 0 2 2
1 2 2 0 0 0 0 0 1 1 2 2 1 0 1 1 2 2 2 1 1 1
1 2 0 0 2 0 0 1 0 2 2 1 2 0 1 0 2 1 2 1 2 1
1 2 0 0 0 0 0 1 0 0 2 2 2 0 1 1 2 1 2 2 2 1
2 2 1 0 1 0 0 0 0 0 2 2 2 0 1 0 2 1 2 2 1 0
2 2 0 0 1 0 0 0 0 0 2 2 2 0 1 0 2 1 2 0 2 0
1 2 2 0 0 0 0 1 1 1 2 1 1 1 2 0 2 1 2 2 2 1
2 2 0 0 0 0 1 1 1 1 2 2 1 0 1 0 2 1 2 1 2 1
1 2 1 1 1 0 0 0 1 2 2 2 1 0 1 1 2 2 2 1 2 1
2 2 0 0 1 0 0 0 0 1 2 2 2 0 2 0 2 0 2 0 1 1
2 1 0 0 1 0 0 1 0 1 2 2 1 0 2 0 2 1 2 0 2 0
2 2 1 1 0 0 0 2 1 0 2 2 0 0 2 0 2 1 2 0 2 2
1 2 0 1 2 0 0 1 1 2 2 1 2 0 2 0 2 1 2 2 2 1
2 2 0 0 1 0 0 1 0 1 2 2 2 1 1 0 2 0 2 2 1 2
2 2 1 2 1 1 0 1 0 0 2 1 2 0 2 0 2 1 2 2 2 0
2 2 0 1 1 0 0 1 1 0 2 1 1 0 1 1 2 1 2 1 2 0
2 2 0 0 1 0 0 0 1 0 1 1 2 0 0 0 2 1 1 2 2 1
2 2 0 1 1 0 0 1 1 1 2 1 2 0 2 1 2 2 2 0 2 1
0 2 0 0 1 1 0 1 0 0 2 2 1 0 2 1 2 1 2 0 2 2
1 1 2 0 0 0 0 0 1 1 2 2 2 0 1 0 2 0 2 1 2 1
1 2 0 0 1 0 0 0 0 2 2 2 0 0 1 1 2 1 2 1 1 1
0 2 0 0 1 0 0 1 1 2 2 1 2 0 2 0 2 0 2 2 2 1
0 2 0 0 2 0 0 0 0 0 2 2 1 0 1 0 2 0 2 1 2 0
1 2 1 2 1 1 0 1 0 0 2 1 2 1 1 1 2 0 2 2 2 1
2 2 1 0 0 0 0 0 0 2 2 2 1 0 1 0 2 2 2 1 2 0
1 2 0 0 1 0 0 1 0 0 2 2 2 2 0 0 2 1 2 1 1 1
2 2 0 2 0 0 0 0 0 1 2 1 2 0 0 0 2 2 2 1 2 0
1 2 0 0 0 0 0 2 1 2 2 2 2 0 2 2 2 1 2 1 1 1
1 2 1 1 1 0 0 0 1 1 2 2 1 0 0 0 2 1 2 1 2 1
1 2 0 1 1 0 0 1 0 1 2 2 2 1 2 0 2 1 2 1 2 0
1 2 0 0 2 1 0 0 0 1 1 2 2 1 0 0 2 2 2 1 2 1
2 2 1 1 1 1 0 0 0 2 2 1 2 0 1 1 2 2 2 1 2 0
2 2 2 0 1 0 0 2 0 1 2 2 1 0 2 0 2 2 2 1 2 1
1 2 0 1 1 0 0 1 1 1 2 2 1 0 2 1 2 1 2 0 2 1
1 2 0 0 1 0 0 0 0 1 2 1 2 0 2 0 2 2 2 0 2 2
0 1 0 1 1 0 0 1 1 1 2 2 1 0 0 0 2 0 2 1 2 2
0 2 0 0 0 1 0 1 0 0 2 2 2 1 1 0 2 0 2 0 2 2
0 2 0 2 0 0 0 0 0 0 2 1 2 1 1 0 2 0 2 1 2 1
2 2 0 0 0 0 0 0 0 2 2 2 1 0 1 0 2 1 2 0 1 1
2 2 0 0 2 0 0 1 1 2 2 2 2 1 1 1 2 1 2 2 2 2
1 1 0 0 1 2 0 0 2 1 2 2 1 0 2 0 2 2 2 2 1 1
1 2 1 0 1 0 0 0 0 0 2 2 2 0 1 0 2 1 2 0 2 1
2 2 0 2 0 0 0 0 1 2 2 1 2 0 2 1 2 0 2 0 1 0
1 2 0 0 1 0 0 0 0 2 2 1 2 0 1 0 2 1 2 1 2 1
2 1 1 0 0 0 0 0 0 1 2 2 2 0 1 0 2 2 2 0 2 0
2 2 0 1 0 0 0 0 0 1 2 2 1 0 1 1 2 1 2 0 2 2
1 2 1 1 1 0 0 1 1 1 2 1 1 0 1 1 2 2 2 1 2 2
1 2 1 0 0 0 0 0 1 2 2 2 2 1 0 0 2 2 2 0 2 1
2 2 1 1 0 0 0 0 0 1 2 2 2 0 1 0 2 2 2 2 2 0
2 1 0 0 1 1 0 0 0 0 2 0 2 0 2 1 2 1 2 2 2 0
1 2 0 1 1 0 0 0 1 2 2 1 2 0 1 0 2 0 2 2 2 1
2 2 0 1 2 0 0 0 0 2 2 1 2 0 1 0 2 2 2 1 2 1
2 2 1 2 1 0 0 1 0 2 2 2 2 1 0 1 2 1 2 1 1 1
0 2 1 0 0 0 0 1 1 0 2 2 2 0 1 0 2 2 2 0 1 2
1 2 1 1 1 0 0 1 1 2 2 1 1 2 2 0 2 1 2 0 2 1
2 2 0 1 1 0 0 0 0 1 2 2 2 0 2 0 2 2 2 1 2 2
2 2 0 1 1 0 0 0 1 2 2 1 2 0 2 0 2 1 2 0 1 0
2 1 1 0 0 0 0 0 0 0 2 2 0 1 2 1 2 2 2 0 2 1
1 2 0 0 2 0 0 2 0 2 2 1 2 0 2 0 2 1 2 1 2 1
0 2 0 0 2 0 0 0 1 2 2 2 1 0 1 0 2 1 2 2 2 0
1 2 2 0 2 0 0 1 0 2 2 2 2 0 0 0 2 1 2 0 2 1
1 2 0 0 0 0 0 0 1 2 1 2 0 0 0 0 2 2 2 0 2 2
1 2 2 0 0 0 0 1 1 0 2 2 2 0 1 0 2 1 2 2 2 1
0 2 0 0 1 0 0 0 0 2 2 1 1 1 2 1 2 1 2 0 2 0
2 2 2 0 1 1 0 1 1 1 2 2 2 0 0 1 2 1 1 2 2 0
1 2 1 0 1 0 0 1 0 0 2 2 2 0 1 0 2 1 2 2 2 2
2 2 0 0 0 0 0 0 1 1 2 0 1 0 1 0 2 1 2 1 2 0
0 2 1 1 0 1 0 1 1 0 2 2 2 1 1 0 2 1 2 1 2 2
1 2 1 0 1 1 0 1 1 0 2 2 2 0 1 1 2 2 2 0 2 0
2 2 2 0 1 0 0 1 2 1 2 2 2 0 1 0 2 2 2 0 2 0
1 2 1 1 0 0 0 0 1 1 2 1 2 0 2 1 2 2 2 1 2 0
2 2 1 0 2 1 0 0 0 2 2 2 2 0 0 0 2 1 2 2 2 0
1 2 0 1 1 0 0 0 1 0 2 2 2 0 2 0 2 2 2 1 2 0
1 2 0 0 0 0 0 0 0 1 2 2 2 0 1 0 2 2 1 2 2 0
0 1 0 1 0 0 0 2 1 1 2 1 2 1 2 0 2 1 2 1 2 2
1 2 1 0 0 0 0 1 1 1 2 2 2 1 2 0 2 0 2 2 2 1
1 2 1 0 2 1 0 2 1 2 1 2 2 0 2 1 2 1 1 0 2 1
1 2 1 0 0 0 0 0 0 2 2 2 0 0 0 1 2 1 2 2 2 1
2 2 1 0 2 0 0 1 1 0 2 2 2 1 1 0 2 0 2 1 2 1
1 1 1 0 0 0 0 0 1 0 2 2 2 1 2 0 2 2 2 1 2 1
1 2 1 0 2 0 0 0 1 1 2 1 2 0 1 1 2 0 2 1 2 0
2 1 1 0 2 0 0 1 0 1 2 2 2 0 1 1 2 0 2 0 1 2
2 2 0 0 2 1 0 0 1 0 2 1 2 0 1 1 2 1 2 0 2 1
1 2 0 0 0 0 0 0 0 2 2 1 1 0 2 0 2 0 2 2 1 0
1 2 1 1 1 0 0 0 0 1 1 2 2 0 1 0 2 1 2 2 2 0
1 2 0 0 0 0 0 1 0 1 1 2 2 1 1 1 2 0 2 1 1 1
0 2 1 0 2 1 0 1 0 2 2 2 1 1 2 0 2 0 2 1 2 2
1 2 0 0 0 0 0 0 0 0 2 2 1 1 2 1 2 1 2 1 2 1
2 2 1 0 0 0 0 1 0 1 2 1 2 0 2 1 2 1 2 2 2 1
2 2 1 1 0 0 0 2 1 0 2 2 0 0 2 0 2 2 2 1 2 1
1 2 1 1 2 0 0 0 1 1 2 2 2 2 1 1 2 1 2 2 2 2
1 2 1 0 1 0 0 0 0 1 2 2 2 0 1 1 2 2 2 2 2 1
1 2 0 1 0 0 0 2 1 1 2 2 1 1 2 0 2 1 2 1 2 0
2 2 0 0 1 0 0 1 0 1 2 2 2 0 1 0 2 1 2 2 1 0
1 2 1 0 1 1 0 1 1 2 2 2 2 0 1 0 2 0 2 2 2 1
2 2 0 0 1 0 0 1 0 1 1 2 1 0 1 0 2 1 2 0 1 1
1 2 0 0 2 0 0 1 1 1 2 2 2 1 2 0 2 2 2 2 1 2
2 2 1 0 1 0 0 2 1 1 2 2 1 0 1 0 2 0 2 1 1 1
1 2 1 1 0 0 0 1 0 1 2 1 2 0 2 1 2 1 2 1 2 1
1 1 1 1 2 0 0 0 0 1 2 1 2 0 2 0 2 0 2 0 2 1
2 2 0 1 2 0 0 0 1 1 2 1 2 0 1 2 2 1 2 2 1 2
2 2 0 1 1 0 0 1 0 2 2 1 2 0 1 0 2 2 2 2 2 2
1 2 0 2 1 0 0 1 2 2 2 2 1 0 2 1 2 2 2 1 2 1
2 2 0 0 0 0 0 2 0 1 2 1 1 0 1 0 2 1 2 0 2 1
1 2 0 0 1 0 0 0 0 2 2 2 2 1 0 0 2 1 2 1 2 2
2 2 1 0 1 0 0 1 1 0 2 2 2 0 1 0 2 1 2 1 2 1
1 2 1 0 1 0 0 0 1 2 2 2 2 0 1 0 2 0 2 1 2 0
1 2 1 0 1 0 0 0 0 1 2 2 2 0 1 0 2 1 2 0 1 1
1 2 2 1 0 0 0 1 1 1 2 1 1 0 1 0 2 1 2 2 2 1
2 2 0 2 2 0 0 0 1 1 2 2 1 0 1 0 2 1 2 2 2 0
2 2 1 0 0 0 1 0 0 1 2 2 2 0 2 1 2 0 2 0 1 0
2 1 0 0 0 0 0 1 0 2 1 1 2 1 2 1 2 1 2 2 2 1
2 2 1 0 1 0 0 0 0 2 2 2 2 0 1 1 2 2 2 1 2 1
0 2 2 0 1 0 0 0 1 2 2 0 1 0 1 0 2 1 2 0 2 2
1 1 0 1 0 1 0 0 1 1 2 1 2 0 1 1 2 1 2 1 2 0
0 2 1 1 2 0 0 1 1 1 2 0 2 0 1 0 2 2 2 0 2 0
1 2 1 0 1 0 0 2 0 1 1 2 1 1 2 1 2 1 2 1 1 1
1 2 0 1 1 1 0 0 1 2 2 2 1 1 1 0 2 2 2 2 1 1
2 1 1 0 1 1 0 0 1 1 2 2 1 0 1 0 2 0 2 0 2 2
2 2 0 0 1 0 0 0 1 0 1 2 2 0 1 0 2 1 2 2 2 1
2 2 0 0 1 0 0 0 0 2 1 2 2 0 2 0 2 1 2 2 2 1
0 2 0 0 1 0 0 2 0 1 2 2 2 1 1 1 2 0 2 0 2 1
2 2 2 1 0 0 0 0 1 1 2 1 2 0 1 0 2 1 2 0 1 0
1 2 1 0 0 0 0 1 1 0 2 2 2 1 2 0 2 1 2 0 2 1
2 2 0 1 1 0 0 1 1 1 2 2 1 1 2 0 2 1 2 1 2 2
2 2 1 2 0 0 0 0 1 2 2 1 2 0 1 1 2 0 2 1 1 0
1 1 0 0 2 0 0 1 1 1 2 1 1 0 0 0 2 0 2 0 2 0
2 2 0 1 1 0 0 0 1 1 2 2 1 0 1 0 2 2 2 2 2 1
0 1 0 0 1 0 0 0 0 2 2 1 1 0 1 0 2 2 2 1 2 1
1 2 0 0 1 0 0 0 0 1 1 2 1 0 1 0 2 2 1 1 1 0
0 2 0 1 1 1 0 1 2 1 1 1 2 0 1 0 2 0 2 1 2 1
2 2 0 0 0 0 0 1 1 0 2 2 2 1 0 0 2 1 1 2 2 2
1 2 0 0 0 0 0 2 1 2 1 2 2 0 2 1 2 1 2 1 2 0
2 2 0 0 1 0 0 2 0 0 2 2 1 0 1 0 2 2 2 1 1 0
2 2 0 0 1 0 0 1 1 1 1 1 1 0 2 0 2 2 1 2 2 1
1 2 1 0 0 0 0 0 1 0 2 1 2 0 1 0 2 0 2 1 2 0
1 2 0 1 2 0 0 1 1 2 2 2 2 0 2 0 2 0 2 2 2 1
1 2 0 1 2 0 0 0 2 1 1 2 2 0 1 0 2 1 1 2 2 2
2 2 1 0 0 2 0 0 1 1 1 0 2 0 2 0 2 1 2 0 2 2
2 2 0 1 2 0 0 1 0 1 2 2 2 0 0 1 2 1 2 0 2 1
2 2 0 0 1 0 0 1 0 2 2 2 1 0 0 1 2 0 2 0 2 0
0 2 2 0 1 1 0 0 1 0 2 2 2 0 2 0 2 1 2 1 1 1
1 2 0 1 1 0 0 2 0 1 2 1 2 0 2 1 2 1 2 1 2 2
1 2 0 0 0 0 0 0 0 2 2 1 1 1 1 0 2 1 2 0 2 1
2 2 1 0 1 0 0 0 0 2 2 1 1 1 1 0 2 0 2 0 2 0
1 1 1 0 1 0 0 0 0 2 2 1 2 0 1 0 2 1 1 2 2 1
2 2 1 0 0 0 0 0 0 1 2 1 1 0 0 0 2 0 2 2 2 1
2 2 1 0 0 1 0 1 0 1 2 2 1 0 1 0 2 1 2 1 1 1
1 2 0 2 0 0 0 0 1 1 2 1 2 0 2 0 2 0 2 1 2 2
2 1 2 1 1 0 0 1 0 0 2 2 1 0 1 0 2 1 2 1 2 0
0 2 0 0 0 0 0 1 0 1 1 1 2 0 2 1 2 0 2 0 1 1
