rs2566785 rs11690950 rs1867806 rs280196 rs6706421 rs3772829 rs7654704 rs6939693 rs706017 rs2507799 rs1660627 rs12414168 rs12775246 rs1781797 rs470215 rs2228224 rs9544050 rs8032739 rs1526123 rs7242730 rs6013193 rs2834721
0 2 1 0 0 0 2 2 1 2 0 0 0 1 0 1 1 0 1 2 1 1
0 1 1 0 0 0 2 2 1 1 0 1 0 1 1 1 1 2 1 2 1 0
1 1 2 0 0 0 2 2 2 0 1 0 0 1 1 2 1 2 1 2 1 0
1 1 0 0 1 0 2 2 2 2 2 1 0 1 1 1 2 2 1 2 0 0
2 0 1 0 0 0 2 1 2 0 0 1 0 0 1 1 2 2 1 1 2 1
0 0 0 0 0 0 2 2 2 1 1 0 0 0 1 1 2 2 1 0 0 0
1 0 0 0 0 0 1 2 2 1 2 1 0 0 1 2 2 1 1 2 0 0
2 1 1 0 0 0 2 2 2 2 0 0 0 1 1 2 1 2 2 2 2 0
2 1 2 0 0 0 2 1 2 2 1 2 0 0 0 2 1 2 1 1 1 0
1 1 1 0 0 0 2 2 2 2 1 0 0 1 0 2 2 2 1 0 1 2
0 1 1 0 0 0 2 2 1 1 0 1 0 1 1 1 2 2 1 1 1 0
2 1 0 0 0 0 1 1 2 2 1 0 0 0 1 2 1 2 0 1 2 1
0 0 0 0 0 0 2 2 2 1 2 0 0 0 0 1 1 1 2 2 1 1
1 2 0 0 0 0 2 2 2 2 1 0 0 1 1 0 2 2 2 2 2 0
2 0 0 0 0 0 1 1 2 2 2 0 0 0 1 2 1 2 2 1 1 2
2 1 0 0 0 0 1 1 2 1 0 1 0 1 0 1 2 1 0 1 1 0
1 0 1 0 0 0 2 2 2 0 0 0 0 1 0 1 1 0 1 1 1 0
2 1 0 0 0 0 1 1 1 1 1 0 0 1 0 2 2 2 1 1 1 0
2 1 1 0 0 0 2 1 1 2 0 0 1 0 0 2 2 1 2 1 1 1
2 1 0 0 0 0 2 2 2 1 1 0 0 0 1 0 2 0 1 1 2 1
1 1 1 0 0 0 2 2 2 1 1 1 0 1 2 2 2 2 1 0 0 2
1 0 1 0 0 0 2 1 2 2 0 0 0 0 0 2 2 2 1 1 1 0
1 0 1 0 0 0 2 1 2 2 1 0 0 0 1 1 1 2 0 2 0 1
2 2 2 0 0 0 2 2 2 1 1 1 0 1 1 1 0 2 1 2 1 0
0 1 1 0 0 0 2 2 2 0 1 1 0 1 1 1 1 2 0 1 1 0
2 2 1 0 0 0 2 1 2 1 0 1 0 0 0 0 2 1 0 2 0 0
2 1 1 0 0 0 2 2 2 1 0 0 0 0 1 2 2 1 0 2 1 0
2 0 1 0 0 0 2 2 2 1 0 0 0 1 1 2 2 2 2 1 1 0
2 1 2 0 0 0 1 2 2 1 1 0 0 1 1 2 2 2 2 1 1 2
1 0 1 0 0 0 2 1 1 2 1 0 0 1 1 1 1 0 1 2 1 1
1 1 0 0 0 0 1 1 2 2 0 0 0 0 0 2 1 2 0 2 2 0
2 2 0 0 0 0 2 1 2 1 1 0 0 0 1 2 2 2 2 1 1 1
2 1 1 0 0 1 2 2 1 1 2 0 0 0 1 1 2 2 0 1 0 0
2 0 2 0 0 0 2 2 2 1 0 0 1 0 2 1 2 1 0 0 2 0
1 0 1 0 0 0 2 2 2 2 1 1 1 0 0 1 2 1 0 2 1 0
2 1 0 0 0 0 2 1 1 0 0 0 0 0 0 2 2 1 2 2 2 1
0 0 1 0 0 0 2 1 2 1 0 0 0 0 0 2 2 1 2 2 2 0
1 0 0 0 0 1 1 2 2 1 0 0 0 0 1 2 1 2 2 2 1 1
2 1 2 0 0 0 2 2 2 1 1 0 0 0 2 1 2 0 1 2 1 1
2 1 1 0 0 0 2 2 2 0 0 1 0 0 1 2 1 2 0 0 1 1
1 1 0 0 0 0 2 1 2 2 1 0 0 2 1 0 2 2 1 1 0 1
1 1 1 0 0 0 1 2 2 0 0 1 0 1 0 1 1 2 1 1 1 1
1 0 1 0 0 0 2 2 2 2 0 0 0 1 1 2 2 1 0 0 1 1
2 0 0 0 0 0 2 1 2 1 0 1 0 0 0 2 2 0 1 2 1 1
1 2 1 0 0 0 2 2 1 1 0 0 0 1 1 2 2 1 0 1 2 0
0 1 0 0 0 0 2 2 2 1 1 2 0 0 1 0 2 1 1 0 0 1
2 1 1 0 0 0 2 2 2 1 1 0 0 1 0 0 1 2 2 2 2 0
1 1 1 1 0 0 2 2 2 1 0 0 0 1 1 2 1 1 1 2 0 0
2 1 2 0 0 0 2 2 2 2 0 2 0 0 0 2 2 2 1 1 1 1
1 1 0 0 0 0 2 2 2 2 0 0 0 1 1 2 1 1 0 2 2 1
0 1 0 0 0 0 2 2 2 1 0 0 0 1 1 2 2 2 0 2 2 0
1 1 1 0 0 0 2 2 2 1 0 0 0 1 1 2 2 1 1 2 1 1
0 1 0 0 0 0 2 2 2 1 1 0 0 1 1 1 2 2 1 2 0 0
2 1 2 0 0 0 2 2 2 1 0 2 0 1 1 2 1 2 1 1 2 0
0 0 2 0 0 0 2 2 1 2 0 0 0 0 1 0 2 1 1 2 0 1
1 1 1 0 0 0 2 1 2 2 1 0 0 1 2 1 1 2 2 1 0 1
1 1 1 0 0 0 2 1 2 1 1 0 0 0 0 2 1 2 1 1 0 2
2 2 1 0 0 0 2 2 2 1 0 0 0 1 1 2 2 1 1 2 1 1
1 0 2 0 0 0 2 2 2 1 0 2 0 1 1 1 2 1 1 2 1 1
0 0 1 0 0 0 2 1 2 2 0 0 0 0 0 0 2 2 1 1 0 1
1 1 2 0 0 0 2 2 2 1 1 0 0 1 2 2 2 1 2 2 1 0
2 2 1 0 0 0 2 1 2 2 0 0 0 0 0 0 2 2 1 2 0 1
1 1 0 0 0 0 2 2 2 2 1 1 0 0 1 0 2 0 1 2 1 0
1 2 1 0 0 0 2 2 2 2 2 1 0 0 0 1 2 2 0 2 0 1
0 1 0 0 0 0 2 2 2 0 1 0 0 0 1 2 2 1 2 1 0 1
2 1 0 1 0 0 2 2 1 1 1 0 0 0 1 2 1 2 1 2 1 0
1 1 0 0 0 0 2 2 2 2 0 1 0 1 2 2 2 2 1 1 1 1
2 1 1 0 0 0 2 1 2 2 0 0 0 1 1 0 1 0 1 0 0 0
1 0 0 0 0 0 2 2 2 1 1 1 0 0 1 2 2 1 0 1 1 0
0 1 1 0 0 0 2 2 2 1 1 0 0 1 0 1 2 2 2 2 1 0
1 2 1 1 0 0 2 2 2 1 0 0 0 0 1 0 2 2 1 1 1 1
1 1 1 0 0 0 2 2 2 1 1 1 0 1 2 1 2 2 1 0 1 1
1 1 0 0 0 0 2 1 1 1 1 0 0 0 0 2 2 1 1 2 2 0
1 0 0 0 0 0 2 2 2 2 0 0 0 0 0 0 2 1 1 1 0 1
2 1 1 0 0 0 2 2 2 1 0 0 0 0 1 1 2 1 1 1 2 0
1 1 1 0 0 0 2 2 1 0 1 0 0 0 0 1 2 1 2 1 1 1
2 1 2 1 0 0 2 2 2 0 1 0 0 1 2 1 2 2 2 2 0 0
1 0 2 0 0 0 2 2 0 1 0 0 0 0 1 1 2 0 1 2 1 0
2 0 1 0 0 0 2 2 2 2 0 0 0 0 1 2 1 2 0 2 1 0
1 0 1 0 0 0 2 2 2 1 0 1 1 0 1 2 2 2 2 2 1 1
2 2 0 1 0 0 2 1 2 2 0 0 0 0 1 2 2 1 1 1 1 0
2 0 1 0 0 0 2 2 2 1 0 0 0 0 1 0 2 1 0 2 2 0
0 0 0 0 0 0 2 2 2 1 0 0 0 0 1 2 0 2 1 1 0 2
1 0 2 0 0 0 2 2 2 2 1 0 0 0 1 2 2 1 1 1 1 1
1 1 0 0 0 0 2 2 2 2 1 1 0 1 0 0 2 1 1 2 2 1
0 0 0 0 0 0 2 2 2 1 1 0 1 2 0 0 2 0 0 2 0 0
1 0 1 0 0 0 1 2 2 1 0 1 0 0 0 2 1 1 0 2 1 1
2 0 1 0 0 0 2 2 2 2 1 1 0 0 1 1 1 1 2 1 2 2
0 2 1 0 0 0 2 2 2 1 0 0 0 1 1 0 2 1 1 1 0 1
1 1 1 0 0 0 2 2 2 2 0 2 0 0 2 2 2 2 0 2 0 1
1 0 0 0 0 0 2 1 2 1 1 2 0 1 2 2 2 1 2 2 0 1
2 2 2 0 0 0 2 2 2 2 0 0 0 2 2 2 2 1 1 2 1 0
0 1 1 0 0 0 2 2 2 2 1 0 0 0 0 0 2 2 1 2 2 1
2 0 0 0 0 0 1 2 1 1 0 1 0 0 1 2 2 2 2 0 0 0
0 1 0 0 0 0 2 2 1 2 1 1 0 0 2 1 1 2 1 2 2 0
2 1 0 0 0 0 2 2 2 2 0 0 0 1 1 2 2 2 2 2 2 1
2 0 0 0 0 0 2 2 2 0 0 0 1 0 0 1 1 0 1 1 2 0
1 0 0 0 0 0 2 0 2 1 0 0 0 1 1 1 0 2 1 2 1 0
1 0 1 0 0 0 2 1 2 2 0 1 0 0 1 2 2 1 1 2 1 1
2 1 1 0 0 0 2 2 2 2 0 0 0 1 0 2 2 1 1 1 0 1
2 1 1 0 0 0 1 1 1 0 0 0 0 0 1 1 2 2 0 2 2 0
2 1 1 0 0 0 2 2 2 1 1 0 0 1 1 1 2 1 0 2 0 0
1 2 1 0 0 0 2 2 2 2 0 0 0 1 0 0 2 2 0 2 1 0
0 0 0 0 0 0 2 2 2 1 0 1 0 1 0 0 2 2 1 1 1 1
1 0 2 0 0 0 2 1 2 0 0 0 0 0 1 0 2 2 2 1 1 0
2 0 0 0 0 0 2 2 2 1 2 1 0 1 0 1 2 1 1 2 1 0
2 1 0 0 0 0 2 2 2 2 1 0 0 2 0 2 2 1 0 1 2 0
0 1 0 0 0 0 2 2 1 1 0 0 0 0 1 1 2 1 1 0 2 0
1 1 2 0 0 0 2 1 2 1 0 1 0 1 0 1 2 2 0 1 0 0
0 0 0 0 0 0 2 2 2 0 0 0 1 0 0 1 2 2 0 2 0 1
1 0 1 0 0 0 2 2 1 1 1 0 0 0 1 2 1 1 1 1 0 1
2 0 1 0 0 0 2 2 2 1 1 0 0 1 0 1 2 1 0 0 1 0
2 2 1 0 0 0 2 1 2 1 1 0 0 0 1 1 2 1 1 2 0 1
1 0 0 0 0 0 2 2 2 1 0 0 0 1 0 1 2 2 0 0 2 0
2 1 2 0 0 0 2 2 1 1 0 0 0 0 0 1 1 1 2 0 0 0
1 1 1 0 0 0 2 2 2 0 1 0 0 0 0 0 2 1 2 0 1 1
1 1 1 0 0 0 2 2 2 1 1 0 0 1 0 2 2 2 0 2 2 1
1 1 1 0 0 0 2 2 2 2 1 1 0 1 0 2 2 1 0 2 1 1
2 1 2 0 0 0 2 2 2 2 1 0 0 0 1 1 2 1 1 1 2 2
1 0 0 0 0 0 1 1 1 1 1 0 1 0 0 1 2 1 1 1 0 1
1 0 0 0 0 0 1 2 1 1 0 0 0 0 1 1 2 2 1 1 1 0
2 0 1 0 0 0 2 2 1 2 1 0 0 0 1 2 1 2 2 2 1 2
2 0 1 0 0 0 1 2 2 1 1 0 0 1 0 1 1 0 2 2 1 1
2 1 1 0 0 0 2 2 2 2 2 0 0 1 1 1 2 2 0 2 0 1
1 0 0 0 0 0 2 2 2 0 1 1 1 1 0 2 2 1 0 2 2 0
2 2 1 0 0 0 2 2 1 2 0 0 0 1 2 1 2 2 0 2 0 1
0 1 1 0 0 0 2 2 2 1 1 0 0 0 1 2 2 2 2 1 2 1
1 2 1 0 0 0 2 2 2 2 1 1 0 0 0 0 1 0 0 1 1 1
2 1 0 0 0 0 2 1 2 1 2 1 0 1 0 2 1 2 1 2 1 0
1 0 0 0 0 0 1 2 2 2 0 0 0 1 1 2 1 2 2 1 1 1
0 1 1 0 0 0 1 2 2 2 0 0 0 1 0 1 1 1 1 2 1 0
1 1 1 0 0 0 2 0 1 0 0 0 0 0 2 2 1 1 1 1 1 0
1 0 1 0 0 0 2 2 2 0 1 1 0 2 0 1 2 1 2 1 0 1
2 0 0 0 0 0 2 2 2 2 1 1 0 0 1 0 2 1 1 2 1 1
1 1 0 0 0 0 1 2 2 2 1 1 0 1 0 0 1 2 2 0 0 0
1 1 0 0 0 0 2 2 2 2 0 0 1 1 1 2 2 1 1 2 2 0
0 0 2 0 0 0 2 2 2 2 0 0 0 0 1 0 2 2 2 2 1 1
1 1 1 0 0 0 2 1 2 2 0 1 0 0 0 2 2 2 1 2 0 0
1 0 1 0 0 0 1 2 2 2 0 0 0 0 0 2 0 1 1 2 0 0
1 0 1 0 0 0 2 2 1 1 2 1 0 1 0 0 1 1 2 2 2 1
2 0 1 0 0 0 1 2 2 1 1 1 0 0 0 1 2 2 0 1 2 0
2 0 1 0 0 0 2 2 2 2 1 2 0 1 2 2 2 2 1 2 1 0
0 1 1 1 0 0 2 1 1 1 0 0 0 0 0 1 2 2 2 2 1 1
0 0 1 0 0 0 1 2 2 2 0 0 0 1 0 1 2 0 0 2 1 0
2 0 2 0 0 1 2 2 2 1 0 0 0 0 2 1 2 0 1 1 2 0
2 1 0 0 0 0 1 2 1 1 1 0 0 0 0 1 1 2 0 1 2 0
1 1 1 0 0 0 1 0 2 1 0 0 0 2 1 2 2 1 1 1 1 1
2 0 0 0 0 0 2 1 2 1 0 1 1 1 0 1 2 2 1 2 0 0
2 2 0 0 0 0 2 0 2 1 0 1 0 1 1 2 2 2 1 2 1 1
2 1 1 0 0 0 2 2 2 1 1 0 0 0 1 0 2 2 1 2 2 1
1 1 1 0 0 0 2 2 1 1 0 1 0 0 0 1 1 1 1 2 1 1
1 0 0 0 0 0 2 2 2 1 0 0 0 0 2 2 2 1 0 2 0 1
2 0 0 0 0 0 2 2 2 2 0 0 0 1 2 1 2 1 0 2 0 0
0 0 0 0 0 0 2 2 2 0 0 0 0 1 1 1 0 2 0 1 1 1
0 1 1 0 0 0 2 2 2 2 0 0 0 1 0 1 0 1 1 1 0 1
1 0 0 1 0 0 1 2 1 2 0 0 1 1 0 1 2 1 1 2 1 0
1 0 1 0 0 0 1 1 2 1 0 0 1 2 0 2 2 2 2 2 1 1
1 0 0 0 0 0 2 2 2 1 0 1 0 1 0 1 2 2 1 2 1 0
0 1 0 0 0 0 2 0 2 1 1 1 0 1 2 2 2 2 0 2 2 1
2 0 0 0 0 0 2 2 2 1 0 1 0 2 0 2 2 2 2 1 1 0
1 0 0 0 0 0 2 2 1 1 0 0 0 0 0 1 1 1 1 2 0 1
0 1 1 0 0 0 2 2 2 2 0 0 1 0 1 1 2 1 1 2 1 0
2 0 1 0 0 0 2 1 1 0 0 2 0 1 2 2 2 2 1 2 2 0
1 1 0 0 0 0 2 2 2 1 2 1 0 0 1 1 2 2 1 2 1 1
1 0 1 0 0 0 2 2 2 1 0 0 0 1 1 2 2 1 1 2 2 0
1 1 1 0 0 0 2 2 2 0 0 1 0 2 1 1 2 2 1 1 2 0
1 0 1 0 1 0 2 2 2 1 1 0 0 0 0 1 2 0 0 2 2 1
2 2 1 0 0 0 2 2 2 1 1 1 0 2 0 1 2 1 1 1 0 0
1 1 2 0 0 0 2 2 2 1 1 1 0 0 2 2 2 1 1 1 0 1
1 0 1 0 0 0 2 2 2 1 0 0 1 1 0 2 2 2 1 1 1 1
0 0 1 0 0 0 2 2 2 0 1 0 0 0 0 2 2 2 1 2 1 2
1 2 1 0 0 0 2 2 2 1 1 0 0 1 1 1 2 1 2 2 2 1
2 1 1 0 0 0 0 1 2 1 0 0 0 1 1 2 2 2 0 2 2 1
0 0 1 0 0 0 2 2 2 1 1 1 0 0 1 2 0 2 1 2 1 0
1 0 0 0 0 0 1 2 1 0 1 0 0 1 0 1 2 2 2 2 1 0
1 0 0 0 0 0 2 2 2 1 2 0 0 0 1 1 1 1 1 2 0 1
1 0 1 0 0 0 2 2 2 1 0 0 0 0 1 1 2 2 1 2 0 0
2 1 0 0 0 0 2 1 2 1 1 0 0 0 1 2 1 2 2 2 1 1
1 0 1 0 0 0 2 1 2 1 0 0 0 0 1 1 2 1 2 2 1 1
2 1 2 0 0 0 2 2 2 2 0 0 0 0 2 1 2 1 1 0 0 1
0 1 1 0 0 0 2 2 2 1 0 0 0 1 1 1 1 2 0 2 0 1
1 0 0 0 0 0 0 2 2 0 1 1 0 1 1 2 0 2 1 2 1 1
1 0 1 0 0 0 2 2 1 2 0 0 0 1 0 2 2 0 0 2 2 0
1 0 2 0 0 0 2 1 2 1 1 0 0 0 1 2 2 1 1 1 1 0
2 1 1 0 0 0 2 2 2 0 1 0 0 0 2 2 2 1 1 1 0 2
2 1 1 0 0 0 2 2 2 1 1 0 0 1 0 1 2 2 1 2 0 1
1 1 1 0 0 0 2 1 2 1 0 0 0 1 1 1 2 1 0 2 1 0
2 1 1 0 0 0 2 2 2 1 0 0 0 1 1 1 1 2 1 1 1 1
1 1 0 0 0 0 2 2 2 0 1 0 0 1 1 1 2 2 1 0 1 1
2 1 1 0 0 0 2 2 2 2 2 1 0 1 1 2 2 2 1 1 2 0
1 1 1 0 0 0 2 2 2 2 1 0 0 1 1 2 2 1 0 1 1 0
0 1 1 0 0 0 2 1 2 2 0 0 1 1 0 0 2 2 0 2 1 2
0 0 2 0 0 0 2 2 2 2 0 1 0 0 0 1 1 2 2 1 1 1
2 0 1 0 0 0 2 2 1 0 1 0 0 0 0 2 2 0 0 2 0 1
2 0 0 0 0 1 2 1 2 1 0 0 0 0 1 0 2 1 1 2 1 1
1 1 0 0 0 0 2 2 2 2 0 0 0 0 0 1 2 2 1 2 2 1
2 0 0 0 0 0 2 2 2 2 0 0 1 2 0 1 2 1 2 2 0 0
1 0 1 0 0 0 2 2 2 2 0 0 0 0 1 1 2 1 0 1 1 0
1 1 0 0 0 0 2 1 2 2 1 1 0 1 1 2 2 1 1 2 0 1
2 0 0 0 0 0 2 1 1 2 0 0 0 1 1 1 2 2 0 2 1 1
1 2 2 0 0 0 2 2 2 1 1 0 0 0 1 2 1 2 2 1 0 1
1 1 2 0 1 0 2 1 1 2 1 0 0 1 0 1 1 1 2 2 2 1
0 1 0 0 0 0 2 2 1 1 0 0 1 0 2 0 2 1 0 1 2 1
0 1 0 0 0 0 2 2 2 2 1 0 0 1 0 1 2 1 0 1 0 0
1 0 1 0 0 0 2 2 2 1 0 0 0 0 0 2 2 1 2 1 0 0
0 2 2 0 0 0 1 2 1 2 0 0 0 0 1 1 2 2 0 2 1 1
1 1 0 0 0 0 2 1 1 1 0 0 1 0 0 1 2 1 1 2 2 2
0 1 1 0 1 0 2 2 2 1 1 0 0 1 0 2 2 2 1 1 2 0
1 0 0 0 0 0 2 2 2 1 2 0 0 0 0 2 2 0 2 2 1 1
1 0 1 0 0 0 2 1 1 2 0 0 0 2 1 2 2 2 0 2 0 1
2 1 1 0 0 0 2 2 2 0 0 0 1 0 0 2 2 2 1 1 2 1
1 0 0 0 0 0 2 2 2 2 0 0 0 0 0 0 2 2 0 2 2 0
2 1 0 1 0 0 2 2 2 2 1 0 0 0 0 1 2 1 1 2 1 0
1 1 0 0 0 0 2 2 2 2 1 0 0 1 0 2 1 0 1 1 1 0
1 1 1 0 0 0 2 2 2 1 1 1 1 0 0 1 2 2 2 2 1 2
1 0 1 0 0 0 1 2 2 1 1 0 0 1 0 1 1 2 1 1 0 1
2 1 2 0 0 0 2 2 2 1 1 1 0 1 2 1 2 2 1 2 1 1
1 1 1 0 0 0 2 2 2 2 1 0 0 1 2 2 1 2 0 1 1 2
0 2 2 0 0 0 2 2 2 1 1 0 0 0 1 2 1 2 0 2 1 1
2 2 0 0 0 0 2 1 2 2 1 0 0 1 2 1 2 1 1 1 1 1
0 2 2 0 0 0 2 2 2 1 1 0 0 1 0 0 1 2 0 1 1 1
2 0 1 0 0 0 2 2 2 2 1 0 0 0 2 0 2 1 1 1 1 0
1 0 0 0 0 0 2 2 2 2 1 0 1 0 1 2 2 1 1 2 2 2
2 0 0 0 1 0 2 2 1 1 0 1 0 0 1 0 2 2 1 1 0 0
0 1 1 0 0 0 2 2 2 1 0 1 0 1 0 0 2 2 1 2 1 0
1 1 2 0 0 0 2 1 2 2 0 0 0 0 1 1 2 1 2 2 1 0
1 2 1 0 0 0 2 2 2 1 1 0 0 0 1 0 2 2 2 2 0 1
1 1 1 1 0 0 2 2 2 1 0 0 0 0 1 1 2 1 2 2 1 1
1 0 1 0 0 0 2 2 1 1 0 0 0 0 1 2 2 1 0 2 1 1
1 0 1 0 0 0 2 2 2 0 1 1 1 0 0 2 1 1 0 2 1 1
1 1 0 0 0 0 2 1 2 1 1 0 0 0 1 2 2 2 0 2 0 1
1 1 0 0 0 0 2 2 2 2 0 0 0 0 2 1 1 1 0 1 0 0
1 1 1 0 0 1 2 2 2 1 0 1 0 0 1 1 2 2 2 2 1 0
1 0 0 0 0 0 2 2 2 2 0 0 0 1 0 2 1 2 2 1 1 1
1 0 0 0 0 0 2 0 2 1 1 1 0 2 0 1 2 1 0 2 1 1
0 1 0 0 1 0 2 2 2 1 0 0 0 0 0 1 1 2 1 2 2 0
0 2 0 0 0 0 2 2 2 1 1 0 0 1 0 1 2 1 0 2 1 0
1 0 1 0 0 0 2 2 2 1 1 0 0 0 1 1 1 1 1 2 2 1
2 0 0 0 0 0 2 2 2 0 2 0 0 1 1 2 1 2 1 2 0 0
1 0 1 0 0 0 2 2 2 1 0 1 0 0 1 1 2 2 0 2 1 1
1 0 1 0 0 0 2 1 2 2 2 0 0 1 2 2 2 1 0 2 1 1
1 0 1 0 0 0 2 2 1 1 1 1 0 0 0 1 1 1 1 2 2 0
2 2 0 0 0 0 2 2 2 2 0 1 1 1 1 2 2 1 0 2 0 0
1 1 0 0 0 0 2 2 2 1 1 0 0 0 1 2 2 2 1 1 1 1
1 1 0 0 0 0 2 2 2 1 1 0 0 2 1 1 2 2 1 0 0 1
2 0 0 0 0 0 2 2 2 1 0 0 0 0 0 2 2 1 1 1 2 1
1 1 1 0 0 0 2 1 2 0 1 0 0 2 0 1 2 2 0 1 1 1
1 2 1 0 0 0 2 2 2 1 1 1 0 2 0 1 2 2 1 2 1 1
2 1 1 0 0 0 2 2 2 1 0 1 0 0 1 1 1 2 2 2 1 0
1 1 1 0 0 0 2 2 2 1 1 2 0 0 1 0 1 1 0 1 1 0
0 0 0 0 0 0 2 2 2 1 1 0 0 0 2 1 2 2 0 2 0 2
2 1 1 0 0 0 2 2 1 0 0 0 0 0 0 1 2 2 1 2 0 0
1 2 0 0 0 0 2 2 2 1 1 0 0 0 2 1 1 2 1 2 0 1
1 1 2 0 0 0 2 2 2 2 1 0 0 1 0 2 1 2 1 1 1 0
1 1 1 0 1 0 2 2 2 2 0 1 0 0 1 2 2 2 0 2 0 0
1 1 1 0 0 0 2 1 2 2 2 0 0 2 1 2 2 1 1 0 1 1
0 0 1 0 0 0 1 2 2 1 0 0 0 1 0 1 0 2 2 2 1 1
2 1 1 0 0 1 2 2 2 1 1 1 0 1 0 1 2 2 2 2 2 1
0 0 0 0 0 0 2 2 2 1 0 0 0 0 0 2 2 2 1 1 1 0
1 1 0 0 0 0 2 2 2 1 1 0 0 1 1 1 1 2 2 1 1 0
2 2 1 0 0 0 2 2 2 2 0 0 0 2 0 1 1 2 0 1 1 0
2 0 2 0 0 0 2 2 2 1 1 0 0 0 1 2 2 2 1 1 0 0
1 0 0 0 0 0 2 2 2 1 1 0 0 1 2 0 2 2 2 2 1 1
1 1 0 0 0 0 1 2 1 1 0 0 0 0 2 0 2 2 2 1 1 0
1 1 2 0 0 0 2 2 2 2 1 1 0 0 0 1 2 2 0 1 1 0
1 0 1 0 0 0 2 2 2 2 0 1 0 1 1 2 1 1 0 2 2 0
1 1 2 0 0 0 2 1 2 2 0 0 0 0 0 2 2 2 1 1 0 0
2 0 1 0 0 0 2 2 2 1 0 1 0 1 0 1 2 1 2 2 1 2
1 1 2 0 0 0 2 2 2 1 1 1 1 0 0 1 2 2 2 2 1 0
2 1 1 0 0 0 1 2 2 2 0 1 0 1 0 1 2 2 1 1 1 1
2 2 1 0 0 0 2 2 2 2 1 0 0 0 1 2 2 2 1 1 1 0
0 0 1 0 0 0 1 2 2 0 0 1 0 0 1 1 2 1 1 1 1 0
0 2 1 0 0 0 2 2 2 1 1 0 0 1 0 1 1 1 0 0 2 0
1 1 0 0 0 0 2 2 2 1 0 0 0 1 1 1 2 1 0 1 0 1
1 0 0 0 0 0 2 2 2 1 0 0 0 0 0 0 2 2 0 2 1 1
1 1 1 0 0 0 2 2 1 0 1 1 0 1 1 1 2 2 1 1 0 1
2 1 0 0 0 0 1 2 1 0 0 0 0 0 0 1 1 1 2 1 1 0
2 2 1 0 0 0 2 1 2 2 1 0 0 1 1 1 2 1 0 1 2 1
2 2 1 0 0 0 2 1 2 2 0 0 0 1 1 1 2 1 0 1 1 0
0 0 1 0 1 0 2 1 2 1 0 0 0 0 0 2 2 1 1 1 0 0
2 1 2 0 0 0 2 2 2 1 0 0 0 1 0 1 1 2 1 1 0 0
1 1 1 0 0 0 2 2 2 2 1 1 0 0 2 2 2 2 2 2 1 0
2 1 1 0 0 0 2 2 2 2 0 0 0 0 2 2 1 2 0 2 1 1
2 0 0 0 0 0 2 2 2 1 1 0 0 0 0 1 2 1 2 2 2 0
1 2 1 0 0 0 2 2 2 2 1 0 0 1 1 1 2 2 1 2 2 0
1 2 2 0 0 0 1 2 2 1 0 0 0 0 0 0 2 2 1 1 1 0
1 1 0 0 0 0 2 0 2 0 0 0 0 0 0 2 1 2 1 1 1 1
2 1 2 0 0 0 2 2 1 2 1 0 0 1 2 1 2 1 1 1 0 1
1 1 1 0 1 0 2 2 2 1 2 0 0 1 1 2 2 1 1 1 0 0
2 2 1 0 0 0 2 2 2 1 0 0 0 1 1 2 1 2 2 2 1 0
0 0 1 0 0 0 1 0 2 2 0 1 0 1 1 2 2 2 2 2 1 1
2 0 1 0 0 0 2 2 2 0 0 0 0 2 1 1 2 1 0 1 1 0
2 0 0 0 0 0 2 2 1 2 0 1 0 0 0 1 2 2 1 2 0 0
0 1 0 0 0 0 2 2 2 1 2 0 0 0 1 1 2 2 1 1 0 0
1 0 0 0 0 1 2 2 2 0 0 0 0 0 0 1 1 1 1 1 1 1
1 2 2 0 0 0 2 1 2 2 0 1 0 0 2 1 2 1 0 2 0 0
1 0 0 0 0 0 2 2 2 1 1 1 0 1 1 1 2 2 1 2 1 0
2 0 0 0 0 0 2 1 2 1 0 0 0 0 0 2 1 2 0 1 0 0
1 0 0 0 0 1 2 2 2 1 2 0 0 1 1 1 2 2 0 1 1 0
1 0 0 0 0 0 2 1 1 2 1 0 0 2 1 1 2 2 2 1 1 2
1 1 0 0 0 0 2 2 2 2 0 0 0 1 1 2 2 1 0 2 0 0
0 1 1 0 0 0 2 2 2 1 1 1 0 1 1 1 2 1 1 2 1 1
2 1 1 0 0 0 2 2 2 0 0 0 0 1 2 2 1 1 1 1 2 0
0 0 0 0 0 0 2 2 2 2 0 0 0 0 0 2 2 2 2 2 1 2
1 0 1 0 0 0 2 2 1 2 0 0 0 0 1 1 2 1 1 1 0 0
1 0 1 0 0 0 1 2 2 0 2 1 0 1 0 1 1 2 0 1 1 1
0 1 2 0 0 0 1 1 2 1 2 1 0 2 1 0 1 1 1 1 1 1
0 1 2 0 0 0 2 2 1 1 1 0 0 0 2 1 2 2 1 2 0 1
2 1 0 0 0 0 2 2 2 2 0 0 0 1 1 2 1 2 1 2 1 0
2 0 2 0 0 0 2 2 2 1 0 1 0 0 1 1 2 2 1 2 2 1
1 0 0 0 0 0 2 1 1 0 1 1 0 1 0 2 2 2 1 2 0 0
1 1 1 0 0 0 2 2 2 0 0 0 0 1 1 0 1 2 0 2 0 0
1 1 1 0 0 0 2 2 2 2 0 1 0 0 1 1 2 2 0 1 0 0
2 1 0 0 0 0 2 2 2 1 1 0 0 1 1 1 2 1 0 2 1 2
2 0 0 0 0 0 2 2 2 1 0 0 0 0 1 2 2 2 1 1 1 0
1 0 0 0 0 0 2 1 2 1 0 0 0 0 2 1 2 1 0 0 0 1
1 0 0 0 0 0 2 2 1 2 1 1 0 0 0 2 2 1 0 0 2 0
2 2 1 0 0 0 2 1 2 1 0 0 0 1 0 1 2 1 2 1 1 1
1 2 0 0 0 0 2 2 2 1 0 0 0 0 1 1 1 2 1 1 0 2
2 1 1 0 0 0 2 2 2 1 2 2 0 0 0 1 2 2 1 2 1 0
1 1 1 0 0 0 2 2 1 1 0 1 0 2 1 1 2 2 2 1 1 1
2 1 1 0 0 0 2 2 2 1 0 1 0 2 0 1 2 0 1 1 1 0
1 1 0 0 0 0 2 2 2 2 1 0 0 0 1 1 1 1 1 0 1 0
1 0 1 0 0 0 2 2 2 0 1 1 0 1 0 1 1 2 0 2 1 0
0 1 1 0 0 0 2 2 2 2 0 1 0 1 0 2 2 1 0 2 1 0
1 1 0 0 0 0 2 1 2 1 0 0 1 0 1 2 2 2 1 2 1 0
2 1 0 0 0 0 2 1 2 2 1 0 0 2 0 2 2 1 1 2 2 0
2 2 0 0 0 0 1 2 2 1 2 0 0 0 1 2 1 2 1 2 1 2
0 0 0 0 0 0 2 2 2 2 2 0 0 0 0 2 1 1 2 2 1 1
0 1 1 0 0 0 2 2 1 1 1 1 0 0 1 2 1 2 1 2 1 0
1 0 1 0 0 0 2 1 2 2 1 0 0 1 1 2 2 2 1 2 0 0
2 0 1 0 0 0 2 2 2 1 0 0 0 1 1 1 1 1 2 1 2 2
0 0 2 0 0 0 1 2 2 2 1 0 0 0 0 1 1 1 1 2 1 0
0 0 2 0 0 0 2 2 1 2 0 0 0 0 0 0 1 2 2 0 1 1
0 0 2 0 0 0 2 2 2 0 0 0 1 1 0 1 1 1 2 2 2 1
1 0 1 0 0 0 1 2 1 2 1 0 0 0 0 1 1 1 2 1 0 0
2 0 0 0 0 0 2 2 2 1 1 0 0 1 0 2 2 2 2 2 1 0
1 1 0 0 0 0 2 2 2 1 0 1 0 0 1 2 1 2 1 2 1 0
2 0 1 0 0 0 2 2 2 2 0 1 0 1 1 2 2 2 1 2 2 2
1 0 0 0 0 0 2 2 2 0 1 0 0 0 0 1 2 2 1 2 1 1
1 1 0 0 0 0 2 2 2 1 1 1 0 1 1 1 1 0 0 1 1 1
2 0 1 0 0 0 1 2 2 1 0 1 0 2 0 2 2 2 1 2 0 0
2 1 0 0 0 0 2 1 1 2 0 0 0 1 1 1 2 2 1 2 0 0
1 1 0 0 0 0 2 2 1 0 1 0 0 0 1 1 2 2 0 2 0 1
2 0 1 0 0 0 2 2 2 2 0 1 0 0 0 2 2 2 2 1 2 1
0 0 0 0 0 0 2 2 2 2 1 0 0 1 2 2 2 0 0 2 1 1
2 0 1 0 0 1 2 2 2 1 1 2 0 0 0 1 2 1 2 2 1 1
2 1 1 0 0 0 2 2 2 2 1 0 0 1 2 1 2 1 1 1 1 1
2 0 1 1 0 0 2 2 2 1 1 0 1 1 1 1 1 2 1 1 0 0
1 0 1 0 0 0 2 2 2 1 1 0 0 1 1 0 2 2 2 2 1 0
1 0 2 0 0 0 2 2 1 1 1 1 0 2 2 2 0 2 0 2 1 0
0 0 1 0 0 0 2 2 2 0 0 0 0 0 0 2 1 2 0 2 1 0
1 1 2 0 0 0 2 2 2 0 1 1 0 2 0 2 2 2 2 0 0 1
1 2 2 0 0 0 2 2 1 2 0 1 0 0 1 1 2 1 0 1 1 0
2 0 1 0 0 0 2 1 2 2 0 1 0 0 1 1 1 1 1 1 0 0
1 1 2 0 0 0 2 2 2 0 1 0 0 0 0 1 2 2 0 2 0 0
2 1 1 0 0 0 2 2 2 1 0 0 0 1 2 1 2 2 0 1 0 1
2 0 2 0 0 0 2 2 2 0 0 1 0 0 2 1 2 1 2 2 0 1
2 0 0 0 0 0 2 1 2 1 1 0 0 0 0 2 2 1 0 0 2 0
2 1 0 0 0 0 1 2 2 0 1 1 0 0 1 2 1 2 1 2 1 2
1 0 1 0 0 0 2 2 2 2 1 0 0 1 1 0 2 2 1 2 1 0
2 2 2 0 0 0 1 2 2 1 1 0 0 0 2 1 2 0 0 1 2 1
1 1 1 0 0 0 1 2 1 1 0 0 0 0 2 1 2 2 0 2 1 1
1 1 1 0 0 0 2 2 2 2 1 1 1 0 1 1 2 1 0 2 1 1
0 0 2 0 0 0 2 2 2 0 1 0 0 0 2 2 2 2 2 2 0 2
1 1 1 0 0 0 2 2 2 1 0 1 0 0 0 1 2 2 0 2 1 1
1 1 2 0 0 0 2 1 2 2 0 0 0 2 2 1 1 2 2 2 0 1
2 0 1 0 0 0 2 2 2 1 1 0 0 1 0 2 1 1 1 2 1 0
2 1 0 0 0 0 2 1 2 2 1 0 0 0 1 1 2 1 1 2 2 1
0 0 0 0 0 0 2 2 1 1 2 1 0 1 0 1 2 2 0 2 0 0
0 1 1 0 0 0 1 2 2 2 0 0 0 0 1 1 2 2 0 1 0 0
1 1 2 0 0 0 2 2 2 1 0 0 0 1 1 1 2 1 1 1 0 0
1 0 1 0 0 0 2 2 2 2 0 0 0 0 1 2 2 2 1 2 0 0
1 0 1 0 0 0 2 1 1 1 2 0 0 1 0 1 2 0 1 2 2 0
1 1 0 0 0 0 2 2 2 0 1 0 0 0 1 1 2 2 2 1 0 0
1 0 1 0 1 0 2 2 2 2 0 0 0 1 1 1 2 1 0 1 1 1
1 1 0 0 0 0 2 2 2 2 2 0 0 1 0 1 2 2 0 1 1 1
1 0 1 0 0 0 2 1 0 0 0 0 0 1 1 2 0 1 1 2 1 1
0 1 0 0 0 0 2 2 2 2 1 0 0 0 0 1 2 1 1 1 2 1
2 1 2 0 0 0 2 1 2 1 0 0 0 0 0 0 2 1 1 2 1 1
2 2 1 0 0 0 2 2 2 0 0 0 0 2 0 1 2 2 1 1 2 0
1 0 2 0 0 0 2 2 1 1 1 0 0 0 0 2 2 1 0 1 2 0
1 0 1 0 0 0 1 0 2 0 1 1 0 0 0 0 2 2 1 2 1 1
2 1 0 0 0 0 2 2 1 1 1 0 0 0 1 2 2 1 1 1 1 0
0 1 0 1 0 0 2 2 2 1 1 1 0 0 2 1 1 1 0 2 2 1
1 1 1 0 0 0 2 2 2 1 1 0 0 1 0 1 2 1 1 1 1 1
2 0 0 0 0 0 2 1 2 0 0 0 0 0 0 2 2 1 1 2 2 0
2 1 0 0 0 0 2 2 2 1 1 0 0 1 0 1 2 2 1 2 1 0
0 0 0 0 0 0 2 2 2 1 0 0 0 1 2 0 0 1 1 2 2 1
2 0 1 0 0 0 2 2 2 1 1 0 0 0 2 1 2 2 0 1 0 1
0 0 0 0 0 0 2 1 1 2 0 0 0 1 1 2 2 2 0 2 1 1
2 1 0 0 0 0 2 2 2 2 2 0 0 1 1 2 2 2 1 2 0 0
2 0 1 0 0 0 2 2 0 1 1 0 0 1 0 2 1 1 2 1 2 2
2 1 1 0 0 0 1 2 1 1 1 1 0 0 0 1 2 2 2 2 2 0
2 1 0 0 0 0 2 2 2 1 0 1 0 2 0 1 2 2 2 0 0 0
0 1 0 0 0 0 2 1 2 2 1 0 0 1 1 2 1 2 1 1 1 1
1 1 1 0 0 0 1 2 2 0 0 0 0 0 1 1 2 1 1 2 1 1
1 1 0 0 0 1 2 2 2 2 0 0 0 1 0 1 2 2 1 2 1 1
2 1 1 0 0 0 2 2 2 1 1 0 0 1 1 2 1 2 2 1 1 0
2 0 0 0 0 0 2 2 2 0 0 0 0 0 0 1 2 1 1 1 1 0
1 2 0 0 0 0 2 2 2 0 0 1 0 1 1 2 1 2 2 1 2 0
0 0 1 0 0 0 2 1 1 2 1 0 0 1 1 2 2 2 2 2 1 0
1 0 0 0 0 0 2 2 2 1 1 0 0 2 0 1 0 0 2 2 2 1
0 1 2 0 0 0 2 2 2 1 1 0 0 1 1 2 2 2 2 2 1 0
1 0 0 0 0 0 2 2 2 2 1 0 0 1 0 1 1 1 1 1 1 0
0 0 1 0 0 0 2 2 2 0 1 0 0 0 1 1 2 1 1 2 0 0
1 0 2 0 0 0 2 1 2 1 0 2 0 0 1 1 2 1 0 2 0 0
0 0 0 0 0 0 2 2 2 2 0 0 0 0 0 1 2 1 2 2 1 0
1 0 1 0 0 0 2 2 1 2 0 0 0 1 1 2 1 2 0 1 1 1
1 1 2 0 0 0 2 2 2 0 0 0 0 0 2 1 2 2 1 1 1 0
2 2 0 0 0 0 2 2 2 1 0 0 0 0 2 0 2 1 1 1 1 1
2 0 0 0 0 0 1 2 1 1 0 0 1 1 0 1 2 2 2 1 0 0
2 1 0 0 0 0 2 1 2 1 0 1 0 0 1 2 2 2 1 2 2 0
2 0 0 0 0 0 2 2 2 2 1 0 0 0 1 1 2 1 2 1 1 1
2 1 0 0 0 0 2 2 2 2 1 0 0 1 1 1 2 1 2 2 1 0
1 1 0 0 0 0 2 1 2 1 0 1 0 0 0 1 1 1 0 1 0 0
0 1 1 0 0 0 2 2 2 0 1 0 0 1 1 1 1 2 1 1 1 0
2 1 1 0 0 0 2 2 2 1 0 1 0 0 0 2 2 2 0 2 2 1
2 1 0 0 0 0 2 1 2 0 0 1 0 0 0 2 2 2 1 1 1 1
2 1 1 0 0 0 1 2 0 2 2 0 1 2 1 1 1 1 0 1 0 0
1 1 1 0 0 0 2 1 2 2 0 0 0 1 1 2 1 2 0 2 2 2
2 0 1 0 0 1 2 2 2 2 1 0 0 1 1 0 0 1 0 1 1 1
0 1 1 0 0 0 1 2 2 1 0 0 0 0 1 1 2 1 0 2 0 0
2 1 2 0 0 0 1 2 2 1 0 0 1 2 0 0 2 1 1 2 0 2
1 0 1 0 0 0 2 2 2 1 0 0 0 1 0 1 2 2 0 1 2 2
1 1 2 0 0 0 2 2 2 2 1 1 0 0 0 1 1 2 1 2 1 0
1 0 0 0 0 0 1 2 2 2 0 1 0 2 0 1 1 1 0 2 1 1
1 0 1 0 0 0 2 2 2 1 2 0 0 0 2 1 2 2 1 2 1 0
1 1 1 0 0 0 2 2 2 2 0 0 0 0 1 0 2 2 0 2 0 1
1 2 0 0 0 0 2 2 2 1 1 0 0 1 0 1 2 2 0 1 1 1
1 0 0 0 0 0 2 2 1 2 2 0 1 1 1 1 1 2 1 2 1 0
0 1 1 0 0 0 2 1 2 1 1 0 0 0 1 1 1 2 0 2 2 0
2 1 1 0 0 0 1 1 1 2 0 0 0 0 2 0 2 1 1 1 1 1
2 2 2 0 0 0 1 2 2 0 0 0 0 1 0 1 2 1 0 2 2 1
1 1 0 0 0 0 2 2 2 1 0 0 0 1 0 2 2 1 0 2 1 1
2 1 0 0 0 0 2 0 2 1 0 1 0 2 0 1 1 2 0 1 0 1
2 2 0 0 0 0 2 1 1 2 1 0 0 2 1 1 2 1 2 2 1 0
2 0 1 0 0 0 1 1 2 2 0 0 0 2 0 1 1 2 0 0 1 0
1 1 1 0 1 0 1 1 2 2 1 0 0 0 1 2 2 2 1 1 0 0
1 0 1 0 0 0 2 2 2 0 0 0 1 1 0 1 2 1 1 2 0 1
0 1 1 0 0 1 2 2 2 2 0 0 0 1 1 0 2 0 1 2 1 1
0 0 1 0 0 1 2 2 2 2 2 0 0 0 2 1 1 1 0 2 0 0
1 2 1 0 0 0 2 2 2 1 0 1 0 0 1 1 2 0 0 2 2 0
1 0 1 0 0 0 2 2 2 2 1 0 0 1 1 2 1 2 2 1 1 0
0 1 0 0 1 0 2 1 2 1 0 1 0 0 0 2 2 1 1 2 0 0
1 2 0 0 0 0 2 1 2 1 0 1 0 0 0 0 1 1 1 1 1 2
0 1 0 0 0 0 2 2 2 2 0 0 1 1 0 1 1 0 1 2 0 0
2 0 1 0 0 0 1 2 2 2 0 0 0 1 2 1 2 1 1 1 2 0
1 0 1 0 0 1 2 1 2 2 0 0 0 2 0 2 2 2 0 1 1 1
0 2 0 0 0 0 2 1 2 1 1 1 0 1 1 0 1 1 2 1 0 0
2 2 1 0 0 0 2 0 1 2 0 0 1 0 1 2 2 2 1 1 0 1
2 0 0 0 0 0 2 2 2 2 0 0 0 0 2 1 2 2 0 2 2 0
2 0 1 0 0 0 2 1 2 1 0 0 1 0 0 2 1 1 1 1 0 0
0 1 0 0 0 0 1 1 2 2 1 0 0 1 2 0 2 2 0 2 1 0
2 1 1 0 0 0 2 2 2 2 1 0 0 1 1 1 1 2 2 1 1 1
1 0 0 0 0 0 2 2 2 0 0 0 0 0 1 2 1 1 1 2 0 0
1 0 0 0 0 0 2 2 1 2 0 0 0 0 1 2 1 1 1 1 1 1
0 1 0 0 0 0 2 1 2 1 0 0 1 1 1 2 1 1 2 2 1 1
1 1 0 0 0 0 1 2 2 1 1 0 0 2 0 2 2 2 0 0 1 1
2 0 0 0 0 0 2 2 2 0 1 0 0 0 1 0 0 2 2 2 0 1
1 2 1 0 0 0 2 2 2 2 1 0 0 0 0 2 2 0 2 2 1 1
1 2 1 0 0 0 2 2 1 1 0 0 0 0 1 1 2 1 1 2 1 2
1 0 1 0 0 0 2 2 2 1 2 0 0 1 1 1 1 0 2 2 1 2
1 0 0 0 0 0 2 2 2 1 0 1 0 1 0 1 1 2 0 1 2 0
2 1 1 0 0 0 2 2 1 1 0 1 0 0 0 0 1 2 1 1 0 0
0 1 1 0 0 0 2 2 2 2 1 0 0 0 1 0 2 0 0 2 0 1
2 2 0 0 0 1 2 1 2 0 0 0 0 1 1 2 2 2 1 2 0 0
0 1 1 0 0 0 1 2 2 2 1 0 0 2 1 2 2 2 0 2 1 0
2 1 0 0 0 0 2 2 2 1 1 1 0 0 1 2 2 2 2 1 2 1
2 0 0 0 0 0 1 1 2 1 0 0 0 0 0 1 2 2 1 2 1 0
2 0 1 0 0 0 2 2 2 1 0 0 0 1 0 2 1 2 1 2 1 1
0 1 0 0 0 0 2 1 2 1 0 2 1 1 1 1 2 2 1 1 1 0
1 1 0 0 0 0 2 2 2 1 0 0 0 0 1 1 2 2 2 1 2 2
2 0 1 0 0 1 2 1 2 1 0 1 0 0 1 1 2 1 1 2 2 1
1 2 0 0 0 0 1 2 2 1 0 0 0 1 1 2 2 2 1 1 1 1
0 2 1 0 0 0 2 2 1 1 1 0 0 0 0 2 1 2 2 2 0 1
2 0 2 0 0 0 2 2 2 0 0 0 0 2 1 1 2 1 1 1 1 0
1 1 0 0 0 0 2 2 2 2 0 0 0 2 0 1 2 2 1 1 1 2
0 1 0 0 0 0 2 2 1 1 0 0 0 0 1 1 1 2 1 1 1 0
2 2 0 0 0 0 1 2 2 0 0 0 0 1 0 2 1 2 1 2 1 1
1 0 0 0 0 0 2 2 1 2 1 0 0 1 2 2 1 1 2 0 0 1
1 0 0 0 0 0 1 2 2 2 0 0 0 1 1 1 1 1 1 2 1 1
1 1 0 0 0 0 2 2 2 1 1 0 0 0 0 1 2 2 0 2 1 0
0 1 1 0 0 0 2 2 2 1 1 0 0 1 1 1 1 2 0 2 0 1
2 0 1 0 1 0 2 2 2 2 2 0 0 0 0 1 2 2 2 1 1 0
2 0 1 0 0 0 2 1 1 1 0 0 0 0 2 2 2 2 2 1 2 0
0 0 2 0 0 0 1 2 2 1 0 0 0 0 1 2 1 2 1 0 1 0
1 2 0 0 0 0 2 1 2 1 0 0 0 0 1 0 2 1 0 2 1 0
2 1 0 0 0 0 2 2 2 1 0 1 0 1 0 1 2 0 1 1 0 0
1 0 0 0 0 0 2 2 2 2 0 0 0 0 1 2 1 1 0 1 1 1
1 1 1 0 0 0 2 2 2 1 0 0 0 1 0 1 2 2 2 1 1 0
2 0 1 0 0 0 2 2 2 1 1 0 0 1 1 2 2 2 1 1 1 1
1 0 1 0 0 0 2 2 2 1 0 1 0 0 1 1 2 0 0 2 0 0
1 0 0 0 0 0 2 1 2 1 1 0 0 0 1 1 1 2 1 0 2 0
1 0 0 0 0 0 2 1 2 2 0 0 0 0 1 1 2 2 1 2 2 1
1 1 0 0 0 0 2 2 2 2 0 0 0 1 0 1 1 1 1 2 1 1
0 0 1 0 0 0 2 2 2 0 0 1 0 0 1 2 2 2 1 2 1 0
1 1 0 0 0 0 2 2 2 0 1 1 0 1 1 0 2 2 2 2 1 0
1 2 1 0 0 0 2 1 1 1 0 0 0 0 1 1 2 2 2 1 2 0
1 0 2 0 0 1 2 2 2 1 1 0 0 0 1 2 2 1 1 2 1 2
1 0 0 0 0 0 1 2 2 2 0 0 0 1 1 2 1 2 0 2 1 1
1 0 1 0 0 0 2 2 2 0 0 0 0 0 0 1 2 2 0 1 1 0
1 0 0 0 0 0 2 2 2 0 1 0 0 1 0 2 2 2 1 1 1 0
0 1 0 0 0 1 2 2 2 2 0 0 0 0 1 1 2 2 1 1 1 0
1 1 1 0 0 0 2 2 2 2 1 1 0 0 1 2 2 2 0 1 0 2
2 0 0 0 0 0 2 2 2 1 1 0 0 0 1 0 2 1 2 2 2 0
2 1 0 0 0 0 2 2 2 1 0 0 1 1 1 1 2 1 2 2 2 0
1 1 0 0 0 0 2 2 2 0 1 0 0 1 1 0 1 0 1 2 1 0
1 0 2 0 0 0 1 2 2 2 0 1 0 0 2 2 2 1 0 2 0 0
1 0 1 0 0 0 2 2 2 1 1 0 0 2 0 1 2 1 0 1 1 1
0 0 0 0 0 0 2 2 2 1 2 0 0 1 1 1 2 1 1 2 0 0
1 1 1 0 0 0 0 2 2 2 1 1 0 1 2 1 2 2 0 1 1 1
0 1 0 0 0 0 1 1 2 2 0 0 0 1 0 2 1 1 2 2 1 1
2 0 0 0 1 0 2 2 2 1 1 0 0 0 1 1 1 1 1 1 1 0
1 1 0 0 0 0 2 2 1 2 0 0 1 0 1 1 1 2 1 1 0 0
2 0 1 0 0 0 1 2 2 1 0 1 0 1 0 1 2 2 1 1 1 2
0 0 0 0 0 0 2 2 1 1 0 0 0 0 0 2 1 1 2 2 2 2
1 0 0 0 0 0 2 2 2 2 0 1 0 0 1 1 2 1 1 2 1 0
1 1 0 0 0 0 2 2 1 1 0 0 0 0 0 1 1 2 0 1 1 0
1 1 0 0 0 0 2 2 1 1 0 1 1 0 0 2 2 2 0 2 0 0
1 2 0 0 0 0 2 2 2 0 0 0 0 1 1 2 2 2 1 1 1 1
1 1 0 0 0 0 2 2 2 1 2 0 0 0 1 2 2 1 0 1 0 1
0 1 2 0 0 1 2 2 2 2 0 0 0 0 1 1 1 1 1 1 0 1
2 0 2 0 0 0 2 2 2 1 0 0 0 1 1 1 2 2 1 1 1 0
2 2 0 0 0 0 2 1 2 0 1 2 0 0 2 1 1 1 0 2 0 2
2 0 1 0 0 0 2 2 1 1 0 0 0 2 2 2 2 1 1 2 1 0
2 1 1 0 0 0 2 2 1 2 1 0 0 0 1 0 2 2 2 2 1 0
1 0 0 0 0 0 2 2 2 1 0 0 0 0 2 0 1 1 0 2 1 0
2 0 1 0 0 0 2 2 2 0 0 2 1 1 1 2 1 0 1 2 2 0
1 0 0 0 1 0 2 2 2 1 1 1 0 0 1 1 2 2 2 2 1 1
1 1 1 0 0 0 2 2 2 0 0 0 0 1 0 2 2 2 1 2 1 0
2 1 0 0 0 0 2 0 2 1 1 0 0 0 0 2 1 1 1 2 1 1
0 0 0 0 0 0 2 1 2 1 0 0 0 0 2 1 2 0 0 0 2 0
2 1 1 0 0 0 0 1 1 1 0 0 0 0 2 1 2 2 1 2 0 0
2 0 0 0 0 0 1 1 2 1 1 1 1 1 1 0 2 1 0 2 1 0
0 0 0 0 0 0 2 2 1 1 1 0 0 0 1 1 1 2 0 2 1 0
2 1 1 0 0 0 2 2 1 2 0 1 0 1 0 1 2 1 0 2 2 0
2 0 1 0 0 0 2 2 2 1 1 0 0 0 1 2 2 2 1 0 2 1
2 0 0 0 0 0 2 2 2 1 0 0 0 0 0 0 1 2 0 0 1 1
1 0 0 0 0 0 2 2 2 1 2 1 0 2 0 2 1 2 0 2 2 0
2 0 1 0 0 0 2 2 1 0 2 0 0 1 0 1 2 2 1 1 1 0
2 2 1 0 0 0 2 2 2 0 0 0 0 0 1 0 2 2 2 2 1 1
1 2 1 0 1 0 1 2 2 1 1 1 0 0 1 1 2 2 0 1 2 0
2 1 0 0 0 0 2 2 2 1 0 0 0 0 1 2 0 1 2 2 1 0
2 0 1 0 0 0 2 2 2 1 0 1 0 0 1 2 1 2 1 0 2 0
2 0 0 0 0 0 2 2 2 1 0 0 1 0 1 1 1 2 2 2 2 0
2 2 0 0 0 0 2 2 1 1 1 0 0 1 1 1 2 2 1 0 1 1
2 2 1 0 0 0 2 2 2 1 1 1 0 0 1 1 1 1 0 1 0 0
0 1 0 0 0 0 2 2 2 2 0 0 0 0 2 2 2 1 0 0 0 1
2 1 1 0 0 0 2 2 2 2 0 0 0 1 0 2 1 1 0 2 2 0
2 0 0 0 0 0 2 2 1 2 0 0 0 1 0 1 1 1 0 1 1 0
2 2 2 0 0 0 2 2 2 1 1 0 0 0 2 1 1 2 1 1 2 0
0 0 1 0 0 0 2 2 2 2 1 1 0 1 0 2 2 1 1 1 0 0
1 2 1 0 0 0 1 2 2 0 0 0 0 1 1 2 1 1 1 1 1 0
0 1 1 0 0 0 2 2 2 2 0 1 0 0 1 1 1 2 2 2 2 1
1 1 0 0 0 1 2 1 2 0 0 0 0 0 1 2 2 2 2 1 1 1
1 1 0 0 0 0 2 2 2 1 0 0 0 0 1 1 2 2 1 2 1 1
1 1 1 0 0 0 2 2 1 1 0 0 0 0 1 1 1 1 1 2 2 2
1 0 1 0 1 0 2 2 0 2 0 1 0 0 0 2 2 2 0 0 0 0
1 1 1 0 0 0 2 2 1 0 0 0 0 1 0 2 2 2 0 2 2 1
1 0 1 0 0 0 1 2 2 1 1 0 0 0 0 1 2 1 1 2 1 1
2 1 0 0 0 0 2 2 2 0 0 0 1 1 2 1 2 1 1 2 0 1
0 0 0 0 0 0 1 2 2 1 1 0 0 0 1 2 2 1 0 0 1 0
2 1 0 0 0 0 2 2 2 2 0 0 0 1 0 2 2 2 1 1 0 0
2 0 1 0 0 0 2 2 2 2 1 1 0 1 1 1 1 1 1 2 1 0
2 0 0 0 0 1 2 2 2 2 0 0 0 1 1 1 2 2 0 1 1 0
1 1 0 0 0 0 2 2 2 2 1 1 0 0 1 1 2 1 1 2 2 1
1 1 1 0 0 0 2 1 1 1 0 1 0 1 1 2 2 1 1 2 0 0
2 1 1 0 0 0 2 0 2 1 0 0 0 0 1 1 2 0 0 2 1 0
2 1 1 0 0 0 2 2 2 0 0 1 1 1 1 1 2 2 1 0 1 0
2 1 0 0 0 0 2 2 1 1 0 0 0 1 1 1 2 1 1 1 1 0
1 1 0 0 0 0 1 2 2 1 0 0 0 1 1 2 2 1 0 2 0 0
0 2 1 0 0 0 2 2 2 1 1 1 0 1 1 2 2 1 0 2 1 1
0 2 0 0 0 0 2 2 2 2 0 1 0 1 1 2 2 0 1 2 1 0
0 1 1 1 0 0 2 2 2 1 1 0 0 0 1 2 2 0 0 1 0 1
2 1 0 0 0 0 2 1 2 1 0 0 0 1 0 2 1 1 0 2 0 0
1 1 1 0 0 0 2 2 2 1 0 0 0 1 1 2 2 1 1 1 0 1
1 0 1 0 0 0 1 2 2 2 0 0 0 0 1 1 2 2 1 1 2 1
2 1 1 0 0 0 2 2 1 1 0 0 0 0 0 1 1 2 0 1 0 1
1 1 0 0 0 0 1 2 2 1 0 1 0 2 1 1 1 1 0 2 1 1
2 1 0 0 0 0 2 1 2 1 0 0 0 1 0 1 2 2 0 2 1 1
0 1 1 0 0 0 2 2 2 2 2 0 0 0 1 2 1 2 2 2 1 0
1 1 0 0 0 0 2 2 2 1 2 0 0 1 0 2 2 2 1 0 2 1
1 0 2 0 0 0 2 2 2 2 2 0 0 0 2 1 1 1 2 1 2 0
1 2 0 0 0 0 2 2 2 0 0 0 0 0 0 2 2 1 2 2 1 0
1 0 0 0 0 0 2 2 2 1 0 0 0 0 1 2 2 1 1 2 0 0
2 0 0 0 0 0 2 2 2 2 0 0 0 0 0 1 2 2 2 2 1 0
2 2 0 0 0 0 1 1 2 2 0 0 0 0 2 2 1 2 1 2 1 0
0 0 1 0 1 0 2 2 2 2 1 0 0 0 0 1 2 2 1 1 1 0
1 1 0 0 0 0 2 2 1 2 1 0 0 1 1 1 1 1 0 1 0 0
2 2 2 0 0 1 2 2 2 1 0 0 0 0 0 2 2 2 1 1 0 0
2 0 0 0 0 0 2 2 2 2 0 1 0 1 2 1 2 2 2 0 1 0
1 1 0 0 0 0 1 1 2 2 0 2 0 1 1 1 2 2 1 2 1 0
2 1 1 0 0 0 2 2 2 1 1 1 0 1 0 2 2 1 2 2 0 1
1 1 1 0 0 0 2 2 2 0 0 0 0 1 1 1 2 2 1 1 0 0
1 1 1 0 0 0 2 2 2 1 0 0 0 0 1 1 2 2 1 2 1 0
2 0 0 0 0 0 2 2 2 0 1 0 0 0 2 1 2 1 0 1 0 1
1 1 0 0 0 0 2 1 1 1 1 1 0 0 2 2 1 1 0 1 2 0
2 2 1 0 0 0 2 1 2 2 1 1 0 0 1 1 1 2 0 1 2 0
0 2 1 0 0 0 2 2 1 2 0 0 0 1 0 1 1 2 0 2 1 1
2 1 0 1 0 0 2 2 1 0 1 0 0 0 1 0 2 1 2 2 1 1
1 1 0 0 0 0 2 2 2 2 0 0 0 0 1 1 1 2 1 1 1 1
1 1 0 0 0 0 2 2 2 2 1 1 0 1 0 1 2 1 2 1 1 1
1 1 2 0 0 0 2 2 2 2 0 0 0 0 1 1 1 0 1 1 0 1
1 1 1 0 0 0 2 2 2 1 0 0 0 1 0 2 1 2 2 1 1 0
1 2 1 0 0 0 2 2 2 2 0 0 0 0 0 2 1 2 1 1 0 2
1 0 1 0 0 0 2 1 2 1 2 1 0 2 0 0 1 1 1 0 2 1
1 2 1 0 0 0 2 2 2 1 0 0 0 0 1 1 2 2 1 2 0 0
1 1 0 0 0 0 2 2 1 1 0 1 0 0 1 1 2 2 2 2 1 1
2 1 1 0 0 0 2 2 2 0 0 0 0 0 2 0 2 2 1 1 2 0
2 2 0 0 0 0 2 2 2 1 0 1 0 1 1 1 2 0 0 2 1 0
1 0 0 0 0 0 2 2 2 1 2 0 0 0 0 1 2 2 1 1 2 0
1 2 1 0 0 0 1 2 2 1 1 0 0 1 1 1 2 2 0 1 1 1
2 0 1 0 0 0 1 1 2 1 1 0 0 1 0 1 2 2 0 1 0 0
2 1 1 0 0 0 1 1 2 1 0 0 0 0 0 1 2 2 0 2 1 1
1 0 1 0 0 0 2 2 1 1 1 1 0 1 0 1 0 1 0 1 2 0
2 1 0 0 0 0 2 0 2 1 0 0 0 0 0 2 2 1 2 0 0 0
1 0 0 0 0 0 1 1 2 1 1 0 0 0 1 1 2 1 0 2 1 1
1 1 1 0 0 1 2 1 2 1 1 1 0 2 2 1 2 2 1 1 0 0
1 1 0 0 0 0 2 1 2 1 0 0 0 1 1 2 2 2 1 0 2 2
2 2 2 0 0 0 2 1 2 0 1 0 0 0 1 2 1 1 2 1 1 0
1 2 0 0 0 0 2 2 2 1 0 1 0 0 1 2 2 2 1 2 1 1
2 1 0 0 0 0 2 2 2 0 1 0 0 1 0 2 2 0 1 1 2 0
2 1 1 0 0 0 2 1 2 2 0 0 0 0 0 1 1 1 2 0 2 0
0 0 0 0 0 0 2 2 2 1 2 0 0 0 1 1 0 2 1 2 0 0
2 2 0 0 0 0 2 2 2 2 1 0 1 0 1 0 2 2 0 1 1 0
0 2 1 0 0 0 2 2 2 1 0 0 0 0 0 2 2 2 2 1 2 1
1 1 0 0 1 0 1 2 2 1 1 1 0 0 1 1 1 2 2 1 0 1
2 0 0 0 0 0 2 1 2 0 1 0 0 0 1 1 2 2 1 2 2 0
1 0 0 0 0 0 2 1 2 2 0 1 0 1 0 2 2 2 0 2 2 0
1 1 1 0 0 0 1 2 2 0 0 0 0 1 1 0 2 0 1 2 1 0
1 0 1 0 0 0 2 2 2 2 0 0 0 1 0 2 2 2 0 2 1 0
1 0 1 0 0 0 2 2 2 0 1 1 0 1 0 1 1 2 1 2 0 0
2 1 1 0 0 0 2 2 2 2 1 0 0 0 1 2 2 2 0 2 1 1
1 1 2 0 0 0 2 2 2 0 0 0 0 0 1 1 2 1 1 1 1 1
2 0 0 0 0 0 2 2 2 2 1 2 0 1 2 2 0 1 1 2 1 0
2 1 1 0 0 0 1 2 0 2 0 0 0 2 1 2 1 0 2 2 0 1
2 2 1 0 0 0 2 0 2 0 0 0 0 2 1 1 2 1 2 0 2 0
2 0 1 0 0 0 2 2 2 1 1 1 0 1 1 1 2 1 0 2 0 0
1 1 1 0 0 0 2 2 2 2 1 0 0 1 1 2 2 2 0 1 2 0
2 0 0 0 0 0 2 2 2 1 0 0 0 1 0 2 1 2 1 2 2 1
2 1 1 0 0 0 2 1 2 2 0 0 0 1 2 1 2 1 1 2 1 0
2 0 1 0 0 0 2 2 2 2 0 0 0 0 1 1 2 2 1 2 1 1
0 1 0 0 0 0 2 2 2 0 1 0 0 0 2 0 2 2 0 1 0 1
1 2 0 1 0 0 2 1 2 2 1 0 0 1 0 1 1 1 2 1 2 1
1 1 1 0 0 0 2 2 1 1 0 1 0 1 2 0 1 1 1 1 0 1
2 2 2 0 0 0 1 2 2 2 1 0 0 1 0 2 1 1 0 2 0 1
1 0 0 0 0 0 2 2 2 1 2 0 0 0 2 2 2 1 1 1 0 0
2 2 1 0 0 0 2 2 2 1 0 0 0 0 0 1 1 2 1 1 1 0
2 1 1 0 0 0 2 2 1 1 1 1 0 1 0 1 2 2 1 2 2 1
1 1 0 0 1 0 2 2 2 1 1 1 0 0 1 1 1 2 0 1 1 0
2 0 1 0 0 0 2 2 1 2 0 0 1 1 0 1 2 1 2 2 0 1
1 1 0 0 0 0 2 2 2 1 2 1 0 1 1 0 2 2 0 1 1 1
1 1 1 0 0 0 2 2 2 2 1 0 1 1 0 1 1 0 0 1 2 2
1 1 0 0 0 1 2 2 2 2 0 0 0 2 0 1 1 1 1 1 0 0
2 2 1 0 0 1 2 2 2 2 0 0 0 0 0 0 2 2 2 2 1 0
2 0 0 0 0 0 2 2 2 0 2 0 0 0 1 1 2 2 0 2 1 0
2 2 1 0 0 0 2 2 2 1 2 0 0 1 1 1 1 2 1 2 1 0
2 0 0 0 0 1 2 2 1 1 1 0 0 0 0 0 2 1 1 2 1 0
2 0 1 0 0 0 2 2 2 1 0 0 0 0 1 1 2 1 1 2 1 1
0 0 0 0 0 0 2 2 2 1 1 0 0 1 2 0 0 1 0 2 2 0
1 1 1 0 0 0 2 2 2 0 1 1 0 0 0 2 1 1 2 1 2 1
2 0 1 0 0 0 2 2 2 2 2 0 0 0 0 0 0 1 0 1 2 0
1 1 1 0 0 1 2 2 2 1 0 0 0 0 0 2 1 1 1 2 1 1
0 1 2 0 0 0 2 2 2 1 1 1 0 0 1 1 2 1 2 2 2 1
1 1 0 0 0 0 2 2 2 1 1 0 0 0 1 2 2 2 1 0 2 0
0 0 0 0 0 0 1 2 1 1 0 0 0 0 1 2 2 0 1 0 0 0
0 0 1 0 0 0 2 2 2 1 0 0 0 0 0 1 2 2 1 2 1 1
1 1 1 0 0 0 1 2 2 1 2 0 0 0 2 0 2 1 0 1 1 0
1 1 1 0 0 0 0 2 2 1 0 1 0 1 1 1 2 2 2 1 0 1
1 0 1 0 0 0 2 2 2 2 0 0 0 0 1 1 1 1 0 2 1 1
2 1 1 0 0 0 2 2 2 0 0 1 0 0 1 1 1 2 0 2 1 0
1 1 0 0 0 0 2 1 2 0 0 0 0 1 0 1 1 1 1 2 1 1
2 1 2 0 0 0 2 1 2 0 0 0 0 1 0 2 1 2 0 2 0 1
1 1 0 0 0 0 2 2 1 1 0 1 0 0 1 2 2 2 1 2 1 0
2 1 1 0 0 0 2 2 1 2 1 0 0 1 0 1 1 1 2 2 1 1
1 2 0 0 0 0 2 2 2 1 0 0 0 0 0 2 2 1 2 2 1 1
2 1 0 0 0 0 2 2 2 1 1 0 1 0 0 1 2 1 1 2 0 1
0 0 1 0 0 0 2 2 2 0 1 0 0 0 1 0 2 2 1 2 1 0
1 2 1 0 0 0 2 2 2 2 1 0 0 1 1 1 2 2 0 1 1 0
0 0 1 0 0 0 1 1 2 1 1 0 1 2 1 0 2 2 2 2 2 0
2 1 2 0 0 0 2 2 2 2 0 0 0 0 0 2 0 2 0 2 0 0
1 2 0 0 0 0 2 1 2 2 0 0 0 2 1 1 0 2 1 1 1 1
1 2 2 0 0 0 2 2 2 0 0 1 0 0 2 1 2 2 0 1 1 0
1 2 1 0 0 0 2 2 1 1 2 0 0 1 1 1 2 2 1 1 1 1
2 0 1 0 0 0 2 1 2 2 1 1 0 0 1 2 1 1 0 2 1 1
2 1 1 0 0 0 2 1 2 2 1 0 0 1 1 1 2 1 1 0 2 1
1 0 0 0 0 0 2 1 2 1 1 0 0 0 1 1 2 2 1 2 0 0
1 1 1 0 0 0 2 2 2 2 0 0 0 0 2 1 1 1 1 2 1 1
2 2 2 0 0 0 2 1 1 1 0 1 0 0 1 1 1 2 0 2 1 2
2 0 1 0 0 0 2 2 2 0 0 0 0 0 0 1 2 1 1 2 1 0
1 0 1 0 0 0 2 2 2 2 0 0 0 2 1 1 1 1 2 1 1 1
0 1 1 0 0 0 2 2 2 0 1 0 0 2 2 2 1 2 2 0 1 0
1 1 0 0 0 0 2 1 2 1 0 2 0 1 2 2 1 2 0 2 2 1
2 1 1 0 0 0 2 2 2 1 0 1 0 0 1 0 2 1 2 2 2 0
2 1 1 0 0 0 2 2 1 2 1 1 0 0 1 2 2 1 1 2 1 1
0 0 0 0 0 0 2 2 2 2 1 1 0 0 2 1 2 2 1 1 1 1
2 0 2 0 0 0 2 2 2 2 0 0 0 1 1 1 1 1 0 2 1 1
2 1 2 0 0 0 2 2 1 1 0 0 0 1 0 2 1 1 0 1 1 0
1 1 0 0 0 0 0 2 1 2 1 0 0 1 0 1 2 2 1 1 0 1
2 0 0 0 0 0 1 2 2 1 0 0 0 2 0 0 2 2 1 1 1 0
0 0 2 0 0 0 1 1 2 2 1 0 0 1 0 2 1 1 0 2 2 0
2 0 1 0 0 0 1 2 2 1 0 0 0 1 1 2 2 1 0 2 2 0
1 2 1 0 0 0 2 2 2 0 0 0 1 0 2 2 2 2 1 1 0 0
1 2 2 0 0 0 2 2 2 2 1 0 0 1 0 2 2 1 2 2 2 0
1 0 1 0 0 0 2 2 2 1 1 1 0 0 0 1 2 1 1 1 0 0
0 0 1 0 1 0 2 1 2 2 0 1 0 1 1 1 2 1 1 1 0 1
1 1 1 0 0 0 2 2 1 0 1 0 0 0 0 2 2 2 1 1 1 1
1 2 1 0 0 0 2 1 2 1 0 0 0 0 0 0 2 1 1 2 0 1
1 1 1 0 0 0 2 2 2 1 1 0 0 2 0 2 2 2 0 2 1 0
1 1 1 0 0 0 2 2 1 1 0 1 0 0 1 2 2 2 1 1 2 1
0 0 0 0 0 0 1 2 2 2 1 1 0 0 0 2 2 1 1 0 1 1
2 1 0 1 0 0 2 1 2 1 1 0 0 0 1 0 2 0 0 2 0 1
1 1 0 0 0 0 2 2 1 0 1 0 0 1 0 2 2 1 1 2 0 0
1 1 0 0 0 0 2 2 2 1 1 0 0 1 0 1 2 2 1 2 0 0
2 1 2 0 2 0 2 2 1 1 1 2 0 1 1 1 2 1 0 1 1 0
1 0 0 0 0 0 2 2 2 1 1 0 0 0 1 2 0 1 1 2 2 0
1 0 0 0 0 0 2 2 2 2 0 1 0 0 2 2 1 1 1 1 1 2
1 1 0 0 0 0 2 2 2 1 0 0 0 1 1 0 2 2 0 2 2 2
2 1 0 1 0 0 2 2 2 0 1 2 0 0 1 1 1 2 1 2 2 1
1 1 2 0 0 0 2 2 1 1 0 2 0 0 0 2 2 1 1 1 2 0
2 0 0 0 0 0 2 1 2 2 0 0 0 1 0 1 2 2 0 1 1 1
2 1 1 0 0 0 2 2 2 2 1 0 0 1 0 1 1 2 0 2 0 1
2 1 2 0 0 0 2 1 2 0 0 0 0 1 2 2 2 1 1 1 1 1
2 1 0 0 0 0 2 2 2 1 1 0 0 0 1 1 2 2 1 2 2 1
1 1 0 0 0 0 2 2 2 2 1 0 0 1 0 2 2 1 1 2 1 1
1 1 0 0 0 0 2 1 1 1 0 0 0 1 0 0 2 2 1 2 2 1
2 1 1 0 0 0 2 2 2 1 0 0 0 0 0 1 2 2 1 1 1 0
0 1 0 0 0 0 1 2 2 2 0 0 0 0 2 1 2 2 0 1 2 1
0 2 0 0 0 0 2 2 2 1 1 0 0 0 0 1 2 2 0 1 1 1
1 0 1 0 1 0 2 2 2 0 1 0 0 0 0 2 2 0 2 2 1 1
1 0 2 0 0 0 2 2 2 2 0 0 0 0 1 2 2 1 1 1 1 1
1 0 1 0 0 0 2 2 2 1 0 0 0 0 1 1 2 2 2 1 1 0
2 2 1 0 0 0 1 2 2 1 0 0 0 0 0 2 1 2 0 1 1 0
2 1 1 0 0 0 2 2 2 1 0 1 0 1 0 1 2 2 1 1 2 1
1 1 1 0 0 0 2 2 2 1 0 2 0 0 2 2 2 2 0 1 1 1
1 2 1 0 0 0 2 2 2 0 0 0 0 2 1 2 2 1 1 2 2 0
2 0 0 0 0 0 2 1 1 2 0 1 1 1 1 2 2 1 2 2 1 1
0 2 1 1 0 0 2 2 2 2 1 0 0 1 0 1 2 1 2 2 0 0
2 2 0 0 0 0 2 2 2 1 0 0 1 0 2 2 1 1 2 2 1 0
2 1 2 0 0 0 2 2 2 1 1 1 0 0 0 2 1 2 1 1 0 1
1 1 1 0 0 0 2 2 2 1 1 0 0 1 1 1 2 0 1 2 1 0
1 1 1 0 0 0 2 2 2 2 1 0 0 0 0 2 1 2 0 1 1 2
2 1 2 0 0 0 2 2 2 2 1 0 0 1 0 2 2 2 0 2 1 0
1 1 1 0 0 0 2 2 1 1 0 0 0 0 1 1 2 2 0 2 0 1
1 1 0 0 0 0 2 2 2 0 1 0 0 1 1 1 2 2 0 2 1 0
1 1 1 0 0 0 2 1 2 2 1 1 0 0 1 0 1 2 0 1 2 0
2 1 1 0 0 0 2 1 2 1 0 0 0 1 0 1 2 1 0 2 2 2
1 1 0 0 0 0 2 2 2 0 1 0 0 1 0 2 2 1 0 2 1 1
2 0 1 0 0 0 2 2 2 2 0 1 0 0 1 0 2 1 0 1 1 0
2 2 0 0 0 0 2 2 2 1 0 0 0 1 0 2 2 2 0 2 1 1
1 1 1 0 0 0 2 2 2 0 1 0 0 1 2 2 2 1 1 1 1 0
1 1 1 0 0 0 2 2 2 1 0 0 0 0 0 2 2 1 2 1 1 0
2 1 1 0 0 0 2 2 2 2 1 0 0 0 1 1 2 2 0 2 2 0
2 1 1 0 0 0 2 2 2 0 0 1 0 0 1 1 2 2 1 1 1 2
2 2 0 0 0 0 2 2 1 2 0 0 0 2 0 1 1 1 1 2 2 1
1 1 1 0 0 0 2 2 2 2 1 0 1 0 1 2 2 2 0 0 1 2
1 0 2 0 0 0 2 1 2 2 1 1 0 1 2 2 2 2 0 1 1 0
1 1 1 0 0 0 2 2 2 2 0 0 0 0 1 1 1 1 1 2 0 1
0 0 1 0 0 0 2 2 2 0 0 0 0 0 1 1 1 2 1 1 1 0
1 2 1 0 0 0 2 1 2 2 0 0 0 1 1 1 2 2 1 1 1 0
2 0 1 0 0 0 2 2 2 1 0 0 0 0 0 2 2 2 0 2 1 0
2 2 1 0 0 0 2 1 2 2 0 0 0 1 0 1 1 2 2 0 2 1
1 1 0 0 0 0 2 2 2 2 0 0 0 0 2 1 2 2 1 1 1 2
0 0 1 0 0 0 2 0 2 1 0 0 0 1 1 2 2 2 0 2 1 1
2 2 0 0 0 0 1 2 2 2 0 1 0 1 1 0 2 2 0 1 1 1
0 0 2 0 0 0 2 2 2 0 0 0 1 1 2 2 1 2 0 2 1 0
2 0 1 0 0 0 2 2 2 2 1 0 0 1 2 1 1 2 1 1 1 0
1 0 0 0 0 0 2 2 2 0 1 0 0 0 0 2 2 2 0 1 1 1
2 0 1 0 0 0 2 2 1 1 0 0 0 1 1 1 1 1 0 2 0 0
1 1 0 0 0 0 2 2 2 0 2 1 0 0 1 1 1 1 2 1 1 1
2 0 0 0 0 0 1 2 2 0 1 1 0 0 0 2 2 1 1 2 1 0
1 0 1 0 0 0 2 2 2 1 0 0 0 0 2 2 1 2 1 2 1 0
2 1 1 0 0 0 2 2 2 1 0 0 0 0 2 1 1 2 0 2 2 0
1 0 0 0 0 0 2 2 2 1 1 0 0 0 2 2 2 1 2 2 1 1
1 2 1 0 0 0 2 2 2 2 1 0 0 1 2 2 1 1 1 0 1 1
0 0 0 0 0 0 2 1 1 2 0 0 0 1 1 1 2 1 0 2 0 1
2 1 1 0 0 0 2 2 2 2 1 0 1 0 0 2 1 1 0 2 0 0
1 1 1 0 0 0 2 1 2 1 0 2 0 0 0 2 2 2 0 2 1 0
1 0 1 0 0 0 1 2 2 1 0 0 0 2 1 2 2 2 1 2 2 2
0 1 1 0 0 0 2 2 2 2 1 1 0 1 0 2 2 2 1 1 2 0
2 2 2 0 0 0 2 2 2 0 0 0 0 1 1 1 1 1 1 2 0 1
1 1 0 0 0 0 2 2 1 1 0 0 0 2 2 2 1 2 0 2 2 0
1 1 0 0 0 0 1 1 2 1 0 0 1 1 1 2 2 2 2 1 2 0
2 1 2 0 1 0 2 2 2 1 0 1 0 0 0 1 2 1 1 2 2 1
1 2 2 0 0 0 2 2 2 2 1 1 0 0 1 1 2 1 1 0 1 0
1 0 1 0 0 0 2 2 2 1 1 1 0 1 2 1 2 1 0 1 1 2
1 2 0 0 0 0 2 2 2 2 0 0 0 1 1 1 2 2 0 2 1 1
2 2 1 0 0 0 2 2 0 1 1 0 0 1 0 2 2 1 1 0 2 1
1 0 1 0 0 0 2 2 2 2 1 0 0 0 2 2 1 1 0 2 1 1
0 1 0 0 0 0 2 1 2 1 0 0 0 1 1 2 0 2 1 0 1 0
1 1 1 0 0 0 2 2 2 1 1 0 0 0 2 1 2 1 0 1 1 0
1 0 2 0 0 0 2 2 2 0 0 2 0 0 0 1 2 2 1 2 0 0
2 1 0 0 0 0 2 2 0 2 0 0 0 0 1 1 1 1 1 1 0 0
2 0 1 0 0 0 2 2 2 1 2 0 0 0 1 1 2 2 1 1 1 0
1 1 1 0 0 0 2 2 2 2 2 0 0 0 0 1 2 2 2 0 1 1
2 1 1 0 0 0 1 1 1 2 1 0 0 1 2 1 2 1 0 2 2 1
1 1 2 0 0 0 2 2 2 1 0 0 1 1 0 2 1 2 1 2 0 0
2 2 0 0 0 0 2 2 1 1 1 0 0 0 0 2 1 2 2 2 0 0
2 0 0 0 0 0 2 2 2 1 0 0 0 0 2 1 2 2 0 2 1 0
2 1 1 0 0 0 2 2 2 1 0 0 0 0 0 2 2 1 0 2 0 1
0 0 1 0 0 0 2 2 2 1 0 1 1 1 0 2 2 1 2 1 1 0
1 1 2 0 0 0 2 2 2 1 0 1 0 0 1 0 2 2 0 1 1 0
2 0 1 0 0 0 2 1 2 1 0 2 0 1 0 1 2 1 1 2 0 0
1 2 0 0 0 0 2 1 1 2 0 0 0 1 0 2 2 1 1 2 1 1
0 2 1 0 0 0 2 2 2 1 0 0 0 0 0 2 2 2 1 2 0 0
0 0 1 0 0 0 1 2 2 1 1 0 0 0 1 2 2 1 1 2 2 1
2 1 0 0 0 0 2 2 1 0 0 0 0 1 2 1 2 0 1 2 2 0
2 1 1 0 0 0 1 2 2 2 0 0 0 0 1 1 2 2 0 1 2 0
2 0 0 0 0 0 2 2 2 2 0 0 0 1 1 1 1 1 1 2 1 0
2 0 0 0 0 0 2 2 2 1 0 0 0 0 1 2 0 2 1 1 0 1
1 2 0 0 0 0 2 2 2 2 1 1 0 1 1 1 2 1 0 2 1 0
1 1 0 0 0 0 1 2 2 1 0 0 0 1 0 2 0 1 2 2 0 1
1 1 2 0 0 0 1 2 2 1 0 0 0 0 1 1 2 2 0 1 0 0
1 1 1 0 0 0 2 2 2 0 1 0 0 2 0 2 2 2 1 2 0 1
0 1 0 0 0 0 2 2 2 0 2 1 0 0 2 1 2 1 1 2 0 0
0 1 1 0 0 0 2 2 2 1 1 0 0 1 0 1 2 2 1 2 2 1
2 0 0 0 0 0 2 2 2 1 2 0 1 0 1 1 1 1 0 2 0 0
0 1 0 0 0 0 2 2 1 2 0 0 0 0 1 2 2 1 1 1 1 0
1 0 2 0 0 0 2 2 1 1 1 1 0 2 1 0 1 2 1 2 1 0
0 1 0 0 0 0 2 2 2 1 0 0 0 1 1 2 2 1 1 2 1 0
2 2 1 0 0 0 2 2 2 2 0 0 0 0 1 1 1 1 0 1 1 0
1 0 0 0 0 0 2 2 2 2 1 0 0 0 0 2 2 2 2 2 0 1
2 1 0 0 0 0 2 2 2 2 0 0 0 2 0 1 2 1 0 2 1 1
1 0 1 0 0 0 2 2 2 2 0 1 0 0 1 1 2 2 0 1 0 1
2 0 1 0 0 0 2 2 2 2 1 1 0 0 1 0 2 2 1 2 0 1
0 2 2 0 0 0 2 2 2 2 0 0 0 0 1 2 2 2 2 1 1 1
1 2 0 0 0 0 1 2 2 2 1 0 0 0 0 1 2 1 1 1 0 1
1 0 1 0 0 0 1 2 2 2 0 0 0 0 1 2 2 1 1 2 2 1
1 0 1 0 0 0 2 2 2 0 0 0 0 0 2 0 2 2 1 0 1 1
1 1 1 0 0 0 2 2 2 2 0 0 0 1 1 1 2 1 2 2 1 1
2 0 1 0 0 0 2 2 2 2 0 1 0 0 0 1 2 0 1 2 0 0
1 1 0 0 0 0 2 1 2 0 1 0 0 1 1 1 2 2 0 1 1 0
1 1 1 0 0 0 1 2 2 2 0 0 0 0 1 2 2 1 0 1 2 1
1 0 2 0 0 0 2 2 2 0 2 1 0 0 0 1 1 1 0 1 1 0
2 0 0 0 0 0 2 2 2 1 0 0 0 1 1 1 2 2 1 1 1 2
0 0 1 0 0 0 2 2 1 0 0 0 0 1 1 1 2 2 0 1 1 0
2 1 0 0 0 0 1 2 2 1 0 1 0 0 1 1 2 2 0 2 0 0
1 0 2 0 0 0 1 2 2 0 1 0 0 1 1 1 2 2 1 1 0 0
1 1 0 0 0 0 2 2 2 2 0 0 0 0 0 1 2 1 0 0 0 0
1 1 0 0 0 0 2 2 1 1 0 0 0 2 1 1 2 0 1 1 1 0
1 1 1 0 0 0 2 2 2 0 0 1 0 1 0 2 2 1 1 2 1 0
0 0 1 1 0 0 2 2 2 2 1 0 0 1 1 1 1 2 1 1 1 0
1 1 1 0 0 0 2 2 2 2 1 0 0 1 0 0 2 1 1 1 1 1
1 1 1 0 0 0 2 2 2 1 0 0 0 1 1 1 0 1 0 2 1 0
1 0 1 0 0 0 2 2 2 1 0 0 0 1 0 2 2 0 1 2 2 0
0 0 0 0 0 0 2 2 2 2 0 0 0 0 0 1 2 1 1 2 2 0
0 2 1 0 0 0 2 2 2 2 0 0 0 1 1 1 1 1 2 1 1 0
1 0 2 0 0 0 2 2 2 1 0 0 1 0 1 0 1 1 1 1 1 0
0 2 0 0 0 0 2 2 1 1 0 0 0 0 0 2 2 2 1 2 0 1
2 1 0 0 0 0 2 2 2 2 0 0 0 0 0 1 1 1 2 2 0 1
1 0 0 0 0 0 2 2 2 2 1 0 0 1 1 0 2 1 1 0 1 1
1 1 0 0 0 1 2 2 2 1 0 0 0 1 1 1 2 1 1 2 0 1
1 2 0 0 0 0 1 2 2 2 0 1 0 2 1 0 2 2 0 2 1 1
2 2 1 0 0 0 2 1 2 2 1 2 0 0 0 1 2 0 1 1 1 1
2 0 2 0 0 0 2 2 2 1 0 0 0 1 2 1 2 2 0 2 1 1
2 1 1 0 0 0 0 2 2 1 0 0 0 0 1 1 2 1 1 1 2 0
2 1 0 0 0 0 2 2 2 2 0 0 0 0 1 0 2 2 0 1 0 0
2 0 1 0 0 0 1 2 2 2 0 0 0 1 0 2 2 2 0 0 0 1
1 0 1 0 0 0 2 2 2 1 0 1 0 1 0 1 1 2 1 2 1 1
2 1 1 0 0 0 2 2 2 2 0 2 0 0 0 1 2 1 0 2 1 1
2 2 0 0 0 0 2 2 2 2 0 0 0 1 0 0 2 2 2 1 1 1
1 2 0 0 0 0 1 1 2 0 1 0 0 0 0 1 2 2 1 1 1 0
2 1 0 0 0 0 2 2 2 1 0 0 0 1 0 1 2 1 1 2 1 0
2 1 0 0 0 0 2 2 2 1 0 0 0 2 1 1 1 0 2 2 1 1
0 1 0 0 0 0 2 1 2 1 0 1 0 0 0 1 2 0 1 1 0 0
2 2 1 0 0 0 2 2 2 2 0 0 0 2 0 1 2 1 0 2 1 1
2 1 0 0 0 0 2 2 2 2 2 0 0 1 0 1 1 1 1 1 1 0
2 1 0 0 0 0 2 2 2 1 0 0 0 0 1 2 1 2 1 0 0 1
0 1 0 0 0 0 2 2 2 1 0 0 0 0 1 0 2 2 1 2 1 0
1 1 1 0 0 0 2 1 2 2 0 1 0 1 2 2 2 0 1 2 0 1
1 1 0 0 0 0 2 1 2 2 1 0 0 1 0 1 2 2 1 1 2 1
1 1 1 0 0 0 2 2 2 2 0 0 0 0 1 1 2 2 2 2 1 0
2 0 0 0 0 0 2 2 2 1 1 0 0 1 0 1 1 1 0 2 2 1
1 1 2 0 0 0 2 2 2 2 0 0 1 0 0 1 1 2 1 1 1 1
1 0 1 0 0 0 2 1 2 0 0 0 0 2 1 1 1 1 0 1 1 1
2 0 0 0 1 0 2 2 2 1 0 0 0 1 1 1 2 2 1 1 0 0
1 2 0 0 0 0 1 2 2 1 0 0 0 0 1 2 2 1 1 2 1 0
1 0 1 0 0 1 2 2 2 1 0 1 0 0 2 2 2 2 2 1 0 0
1 2 0 0 0 0 2 2 2 2 1 0 0 0 1 1 2 1 2 0 0 1
1 0 0 0 0 0 2 2 1 2 0 0 0 1 0 2 2 2 2 2 0 2
2 0 1 0 0 0 2 2 1 1 1 0 0 1 2 1 2 2 2 1 1 2
2 2 1 0 0 0 2 2 2 1 0 0 0 1 1 1 2 1 1 1 1 0
1 2 1 0 0 0 2 2 1 1 1 0 0 0 0 2 2 2 1 2 1 1
2 0 1 0 0 0 2 2 2 1 0 0 0 1 0 1 2 1 1 2 0 1
1 1 0 0 0 0 2 2 2 1 0 0 0 0 1 0 2 2 1 1 0 1
1 0 2 0 0 0 2 1 2 2 1 0 0 2 0 1 2 2 2 0 1 0
2 1 1 0 0 0 2 2 2 1 0 1 0 1 1 2 2 0 1 1 1 1
1 1 2 0 0 0 2 2 2 1 0 0 0 0 1 1 2 2 0 0 1 1
2 1 0 0 0 0 1 2 2 2 0 0 0 0 0 2 2 1 0 1 1 1
1 2 0 0 0 0 2 2 2 2 0 1 0 1 2 1 2 2 1 2 0 0
1 0 2 0 0 0 2 2 2 2 1 0 0 0 0 2 2 2 1 2 1 0
1 2 0 0 0 0 2 2 2 0 0 0 0 0 0 2 2 2 0 1 1 0
0 1 0 0 0 0 2 2 2 1 0 0 0 0 1 1 2 2 0 2 0 1
2 1 1 0 0 0 2 2 2 1 0 0 0 1 2 1 2 0 1 2 0 0
1 1 2 0 0 0 2 2 2 1 1 0 0 0 1 2 2 2 2 0 1 1
1 1 1 0 1 0 2 1 2 2 0 0 0 0 1 1 2 1 1 1 1 0
1 0 0 0 0 0 2 2 2 1 0 0 0 0 0 0 1 1 0 1 1 1
1 2 1 0 0 0 2 2 2 1 0 0 0 0 0 1 2 2 0 1 1 1
1 0 0 0 0 0 2 2 2 1 1 0 0 0 1 1 2 2 1 2 1 1
2 1 0 0 0 0 2 2 0 1 1 0 0 1 0 0 2 1 1 0 2 0
0 2 0 0 0 0 1 2 2 1 1 0 0 1 2 2 1 1 1 1 2 0
1 1 1 0 0 0 2 2 2 2 0 0 0 1 1 1 2 1 1 2 2 2
2 1 2 0 0 0 2 2 2 1 1 1 0 0 2 2 1 2 1 1 0 1
2 1 0 0 0 0 2 1 2 1 1 0 0 1 0 1 2 2 1 1 0 0
2 1 1 0 0 0 2 2 2 1 1 1 0 1 1 1 1 2 1 0 1 0
1 2 0 0 0 0 1 2 2 1 1 0 0 0 1 2 2 2 0 1 2 0
2 2 1 0 0 0 2 1 2 2 1 2 0 0 1 2 2 2 0 1 0 1
1 1 1 0 0 0 2 2 2 2 2 0 0 1 1 2 2 1 1 2 2 0
0 0 1 0 0 0 2 2 2 2 1 0 0 0 0 2 2 2 1 2 1 1
2 1 1 0 0 0 2 2 2 1 2 0 0 0 0 0 2 0 0 2 2 0
1 0 0 0 0 0 1 2 2 1 0 0 0 1 0 2 1 0 2 1 2 0
0 1 2 0 0 0 2 2 1 1 1 0 0 1 0 1 2 1 1 2 2 2
1 1 0 0 0 0 2 2 1 1 1 0 0 1 0 2 1 2 2 2 1 1
2 0 0 0 0 0 2 1 2 2 1 0 0 1 1 2 2 1 0 1 1 2
2 0 0 0 0 0 2 2 1 2 2 0 0 1 1 2 2 1 1 2 1 0
2 0 0 0 0 0 2 1 1 1 1 0 0 0 0 1 1 1 0 1 2 1
1 0 0 0 0 0 2 2 2 1 0 0 0 1 0 2 1 1 1 0 2 0
0 1 0 0 0 0 1 2 2 1 1 0 0 2 0 0 2 1 1 1 1 1
1 2 0 0 0 0 2 2 2 2 1 0 0 0 0 2 1 2 0 1 1 0
2 0 1 0 0 0 2 2 2 2 0 0 1 0 0 2 2 1 2 2 1 0
1 1 2 0 0 0 2 2 2 1 0 0 0 1 2 2 1 0 1 1 1 1
2 1 1 0 0 0 1 2 2 1 0 0 0 0 0 1 2 2 1 2 1 1
1 2 2 0 0 0 2 2 2 1 1 0 0 0 2 1 0 2 0 2 1 0
1 0 1 0 0 0 2 2 1 1 1 0 0 0 0 1 2 0 1 2 1 1
1 1 0 0 0 0 1 2 2 1 0 0 0 1 1 1 2 2 0 2 2 1
0 0 1 0 0 0 2 1 2 1 0 0 0 0 0 2 2 2 1 2 1 1
2 1 1 0 0 0 1 2 2 2 2 0 0 0 1 2 2 0 2 1 0 0
2 1 0 0 0 0 2 2 2 1 0 0 0 0 2 1 2 1 0 0 1 0
2 1 1 0 0 0 2 2 2 2 0 1 0 1 1 2 0 1 2 2 0 0
0 0 0 0 0 0 2 2 2 1 2 0 1 0 2 1 1 2 1 1 1 0
0 1 0 0 0 0 2 2 2 2 0 0 0 1 0 0 1 2 1 1 2 1
1 0 1 0 0 0 2 2 2 1 1 0 0 0 1 2 1 0 2 1 2 1
2 1 0 0 0 0 2 2 2 2 2 0 0 0 1 0 2 1 1 1 1 0
2 1 1 0 0 0 2 2 2 1 0 0 1 0 0 2 2 0 0 2 2 0
2 1 0 0 0 0 1 2 2 1 1 0 0 0 0 2 2 1 1 1 0 1
2 0 1 0 0 0 2 2 2 2 0 0 0 1 1 1 2 2 2 1 1 1
1 1 2 0 0 1 1 2 2 2 0 1 0 1 0 1 2 1 1 1 0 1
1 2 1 0 0 0 2 1 2 1 1 0 0 0 0 0 2 2 1 2 2 1
2 2 1 0 0 0 2 1 1 1 1 0 0 0 1 1 1 2 0 1 1 1
1 1 0 0 0 0 2 2 2 2 1 0 0 0 2 2 2 2 0 1 2 1
2 0 0 0 0 0 1 1 2 2 0 0 1 0 1 1 2 1 0 2 1 0
0 1 1 0 0 0 2 1 2 1 0 0 0 1 0 2 2 2 1 1 1 2
1 0 0 0 0 0 1 2 2 1 0 0 0 0 0 1 2 1 1 1 1 1
1 2 0 0 0 0 2 2 1 2 0 1 0 1 0 0 1 1 1 2 0 0
1 1 1 0 0 0 2 2 2 1 0 1 0 0 0 0 2 2 0 2 2 1
1 2 2 0 0 0 2 1 2 1 1 0 0 0 0 1 1 1 1 2 2 2
0 1 1 0 0 0 2 2 2 1 0 1 0 2 2 1 2 2 0 2 2 1
1 2 0 0 0 0 2 1 2 1 0 1 0 0 0 0 1 2 0 0 0 0
1 0 2 0 0 0 2 2 2 1 0 0 0 0 0 0 1 1 1 1 0 1
1 1 1 0 0 0 2 2 1 1 2 0 1 0 0 2 2 2 0 2 0 0
2 1 1 0 0 0 2 2 2 2 1 0 1 0 1 2 2 1 1 1 0 1
2 1 0 0 0 0 1 2 2 1 0 0 0 0 1 1 1 1 1 0 1 0
0 1 0 0 0 0 2 2 0 2 1 0 0 0 0 2 1 1 2 1 0 0
2 0 2 0 0 0 2 2 2 0 0 1 0 0 1 1 2 1 2 2 1 0
0 1 0 0 0 0 2 2 2 0 0 1 0 0 1 1 2 1 1 2 1 0
1 1 1 0 0 0 2 2 2 2 0 0 0 0 1 1 2 1 0 2 1 0
0 1 0 0 0 0 2 2 2 1 1 0 0 0 2 1 2 1 1 2 2 0
0 2 0 0 0 0 1 2 1 1 1 0 0 1 1 1 1 1 2 2 1 1
1 1 1 0 0 0 2 1 2 2 0 1 0 2 0 1 2 1 1 2 1 0
1 2 1 0 0 0 1 2 2 1 0 0 0 1 1 2 2 1 0 2 1 0
2 1 1 0 0 0 2 2 2 2 0 1 1 1 2 1 1 1 0 1 1 0
1 1 0 0 0 0 2 1 1 1 1 0 0 0 1 2 1 2 1 2 2 0
1 0 0 0 0 0 2 1 2 1 0 0 0 1 2 1 1 0 1 1 0 0
2 1 2 0 0 0 2 1 2 1 1 0 0 1 1 2 1 2 1 0 1 1
1 1 1 0 0 0 2 1 2 1 0 0 0 1 2 1 2 1 1 1 0 1
2 1 2 0 1 0 2 1 2 1 0 1 0 1 1 2 2 2 2 1 1 1
1 0 2 0 0 0 2 2 2 0 0 0 0 0 0 1 1 1 2 2 0 0
1 1 0 0 0 0 2 2 2 1 0 0 0 0 0 2 1 2 2 2 1 0
1 1 1 0 0 0 2 1 2 1 0 0 0 0 0 2 1 2 1 1 1 0
2 0 1 0 0 0 1 2 1 2 1 0 0 1 0 1 2 1 1 2 1 0
2 1 0 0 0 0 2 2 2 2 1 0 0 1 0 2 1 1 2 1 0 1
2 1 0 0 0 0 2 2 2 1 0 0 0 1 1 1 2 2 0 2 1 2
1 0 0 0 0 0 2 2 2 1 0 0 0 1 0 1 2 2 2 2 1 0
2 1 0 0 0 0 2 2 1 2 0 1 0 1 2 1 2 1 1 2 1 0
2 1 0 0 0 0 2 2 2 1 0 0 0 0 0 1 2 1 1 1 1 1
1 2 0 0 0 0 2 1 2 2 1 0 0 1 2 0 2 1 2 1 1 1
1 2 1 0 0 0 2 1 1 1 0 0 0 1 0 0 1 1 1 1 1 2
1 1 1 0 1 0 2 1 2 0 0 2 0 1 2 2 2 1 1 2 1 0
1 2 0 0 0 0 1 2 2 2 1 2 0 1 0 1 2 1 0 2 1 1
2 1 0 0 0 0 2 1 2 1 0 0 0 0 1 2 2 2 0 2 0 0
1 1 1 0 0 0 1 1 2 1 0 0 0 1 1 2 2 2 1 2 1 1
0 1 2 0 0 0 2 2 2 2 0 0 0 0 1 2 2 1 1 1 0 0
1 2 1 0 0 0 2 2 1 2 0 0 0 1 2 1 1 2 1 1 0 0
1 1 1 0 0 0 2 2 2 1 0 2 0 0 0 1 1 2 1 2 1 1
1 2 0 0 0 0 2 2 2 1 1 0 0 1 0 2 2 1 1 2 0 0
1 0 1 0 0 0 2 2 1 0 0 1 0 0 0 2 1 2 2 2 1 1
1 0 0 0 0 0 2 2 2 1 2 0 0 0 1 2 0 1 1 1 1 1
1 1 2 0 0 0 2 2 1 1 0 0 0 1 0 2 2 1 0 1 2 0
1 0 0 0 0 0 2 2 2 1 0 0 0 0 0 2 2 2 1 1 2 1
1 1 1 0 0 0 2 1 2 2 0 0 0 1 1 2 1 2 2 2 0 0
0 1 1 0 0 0 2 2 2 0 2 0 0 1 0 2 2 2 0 1 2 1
1 2 0 0 0 0 2 2 2 1 1 1 0 0 2 2 2 1 0 2 0 0
1 1 1 0 0 0 2 2 2 0 0 1 0 0 0 2 2 0 1 2 0 0
1 0 1 0 0 0 2 2 2 2 0 0 0 0 1 1 0 1 1 1 1 0
1 2 1 0 0 0 2 2 2 0 1 0 0 0 0 2 2 2 1 2 1 0
2 0 1 0 0 0 2 1 2 2 0 0 0 1 1 2 2 2 2 2 0 1
1 2 1 0 0 0 2 2 1 1 0 0 0 1 1 1 1 2 0 2 2 0
2 1 2 0 0 0 2 1 2 1 0 0 0 1 1 0 1 2 1 2 1 0
1 1 0 0 0 0 2 2 2 1 1 0 0 0 0 1 1 2 1 2 2 1
2 0 0 0 0 0 2 2 2 0 1 0 0 0 1 1 2 2 1 2 0 1
0 2 0 0 0 0 2 2 2 1 1 0 0 0 1 1 1 1 2 2 1 2
1 0 0 0 0 0 2 2 1 1 0 1 0 1 1 2 2 1 1 2 1 1
2 0 0 0 0 0 2 1 2 2 1 0 0 1 2 1 0 2 2 2 0 0
2 2 0 0 0 0 2 2 2 1 0 0 0 0 1 0 1 2 2 0 0 2
2 0 0 0 0 0 2 2 2 0 1 1 0 0 1 1 2 2 2 2 0 1
2 1 0 0 0 0 2 2 2 1 1 0 0 1 0 2 2 1 1 2 2 0
2 1 1 0 0 0 1 1 1 2 2 2 0 0 0 1 0 1 1 2 2 1
1 2 1 0 1 0 2 2 1 0 0 1 0 0 2 1 1 1 0 2 1 0
1 1 2 0 0 0 2 2 2 1 1 0 0 1 0 2 2 0 0 0 2 0
1 0 1 0 0 0 2 2 2 0 0 0 0 1 0 1 1 0 1 0 1 1
1 1 0 0 0 0 1 2 2 1 1 0 0 1 1 1 2 1 2 1 2 1
2 1 1 0 0 0 1 2 1 1 0 1 0 0 1 2 1 1 1 2 1 1
0 1 0 0 0 0 2 1 2 2 0 0 1 2 1 1 2 1 1 0 2 1
1 1 0 0 0 0 2 2 2 1 0 0 0 2 0 1 2 0 0 2 1 0
2 1 1 0 0 0 2 2 2 2 1 1 0 0 1 2 1 2 1 0 1 0
1 1 0 0 0 0 2 2 2 1 0 0 0 1 1 2 2 2 1 2 1 0
1 0 0 0 0 0 2 2 2 2 0 0 1 0 0 2 2 0 1 2 0 2
1 1 1 0 0 0 2 2 2 1 1 0 0 2 0 2 0 2 1 2 1 0
2 1 1 0 0 0 1 2 2 1 0 0 0 1 1 1 1 2 1 2 2 0
1 2 1 0 0 0 2 1 2 2 0 0 0 2 2 1 2 0 1 1 0 1
0 1 1 0 0 0 2 2 2 0 2 1 0 1 1 0 2 2 0 1 2 0
2 0 0 0 0 0 2 2 2 0 1 0 0 1 0 1 0 1 0 1 1 0
1 0 0 0 0 0 2 1 2 2 0 0 0 1 1 0 1 2 1 2 2 0
2 1 1 0 0 0 2 1 2 0 2 0 0 0 1 1 1 2 0 2 1 1
0 0 0 0 0 0 2 0 2 2 1 0 0 0 2 1 1 2 1 1 1 0
2 0 0 0 0 0 2 1 1 1 1 1 0 1 0 1 1 1 2 1 1 0
1 0 1 0 0 0 2 2 2 2 0 2 0 1 0 1 1 2 0 1 2 0
1 0 0 0 0 0 2 2 2 1 1 0 0 1 2 2 2 1 1 0 0 0
1 1 1 0 0 0 1 2 2 1 0 0 1 0 1 0 1 2 2 1 0 0
0 2 1 0 0 0 2 2 2 2 1 0 0 1 1 2 2 1 1 2 1 1
1 1 2 0 0 0 2 2 2 1 1 1 0 0 0 1 2 0 1 0 1 1
2 0 1 0 0 0 1 2 2 1 0 1 0 0 1 0 2 2 1 2 0 0
1 1 1 0 0 0 2 2 2 2 0 0 0 1 1 0 1 2 1 2 1 1
2 0 1 0 0 0 2 2 2 1 0 1 0 0 1 1 2 2 1 1 1 0
2 1 1 0 0 0 2 2 2 1 0 0 0 1 0 2 2 2 2 2 2 0
1 1 0 0 1 0 2 1 1 2 2 0 0 0 0 1 2 1 2 1 1 1
2 1 1 0 0 0 2 2 1 2 0 0 0 0 1 1 1 0 2 1 2 0
1 1 2 0 0 0 2 2 1 1 1 0 0 0 0 1 2 2 1 1 1 0
1 0 0 0 0 0 2 2 1 1 1 1 0 0 1 1 1 2 1 1 1 0
1 1 0 0 0 0 2 2 2 1 0 0 0 0 0 1 2 2 2 2 1 1
1 1 1 0 0 0 2 1 2 1 1 1 0 1 0 0 2 1 1 1 1 1
1 2 1 0 0 0 2 2 1 1 0 0 0 0 0 2 2 0 1 2 1 2
1 0 1 0 0 0 2 2 2 0 0 0 0 0 0 2 2 1 0 1 1 1
1 0 1 0 0 0 2 2 2 2 0 1 0 1 1 2 2 1 2 2 1 0
2 1 1 0 0 0 2 2 1 0 2 0 0 1 1 2 2 2 2 0 1 0
2 0 1 0 0 0 1 2 2 1 0 0 0 0 0 2 2 0 0 2 1 1
2 0 2 0 0 0 2 2 2 2 0 1 0 1 1 1 2 0 0 2 2 2
2 0 1 0 0 0 1 1 2 1 1 0 0 1 2 1 1 2 2 2 2 0
1 1 1 0 0 0 1 2 1 1 1 0 0 2 0 1 2 0 2 1 1 0
2 1 1 0 0 0 1 2 2 1 0 1 0 0 0 2 1 2 1 2 2 1
1 1 0 0 0 0 1 2 2 1 1 0 0 0 0 2 2 2 2 1 1 1
1 0 1 0 0 0 2 2 2 0 1 0 0 1 2 2 2 2 1 2 0 0
1 0 0 0 0 0 2 1 2 2 0 0 0 2 1 2 2 1 1 1 0 1
2 0 0 0 0 0 1 1 2 1 1 0 1 0 1 1 2 0 0 1 0 0
2 0 1 0 1 0 2 2 2 0 1 0 0 0 0 2 2 2 0 2 1 0
1 0 1 0 0 0 2 2 2 1 1 0 0 1 0 2 2 1 1 1 1 2
1 1 0 0 0 0 2 2 2 2 0 0 0 2 0 2 0 1 0 2 1 0
1 0 1 0 0 0 2 2 2 2 0 0 0 1 2 0 2 1 1 2 2 0
2 1 1 0 0 0 2 2 2 0 0 0 0 1 2 2 2 2 1 1 1 1
1 1 1 0 0 0 2 2 2 1 1 0 0 0 1 2 2 1 0 2 2 1
1 1 0 0 0 0 2 2 2 2 1 0 0 0 1 0 2 2 1 1 1 0
0 0 1 0 0 0 2 2 1 1 0 0 0 0 0 0 2 1 1 2 1 1
1 0 2 0 0 0 2 1 2 1 1 0 0 1 0 0 2 0 0 2 1 0
1 1 0 0 0 0 2 2 2 1 1 1 0 0 0 2 2 2 1 2 1 0
2 1 1 0 0 1 2 2 2 1 0 0 0 0 0 1 1 0 1 1 0 0
1 0 0 0 0 0 1 2 1 1 0 0 0 0 1 2 2 2 1 1 2 0
2 2 0 0 0 0 2 2 2 1 1 0 0 0 1 0 2 1 2 2 0 0
1 1 0 0 0 0 2 2 1 1 0 0 0 1 0 2 2 0 2 2 1 0
1 1 1 0 0 0 2 2 2 2 2 0 0 0 1 1 2 1 2 2 2 1
2 1 1 0 0 0 1 2 1 0 1 0 0 0 1 1 2 0 2 2 0 1
1 2 0 0 0 0 2 2 2 1 0 2 0 1 1 2 2 1 1 1 1 1
1 2 2 0 0 0 2 2 2 2 0 0 0 0 2 0 2 2 0 2 1 0
2 0 2 0 0 1 2 2 2 2 0 0 0 0 1 2 1 1 2 1 1 0
1 0 1 0 0 0 2 1 2 1 1 1 0 1 1 1 1 1 2 2 2 0
1 1 1 0 1 0 2 1 1 2 0 0 0 0 1 1 2 2 1 2 2 0
1 0 1 0 0 1 1 2 2 1 0 0 0 1 0 2 2 1 1 2 1 0
1 1 0 0 0 0 2 2 1 1 1 0 0 0 2 2 2 2 0 2 0 0
1 1 1 0 0 0 1 2 2 0 0 0 0 0 0 2 1 1 2 1 1 0
2 1 1 1 0 0 1 2 1 2 1 0 0 2 2 2 2 0 0 2 2 1
2 2 1 0 0 0 1 1 1 1 1 0 0 0 0 1 2 2 1 1 1 0
1 0 2 0 0 0 2 2 2 2 1 0 0 0 1 1 2 1 0 2 1 0
1 2 1 0 0 0 1 2 2 2 1 1 0 0 1 1 2 0 1 2 2 0
0 0 1 0 0 0 2 2 2 1 0 0 0 1 2 1 2 2 2 2 2 1
2 1 1 0 0 0 2 1 2 2 1 0 0 1 1 2 1 1 2 1 0 0
1 2 0 0 0 0 2 1 1 1 1 0 0 2 0 1 2 2 0 2 2 0
1 2 0 0 0 0 2 0 2 2 0 0 0 0 1 1 0 2 1 2 1 0
2 2 0 0 0 0 2 2 2 2 1 1 0 2 1 1 2 2 2 1 0 0
1 0 1 0 0 0 2 2 2 2 1 0 0 0 1 1 2 2 1 1 2 0
1 1 0 0 0 0 2 2 2 1 0 0 0 0 0 2 2 2 1 1 2 0
2 2 0 0 0 0 2 2 2 2 0 0 0 1 0 2 2 2 2 2 1 1
2 0 1 0 0 0 1 2 2 1 1 0 0 1 1 1 2 1 0 2 1 1
1 1 2 0 0 0 2 2 2 1 0 0 0 0 1 2 2 2 1 1 2 0
2 2 0 0 0 0 2 2 2 2 0 0 0 1 0 1 2 2 0 1 1 2
1 1 0 0 0 0 2 1 2 1 0 0 0 0 0 1 1 1 0 2 2 1
0 1 0 0 0 0 2 2 2 1 0 0 0 1 1 1 2 1 2 2 1 0
1 1 1 0 0 0 2 2 2 2 0 0 0 0 1 1 1 2 2 2 1 2
2 2 1 1 0 0 1 2 2 1 1 0 0 0 2 1 2 1 1 2 0 1
0 1 2 0 0 0 2 2 2 1 1 0 0 1 0 1 2 2 1 1 1 1
1 0 1 0 0 0 1 2 2 2 0 0 0 0 1 1 1 0 2 1 2 0
2 0 1 0 0 1 2 2 2 1 1 0 0 0 1 0 1 1 1 1 1 0
2 0 1 0 0 0 2 2 2 0 0 0 0 0 1 1 2 1 0 1 0 0
2 1 1 0 0 0 2 1 1 1 0 1 0 0 1 1 2 2 1 2 0 0
0 0 1 0 0 0 2 2 2 2 0 0 0 1 0 2 2 2 1 2 1 1
1 0 1 0 0 0 1 2 2 1 0 0 0 1 0 1 2 1 1 1 1 0
1 1 0 1 0 0 2 2 2 2 1 0 0 1 0 1 2 1 1 2 2 2
1 0 2 0 0 0 1 2 2 1 0 0 0 0 0 2 2 2 1 2 1 1
2 2 1 1 0 0 2 2 2 0 2 1 1 0 2 2 2 2 1 1 0 0
0 2 0 0 0 0 2 2 2 1 0 0 0 1 0 2 2 0 0 1 2 1
2 0 1 0 0 0 2 2 2 1 0 0 0 0 1 2 1 0 1 1 0 1
0 2 2 0 0 0 1 2 2 2 0 1 0 0 1 1 1 0 0 1 1 1
1 1 0 0 0 1 2 2 2 1 0 0 1 2 2 1 2 2 1 1 0 0
1 1 1 1 0 0 1 2 2 1 0 1 0 0 1 2 2 2 2 2 0 0
2 2 1 0 0 0 2 2 1 0 1 0 0 1 2 1 2 1 2 2 0 1
1 0 1 0 0 0 2 2 2 1 0 0 0 0 1 2 1 0 1 2 1 0
1 1 0 0 0 0 2 2 2 2 1 0 0 1 1 1 2 2 0 2 0 1
0 1 0 0 0 0 2 1 2 2 0 1 1 0 0 1 2 1 1 2 1 0
2 1 0 0 0 0 2 2 2 1 1 1 0 0 1 2 1 2 1 2 2 0
1 1 2 0 0 0 2 2 2 0 1 0 0 1 0 1 2 2 2 2 1 1
2 1 1 0 0 0 2 2 1 1 0 1 0 0 2 2 1 2 0 2 2 0
2 1 2 0 0 0 2 2 2 2 0 0 0 0 1 2 1 2 2 2 0 0
1 0 0 0 0 0 2 2 2 1 1 0 0 2 0 2 2 1 1 2 0 0
1 2 1 0 0 0 2 2 2 2 0 1 0 1 0 1 2 1 1 1 0 0
0 1 2 0 1 0 2 2 2 0 0 0 0 1 1 2 2 2 0 2 2 1
1 1 2 0 0 0 2 2 1 1 0 0 0 0 1 0 1 0 1 1 2 0
1 1 0 0 0 0 2 2 2 1 0 0 0 0 0 1 2 0 2 2 1 1
0 1 1 0 0 0 2 2 2 1 0 0 0 0 0 1 2 1 1 2 0 0
2 2 0 0 0 0 2 1 1 1 0 0 0 1 0 2 2 1 2 1 0 0
1 2 0 0 0 0 1 2 1 1 0 0 0 0 1 0 2 0 0 2 2 1
2 0 1 0 0 0 2 2 2 0 0 0 0 1 1 2 2 2 1 2 0 2
1 1 0 0 0 0 2 1 2 0 1 0 1 1 0 1 1 0 2 2 1 1
1 1 0 0 0 0 2 2 1 0 0 0 0 0 2 1 2 2 0 2 0 0
2 2 0 1 0 0 2 2 2 1 0 1 0 0 0 2 2 1 2 2 1 0
1 1 0 0 0 0 2 2 2 1 0 0 0 0 1 1 1 0 1 2 2 0
2 2 0 0 0 0 1 2 1 0 0 1 0 0 0 2 2 1 1 0 1 0
2 1 1 0 0 0 2 1 1 2 1 2 0 0 2 0 1 2 2 2 1 1
1 1 0 0 0 0 2 2 1 1 1 0 0 1 0 0 1 2 1 1 0 1
2 0 2 0 0 0 2 2 1 1 1 2 0 2 0 2 1 1 1 1 0 0
2 0 0 0 0 0 2 1 2 1 2 0 0 2 1 1 1 2 0 1 1 0
2 0 2 0 0 0 2 2 2 1 0 0 0 0 1 1 2 0 0 0 0 1
1 1 0 0 0 0 2 2 2 2 0 0 0 1 2 1 2 2 0 2 1 0
1 1 2 0 0 0 2 2 1 2 0 0 0 0 1 1 1 2 2 2 0 1
0 2 0 0 0 0 2 1 1 0 0 1 0 1 1 2 1 2 0 1 1 0
1 0 2 0 0 0 2 2 2 1 0 0 0 0 2 1 1 1 0 2 0 0
2 1 0 0 0 0 2 2 1 1 0 0 0 1 0 1 1 2 2 1 0 1
1 0 1 0 0 0 2 2 1 2 0 0 1 1 2 2 2 2 1 2 0 0
1 2 0 0 0 0 2 2 1 1 1 0 0 0 1 1 2 1 1 2 2 0
1 1 1 0 0 0 2 2 1 1 0 0 0 1 1 1 2 0 0 2 0 0
0 1 1 0 0 0 1 2 0 2 0 0 0 0 0 2 1 1 1 0 0 0
2 1 0 0 0 0 2 2 2 1 1 0 0 1 0 2 2 1 2 2 1 0
0 0 1 0 0 0 2 2 2 0 0 0 1 2 1 1 1 1 1 2 0 0
1 1 2 0 0 0 1 2 1 2 0 0 0 0 2 2 2 2 2 2 1 0
2 0 1 0 0 0 2 2 2 1 0 1 0 1 0 1 2 1 1 2 2 0
2 0 1 0 0 1 2 2 1 0 0 0 0 1 1 2 2 0 1 2 1 1
1 0 1 0 0 0 1 2 1 1 0 0 0 1 1 1 2 2 2 2 2 1
2 1 0 0 0 0 2 2 2 1 0 0 0 0 0 1 1 1 1 1 0 0
2 0 0 0 0 0 2 2 1 1 0 0 0 0 0 0 2 2 1 2 2 0
1 1 1 0 0 0 2 2 2 1 1 1 0 1 0 0 1 0 2 1 1 0
1 0 2 0 0 0 2 2 2 2 0 0 0 1 0 2 1 2 2 2 2 1
2 1 1 0 0 0 1 2 1 1 1 0 0 0 0 1 0 1 0 1 0 0
1 2 0 0 0 0 2 2 2 1 2 0 0 1 0 2 1 0 2 2 0 0
2 1 0 0 0 0 2 2 1 1 0 0 0 1 1 2 2 2 2 2 0 1
2 1 1 0 0 0 2 1 1 1 1 1 0 0 1 1 1 1 2 0 1 1
1 2 0 0 0 0 2 1 1 1 0 0 0 1 0 2 2 1 0 1 1 1
1 0 1 0 0 0 2 2 2 1 1 1 0 1 0 0 1 2 0 1 0 1
1 1 1 0 0 0 2 2 2 0 0 0 0 0 1 1 1 1 0 1 1 0
1 0 1 0 0 0 1 2 2 2 1 1 0 2 0 0 2 2 0 2 2 1
0 1 0 0 0 0 2 1 2 2 1 0 0 1 1 2 2 1 1 2 1 0
1 1 1 0 0 0 2 1 2 2 1 0 0 1 1 2 1 2 1 0 2 2
1 0 1 0 0 0 2 2 2 1 1 0 0 0 2 2 2 1 1 1 1 1
1 2 1 0 0 0 1 1 2 2 1 0 0 0 1 1 1 1 1 1 1 1
0 1 2 0 0 0 2 2 2 1 1 0 0 1 1 2 2 1 1 1 0 0
1 1 1 0 0 0 2 2 2 0 0 1 0 0 1 1 2 1 1 2 1 0
2 0 0 0 0 0 1 2 2 1 1 0 0 0 1 2 1 1 1 1 1 0
1 1 1 0 0 0 2 2 2 1 1 0 0 0 0 0 2 1 1 0 2 1
0 1 2 0 0 0 2 2 1 1 0 0 0 0 0 2 2 2 1 2 2 0
1 1 2 0 0 0 2 2 1 2 1 0 0 1 2 1 2 2 1 2 1 0
2 2 2 0 0 0 2 2 1 2 1 0 0 1 1 0 2 2 0 1 1 0
2 1 0 0 0 0 2 2 2 1 1 0 0 0 2 2 2 2 1 2 2 0
1 1 1 0 0 0 2 2 2 0 0 0 0 1 2 1 1 2 0 2 0 1
1 1 1 0 0 0 2 2 2 0 2 0 0 1 1 2 1 1 2 1 1 1
1 1 0 0 0 0 2 2 2 1 0 0 0 1 0 1 2 1 1 2 0 0
1 0 2 0 0 0 2 2 2 0 0 0 0 0 1 2 2 2 0 2 1 0
1 1 1 0 0 0 2 2 2 2 0 0 0 2 0 0 2 2 0 1 0 1
2 0 2 0 0 0 2 2 2 1 1 1 0 1 1 1 2 1 1 1 0 1
2 1 1 0 0 0 2 2 1 1 1 0 1 0 2 2 2 2 1 2 2 1
2 2 0 0 0 0 2 2 2 2 0 0 0 2 1 1 2 1 0 2 1 0
0 1 0 0 0 0 2 2 1 1 0 0 0 1 2 0 2 1 1 2 2 0
2 1 1 0 0 0 2 2 2 1 2 1 0 1 1 1 2 1 1 1 0 0
2 2 1 0 0 0 2 2 2 2 0 1 0 0 1 2 2 1 0 2 2 0
2 0 1 0 0 0 2 2 2 1 0 0 0 0 1 1 2 1 1 2 1 0
1 1 1 0 0 0 2 2 2 2 1 0 0 0 0 1 2 1 1 2 2 0
0 0 0 0 0 0 1 1 2 0 0 0 0 1 0 1 2 0 1 2 1 1
2 1 0 0 0 0 2 2 1 2 0 0 2 1 0 2 2 1 1 1 1 0
1 1 0 1 0 0 2 2 2 1 1 0 0 0 0 2 2 2 0 0 1 2
1 1 1 0 0 0 2 2 2 2 0 1 0 0 0 2 0 1 1 2 2 1
1 2 0 0 0 0 2 2 2 1 1 1 0 0 0 2 2 2 1 2 1 1
2 1 2 0 0 0 2 2 2 1 0 0 0 1 0 2 2 1 1 1 1 1
1 0 1 0 0 0 1 2 2 1 0 0 0 0 1 1 2 1 2 0 0 1
2 1 0 1 0 0 2 1 1 2 0 0 1 1 1 1 1 2 1 2 0 1
0 1 2 0 0 0 1 2 1 2 0 0 0 1 0 2 1 2 1 1 1 1
2 1 1 0 0 0 2 2 2 2 0 0 0 0 0 2 2 1 1 2 1 0
1 1 0 0 0 0 1 1 2 2 0 0 0 0 0 0 2 0 2 2 0 1
2 2 0 0 0 0 2 2 2 2 0 0 0 0 0 1 2 1 2 2 0 1
2 0 1 0 0 0 2 2 2 1 0 0 0 0 1 1 2 1 1 1 1 1
2 1 2 0 0 0 2 2 2 2 1 0 0 0 1 1 1 2 0 1 1 0
1 2 0 0 0 0 2 2 2 2 2 0 0 1 2 1 1 1 0 2 2 1
1 2 0 0 0 0 2 2 2 2 0 0 0 1 0 2 2 1 1 2 1 0
1 1 0 1 0 0 2 2 2 1 0 1 1 0 1 1 2 1 2 2 1 0
2 0 1 0 0 0 2 2 1 1 0 0 0 1 1 0 2 1 0 1 0 1
1 1 0 0 0 0 2 2 2 2 1 0 0 0 1 2 1 2 1 2 1 0
1 1 2 0 0 0 2 2 1 1 0 0 0 1 0 2 2 1 1 2 0 0
1 0 0 0 0 0 2 2 2 1 1 2 0 0 1 2 2 1 1 1 1 0
1 0 0 0 0 0 2 2 1 1 0 0 0 2 1 0 1 2 1 1 0 0
2 0 0 0 0 0 2 1 2 2 0 2 0 1 0 2 2 2 1 1 2 0
0 1 0 0 0 0 2 2 2 2 0 0 1 0 1 2 2 2 2 2 1 1
1 0 0 0 0 0 2 2 2 1 0 1 0 2 1 1 2 1 1 2 2 1
1 1 1 0 0 0 2 2 2 1 0 0 0 1 1 2 1 1 1 2 0 0
2 0 1 0 0 0 2 2 1 2 1 0 2 1 0 1 2 1 1 1 1 0
2 2 1 0 0 0 1 1 2 1 2 0 0 0 1 1 2 1 2 2 0 0
1 1 1 0 0 0 2 2 1 1 0 0 0 1 2 2 1 1 2 0 1 0
0 1 1 0 0 0 2 2 1 2 0 0 0 1 1 2 2 2 2 1 1 0
1 1 1 0 0 0 2 2 2 2 1 0 0 1 1 2 2 2 1 1 1 0
0 2 2 0 0 0 1 2 2 2 2 0 0 0 0 1 0 1 0 2 0 0
1 0 1 0 0 0 2 2 2 2 0 1 0 0 0 2 1 0 2 2 2 1
0 0 1 0 0 0 2 2 2 1 2 0 0 0 1 1 2 0 1 1 2 1
2 0 0 0 0 0 2 2 2 2 0 0 0 0 0 1 2 2 1 1 1 2
0 0 1 0 0 0 2 2 1 1 0 0 0 1 1 2 1 0 2 2 1 1
2 2 0 0 0 0 2 2 2 2 0 0 0 0 1 1 2 2 1 2 2 1
2 1 0 0 0 0 2 2 2 1 1 0 0 0 1 0 2 0 0 2 1 1
0 2 1 0 0 0 2 1 2 1 0 1 0 1 1 2 1 2 1 1 2 2
2 0 1 0 0 0 2 2 2 2 1 0 0 0 1 1 2 1 1 2 1 0
0 2 0 0 0 0 2 1 1 1 0 0 0 0 0 1 2 2 2 2 2 1
2 1 1 0 0 0 2 2 2 2 0 1 0 2 0 2 0 2 1 2 0 0
0 1 0 0 0 0 2 2 2 2 2 0 0 0 0 1 1 1 1 0 2 1
0 1 1 0 0 0 2 1 2 1 1 1 1 1 0 0 2 2 1 2 1 0
0 0 2 0 0 0 1 2 2 2 1 0 0 0 0 2 2 1 2 1 1 1
2 1 1 0 0 0 2 2 2 1 1 0 0 0 1 2 2 1 1 0 1 0
1 1 2 0 0 0 2 2 2 1 0 1 0 1 1 2 2 0 1 2 1 2
1 1 1 0 0 0 2 2 2 1 0 1 0 0 0 2 2 2 1 1 0 1
1 1 2 1 0 0 2 2 2 2 0 0 0 0 2 0 1 2 2 1 1 1
1 0 1 0 0 0 1 2 2 1 0 0 0 0 1 1 2 0 2 2 0 0
2 1 0 0 0 0 2 2 1 1 1 0 0 1 2 2 2 2 1 1 1 0
1 2 1 0 0 0 2 2 2 2 1 0 1 0 1 2 2 1 2 1 1 1
1 1 1 0 0 0 2 2 2 1 1 0 1 1 2 1 2 1 2 1 1 0
1 2 0 0 0 0 2 2 2 2 0 1 0 0 1 1 1 1 0 1 0 1
1 1 1 0 0 0 2 1 2 1 1 0 0 0 1 0 2 2 1 1 1 0
1 0 1 0 0 1 2 2 1 2 0 0 0 0 0 2 1 2 0 1 0 0
1 1 0 0 0 0 2 1 2 1 0 1 0 1 2 1 1 2 2 2 1 1
1 2 0 0 0 0 2 1 2 2 1 0 0 0 1 1 2 1 1 1 1 1
0 0 0 0 0 0 2 1 1 0 0 0 0 0 1 1 2 0 1 2 1 1
1 1 1 0 0 0 2 1 2 0 1 0 0 0 1 1 1 2 1 2 1 0
2 2 2 0 0 0 2 2 2 2 0 0 0 1 0 2 2 1 1 1 2 1
1 2 1 0 0 0 2 2 2 2 0 1 0 0 2 2 1 2 1 1 2 0
1 1 1 0 1 0 2 2 2 1 2 1 0 0 1 1 2 0 0 2 1 1
2 1 1 0 0 0 2 2 2 0 0 0 0 0 1 1 2 1 1 0 1 0
2 1 2 0 0 0 2 2 2 1 1 0 0 1 1 1 1 1 2 2 2 1
1 1 1 0 0 0 1 2 2 1 0 0 0 0 1 1 2 1 2 2 1 0
2 0 1 0 0 0 2 2 2 1 0 1 0 1 1 0 2 2 1 0 1 0
2 2 0 0 0 0 2 2 2 1 0 0 0 0 1 1 1 1 2 2 1 1
2 1 1 0 0 0 2 2 1 1 0 2 0 1 1 2 1 2 0 2 0 1
2 2 0 0 0 0 2 2 2 2 2 0 0 0 1 1 1 2 0 2 0 0
1 2 0 0 0 0 2 2 2 0 0 0 0 0 0 2 2 2 2 2 0 0
0 2 1 0 0 0 1 2 1 1 0 0 0 0 0 1 0 1 0 2 2 1
2 1 1 0 0 0 2 2 2 1 2 0 0 0 1 2 2 2 1 1 1 0
1 1 0 0 0 1 2 2 2 1 0 0 0 0 1 2 2 2 1 1 1 0
2 0 0 0 0 0 2 2 2 2 0 0 0 1 0 2 2 2 0 2 1 2
2 1 2 0 0 0 2 2 2 1 0 0 1 0 1 2 2 2 1 1 1 0
2 1 2 0 0 0 1 1 2 1 1 0 0 0 1 2 2 1 1 2 0 0
1 1 1 0 0 0 2 2 2 1 1 0 1 0 1 2 1 1 0 0 2 1
2 2 1 0 0 0 2 1 2 1 0 1 0 0 0 1 1 0 0 1 1 1
1 1 2 0 0 0 2 2 2 2 0 0 0 0 1 1 2 1 1 2 1 2
1 1 1 0 0 1 2 2 2 2 0 0 0 0 1 0 2 1 1 2 1 1
1 0 1 0 0 0 2 2 2 2 0 1 0 0 0 1 2 2 1 2 0 0
2 0 0 0 0 0 2 2 1 0 2 0 0 0 0 2 2 2 1 1 2 1
2 1 1 0 0 0 2 1 1 1 1 0 0 1 0 0 1 1 0 1 2 1
1 1 1 0 0 0 2 2 2 2 0 0 0 0 1 2 1 1 1 2 2 1
1 1 0 0 0 0 2 1 2 1 0 0 0 1 1 1 2 1 1 1 0 0
0 1 1 0 0 0 2 2 2 1 0 1 0 1 1 1 2 1 1 0 1 0
2 0 1 0 0 0 2 2 1 1 1 0 0 0 0 2 2 2 1 2 2 1
1 2 0 0 0 0 2 1 2 1 1 0 0 1 1 2 2 1 0 2 2 1
1 2 0 0 0 0 2 2 2 1 1 1 0 2 1 2 2 1 1 2 1 0
1 0 1 0 0 0 2 2 2 2 0 0 0 0 1 1 2 1 0 2 2 1
0 0 1 0 0 0 2 2 2 1 1 1 0 1 1 1 1 1 1 1 1 0
2 0 1 0 0 0 2 2 2 1 1 0 0 1 1 1 1 0 1 1 1 0
1 1 0 0 0 0 2 2 2 1 0 0 0 0 0 2 1 2 1 2 1 0
1 1 0 0 0 0 1 2 2 0 0 0 0 0 0 2 2 1 1 2 1 0
1 1 1 0 0 0 2 2 2 2 1 1 0 1 0 1 2 2 0 2 0 1
2 1 1 0 0 0 2 2 2 2 0 0 0 2 2 0 1 2 2 2 1 1
2 0 2 0 0 0 2 2 1 2 0 1 0 0 2 2 1 2 1 2 0 0
0 1 1 0 0 0 2 2 2 1 0 0 0 1 1 1 2 2 2 1 1 1
1 1 1 0 0 0 2 2 2 1 0 0 0 0 2 2 2 1 0 1 1 1
1 0 0 0 0 0 2 2 2 1 1 0 1 0 1 2 2 1 2 2 1 0
1 0 1 0 0 0 1 1 2 1 0 0 0 0 0 1 2 1 1 1 1 1
2 2 1 0 0 0 2 2 2 2 0 0 0 2 1 1 2 1 1 2 1 0
1 0 1 1 0 0 2 2 2 0 0 0 0 1 1 2 2 1 2 2 0 1
2 0 0 0 0 0 2 2 2 2 1 1 0 1 2 0 1 2 0 2 1 1
1 1 2 0 0 0 2 2 1 2 1 0 0 2 0 1 2 1 0 1 1 1
1 1 1 0 0 0 2 2 2 1 0 0 0 1 2 0 2 2 2 0 1 1
2 0 1 0 0 0 2 2 2 1 0 0 0 0 0 1 2 2 0 1 1 0
2 0 1 0 0 0 2 2 2 1 2 0 0 1 1 2 2 0 0 1 1 0
1 1 0 0 0 0 2 2 2 1 2 0 0 0 1 1 2 2 2 0 1 0
1 0 1 0 0 0 2 2 2 1 1 1 0 2 0 1 1 2 1 2 1 0
2 2 1 0 0 0 2 2 1 1 1 0 0 1 1 1 2 1 2 1 1 1
2 2 0 0 0 0 2 1 2 2 0 1 0 1 1 1 2 2 1 1 0 0
0 2 0 0 0 0 2 2 2 1 1 0 0 0 0 0 2 2 1 2 1 0
2 1 1 0 0 0 2 2 2 0 0 1 0 1 1 2 1 1 0 1 1 1
2 2 0 0 0 0 2 2 1 0 1 1 0 1 0 1 2 1 0 1 2 1
1 0 2 0 0 0 2 2 2 2 0 0 0 0 0 2 2 2 1 2 1 0
1 1 0 0 0 0 2 2 2 2 1 0 0 1 1 1 1 0 1 1 0 0
1 1 1 0 0 0 2 2 2 1 0 0 0 1 1 1 2 2 1 1 0 0
2 2 1 0 0 0 1 2 2 2 0 0 0 1 1 1 1 1 2 2 1 0
2 0 1 0 0 0 2 2 2 1 0 1 0 1 1 1 2 0 1 2 1 2
2 0 1 0 0 0 2 2 2 2 1 0 0 2 1 1 2 1 1 1 1 0
1 0 1 0 0 0 2 0 2 2 1 1 0 1 2 2 2 1 2 2 2 1
0 2 0 0 0 0 1 2 2 2 0 0 0 0 1 1 1 2 1 2 1 0
2 0 0 0 0 0 2 0 0 2 0 0 0 1 1 2 2 2 1 2 2 2
1 0 1 0 0 0 2 2 2 1 1 1 0 1 0 1 2 2 1 0 0 0
1 0 0 0 0 0 2 2 2 1 1 0 1 0 2 2 2 2 0 0 1 0
1 1 2 0 0 0 2 2 2 0 0 0 0 1 0 0 1 1 1 1 2 0
2 1 1 0 0 0 1 2 2 0 0 0 0 0 1 1 2 1 0 1 1 0
1 2 1 0 0 0 2 2 1 2 1 1 0 0 2 2 1 1 1 2 0 1
2 0 1 0 0 0 2 2 2 1 0 0 0 0 0 2 2 1 0 2 2 1
2 0 1 0 0 0 2 2 2 1 0 0 0 0 1 2 2 2 2 2 1 0
2 0 1 0 0 0 2 1 1 1 0 0 0 0 0 0 2 2 1 2 1 1
1 2 0 0 0 0 2 2 2 2 0 0 0 2 1 1 2 1 2 1 1 1
1 0 1 0 0 0 1 2 2 1 0 1 0 0 0 1 2 1 1 2 0 0
2 0 0 0 0 0 2 2 2 2 0 0 0 0 2 1 2 2 0 2 2 1
0 1 1 0 0 0 2 2 1 1 0 0 0 1 1 1 2 2 2 2 1 1
2 0 1 0 0 0 2 2 2 0 0 1 0 1 0 2 2 1 1 2 0 0
2 2 0 0 0 0 2 2 2 1 1 0 0 0 1 1 2 1 0 1 2 0
1 1 1 0 0 0 2 1 2 0 1 0 0 1 1 2 1 2 2 0 1 0
1 0 1 1 0 0 2 2 2 1 0 0 0 1 1 1 2 0 1 2 1 1
2 0 0 0 0 0 2 2 2 0 0 1 0 0 0 1 2 1 1 2 1 0
1 2 0 0 0 0 2 2 1 1 1 0 0 0 0 2 2 1 0 2 0 0
1 2 2 0 0 0 2 1 1 1 0 0 0 0 0 1 2 1 1 2 0 1
2 1 1 0 0 0 2 2 2 2 2 0 0 0 2 1 2 1 2 2 2 1
1 1 0 0 0 0 1 2 2 1 0 0 0 1 1 2 2 1 1 2 2 1
1 1 0 0 0 0 2 2 2 0 0 0 0 1 1 1 2 1 2 2 0 1
2 0 2 0 0 0 1 2 1 0 1 0 0 2 1 2 1 2 1 2 0 0
2 0 0 0 0 0 2 2 2 0 1 0 0 2 1 1 2 2 1 2 2 0
1 2 2 0 0 0 2 2 2 1 1 0 0 1 0 1 2 1 1 2 0 0
2 1 2 0 0 0 2 2 2 0 0 0 0 1 0 2 1 2 1 2 2 0
1 2 0 0 0 0 2 1 2 2 0 0 1 2 1 1 2 1 1 1 1 1
2 1 0 0 0 0 2 2 2 2 0 1 0 1 2 1 2 1 2 2 1 1
2 1 1 0 0 0 2 2 2 0 0 0 0 1 0 2 2 1 1 2 1 1
2 0 1 0 0 0 1 2 2 2 1 0 0 0 1 2 1 1 1 1 0 0
2 1 1 0 0 0 2 2 2 2 2 0 0 0 1 1 1 1 1 1 2 0
1 1 1 0 0 0 2 2 2 1 0 0 0 0 2 2 1 2 1 2 1 0
1 1 1 0 0 0 2 1 2 2 1 0 0 0 0 1 2 2 0 2 0 2
1 1 1 0 0 0 1 1 2 0 2 1 0 0 1 2 2 2 0 2 0 1
1 2 1 0 0 0 2 2 2 1 0 0 0 0 0 2 1 2 2 2 1 0
2 1 2 0 0 0 2 2 2 1 0 0 0 1 0 1 1 1 0 2 2 0
2 0 0 0 0 0 2 2 1 1 0 0 0 1 0 2 2 0 1 1 1 2
0 2 1 0 0 0 2 2 2 1 1 0 0 0 2 2 2 2 1 1 1 1
2 1 1 0 0 0 2 2 2 0 1 0 0 0 1 2 2 2 1 1 1 0
1 2 1 0 0 0 1 2 2 1 0 1 0 0 2 1 2 1 0 2 2 0
1 2 0 0 0 0 2 2 1 0 0 0 0 2 1 1 1 1 2 1 0 0
2 0 1 0 0 0 2 2 2 1 2 0 0 0 0 2 1 1 0 0 1 1
1 2 0 0 0 0 2 2 1 2 1 2 0 0 1 2 2 1 1 2 0 1
1 1 2 0 0 0 2 2 2 2 0 1 0 1 1 1 2 1 1 2 1 0
0 2 0 0 0 0 2 2 2 1 2 0 0 1 2 1 1 2 1 2 0 0
1 1 1 0 0 0 2 2 1 2 1 0 0 0 1 2 2 1 1 1 1 0
0 0 1 0 0 0 2 2 1 2 1 0 1 1 2 2 2 2 1 2 1 0
1 1 1 0 0 0 2 2 1 2 0 0 0 0 0 2 2 2 1 2 2 0
2 0 1 0 0 0 0 2 0 1 0 1 0 0 1 1 1 0 1 2 1 2
2 0 1 0 0 0 2 2 2 2 0 0 0 0 0 0 2 2 0 0 0 0
2 1 1 0 0 0 2 2 1 1 0 0 0 0 0 2 2 0 1 2 1 0
1 1 1 0 0 0 2 2 2 2 1 0 0 0 0 1 2 1 2 2 1 1
2 2 2 0 0 0 2 2 2 1 0 0 0 0 1 1 2 1 0 2 1 0
1 0 1 0 0 0 1 2 2 1 1 1 0 1 1 1 2 1 0 2 0 0
2 1 0 0 0 0 2 2 2 1 0 0 0 1 2 0 2 0 0 2 1 1
1 1 1 0 0 0 1 2 2 1 1 1 0 0 0 1 2 1 2 2 2 0
0 1 1 0 0 0 2 1 2 1 0 0 0 0 0 1 0 2 0 2 2 2
1 2 1 0 0 0 2 2 2 2 2 1 0 0 1 2 2 2 1 1 2 1
2 1 2 0 0 1 2 2 2 1 1 0 0 1 0 2 2 2 1 2 1 0
2 1 1 0 0 0 2 2 2 1 0 0 0 2 1 2 2 2 2 2 2 1
0 1 0 0 0 0 2 2 1 1 0 0 0 0 2 1 2 0 1 1 1 0
1 2 1 0 0 0 1 2 1 2 1 1 0 0 1 2 2 1 1 1 1 1
2 0 0 0 0 0 2 2 2 0 0 0 0 2 1 1 1 2 0 2 2 1
1 1 0 0 0 0 2 1 2 1 0 0 0 1 1 1 1 1 2 2 0 0
2 0 0 0 0 0 2 2 2 0 1 0 0 1 0 1 2 2 0 2 0 0
1 0 1 0 0 0 2 1 2 1 0 0 0 0 0 2 2 1 0 2 1 1
1 1 0 0 0 0 1 2 1 1 2 0 0 0 1 2 2 0 0 2 0 2
1 1 0 0 0 0 2 2 2 1 1 1 0 0 1 1 1 2 0 2 2 1
0 0 0 0 0 0 1 2 2 1 0 1 0 1 1 1 2 2 1 2 1 2
2 1 1 0 0 0 2 1 2 1 1 0 1 1 1 0 2 1 1 1 2 0
2 0 0 0 0 0 2 2 2 1 0 1 0 0 0 2 2 2 1 2 2 2
0 2 0 0 0 0 2 2 2 2 0 0 1 0 0 2 1 2 0 2 1 1
2 1 1 0 0 0 2 2 2 2 0 0 0 0 0 2 2 2 1 1 1 0
1 2 0 0 0 0 2 1 1 0 1 0 0 0 1 1 1 2 2 1 1 0
0 0 1 0 0 0 2 2 2 1 1 0 0 1 0 0 1 1 1 1 1 1
2 2 1 0 0 0 2 2 2 2 1 0 0 0 0 1 2 1 0 2 1 0
2 1 1 0 0 0 2 2 2 1 0 1 0 0 0 2 2 1 1 0 1 0
2 1 1 0 0 0 2 1 2 2 0 1 0 0 1 2 2 0 1 1 1 0
2 1 0 0 0 0 2 2 2 2 0 0 0 0 0 1 1 1 1 2 1 1
1 2 2 0 0 1 2 2 2 1 0 1 1 0 0 2 1 1 1 1 0 1
1 1 1 0 0 0 2 2 2 2 0 2 0 0 2 2 1 2 1 2 0 0
1 2 0 0 0 0 2 2 2 1 2 2 0 1 1 1 1 2 2 2 2 1
1 1 1 0 0 0 2 2 2 1 0 0 0 1 0 2 2 2 1 2 0 1
0 1 1 0 0 0 2 2 2 2 0 0 0 0 0 2 2 2 1 2 1 0
1 2 0 0 0 0 2 2 2 1 1 0 0 0 2 1 1 2 0 2 1 1
2 1 0 0 0 0 2 2 2 1 0 0 0 1 1 0 2 0 2 1 1 0
2 0 1 0 0 0 1 2 2 1 0 0 0 2 1 1 2 2 0 1 1 1
2 2 2 0 0 0 2 2 2 2 0 0 0 0 1 1 1 2 1 2 2 0
1 1 0 0 0 0 2 2 2 0 0 1 0 1 1 1 2 2 1 2 2 0
2 0 2 0 0 0 2 2 2 1 0 0 0 0 2 2 2 2 0 2 1 1
2 1 0 0 0 0 2 2 2 2 1 1 0 0 0 2 2 0 0 2 0 1
2 1 2 0 0 0 2 2 2 0 0 0 0 0 1 1 2 2 0 2 1 1
1 2 0 0 0 0 2 2 2 1 1 0 0 0 0 1 1 2 1 1 0 1
2 1 1 0 0 0 2 2 2 2 0 0 0 0 2 1 2 1 1 0 2 1
1 2 1 0 0 0 2 2 2 0 1 1 0 0 0 0 2 1 1 2 2 0
0 1 0 0 0 0 2 2 2 1 0 0 0 1 0 1 0 2 0 2 0 0
1 1 0 0 0 0 1 1 2 0 0 0 0 0 2 1 2 1 1 2 2 0
2 1 2 0 0 0 2 2 2 2 0 0 0 1 2 1 1 1 1 2 0 0
2 2 0 0 0 0 2 2 2 2 2 0 0 0 0 1 2 2 1 2 0 0
2 0 0 0 0 0 2 1 2 1 1 2 0 0 0 2 2 1 0 1 1 1
1 0 0 0 0 0 2 2 1 1 0 0 0 0 0 1 2 0 1 2 1 0
0 2 1 0 0 0 2 2 2 2 0 1 0 2 1 2 2 0 0 2 1 1
1 1 1 0 0 0 2 2 2 2 1 0 0 0 1 1 1 0 1 2 0 1
2 0 0 0 0 0 2 2 2 0 0 1 0 0 2 2 1 1 2 2 1 1
2 1 1 0 0 0 2 2 2 1 0 0 0 0 1 1 2 1 1 1 1 1
1 1 0 0 0 0 1 2 1 2 1 0 0 0 0 2 2 1 1 2 1 0
2 0 1 0 0 0 2 2 2 2 0 2 0 0 2 2 1 2 0 1 1 1
1 1 1 0 0 0 1 1 2 2 0 1 0 0 0 1 2 2 1 2 2 0
1 0 0 0 0 0 2 2 1 1 1 0 0 0 0 1 0 1 1 2 2 1
0 1 1 0 0 0 2 2 2 1 1 0 0 0 0 2 2 2 1 1 2 0
0 1 0 0 0 0 2 1 2 2 0 1 0 1 0 2 1 2 2 2 1 1
2 0 1 0 0 0 2 2 2 1 1 1 0 1 1 1 2 2 2 2 1 1
2 1 0 0 0 0 2 2 2 2 1 1 0 0 0 2 2 1 1 1 0 0
0 2 1 0 0 0 2 2 2 2 2 0 0 0 2 1 2 2 0 1 1 0
1 0 0 0 0 0 2 2 2 1 0 1 0 0 1 2 2 1 1 2 1 1
0 0 1 0 0 0 2 2 2 2 1 0 1 0 0 1 2 1 1 1 1 0
1 2 1 0 0 0 1 1 2 1 2 0 0 1 0 2 2 2 1 2 1 0
0 1 0 0 0 0 2 1 2 2 1 0 0 0 0 2 2 1 1 1 1 1
1 1 0 0 0 0 2 2 2 0 1 1 0 0 1 1 2 2 1 2 0 1
1 1 2 0 0 0 2 1 2 2 0 0 0 0 1 0 1 1 1 1 1 2
1 0 0 0 0 0 2 2 2 2 0 0 0 1 1 0 2 1 2 1 1 0
1 0 2 0 0 0 2 2 1 1 0 0 0 2 1 2 2 1 1 2 1 0
2 1 1 0 0 0 2 2 2 0 0 0 0 0 0 0 1 2 1 2 0 1
1 1 0 0 0 0 2 2 2 2 1 0 0 1 1 1 1 2 2 1 1 0
2 2 0 0 0 0 2 1 2 1 2 0 0 0 0 2 2 1 0 2 1 1
1 1 0 0 0 0 2 2 0 0 0 0 0 0 1 1 2 2 0 2 0 2
2 1 1 0 0 0 2 2 2 2 2 2 1 1 1 2 2 0 0 0 2 0
2 1 1 0 0 0 2 2 2 1 0 0 0 0 0 1 2 2 1 2 0 0
1 0 0 0 0 0 2 2 2 2 1 0 0 0 1 2 2 1 0 1 1 0
1 0 0 0 0 0 2 2 2 1 0 1 0 1 0 0 2 0 0 2 0 2
1 0 0 0 0 0 2 2 2 1 0 0 0 0 0 1 2 2 0 2 1 0
2 2 2 0 0 0 2 2 2 1 2 0 0 0 1 2 1 1 1 2 1 1
0 2 0 0 0 0 2 2 1 2 0 0 0 1 1 1 2 0 1 2 1 0
1 1 0 0 0 0 2 1 2 2 1 1 0 0 0 2 2 0 1 1 0 2
0 1 0 0 0 0 2 2 1 1 2 1 0 1 1 2 2 1 2 1 1 1
1 2 1 0 0 0 2 2 2 1 1 0 0 0 1 2 2 1 1 1 1 1
1 1 1 0 0 0 1 2 2 0 1 0 0 0 1 1 2 1 2 2 0 0
1 0 0 0 0 0 2 2 2 1 1 0 0 2 1 0 2 2 1 2 2 0
1 1 0 0 0 0 2 0 2 2 1 0 0 0 0 1 2 1 0 1 1 1
1 1 0 0 0 0 2 2 2 1 1 0 0 0 1 0 1 1 2 1 2 0
2 0 0 0 0 0 1 1 2 1 0 0 0 0 1 2 1 2 1 0 2 0
2 1 1 0 0 1 1 2 2 1 2 0 0 1 0 2 2 1 1 1 0 1
1 2 1 0 0 0 2 1 2 2 2 1 0 0 0 2 2 2 0 2 2 1
2 2 0 0 0 0 2 2 2 1 2 0 0 0 1 2 2 2 1 1 0 0
2 1 1 0 0 0 2 2 2 1 0 1 0 0 0 1 1 0 2 2 0 1
1 0 2 0 0 0 2 2 1 1 0 0 0 0 0 0 2 1 0 1 0 0
0 1 0 0 0 0 2 2 2 0 2 0 0 0 2 2 1 1 1 2 2 1
1 1 1 0 0 0 2 2 2 1 1 2 0 0 0 2 2 2 0 2 1 1
1 1 1 0 0 0 2 2 1 2 0 0 0 1 0 2 1 1 0 1 2 0
2 0 1 0 0 0 2 2 2 0 1 1 0 1 1 2 2 2 0 1 0 1
0 1 1 0 0 0 2 2 2 2 0 1 0 0 0 0 1 2 1 0 1 0
1 0 1 0 0 0 1 2 2 2 0 0 0 0 1 2 2 1 1 2 2 0
1 1 0 0 0 0 2 2 2 0 2 2 0 2 0 2 2 1 1 2 2 0
2 0 0 0 0 0 1 1 2 2 1 2 0 0 1 1 2 1 1 2 1 1
0 0 0 0 0 0 2 2 2 2 0 0 1 0 1 2 1 0 0 2 1 0
1 0 0 0 0 0 2 2 1 0 0 0 0 1 0 0 1 2 0 2 0 0
2 0 0 0 0 0 2 2 2 0 1 1 0 0 1 1 2 1 1 1 1 1
2 0 1 0 1 0 2 2 2 2 0 0 0 1 0 2 2 1 1 1 1 0
1 2 0 0 0 0 1 2 2 2 0 2 1 0 1 0 2 2 1 1 1 2
1 1 1 0 0 0 2 1 2 2 0 2 0 0 0 2 1 0 2 2 1 0
1 1 0 0 0 0 2 2 2 2 0 1 0 0 0 1 2 1 0 2 0 1
0 1 2 0 0 0 2 2 2 2 2 0 0 1 1 0 0 0 0 0 2 1
2 0 2 0 0 0 2 2 2 1 1 1 0 0 1 2 2 1 2 2 2 0
2 2 0 0 0 0 2 1 1 2 1 0 0 1 0 1 2 2 0 1 1 0
0 2 0 0 0 0 2 2 2 0 0 0 0 0 0 1 1 2 1 2 0 0
0 2 1 0 0 0 2 2 2 1 0 0 0 0 1 1 2 1 1 1 2 1
1 1 0 0 0 0 2 2 2 1 0 0 0 1 0 1 2 2 0 1 0 1
1 1 1 0 0 0 2 2 2 1 1 1 0 2 1 2 1 0 0 2 1 0
1 1 0 0 0 0 2 2 2 1 0 0 0 0 1 1 2 0 1 1 2 0
1 0 1 0 0 0 1 2 2 2 1 0 0 0 1 1 2 2 1 2 1 0
2 2 2 0 1 0 2 2 2 2 1 0 0 1 2 1 2 1 1 2 2 1
1 2 0 0 0 0 2 2 1 2 1 0 0 1 0 2 2 1 1 2 1 0
2 0 1 0 0 0 2 2 2 1 1 0 0 2 0 0 1 2 0 2 2 1
1 1 0 0 0 0 2 2 2 1 1 0 0 0 2 2 1 2 1 2 1 2
1 0 0 0 0 1 2 2 2 1 0 1 0 0 1 2 1 2 2 2 1 0
2 0 1 0 0 0 2 2 2 1 1 0 0 1 2 1 2 1 2 1 1 0
1 2 0 0 0 0 2 2 2 2 1 0 0 0 1 2 2 1 1 2 2 0
1 1 1 0 0 0 2 2 2 1 1 0 0 1 2 1 0 1 1 2 1 0
2 1 0 0 0 0 2 2 1 1 1 0 0 0 2 0 2 1 1 2 0 1
1 1 1 0 0 0 2 2 0 1 0 0 0 0 1 1 2 2 2 1 0 2
0 2 0 0 0 0 2 2 2 0 0 0 0 0 0 2 1 2 1 2 1 0
2 0 2 0 0 0 2 2 1 0 1 0 0 0 0 1 2 2 0 1 1 1
1 1 1 0 0 0 2 2 2 2 0 1 0 2 0 2 2 0 2 2 1 1
1 1 1 1 0 0 2 2 2 2 0 0 1 0 1 1 1 1 2 1 1 0
2 1 1 0 0 0 2 2 2 2 1 1 0 1 2 1 1 1 0 2 1 0
1 1 0 0 0 0 2 1 2 1 1 0 0 1 0 2 2 2 1 2 1 0
1 1 0 0 0 0 2 2 1 1 1 0 0 2 2 1 2 2 1 2 1 1
2 2 0 0 0 0 2 2 2 2 1 0 0 0 1 2 2 2 2 0 0 0
1 1 1 0 0 0 2 2 2 1 0 1 0 0 1 0 2 1 0 2 0 0
2 2 1 0 0 0 2 2 2 2 0 0 0 0 0 1 2 2 2 2 0 0
1 2 1 0 0 0 2 2 2 2 1 0 0 1 1 0 2 2 1 2 2 0
0 1 1 0 0 0 2 1 2 1 0 0 0 0 0 0 1 2 1 2 0 1
1 1 1 0 0 0 2 2 2 1 0 0 0 0 1 2 2 1 0 2 2 1
1 1 0 0 0 0 1 2 2 2 1 0 0 2 0 0 1 2 1 2 1 0
2 0 1 0 0 0 2 2 2 2 0 1 0 0 0 0 1 2 1 1 1 0
2 0 2 0 0 0 2 1 2 1 0 1 0 1 0 2 2 0 1 2 2 0
1 1 1 0 0 0 2 2 2 2 1 1 0 0 1 1 2 2 1 1 2 0
2 0 1 1 0 0 2 2 2 0 0 0 0 1 1 1 1 1 1 1 0 1
2 1 1 0 0 0 2 2 2 2 0 0 1 0 0 1 1 2 0 2 1 0
1 1 0 0 0 0 2 2 2 1 0 1 0 1 1 2 1 0 1 1 1 0
1 0 1 0 0 0 2 2 2 2 1 1 0 1 1 1 1 1 1 0 0 1
0 1 0 0 0 0 2 2 2 0 0 1 0 1 1 1 2 1 1 2 2 0
2 1 2 0 0 0 2 2 2 2 0 1 0 1 1 2 2 2 2 1 1 0
1 0 0 0 0 0 2 2 2 0 0 2 0 1 0 1 2 0 1 2 1 0
2 1 1 0 0 0 2 2 2 1 0 0 0 1 2 2 2 2 1 2 2 0
1 1 0 0 0 0 2 2 2 0 0 0 0 1 1 0 2 1 0 2 1 0
0 0 1 1 0 0 2 2 2 2 0 0 0 0 2 0 1 0 2 0 1 1
1 0 0 0 0 0 2 1 1 2 1 0 0 0 1 2 2 1 1 2 2 0
2 1 1 0 0 0 2 1 1 0 1 0 1 1 2 2 2 1 1 2 0 0
0 2 1 0 0 0 2 2 2 1 1 0 0 1 0 1 2 2 1 1 2 0
1 0 0 0 0 0 2 2 2 1 0 0 0 0 2 1 1 1 0 1 1 2
1 1 1 0 0 0 2 1 2 1 0 0 0 1 0 0 2 0 2 2 1 0
2 1 0 0 0 0 2 2 2 0 2 0 0 1 0 2 1 2 1 2 1 0
1 2 2 0 0 0 2 2 2 0 0 0 0 0 1 2 2 2 1 1 1 0
1 2 0 0 0 0 1 2 2 2 0 0 0 0 0 2 2 1 2 1 1 1
1 0 0 0 0 0 2 2 2 1 1 1 0 0 0 1 2 1 0 1 2 1
1 1 0 0 0 0 2 1 2 2 0 1 0 1 1 1 2 2 1 1 2 1
2 2 2 0 0 0 2 2 2 0 0 0 0 0 2 2 0 2 0 2 0 0
1 0 2 0 0 0 2 1 2 2 0 1 0 1 1 2 1 2 2 2 0 1
0 1 1 0 0 0 2 2 1 2 0 1 0 0 1 0 2 2 2 0 1 1
0 1 2 0 0 0 2 1 1 1 0 0 0 2 0 2 1 2 1 2 2 0
1 1 0 0 0 0 2 2 2 1 0 1 1 2 1 0 2 2 0 1 0 1
0 0 0 0 0 0 2 2 2 1 0 0 0 1 0 1 2 2 1 0 1 1
1 1 2 0 0 0 2 2 2 2 0 0 0 1 1 1 1 2 0 2 0 2
1 0 0 0 0 0 2 2 2 1 0 1 0 1 0 0 1 2 0 2 0 1
1 1 0 0 0 0 2 2 2 2 0 0 0 0 1 1 2 0 2 2 0 1
2 1 1 1 0 0 2 2 2 1 1 0 0 0 1 1 2 1 0 0 2 1
1 1 1 0 0 0 2 2 1 2 2 0 0 0 1 2 2 1 2 1 2 2
2 1 1 0 0 0 1 1 2 1 0 0 0 0 0 2 1 1 1 2 0 0
2 0 2 0 0 0 2 1 2 1 0 1 0 0 0 1 2 1 0 2 1 0
1 0 1 0 0 0 2 1 2 1 1 1 0 1 1 1 0 2 1 2 1 1
1 2 1 0 0 0 2 1 2 2 0 1 0 2 0 1 1 2 0 2 2 1
1 0 0 0 0 0 1 2 0 2 0 0 0 2 0 2 1 2 1 2 0 0
0 0 0 0 0 0 2 2 2 2 0 0 0 1 1 2 2 1 0 1 2 0
0 1 1 0 0 0 2 2 2 1 0 0 0 1 1 1 2 1 0 1 1 0
1 1 0 0 0 0 2 1 1 2 2 0 0 0 1 1 2 2 0 1 1 2
2 1 1 0 0 0 2 2 2 2 0 0 0 0 1 1 1 2 1 2 1 0
2 1 0 0 0 0 2 2 2 2 0 0 0 2 1 0 2 1 1 1 1 0
2 1 1 0 0 0 2 2 2 1 1 1 0 1 2 1 2 1 0 2 0 0
0 0 1 0 0 0 2 1 2 1 1 0 0 1 0 1 2 1 0 1 1 0
2 1 1 0 0 0 2 2 2 1 0 0 0 0 1 1 2 1 0 1 2 0
1 1 1 0 0 0 2 2 2 1 0 0 1 0 0 1 2 1 1 2 0 0
2 0 0 0 0 0 2 2 1 2 0 0 0 0 0 1 2 2 0 1 1 1
0 0 0 0 0 0 2 1 2 2 1 0 0 1 1 2 1 1 0 0 1 0
1 0 1 0 0 0 2 2 2 2 0 0 0 1 1 0 2 1 0 1 2 1
2 1 1 0 0 0 2 2 2 2 0 0 0 0 1 0 2 2 0 1 1 0
1 0 1 0 0 0 2 2 2 0 0 1 0 0 1 1 2 1 1 1 1 0
2 0 0 0 0 0 2 1 2 1 2 1 0 1 2 1 2 0 1 2 1 2
1 1 1 0 0 0 1 1 2 1 1 0 1 0 0 2 1 0 0 1 1 0
2 1 0 0 0 0 2 2 2 1 1 0 0 0 1 1 2 1 2 2 0 0
1 1 2 0 0 0 2 2 2 2 0 0 0 2 1 1 2 1 1 0 2 1
2 0 1 0 0 0 2 2 2 2 0 1 0 1 1 0 1 1 1 0 2 0
1 1 1 0 0 0 2 2 2 2 1 0 0 1 0 2 0 2 0 0 0 0
1 1 0 0 0 0 1 2 2 0 2 2 0 0 0 2 1 1 0 2 1 1
1 2 1 0 0 0 2 2 2 0 1 2 0 1 1 1 2 1 2 1 0 0
2 1 0 0 0 0 2 2 2 2 1 0 0 1 0 1 2 0 2 2 0 1
2 1 1 0 0 0 2 1 2 0 0 0 0 0 1 1 1 1 1 2 1 0
1 1 1 0 0 0 2 2 1 0 0 0 0 2 0 0 2 2 0 1 0 0
2 1 0 0 0 0 2 2 2 2 1 1 1 1 2 0 1 1 1 1 1 2
2 1 0 0 0 0 2 1 1 2 0 0 0 0 1 1 2 1 2 2 1 1
1 1 0 0 0 0 1 2 2 2 0 0 0 0 2 1 2 2 0 2 2 0
1 0 2 0 0 0 2 1 2 1 0 1 0 0 1 0 2 2 1 2 1 1
2 1 0 0 0 0 1 2 2 1 0 0 0 0 0 2 2 2 1 1 0 0
0 2 1 0 0 0 2 2 2 1 0 0 1 0 1 2 1 1 0 2 0 2
2 1 2 0 0 0 2 2 2 0 1 0 0 0 1 2 1 0 0 1 1 2
2 1 0 0 0 0 1 2 1 1 0 0 0 1 0 1 2 1 1 2 0 2
0 1 1 0 0 0 2 0 1 1 0 0 0 0 1 2 1 0 2 2 1 0
1 0 1 0 0 1 2 2 2 1 1 1 0 0 0 1 2 2 0 1 1 1
0 2 1 0 0 0 2 2 2 2 1 0 1 1 1 1 2 1 1 2 1 0
1 0 0 0 0 0 1 2 2 2 1 1 0 0 1 1 1 2 1 2 1 1
2 2 1 0 0 0 2 2 2 2 1 1 0 2 1 1 1 1 1 2 2 1
1 2 1 0 0 0 2 2 2 1 1 1 0 0 1 1 2 2 2 2 1 2
1 0 2 0 0 0 1 2 2 1 1 1 1 0 0 0 2 1 2 1 1 0
2 1 1 0 0 0 2 2 2 2 0 0 0 0 1 2 1 0 2 2 1 0
1 1 0 0 0 0 2 2 2 1 1 0 0 2 2 1 2 1 1 1 2 0
2 2 0 0 0 0 2 2 2 2 0 0 0 1 1 2 1 1 0 2 2 0
1 1 1 0 0 0 2 2 1 1 1 0 0 0 1 2 2 1 1 2 1 0
1 0 2 0 0 0 2 2 2 1 0 0 0 1 1 2 2 2 1 2 1 1
2 0 0 0 0 0 2 2 2 0 0 1 0 0 1 1 2 1 1 1 2 1
0 2 0 0 0 0 2 2 2 1 1 0 0 0 1 2 2 2 1 1 0 0
2 0 1 0 0 0 2 2 2 2 1 0 1 0 1 2 1 2 0 1 0 1
1 0 2 0 0 0 2 2 2 0 0 1 1 0 1 1 2 1 1 1 2 0
1 2 1 1 0 0 2 2 2 1 1 1 0 1 0 1 2 1 1 2 2 1
1 1 1 0 0 0 2 2 2 2 0 0 0 0 1 0 2 1 2 0 1 1
1 1 2 0 0 0 2 2 2 2 1 1 0 1 0 2 1 0 1 2 1 0
1 0 1 0 0 0 1 2 2 1 0 0 0 0 1 2 2 1 1 1 2 0
1 0 0 0 0 0 2 1 2 1 1 1 1 0 0 1 2 1 1 1 1 1
1 0 1 0 0 0 2 2 2 2 0 0 1 1 1 1 1 1 1 1 1 1
2 1 0 0 0 0 2 2 2 1 0 0 0 0 1 1 2 2 1 1 0 0
2 1 0 0 0 0 2 2 2 2 0 0 0 0 1 1 2 2 2 1 0 1
2 0 1 0 0 0 1 2 2 1 0 1 0 0 0 1 1 0 0 1 0 1
2 0 0 0 0 0 2 2 2 1 0 1 0 1 0 2 2 2 0 2 1 1
0 0 2 0 0 0 2 1 2 0 1 0 1 0 1 0 2 2 2 2 1 0
1 0 1 0 0 0 2 2 2 2 0 0 1 0 0 1 1 2 1 2 1 1
1 2 0 0 0 0 2 2 1 1 0 0 0 1 1 0 1 0 1 1 0 0
1 1 1 0 0 0 2 1 2 2 1 0 1 0 0 2 2 1 1 2 2 0
1 2 1 0 0 0 2 2 2 2 1 0 0 0 0 1 2 1 1 0 1 0
2 0 0 0 0 0 2 2 2 2 1 0 0 1 0 1 2 1 1 2 1 0
2 1 1 0 0 0 2 2 2 1 0 0 1 0 2 1 2 2 2 1 1 0
2 0 1 0 0 0 2 2 2 0 0 0 0 2 1 1 2 1 1 2 2 1
1 0 0 0 0 0 2 2 1 0 1 0 0 1 1 2 2 2 1 2 1 1
1 1 1 0 0 0 2 2 2 2 0 0 0 1 2 2 2 1 1 2 1 1
1 1 0 0 0 0 2 2 2 2 1 0 0 1 1 1 2 1 2 1 2 0
2 1 1 0 0 0 2 2 2 2 0 0 0 1 1 1 2 2 0 2 0 1
0 0 2 0 0 0 2 1 1 1 0 0 0 0 1 0 2 1 2 2 1 0
2 0 0 0 0 0 2 2 2 2 1 0 1 0 1 2 1 2 2 2 1 0
2 1 0 0 0 0 2 1 2 0 1 0 0 1 1 1 2 1 0 2 2 0
1 0 0 0 1 0 2 2 2 1 1 0 1 0 1 2 1 2 1 1 0 0
2 0 2 0 0 0 2 2 2 2 1 0 0 0 0 1 2 1 0 1 1 1
1 0 1 0 0 0 2 2 2 2 0 0 0 1 2 1 1 2 1 2 1 1
1 0 0 0 0 0 2 2 2 1 2 1 0 2 2 1 2 2 0 2 0 0
1 0 1 0 0 0 2 1 1 2 0 0 0 1 2 1 2 1 1 0 1 1
0 1 1 0 0 0 1 2 1 0 0 1 0 1 1 2 2 1 0 2 0 0
1 0 2 0 0 0 2 1 2 1 0 0 0 0 0 2 2 2 1 2 1 0
2 1 1 0 0 0 2 1 2 2 0 0 0 0 0 1 2 1 1 1 0 0
0 1 1 0 0 0 2 2 1 1 1 0 1 0 1 1 2 1 2 1 0 0
2 2 1 0 0 0 2 2 2 0 1 0 0 1 2 2 2 2 2 2 2 1
0 2 1 0 0 0 2 2 2 1 1 0 0 1 0 2 2 2 1 1 2 0
1 0 1 0 0 0 2 2 2 1 1 1 0 0 1 1 2 2 1 2 1 0
2 0 1 0 0 0 2 2 2 1 2 0 0 1 1 2 2 2 2 2 1 0
0 1 1 0 0 1 2 2 2 2 0 1 0 0 2 1 2 1 0 2 2 0
1 2 0 0 0 0 2 2 2 2 1 0 0 2 0 0 2 2 1 2 1 1
1 2 2 0 0 0 2 2 2 1 1 0 0 0 1 2 2 0 1 2 1 1
0 2 0 0 0 0 1 2 1 1 0 0 0 0 0 1 2 2 1 0 1 0
1 1 2 0 0 0 2 2 1 2 0 1 0 0 0 1 2 2 0 2 1 0
2 1 1 0 0 0 1 2 2 2 0 1 0 0 0 1 2 0 1 0 2 1
1 0 1 0 0 0 2 2 2 0 2 0 0 0 1 0 2 2 1 1 2 0
1 1 0 0 0 0 2 2 2 1 1 0 0 0 0 1 2 2 1 1 1 1
2 2 0 0 0 0 2 2 2 0 1 0 0 2 2 1 1 1 0 2 1 0
2 0 1 0 0 0 2 2 2 1 0 0 0 0 1 1 2 2 1 2 1 0
2 2 0 0 0 0 2 2 2 0 0 0 0 0 2 1 2 1 0 2 1 0
1 0 2 0 0 0 2 2 2 0 0 0 0 0 0 1 2 1 1 2 0 0
1 1 0 0 0 0 2 2 2 0 0 0 0 0 0 2 2 1 0 1 1 1
0 0 0 0 0 0 1 2 1 1 0 0 0 0 0 2 2 2 1 2 1 1
1 2 1 0 0 0 2 2 2 1 0 0 0 2 2 1 2 2 2 0 1 0
0 1 0 0 0 0 2 2 2 1 0 0 0 0 1 2 2 2 1 0 2 1
1 2 1 0 0 0 2 1 1 1 0 0 0 0 0 2 1 1 2 2 0 1
1 0 1 0 0 0 1 2 1 0 1 0 0 0 0 1 2 2 0 1 0 0
1 0 1 0 0 0 2 2 2 2 1 1 0 1 2 2 2 2 2 1 2 0
1 1 1 0 0 0 1 2 2 1 0 0 0 0 1 0 2 1 1 2 1 0
1 1 1 0 0 0 2 2 1 2 0 1 0 1 0 2 2 2 1 1 0 0
1 1 0 0 0 0 2 2 2 1 0 0 0 1 1 1 2 2 2 1 1 0
2 1 2 0 0 0 2 2 1 2 0 0 0 1 0 1 1 1 1 1 0 1
1 1 1 0 0 0 2 2 2 1 1 0 1 2 2 2 0 2 1 1 2 1
1 1 0 0 0 0 1 2 2 0 0 0 0 1 1 2 0 1 2 1 2 0
