rs9426483 rs1897173 rs2950280 rs2121308 rs4664963 rs9866679 rs12487646 rs17037297 rs1800624 rs846267 rs930235 rs17475284 rs10997035 rs716547 rs10786673 rs510788 rs837484 rs8017253 rs8035980 rs4789863 rs2162352 rs162317 rs456800 rs12628032 rs887201 rs2239769 rs4823807
2 0 1 2 2 0 2 1 1 0 2 1 1 1 1 0 2 0 2 1 1 1 2 1 0 1 2
2 0 0 2 2 1 2 0 1 0 2 0 0 1 1 0 2 0 2 2 1 1 1 1 0 2 2
2 0 0 2 2 1 2 0 1 2 2 0 1 2 1 1 2 1 0 1 2 1 0 2 0 2 0
2 0 0 2 2 0 2 0 1 1 2 0 0 1 1 1 2 1 0 1 2 0 2 2 0 2 0
2 0 1 1 2 1 2 1 2 0 2 0 0 2 1 2 2 1 2 2 1 1 1 1 1 1 2
1 0 1 2 1 1 2 0 1 1 2 1 1 1 1 2 1 0 0 2 1 1 1 1 0 1 1
2 0 0 2 2 0 2 0 2 1 2 0 1 2 1 2 2 0 1 1 1 1 1 1 0 0 2
2 1 0 2 2 0 2 0 1 1 2 0 2 1 1 1 1 0 1 2 0 0 1 1 0 1 2
2 0 1 2 2 2 2 0 2 1 2 0 0 2 0 1 1 0 2 2 0 1 0 2 1 1 2
2 0 0 2 2 0 2 0 1 0 1 1 1 1 0 1 2 0 1 2 1 1 1 2 0 2 1
1 1 0 2 1 1 2 0 1 2 2 1 0 2 2 2 1 0 0 2 0 2 1 1 0 1 2
1 0 0 2 2 0 2 0 2 1 1 0 1 2 2 1 1 0 1 2 2 1 1 0 0 0 2
0 0 0 2 2 0 2 0 2 0 2 1 0 2 0 2 2 2 1 2 2 1 0 0 0 1 1
0 0 1 2 2 1 2 0 1 1 2 0 0 2 0 2 2 0 1 2 2 0 1 2 0 1 1
2 0 0 2 2 0 2 0 2 1 2 0 0 2 1 1 2 0 1 2 2 1 0 1 0 0 1
2 0 0 2 2 0 2 1 2 2 1 0 0 2 0 1 2 1 1 2 2 2 1 2 0 1 2
0 0 1 2 2 0 2 0 1 0 2 0 1 0 1 1 2 1 1 2 1 1 1 1 0 0 1
2 0 0 2 2 1 2 0 2 2 2 0 0 2 1 1 2 1 0 2 2 2 1 1 0 1 2
2 0 0 2 2 0 2 0 2 1 2 1 1 2 0 1 2 0 1 2 1 2 0 1 0 0 2
2 0 0 2 2 1 2 0 2 0 2 1 1 1 0 2 2 0 2 2 1 0 2 1 0 2 2
1 0 0 2 2 1 2 0 2 1 2 2 0 2 1 2 2 0 2 2 1 1 0 2 0 1 2
1 0 0 2 2 1 2 0 2 0 1 1 2 0 1 1 1 1 1 2 2 0 0 1 0 2 1
2 0 1 2 2 0 2 0 2 1 2 0 0 1 2 1 1 0 1 2 2 0 1 2 0 1 2
1 0 0 2 2 1 2 0 2 2 2 1 0 2 2 2 1 1 0 2 0 1 1 1 0 1 2
2 1 1 2 2 1 2 0 0 1 2 1 0 1 0 0 2 0 1 2 0 1 2 2 0 2 2
2 0 0 2 2 1 2 0 0 1 2 0 0 0 1 0 2 1 0 2 2 0 2 1 0 2 2
1 0 0 2 2 0 2 0 1 0 2 0 0 1 1 0 2 1 0 2 0 2 0 1 0 1 1
1 0 0 2 2 0 2 0 1 0 2 0 0 2 0 1 2 0 0 2 1 2 0 2 0 0 2
1 0 0 2 2 2 2 0 2 1 2 0 1 1 2 2 1 0 2 2 0 0 1 2 0 0 2
2 0 0 2 2 0 2 0 2 1 2 1 0 0 1 1 1 0 1 2 0 0 1 2 0 2 2
2 0 0 2 1 0 2 1 2 1 2 1 2 0 0 1 2 1 0 2 1 1 0 2 1 2 2
1 0 0 2 2 0 2 0 1 1 2 1 0 2 0 1 2 0 1 2 0 0 1 1 0 0 2
2 0 1 2 2 1 2 0 2 0 1 0 0 2 1 2 1 1 0 2 1 0 2 2 0 1 2
2 0 0 2 2 1 2 0 1 1 2 0 1 2 1 2 1 0 0 2 2 2 1 2 0 0 1
2 0 0 2 1 1 2 0 0 2 2 0 0 2 0 2 0 0 1 2 0 1 1 2 0 2 2
1 0 1 2 2 0 2 0 2 1 1 0 0 0 1 1 2 1 1 2 0 0 1 1 0 2 2
2 0 1 2 2 0 2 0 2 2 2 0 0 1 0 1 2 0 1 2 2 1 0 2 0 1 2
1 1 1 2 2 0 2 0 2 0 1 1 0 1 1 0 2 1 1 2 2 2 1 2 0 0 1
2 1 0 2 2 0 2 0 2 1 2 0 0 1 2 1 2 0 2 2 1 1 1 2 0 1 2
2 1 0 2 1 0 2 0 1 0 2 0 0 1 2 2 2 1 0 2 1 1 1 2 0 1 2
2 1 0 2 2 0 2 0 2 1 2 0 0 1 1 1 2 0 0 2 0 1 1 1 0 2 1
2 0 0 2 1 1 2 0 2 0 2 1 0 2 1 2 2 0 1 2 2 1 2 2 0 1 2
2 0 0 2 2 0 2 0 2 1 2 1 0 1 0 2 2 0 0 2 1 0 2 1 0 2 1
2 0 1 2 2 1 2 0 2 2 2 1 1 0 1 0 2 1 0 2 1 0 0 2 0 2 2
1 0 1 2 2 0 2 0 1 2 2 0 1 2 2 0 1 2 2 2 2 2 1 2 0 2 2
2 0 1 2 2 0 2 0 1 2 2 2 0 2 0 0 1 1 0 2 1 0 1 2 0 2 1
2 0 0 2 2 1 2 0 2 1 1 1 0 1 0 2 2 0 1 1 2 2 2 2 0 1 1
1 0 1 1 2 1 2 0 0 1 1 0 1 2 1 2 2 2 2 2 0 1 2 2 0 1 2
1 0 0 2 2 0 2 0 1 1 1 1 0 2 1 2 2 2 1 2 0 1 1 2 0 0 2
1 1 1 2 2 0 2 0 2 1 2 0 0 0 1 2 1 0 0 2 1 0 0 2 0 2 2
2 0 1 2 2 2 2 0 2 1 1 1 0 2 2 2 2 0 1 2 0 0 2 1 0 2 1
2 0 0 2 2 1 2 0 2 0 2 0 0 2 2 2 2 0 1 2 1 0 1 1 0 0 2
2 1 1 2 2 0 2 0 2 2 2 1 1 2 2 2 2 2 2 2 2 2 2 2 1 2 2
2 0 0 1 2 1 2 0 1 1 2 1 1 1 1 2 2 1 1 2 1 1 1 1 0 1 1
2 0 0 2 2 0 2 0 0 0 2 1 0 1 0 2 2 0 2 2 2 1 0 2 0 1 0
1 0 0 2 2 0 2 0 1 0 2 0 0 1 1 1 0 0 1 2 2 1 1 1 0 0 2
1 0 0 2 2 0 2 0 2 2 2 1 0 1 0 1 1 0 1 2 0 2 0 2 0 2 2
2 0 0 2 1 0 2 0 2 1 2 0 0 1 1 2 1 0 1 2 1 1 0 1 0 1 2
2 0 1 2 2 0 2 0 1 0 2 0 0 2 1 1 1 0 1 2 2 2 1 1 0 1 2
1 0 0 2 2 1 2 0 1 0 2 0 1 1 1 2 2 0 1 2 2 0 1 1 0 2 1
1 0 0 2 2 0 2 0 2 1 2 1 1 2 0 1 2 0 2 2 1 0 1 2 0 0 2
1 0 1 2 1 1 2 0 1 2 2 2 0 1 1 2 2 0 1 2 1 1 1 2 1 1 2
2 0 1 2 2 0 2 0 1 2 2 1 2 2 0 1 2 0 1 2 1 0 1 2 0 1 2
1 0 1 2 2 0 2 0 2 0 2 1 0 2 2 0 2 0 2 2 2 1 1 1 0 1 2
2 0 1 2 2 0 2 0 2 0 2 2 0 2 1 1 1 2 1 2 2 0 0 2 0 0 2
2 1 0 2 2 0 2 0 0 0 2 1 1 2 2 0 1 1 1 2 1 1 2 1 0 1 2
2 0 0 2 1 0 2 0 1 1 2 0 0 1 2 1 2 1 1 2 2 0 0 2 0 2 1
2 0 0 2 2 1 2 0 2 1 2 1 0 2 0 1 0 0 2 2 1 1 1 2 0 1 1
0 0 1 2 2 0 2 0 2 2 2 0 0 1 1 2 1 0 0 2 2 1 2 2 0 2 1
1 0 1 2 2 2 2 0 2 1 2 0 0 2 1 2 2 0 0 2 0 1 1 0 0 0 1
1 0 0 2 2 0 2 0 0 1 1 0 0 2 1 1 1 1 2 2 2 2 2 1 0 1 2
1 0 0 2 1 2 2 0 2 0 2 2 0 2 1 2 1 1 1 2 1 0 1 2 1 1 2
2 0 0 2 2 1 2 0 2 1 2 1 1 2 1 0 2 1 0 2 2 0 1 2 0 2 2
1 0 0 2 2 0 2 0 2 1 2 0 0 2 1 1 2 0 1 2 1 0 1 2 2 2 1
1 0 0 1 2 0 2 0 1 2 2 1 1 1 2 1 1 0 1 2 2 1 1 2 0 2 2
1 0 0 2 2 0 2 0 1 1 2 1 0 2 0 2 1 0 1 2 1 1 1 1 0 0 1
1 0 0 2 2 1 2 0 2 1 2 0 0 2 2 2 2 1 0 2 2 1 1 1 0 2 2
1 0 2 2 2 2 2 0 2 1 2 1 2 2 0 2 2 0 2 2 1 0 1 1 0 0 1
1 0 1 2 2 0 2 0 2 2 2 0 0 1 1 2 1 0 2 2 0 1 1 1 0 2 1
1 0 0 2 1 1 2 0 1 1 2 0 0 2 0 2 1 1 1 2 1 1 2 2 0 1 2
0 0 0 2 2 0 2 0 1 1 2 0 2 2 1 1 1 0 0 2 1 0 0 1 0 1 1
2 0 0 2 1 0 2 0 2 0 2 0 0 1 0 1 2 0 1 2 1 0 0 2 0 2 2
1 0 0 2 2 0 2 0 2 1 1 2 0 2 2 1 1 0 0 2 2 2 1 1 0 0 2
2 0 0 1 2 1 2 0 2 1 2 1 0 1 0 1 2 0 2 2 1 1 0 1 0 1 2
2 0 0 2 2 1 2 0 1 1 2 1 1 2 0 2 0 2 0 2 1 2 1 2 0 2 1
2 1 0 2 2 0 2 0 2 0 2 0 1 1 1 2 1 1 1 2 2 1 1 1 0 1 2
2 0 2 2 2 1 2 0 1 1 2 0 1 1 2 2 1 0 1 2 1 2 0 2 0 1 2
2 0 0 2 2 0 2 0 2 0 2 1 1 1 0 2 1 1 1 1 1 1 1 1 0 2 2
1 0 1 2 2 0 2 0 1 2 2 1 0 2 0 1 1 0 1 2 0 0 1 1 0 2 2
0 0 0 2 2 1 2 1 1 1 2 1 0 1 1 2 1 0 1 2 2 0 0 2 1 2 0
1 0 0 2 2 0 2 0 2 0 2 1 0 0 0 1 2 1 2 2 1 2 1 2 0 1 0
2 0 1 2 2 0 2 0 2 2 2 0 1 2 1 1 1 1 2 2 1 1 0 2 0 2 1
1 0 0 2 2 0 2 1 2 1 2 2 1 2 1 1 2 0 0 1 1 1 2 2 0 1 1
1 0 1 2 2 0 2 0 1 1 1 0 1 2 0 2 1 0 0 2 0 1 1 0 0 1 1
0 0 1 2 2 1 2 1 2 1 2 0 0 1 1 2 2 1 0 2 1 1 2 0 0 1 2
2 0 0 2 2 2 2 0 1 1 2 1 0 1 1 2 2 0 2 2 0 0 2 2 0 2 2
2 0 1 2 0 0 2 0 1 2 2 0 1 2 0 2 1 1 1 2 1 2 0 1 0 1 1
2 0 0 2 2 1 2 0 1 2 2 0 1 2 0 2 2 1 1 2 2 0 2 2 0 1 2
2 0 1 2 2 0 2 0 1 2 2 0 1 2 0 0 0 0 1 2 2 1 1 2 0 1 2
2 1 0 2 2 0 2 0 1 1 2 0 1 2 1 1 2 0 0 2 1 0 1 0 0 0 2
1 0 1 2 2 0 2 0 2 2 2 1 0 2 1 1 1 1 1 2 1 2 1 2 0 2 2
1 0 1 2 2 0 2 0 2 1 2 1 1 2 1 2 1 1 1 2 2 0 2 2 0 1 2
1 0 0 2 2 0 2 0 2 1 2 0 0 1 2 2 2 0 0 2 1 0 1 2 0 1 2
0 0 0 2 2 0 1 0 1 0 2 0 0 1 1 1 1 2 1 2 1 2 1 2 0 2 2
2 0 0 2 2 0 2 0 2 2 2 1 1 2 1 1 2 1 1 2 1 0 1 1 0 0 1
2 0 1 2 2 1 2 0 0 0 1 0 0 2 2 2 2 0 1 2 2 1 0 1 0 1 1
2 1 0 2 2 1 2 0 2 0 2 1 0 2 0 0 2 1 1 2 1 0 0 2 0 0 1
1 0 0 2 2 0 2 0 1 0 2 0 0 1 1 2 1 2 0 2 0 1 2 1 1 2 1
1 0 0 2 1 1 2 0 2 2 2 0 1 2 2 1 1 1 0 2 2 1 1 2 0 2 1
2 0 0 2 1 1 2 0 2 1 1 1 0 2 1 1 2 0 2 2 2 2 1 1 0 2 2
2 1 1 2 1 1 2 0 1 1 2 1 0 2 0 0 1 0 0 2 2 1 2 2 0 0 2
1 0 0 2 2 0 2 0 1 0 2 1 1 1 0 1 2 1 1 2 2 0 2 1 0 1 2
2 0 0 2 2 1 2 0 2 1 2 1 0 2 1 1 2 1 0 2 0 0 1 0 0 1 2
2 0 0 2 2 0 2 0 1 1 2 1 0 2 1 2 2 1 2 2 2 0 0 1 0 2 1
2 0 0 2 2 1 2 0 2 1 2 0 1 2 2 1 2 1 0 2 1 0 2 0 0 1 2
1 0 0 2 2 0 2 0 2 1 2 1 0 2 2 2 2 0 1 2 2 1 1 2 0 1 2
1 1 0 2 2 1 2 0 2 1 1 1 0 1 1 2 1 1 2 2 0 0 0 2 0 1 1
2 0 0 2 2 1 2 0 2 0 2 0 0 2 2 2 2 0 0 2 2 1 1 2 0 2 2
2 0 0 2 1 0 2 0 1 2 2 2 0 1 0 0 2 1 0 2 2 1 0 2 0 0 2
1 1 0 2 1 1 2 0 2 2 2 0 0 2 0 0 2 1 1 2 1 1 0 0 0 2 2
1 0 0 2 2 0 2 0 2 2 2 0 0 2 0 2 2 1 1 2 1 1 1 2 0 2 2
2 0 0 2 2 1 2 0 2 1 2 1 0 2 0 2 2 0 0 2 2 0 0 1 0 1 2
2 0 0 2 2 0 2 0 2 2 2 0 0 2 0 2 2 0 1 2 1 1 0 1 0 1 1
1 0 0 2 2 0 2 0 2 1 2 0 0 2 1 1 0 1 0 2 2 1 1 0 0 1 2
1 0 1 2 2 1 2 0 2 1 2 0 0 2 1 1 2 1 1 2 0 1 1 1 1 1 2
2 0 2 2 2 0 2 0 2 2 2 0 0 1 0 1 1 1 1 2 1 0 0 1 0 1 2
1 0 0 2 2 0 2 0 2 2 2 1 0 2 0 2 2 0 0 2 1 0 1 0 0 1 2
1 0 0 2 2 1 2 0 2 0 2 1 1 1 1 1 1 1 1 2 1 2 1 2 0 1 2
1 0 1 2 1 1 2 0 1 1 2 1 1 2 2 2 1 0 1 2 1 1 1 2 0 2 1
2 0 0 2 2 0 0 1 2 2 2 1 0 2 2 0 1 0 0 2 1 1 2 1 0 0 2
1 0 0 2 2 0 2 0 1 2 2 1 1 2 0 2 1 0 2 2 1 1 2 2 0 1 1
0 0 1 1 2 1 2 1 1 0 2 1 1 1 1 2 2 0 0 2 0 2 2 0 0 1 1
1 1 2 2 2 1 2 0 2 1 2 0 0 1 0 0 2 0 1 2 0 2 1 2 1 2 2
1 0 1 2 2 0 2 0 0 2 2 0 1 2 0 2 1 1 1 2 1 1 1 1 0 2 2
2 0 0 2 2 0 2 0 2 1 2 2 1 1 0 1 2 0 1 2 2 0 2 1 0 1 2
2 0 0 2 1 0 2 0 1 1 2 0 2 1 0 0 2 0 1 2 1 2 1 0 0 2 2
2 0 0 2 2 1 2 0 2 1 2 1 1 1 2 2 2 1 0 2 1 1 1 2 0 2 1
1 0 0 2 2 0 2 0 1 2 2 1 0 1 2 2 2 1 1 2 2 0 0 1 0 2 2
1 0 0 1 2 0 2 0 1 1 2 0 0 1 1 1 2 1 1 2 0 0 1 0 0 0 2
1 0 1 2 2 0 2 0 2 1 2 1 0 1 0 2 2 1 0 2 1 0 0 2 0 1 2
1 0 0 2 1 0 2 0 2 1 2 1 0 2 0 2 2 1 0 2 2 1 1 2 0 1 1
1 0 1 2 1 1 2 0 2 2 2 0 0 1 0 2 2 0 2 1 1 1 1 2 0 2 1
2 0 0 2 2 0 2 0 2 2 2 0 0 1 0 1 2 0 1 2 1 0 2 2 0 1 2
2 0 0 2 2 1 2 0 1 1 2 0 1 1 1 1 2 0 1 2 1 0 2 2 0 1 2
2 0 0 2 2 0 2 0 2 1 2 1 0 2 1 1 2 0 0 2 1 0 0 2 0 1 2
2 0 0 2 1 0 2 0 2 1 2 1 1 2 1 0 2 2 2 2 1 0 1 0 0 1 1
1 0 0 1 2 1 2 0 1 1 2 1 1 0 2 0 2 1 2 2 2 1 0 1 0 1 2
1 0 1 2 1 0 2 0 1 0 2 1 0 2 1 2 2 1 2 2 1 2 1 2 0 1 2
2 0 1 2 2 1 2 0 2 1 2 0 0 1 1 1 2 0 1 2 2 0 2 2 2 1 2
1 0 1 2 2 0 1 0 2 2 2 1 1 1 2 2 2 0 1 2 2 2 1 1 0 1 1
2 1 0 2 2 0 2 0 0 1 2 1 1 2 1 1 2 0 1 2 2 0 1 2 0 1 1
1 0 0 2 2 0 2 0 1 1 2 0 1 2 0 1 2 1 1 2 1 0 0 1 0 1 2
1 0 0 2 2 2 2 0 1 1 2 0 1 2 0 2 2 0 1 2 2 2 0 2 0 0 2
1 1 1 2 2 1 2 0 2 1 2 2 0 2 2 2 1 0 0 2 2 1 2 2 0 1 2
2 0 0 1 1 1 2 0 2 1 2 1 0 2 2 0 2 1 0 2 1 1 2 1 0 2 2
2 0 1 2 2 0 2 0 1 1 1 0 0 2 1 1 2 1 1 2 1 1 0 1 0 2 1
1 0 1 2 2 0 2 0 1 1 2 1 1 1 1 2 2 1 1 2 2 1 0 2 0 1 2
2 0 1 2 2 0 2 0 1 1 2 1 0 1 2 0 0 1 0 2 2 2 1 2 0 1 2
2 0 0 2 2 0 2 0 1 0 2 0 1 2 0 2 2 1 1 2 1 0 0 1 0 1 2
1 0 0 2 1 0 2 0 2 1 2 0 1 1 0 0 2 0 1 2 1 1 1 2 1 1 2
2 1 0 2 1 0 2 0 1 1 2 1 0 2 0 1 1 0 1 2 0 1 0 1 0 0 1
1 0 0 2 2 0 2 0 2 1 2 0 0 1 1 2 1 1 1 2 2 2 1 2 0 2 2
2 0 1 1 2 0 2 0 1 1 2 1 1 2 2 2 1 0 2 2 1 1 2 1 0 1 2
2 0 0 2 2 0 2 1 1 1 1 1 1 2 1 0 2 1 0 2 2 0 1 1 0 1 1
2 1 1 2 2 1 2 0 1 0 2 0 0 1 1 1 2 0 1 2 2 1 0 2 0 2 2
2 0 1 2 2 1 2 0 2 1 2 0 0 2 1 1 1 1 1 2 1 0 2 1 0 0 2
1 0 0 2 2 0 2 0 2 2 1 1 1 1 1 1 2 0 1 2 1 1 1 2 0 0 2
2 0 0 2 1 0 2 0 1 2 2 1 1 2 1 1 1 1 2 2 2 1 0 1 0 2 2
0 1 0 2 2 0 2 0 0 1 1 1 0 1 1 1 2 0 0 2 0 0 0 1 0 1 2
1 0 0 2 2 1 2 0 2 1 2 1 1 2 2 2 2 1 1 2 2 1 0 2 0 2 2
0 0 0 2 2 1 2 0 2 0 2 1 1 2 1 1 2 1 1 2 2 1 2 1 0 0 2
2 2 1 2 2 0 2 0 0 0 2 0 1 1 1 1 1 1 1 2 2 0 2 1 0 1 2
0 0 0 2 2 0 2 0 0 0 2 2 0 2 0 2 2 1 2 2 0 1 1 1 0 2 2
2 0 0 2 2 1 2 1 1 1 2 0 0 2 0 2 2 1 1 2 1 0 0 2 0 0 2
2 0 0 2 2 1 2 0 2 2 2 0 0 1 1 2 2 0 0 2 2 0 2 2 0 1 2
1 0 0 2 2 0 2 0 2 1 2 1 0 2 2 2 2 0 2 2 1 1 2 2 0 1 2
1 0 1 1 2 1 2 0 1 2 2 0 0 1 1 0 2 0 1 1 2 1 0 1 0 1 1
2 0 1 2 2 0 2 0 1 1 2 0 0 1 0 1 0 0 1 2 0 2 1 1 0 0 2
2 0 1 2 1 1 2 0 1 0 2 0 0 2 2 1 2 2 0 1 1 2 1 2 0 0 2
2 1 1 1 2 0 2 0 1 0 1 0 1 2 1 1 2 0 0 2 1 1 2 2 0 0 1
2 0 0 2 2 2 2 0 2 0 2 2 0 2 2 1 2 1 1 2 2 1 1 0 0 0 2
2 0 0 2 2 1 2 0 1 1 2 0 0 2 0 1 1 1 1 2 2 1 2 1 0 0 2
1 0 0 2 2 1 2 0 2 1 2 1 1 0 0 2 2 0 0 2 1 0 2 2 1 2 1
1 0 0 2 2 1 2 0 0 1 2 1 0 1 0 2 1 2 1 2 1 1 2 0 0 1 2
0 0 0 2 2 0 2 0 1 1 2 1 0 1 1 1 2 2 1 2 2 1 1 1 0 1 2
1 0 1 2 2 1 2 0 2 1 2 1 0 2 0 1 2 0 0 2 0 0 2 1 0 0 2
0 0 1 2 2 0 2 0 0 1 2 1 1 2 0 0 1 0 0 2 2 1 1 2 0 1 1
0 0 0 2 1 1 2 0 1 0 2 0 1 2 1 1 2 0 0 2 1 0 1 2 0 1 2
2 0 1 2 2 1 2 1 2 2 2 0 1 2 0 0 2 0 0 1 2 2 1 1 0 2 2
2 0 1 2 2 0 2 0 2 1 2 0 0 2 1 1 2 1 0 2 2 0 2 2 0 0 1
0 0 0 2 2 2 2 0 2 0 2 0 0 2 0 1 2 0 0 1 1 1 0 1 0 1 2
2 0 1 2 2 0 2 0 2 1 2 0 0 2 0 1 0 0 1 2 1 1 0 2 0 1 1
0 0 0 2 2 1 2 0 2 1 2 2 0 1 0 2 2 0 0 2 2 1 1 2 0 1 2
2 0 0 2 2 0 2 0 2 2 2 1 0 2 1 0 2 0 2 2 0 0 0 2 0 1 2
1 0 0 2 2 0 2 0 2 1 2 1 0 0 2 1 2 0 1 2 1 1 1 1 0 2 2
1 0 1 2 2 2 2 0 2 0 2 2 1 1 2 1 1 2 1 2 1 1 1 2 0 1 1
1 0 0 2 2 1 2 0 2 1 2 1 1 0 1 2 2 1 1 2 2 0 0 2 0 1 1
2 0 1 1 2 0 2 0 2 2 2 1 0 0 1 1 2 0 2 2 0 1 2 2 0 1 0
0 0 0 2 2 1 2 0 1 1 2 1 1 2 2 2 1 2 2 2 1 0 0 2 0 1 2
1 0 1 2 2 0 2 0 2 0 2 0 1 2 2 0 1 1 1 2 0 1 1 1 0 1 2
2 0 0 2 1 1 2 0 2 1 2 0 2 2 0 2 2 2 0 2 0 2 1 2 0 0 1
1 0 0 2 2 0 2 0 1 1 2 1 0 1 0 2 0 0 1 2 2 2 0 1 0 1 2
0 0 1 2 1 0 2 0 1 2 2 0 0 1 1 2 0 1 1 2 2 0 2 2 0 1 1
1 0 0 2 2 0 2 0 2 1 2 0 0 1 0 2 1 1 2 1 2 2 2 2 0 0 2
1 0 0 2 2 1 2 0 1 1 2 1 0 2 1 2 2 1 2 2 1 0 0 2 0 1 1
2 0 1 2 2 0 2 0 1 2 1 2 0 0 0 0 2 1 1 2 1 2 2 2 0 1 2
2 0 0 2 2 0 2 0 1 2 2 0 0 2 1 2 2 0 0 2 1 0 2 2 0 1 1
1 1 0 2 2 0 2 0 1 1 2 0 0 2 2 1 1 0 0 2 1 0 1 2 0 2 1
2 0 1 2 2 1 2 1 2 0 2 0 0 1 0 2 2 1 1 2 2 2 1 1 0 0 2
2 0 1 2 2 0 2 0 2 2 2 1 0 1 1 2 1 1 1 2 2 0 2 1 0 2 1
1 0 0 2 1 1 2 0 2 1 2 1 0 2 1 0 2 0 1 1 2 1 1 0 0 1 2
1 0 1 2 2 0 2 0 2 1 2 1 0 1 1 0 2 0 0 2 1 1 1 1 0 1 2
1 1 1 2 2 0 2 0 2 0 2 0 0 0 0 0 2 0 0 2 2 0 1 1 0 2 2
0 1 0 2 2 0 2 0 2 2 2 0 1 1 0 2 2 1 2 2 2 2 0 1 0 1 2
1 0 0 2 2 2 2 0 1 1 2 1 0 0 1 0 2 1 2 2 2 0 0 1 0 1 1
2 0 1 2 2 1 2 1 1 1 2 1 2 1 1 1 2 0 1 2 1 1 2 2 0 1 2
2 0 0 2 2 1 2 0 1 1 2 0 0 2 1 0 2 0 1 1 2 0 1 1 0 1 1
2 1 1 2 2 1 2 0 2 1 2 1 0 0 2 1 2 1 1 2 2 2 0 2 0 1 2
2 0 0 2 2 1 2 0 2 0 2 0 0 0 1 0 2 1 1 2 2 0 1 1 0 2 1
1 0 0 2 2 0 2 1 2 1 2 1 1 1 0 2 1 1 1 1 1 1 2 2 0 1 2
1 0 0 2 2 0 2 0 2 0 2 1 0 0 0 1 1 0 2 2 1 2 1 1 0 0 2
2 0 1 2 2 0 2 0 1 2 2 0 1 1 1 1 2 1 1 1 1 1 2 1 0 1 2
1 0 0 2 2 0 2 0 2 2 2 0 2 2 1 2 1 0 2 2 1 1 2 2 0 2 2
2 0 1 2 2 1 2 0 2 1 2 0 0 2 1 1 2 2 1 2 1 1 1 2 0 1 1
2 0 1 2 1 1 2 0 2 1 2 0 0 1 2 2 2 2 2 2 1 1 0 0 0 0 2
2 1 0 2 2 0 2 0 0 2 2 1 1 1 1 0 1 1 2 2 1 0 0 2 0 2 1
2 0 0 2 1 1 2 0 2 1 1 1 1 2 1 2 2 1 2 2 1 1 2 2 1 1 2
2 0 1 2 2 0 2 0 2 1 2 1 0 1 0 0 2 1 0 2 1 2 1 1 0 1 2
2 0 1 2 2 1 2 0 2 1 2 0 1 2 0 1 2 1 0 2 0 1 1 2 0 1 2
1 0 0 2 2 1 2 0 1 1 2 0 0 2 0 2 2 0 1 2 1 1 1 2 0 1 2
1 0 1 2 1 0 2 1 2 1 2 1 0 1 1 2 1 2 1 2 1 1 0 2 0 1 1
2 0 0 2 2 0 2 0 2 1 2 2 0 1 1 2 2 1 0 2 1 0 0 1 0 1 2
2 1 1 2 2 0 2 0 2 2 2 0 0 1 1 2 1 1 1 2 1 0 2 0 0 1 2
1 0 0 2 1 0 2 0 1 1 2 0 0 2 0 2 1 0 1 2 2 1 1 1 0 1 2
1 0 1 2 2 1 2 0 0 1 2 0 0 0 0 2 2 0 1 2 0 0 0 1 0 1 2
1 1 1 2 2 0 2 0 2 0 2 1 0 2 1 2 2 0 0 2 2 1 1 1 0 1 1
0 0 0 2 2 1 2 0 2 0 2 0 2 0 0 2 2 0 1 2 2 1 1 2 0 2 2
2 0 0 2 2 0 2 0 1 1 2 1 1 1 1 2 2 1 2 2 0 1 2 2 1 0 1
1 0 0 2 2 0 2 0 1 1 2 1 0 1 0 1 2 0 2 2 1 1 2 2 0 1 2
2 0 1 2 2 0 2 0 2 0 1 0 0 1 1 2 1 0 1 2 2 0 1 2 0 1 2
2 0 0 2 2 1 2 0 2 0 2 1 2 1 0 2 1 0 2 2 1 2 0 2 0 1 2
2 0 0 2 2 0 2 0 2 1 2 0 0 1 1 2 2 1 1 2 1 2 0 2 1 2 2
1 0 0 2 2 1 2 0 2 2 2 1 0 2 2 2 1 1 1 2 2 0 2 1 1 1 2
1 0 0 2 2 0 2 0 2 0 2 1 0 1 0 1 1 0 1 2 2 2 2 0 0 1 1
1 0 1 2 2 0 2 0 2 2 2 1 0 1 1 2 2 1 2 2 1 1 0 2 0 1 2
0 0 1 2 2 0 2 0 2 1 2 1 1 1 1 1 2 1 0 2 2 2 2 1 0 1 2
2 0 0 2 1 1 2 0 1 0 2 2 1 2 0 1 2 0 1 1 2 0 1 1 0 2 1
0 0 0 2 2 0 2 0 1 1 2 2 0 2 1 2 1 1 2 2 2 0 0 2 0 1 2
1 0 0 2 2 1 2 0 1 1 2 0 0 2 0 1 2 0 1 2 2 2 1 2 0 2 2
1 0 2 2 2 1 2 1 2 2 2 1 0 2 0 2 1 0 2 2 0 1 1 2 0 0 2
2 0 0 2 1 1 2 0 2 1 2 1 1 2 0 1 2 0 1 0 1 1 0 1 0 2 1
1 0 0 2 2 1 2 1 2 1 2 0 0 2 1 2 2 0 1 2 2 1 0 1 0 1 2
2 0 1 2 2 1 2 1 0 1 1 0 0 1 1 2 2 1 2 2 0 0 2 2 0 0 2
0 0 0 2 2 1 2 0 2 2 2 1 0 2 1 0 2 0 0 2 1 2 1 2 1 1 2
2 0 0 2 2 0 2 0 1 1 2 2 0 2 1 2 2 0 1 1 2 1 1 1 0 1 2
1 0 1 2 2 0 2 0 2 0 2 2 0 2 1 2 2 0 2 2 1 0 0 2 0 1 2
2 0 0 2 1 0 2 0 0 2 2 1 1 2 0 2 1 0 2 2 1 1 1 2 0 0 1
1 0 1 2 2 0 2 0 1 0 2 0 0 0 1 1 2 0 0 2 1 2 0 1 0 2 2
1 0 0 2 2 0 2 0 1 1 2 1 1 1 2 2 1 1 1 2 1 0 0 1 1 2 2
1 0 0 2 2 0 2 0 2 2 2 0 0 1 2 1 2 1 1 2 2 2 2 2 0 0 2
2 1 1 2 1 0 2 0 2 0 2 0 0 2 2 1 2 1 1 2 2 2 0 2 0 1 2
2 0 0 2 2 2 2 0 2 1 2 1 0 1 1 2 1 0 0 2 2 2 1 2 0 1 2
0 1 1 2 2 0 2 0 2 1 2 1 0 2 1 1 2 0 0 2 1 1 1 2 1 1 1
2 0 0 2 1 0 2 0 2 1 2 2 0 1 1 2 2 1 1 2 2 1 0 1 0 1 1
1 0 1 2 2 1 2 0 2 1 2 1 1 2 0 0 1 1 2 2 1 1 1 1 0 0 2
2 1 0 2 2 0 2 0 1 0 2 2 1 1 0 2 2 0 1 2 1 1 0 1 0 2 2
0 0 0 2 2 0 2 0 2 2 1 1 0 2 0 0 2 1 2 2 1 1 0 1 0 2 2
2 0 0 2 2 0 2 0 2 1 2 0 1 2 0 2 1 0 1 2 1 1 0 2 0 2 2
1 0 2 2 2 0 1 0 2 2 1 0 0 2 2 2 2 0 2 2 1 1 2 1 0 1 2
2 0 0 2 2 0 2 0 1 1 2 1 1 2 0 0 1 1 0 2 1 1 0 2 0 2 2
2 1 1 2 2 1 2 0 2 0 2 1 0 2 0 1 2 1 0 2 0 0 0 1 1 1 2
1 0 1 2 2 1 2 0 1 2 1 0 0 0 2 2 2 0 2 2 2 2 1 0 0 1 0
2 0 1 2 2 0 2 0 2 0 2 0 1 1 1 2 2 0 1 2 2 0 1 2 0 2 2
1 0 0 2 2 0 2 0 2 1 2 1 0 0 1 1 2 1 0 1 2 1 2 1 0 2 2
1 0 0 2 2 0 2 0 0 1 2 0 0 2 1 1 2 0 1 2 1 0 1 2 1 1 2
1 1 0 2 2 0 2 1 1 0 2 0 0 2 1 2 1 2 0 2 1 1 0 1 0 1 2
2 0 0 2 2 0 2 0 1 1 1 2 0 2 0 2 2 0 1 2 2 1 0 2 0 2 2
2 1 1 1 1 0 1 0 2 1 2 0 0 2 1 2 2 1 1 2 1 1 1 1 0 1 2
2 0 1 2 2 1 2 0 2 0 2 0 1 2 2 1 1 0 1 2 1 0 1 2 0 1 2
0 0 0 2 2 0 2 0 2 2 2 1 0 2 1 2 2 1 1 2 0 2 1 2 0 1 2
1 0 0 1 1 1 2 0 2 0 2 2 1 1 1 1 1 1 1 2 2 0 0 2 0 0 1
2 0 0 2 2 0 2 0 1 1 2 1 1 2 0 1 1 0 1 2 1 1 1 1 0 2 2
1 0 0 2 2 0 2 0 2 2 2 1 0 1 2 2 2 0 1 2 2 1 0 2 0 1 2
2 0 1 2 2 1 2 0 1 0 1 0 0 2 1 2 1 1 1 2 2 1 2 2 0 2 1
2 0 0 2 2 0 2 0 2 1 2 0 1 2 0 1 2 1 0 2 2 2 0 1 0 1 2
1 0 1 2 2 1 2 0 1 0 2 0 0 2 0 2 2 1 2 1 1 1 1 2 0 2 2
2 0 1 2 2 1 2 0 1 1 2 1 1 2 0 2 1 0 1 2 2 1 1 2 1 1 2
1 0 0 2 2 0 2 0 1 1 2 0 1 1 1 1 2 0 2 2 1 1 0 1 0 1 2
1 0 1 2 2 1 2 0 2 1 2 0 0 2 1 2 1 0 1 2 1 0 2 1 0 1 2
2 0 0 2 1 1 2 0 1 1 1 0 1 2 1 2 1 1 1 2 1 0 0 2 1 1 2
1 1 0 1 2 0 2 0 2 2 2 0 0 0 1 1 1 0 0 2 1 0 1 2 0 1 2
2 0 1 2 2 1 2 0 2 1 2 1 0 1 0 2 2 0 1 2 2 1 2 2 0 1 2
2 0 1 2 2 0 2 0 1 1 2 1 1 0 0 1 2 0 1 2 1 2 0 2 1 1 2
0 0 0 2 2 0 2 0 2 1 2 0 1 1 0 2 2 0 0 2 2 0 1 1 0 2 1
2 0 0 2 1 1 2 0 2 0 2 0 0 1 0 2 2 1 1 2 2 2 2 2 2 2 2
2 0 1 2 2 1 2 0 1 1 2 2 1 1 1 1 2 0 2 2 1 0 2 1 0 1 1
0 0 0 2 2 0 2 0 2 2 2 1 0 1 2 2 2 1 1 2 2 1 0 1 0 2 2
2 1 1 2 2 1 2 0 0 1 2 1 0 2 2 2 1 0 1 2 1 1 2 2 1 0 2
2 0 0 2 1 1 2 0 2 2 2 1 0 1 0 1 2 0 0 2 2 1 1 2 0 1 2
1 0 0 2 1 0 2 0 2 0 2 0 0 0 2 1 1 2 1 2 2 2 0 1 0 1 1
2 0 1 2 2 0 2 0 2 0 2 0 0 0 0 1 1 1 1 2 2 1 2 1 0 1 2
1 0 0 2 2 0 2 0 2 1 2 1 1 1 1 1 1 0 1 2 1 0 1 0 0 1 2
2 0 2 2 2 0 2 0 2 0 2 0 0 0 1 2 2 1 1 2 1 1 1 2 0 2 1
1 0 0 2 2 1 2 0 1 2 1 0 1 2 1 2 1 0 2 2 2 2 2 2 0 1 2
2 0 0 2 2 1 2 0 2 0 2 0 0 2 1 2 2 0 0 2 2 1 1 1 0 1 2
0 0 1 2 2 0 2 0 1 0 2 0 0 1 1 1 1 1 2 2 1 1 1 0 0 1 2
2 0 1 2 2 0 2 0 2 2 2 0 0 2 1 1 2 0 0 2 2 0 2 1 0 0 2
2 1 1 2 1 0 2 0 1 1 2 0 1 1 0 1 2 1 0 2 2 0 1 2 0 2 2
2 0 1 2 2 0 2 0 2 2 2 2 0 2 0 2 2 0 0 2 1 0 0 2 1 1 2
1 0 1 2 2 0 2 0 2 1 2 0 0 1 1 2 1 1 1 2 2 1 1 2 1 0 0
0 1 0 2 0 0 2 0 2 1 2 1 0 0 2 2 1 0 0 2 2 0 2 1 0 1 2
0 0 0 2 2 0 2 0 2 1 2 1 1 1 1 2 2 1 1 2 1 0 0 1 0 1 0
1 0 0 2 2 1 2 0 1 1 2 1 0 1 1 1 2 2 0 2 2 0 1 0 0 0 1
1 0 1 2 2 1 2 0 2 0 2 0 0 2 0 2 2 2 2 2 2 2 1 2 0 2 2
1 0 0 2 2 0 2 0 2 1 2 0 1 2 0 1 2 1 2 2 1 0 2 1 0 1 2
2 0 1 2 1 0 2 0 2 2 2 0 0 1 2 0 2 0 1 2 2 0 0 1 0 2 2
2 0 0 2 2 1 2 0 0 0 2 2 1 1 0 0 2 1 0 2 1 1 1 1 0 1 1
1 0 0 2 2 0 2 0 2 1 2 0 0 1 1 1 0 1 1 1 1 1 0 2 0 0 1
1 0 0 2 2 0 2 0 2 0 2 0 1 1 2 0 2 1 1 2 1 0 1 0 0 1 2
1 0 0 2 2 0 2 0 2 0 2 0 1 2 0 2 1 1 1 2 2 1 0 1 0 1 2
1 0 2 2 2 1 2 0 2 0 2 1 0 1 1 2 2 0 2 2 2 1 0 2 1 1 2
2 0 0 2 2 0 2 0 2 2 2 0 0 0 0 2 1 0 1 2 2 1 0 1 0 1 2
1 0 0 2 2 0 2 1 2 1 2 0 0 1 0 1 2 1 0 2 1 1 1 1 0 1 2
1 0 1 2 2 0 2 0 1 0 2 0 1 1 0 1 2 1 0 2 1 0 1 1 0 2 1
1 0 1 2 2 1 2 0 2 0 2 0 0 2 1 0 2 1 1 2 1 0 1 2 1 1 2
1 0 1 2 2 0 2 0 1 1 1 0 2 2 0 1 2 1 1 2 2 1 1 2 1 2 2
2 0 1 2 2 1 2 0 2 1 2 0 0 1 1 2 2 1 1 2 1 1 0 1 1 2 2
1 0 1 2 2 0 2 0 2 2 2 0 0 1 2 1 0 0 2 2 2 0 0 1 0 1 2
1 0 0 2 2 0 2 0 2 1 2 0 0 2 0 1 1 0 0 2 2 1 0 1 0 0 1
2 0 0 2 2 0 2 0 0 1 2 0 0 1 1 1 0 1 1 2 2 0 1 0 0 2 2
1 0 1 2 2 1 2 1 2 1 1 1 1 0 0 1 2 0 1 2 2 1 1 1 0 1 2
1 0 1 2 2 0 1 0 2 0 2 1 0 1 1 1 1 0 1 2 0 1 1 1 0 2 1
2 0 0 2 2 1 2 0 0 1 2 2 1 0 1 1 2 0 1 2 1 1 1 1 0 1 2
2 0 2 2 2 0 2 0 1 0 2 1 1 2 0 1 2 0 0 2 2 1 2 2 0 2 1
1 1 1 2 2 1 2 0 2 2 2 0 1 2 1 2 1 1 2 2 2 1 1 2 0 2 2
1 1 0 2 2 1 2 0 2 1 2 1 0 2 0 1 2 1 1 1 0 2 1 1 0 2 2
2 0 0 2 2 0 2 0 1 0 2 2 0 2 0 2 1 1 1 2 1 0 1 2 1 1 1
1 0 0 2 2 0 2 0 2 0 2 0 0 2 0 1 2 1 2 1 1 0 1 1 0 1 1
1 1 0 2 2 0 2 0 1 1 2 1 0 2 1 1 2 0 0 2 2 0 2 1 0 2 1
2 0 1 2 1 1 2 0 2 1 2 0 1 0 1 0 2 0 1 2 1 0 0 2 0 1 2
1 0 0 2 2 0 2 0 2 1 2 1 0 1 0 2 2 0 1 2 2 1 1 1 0 1 2
1 1 0 2 2 0 2 0 1 1 2 0 0 2 1 2 2 0 2 2 1 2 2 1 0 0 2
1 0 0 2 2 0 2 0 2 1 2 1 0 1 1 1 1 1 0 1 1 0 1 2 0 0 2
1 0 1 2 2 0 2 0 2 1 2 1 0 2 1 1 2 1 0 2 2 1 2 2 0 1 2
0 0 0 2 2 0 2 0 2 1 2 1 1 2 0 2 0 1 1 2 1 0 0 1 0 2 2
1 1 0 2 2 0 2 0 0 2 2 0 0 1 1 2 1 2 1 1 2 2 1 1 0 1 2
1 0 0 2 2 0 2 0 1 1 1 1 0 2 0 0 2 1 1 2 1 1 2 2 0 1 2
1 0 0 2 2 1 2 0 2 1 2 1 0 1 0 2 1 0 2 2 1 1 1 2 0 0 2
1 0 1 2 2 1 2 1 0 1 2 0 0 2 0 1 0 0 0 2 1 1 1 1 0 1 2
1 0 0 2 2 0 2 1 1 0 2 0 1 1 0 1 2 2 2 2 0 1 0 0 0 1 2
2 0 0 2 2 0 2 1 0 1 2 1 0 2 1 2 1 2 1 2 1 1 0 2 0 1 2
2 1 2 2 2 2 2 0 1 1 2 0 0 1 1 2 2 1 1 1 2 1 2 1 0 2 2
2 1 1 2 2 0 2 0 2 0 2 1 0 0 0 2 2 1 1 2 1 1 0 1 0 2 2
1 0 1 2 2 0 2 0 2 2 2 1 0 2 1 1 2 0 1 2 2 0 0 2 0 0 1
0 0 0 2 2 0 2 1 2 1 2 1 0 0 2 1 2 0 2 2 1 0 1 1 0 2 2
2 1 2 2 2 0 1 1 1 1 2 1 0 2 2 1 1 1 1 2 1 1 2 2 0 2 2
2 0 1 2 2 1 2 0 2 2 1 1 1 2 2 1 2 1 0 2 2 2 1 2 0 2 2
1 0 1 2 2 1 2 0 2 2 2 1 0 0 0 2 2 2 0 2 1 0 1 2 0 0 2
2 0 1 2 2 1 2 0 1 0 2 1 2 2 1 1 2 2 1 2 1 0 0 1 0 1 1
2 0 1 2 2 0 2 0 2 2 2 1 0 1 1 2 2 1 2 2 2 0 1 2 0 1 2
1 0 1 2 1 1 2 0 2 2 2 0 1 2 1 2 2 0 0 2 1 1 0 2 1 1 2
2 1 1 2 2 0 2 1 1 0 2 0 0 2 2 1 1 0 0 2 1 0 1 1 0 2 1
2 1 0 2 2 1 2 0 2 0 2 0 0 0 2 0 1 0 0 2 2 1 1 2 0 2 2
0 0 2 2 2 1 2 0 2 1 2 1 1 1 1 2 2 1 0 2 1 1 1 1 0 2 2
2 0 1 2 2 0 2 0 1 2 2 0 0 2 1 2 2 0 1 2 2 1 1 2 1 1 1
1 0 1 2 1 0 2 0 2 0 2 0 1 2 1 1 1 0 0 2 1 1 1 2 1 0 2
1 1 1 2 2 0 2 0 1 1 2 1 1 2 1 2 1 0 2 2 2 1 2 2 0 1 0
2 0 1 2 2 2 2 0 2 0 2 0 2 1 1 2 2 2 0 2 0 1 1 2 0 2 1
2 0 0 2 2 1 2 0 2 0 2 1 0 2 2 1 1 1 0 2 1 1 0 1 0 2 2
0 1 1 2 2 1 2 0 1 0 2 2 1 2 1 2 2 0 1 2 2 1 1 1 0 1 2
2 0 1 2 2 1 2 0 2 1 2 0 0 1 0 2 0 1 1 2 2 1 0 1 0 1 2
1 0 0 2 2 0 2 0 1 0 2 1 1 2 0 1 1 1 1 2 1 2 1 2 0 1 2
1 0 1 2 1 1 2 0 2 1 2 1 1 2 0 1 2 0 1 2 1 0 1 0 0 1 1
1 1 0 2 2 1 2 0 1 1 1 2 0 1 0 1 1 1 2 2 1 1 2 2 0 2 2
0 0 0 2 2 2 2 0 2 2 2 0 0 1 0 0 1 0 2 2 1 2 1 1 0 1 2
0 0 0 2 2 0 2 0 0 1 2 0 1 2 0 0 1 1 0 2 2 0 2 1 0 1 2
1 0 1 2 0 0 2 0 2 0 2 1 0 2 2 1 2 0 0 2 1 0 1 2 0 2 2
2 0 0 2 2 0 2 0 1 1 2 1 0 1 1 1 1 1 2 2 0 1 2 1 0 2 1
2 0 0 2 2 0 2 0 2 1 2 0 1 2 1 2 1 0 1 2 1 2 0 1 0 1 2
2 1 0 2 2 1 2 0 1 2 2 0 2 1 1 2 2 0 0 2 1 2 1 1 0 1 1
1 0 1 2 2 0 2 0 2 2 2 0 0 0 1 1 1 0 1 2 2 1 1 2 0 0 1
2 0 1 2 2 1 2 0 2 0 2 0 0 1 2 1 1 0 1 2 2 0 2 2 0 1 1
1 0 0 2 2 2 2 0 2 0 2 0 1 2 2 2 1 1 1 2 1 0 1 2 0 0 2
2 0 1 2 2 1 2 0 0 1 2 0 1 1 1 0 2 1 1 2 2 0 0 2 0 1 2
2 0 0 2 2 0 2 0 2 1 2 0 0 0 0 1 2 0 0 2 2 2 2 1 0 2 2
2 0 0 2 2 0 2 0 2 1 2 1 1 1 1 2 1 1 1 2 2 1 1 1 0 1 2
2 1 0 2 2 0 2 1 2 2 2 1 0 0 2 1 1 0 2 2 2 0 0 2 0 1 2
2 0 1 2 1 1 2 0 2 1 2 0 0 2 1 1 1 0 0 2 2 0 1 1 0 2 2
2 0 0 2 2 0 2 0 1 0 2 1 0 2 1 0 1 0 0 2 2 2 2 2 0 0 2
1 0 1 2 2 0 2 0 2 1 2 0 0 2 0 2 1 1 0 2 2 2 1 1 0 0 1
2 0 0 2 2 0 2 0 2 1 2 1 0 2 1 2 2 1 0 2 1 0 0 2 0 1 2
1 0 0 2 2 0 2 0 2 2 2 0 1 0 0 2 2 0 1 2 1 1 0 2 1 0 2
1 0 0 2 2 0 2 0 2 2 2 2 1 2 1 2 2 1 1 2 1 1 2 2 0 0 2
1 0 0 2 2 0 2 0 2 1 2 1 0 2 1 1 1 1 2 2 1 0 1 1 0 1 1
2 0 1 2 2 0 2 1 2 0 2 0 0 2 0 2 1 0 0 2 1 0 2 2 0 1 2
2 0 0 2 1 0 2 0 2 0 2 1 1 0 1 1 1 1 1 2 2 0 1 2 0 0 1
2 1 0 2 2 1 2 0 2 1 2 1 1 1 0 1 2 1 0 2 1 0 0 1 0 2 2
1 0 0 2 1 0 2 0 1 1 1 0 0 1 1 1 2 0 0 2 1 1 1 2 0 0 2
2 0 0 2 2 1 2 0 2 2 2 0 2 1 0 2 2 0 2 2 2 0 0 2 0 1 1
2 0 0 2 2 0 2 0 1 0 2 1 0 1 1 2 2 0 0 2 2 0 2 1 0 1 2
1 0 0 2 0 0 2 0 2 1 2 1 0 1 2 2 2 1 0 2 2 2 1 1 0 2 1
2 1 0 2 2 0 2 0 1 2 2 1 0 2 0 2 2 1 1 2 1 1 0 1 0 2 2
2 1 0 2 2 2 2 1 2 1 1 1 1 2 0 1 1 0 1 2 2 0 1 2 0 2 1
1 0 0 2 2 0 2 0 2 2 2 1 1 2 1 1 1 1 1 2 1 0 1 1 0 0 1
1 0 1 2 2 0 2 0 2 1 2 0 0 2 1 1 2 0 0 2 1 1 1 2 0 1 2
0 0 0 2 2 1 2 0 2 1 2 1 1 1 2 2 0 0 0 2 2 2 2 1 0 1 2
2 1 0 2 2 0 2 0 1 1 2 0 1 2 0 2 1 0 0 2 1 1 1 2 0 2 2
1 1 0 2 2 0 1 0 2 1 2 1 0 2 1 1 2 0 2 2 2 1 0 2 0 0 2
1 0 0 2 2 1 2 0 2 0 2 2 1 2 1 1 1 1 2 2 0 0 0 1 0 1 2
0 0 0 2 2 0 2 1 2 0 2 1 1 1 0 1 1 1 1 2 2 0 1 2 0 1 2
2 0 0 2 2 1 2 0 1 1 2 2 2 2 1 1 2 0 1 2 2 2 1 2 0 2 2
2 0 0 2 2 0 2 0 2 2 2 0 0 2 1 1 2 0 2 2 0 0 0 0 0 1 2
1 0 0 2 2 0 2 0 2 0 2 1 0 1 0 0 2 0 1 2 1 2 1 2 0 0 2
2 0 0 2 2 0 2 1 2 0 2 2 0 2 2 2 2 0 1 2 2 2 2 1 0 2 2
2 1 0 2 1 0 2 0 2 1 2 0 0 1 2 1 1 1 0 2 1 0 1 0 0 2 2
2 0 0 2 1 1 2 0 2 1 2 1 1 1 2 1 2 1 0 1 2 2 1 2 0 1 2
2 0 0 2 2 0 2 1 1 1 1 1 0 2 1 0 1 0 0 2 1 2 0 2 0 1 2
1 1 0 1 2 0 2 1 2 2 2 1 0 1 0 2 2 1 1 2 2 1 0 2 1 2 2
1 0 0 2 1 0 2 1 0 2 2 0 1 1 2 2 2 0 1 2 2 1 2 1 0 1 2
2 0 0 2 2 0 2 1 2 0 2 1 1 2 1 1 1 1 1 1 1 1 2 2 0 0 1
2 0 0 2 2 0 2 0 2 2 2 2 0 1 0 1 2 1 0 1 2 1 1 1 0 2 2
1 0 0 2 2 1 2 0 2 1 1 0 1 1 2 1 2 0 0 2 2 2 1 2 0 2 1
2 0 0 1 2 0 2 1 1 1 2 0 2 2 2 2 2 1 1 1 2 1 1 1 0 1 2
1 0 1 2 2 0 2 0 2 1 2 0 1 2 2 2 2 0 0 2 2 0 2 0 0 1 2
2 0 0 1 2 1 2 1 1 1 2 1 0 1 1 2 1 0 0 2 2 0 0 2 0 1 2
0 0 1 1 2 1 2 0 2 2 2 1 0 2 2 1 2 0 1 2 2 0 1 2 1 2 2
0 1 0 2 2 1 2 0 1 0 2 0 1 2 2 1 1 1 2 2 1 0 1 2 0 1 2
2 0 2 2 2 0 2 0 1 1 2 0 1 1 1 0 1 2 0 2 2 1 1 0 0 1 1
2 0 0 2 2 1 2 1 2 1 2 0 1 2 2 1 2 2 1 2 2 1 2 2 0 0 2
1 0 0 2 2 1 2 0 0 1 2 0 0 1 2 1 0 0 1 2 2 1 0 2 0 1 2
1 1 0 2 2 1 2 0 2 1 2 2 0 2 1 0 2 0 1 2 1 2 1 2 0 2 2
2 0 1 2 2 0 2 0 0 0 2 0 1 2 1 0 1 1 0 2 0 1 1 0 0 2 2
1 1 1 2 2 0 2 0 1 2 2 0 1 2 1 2 2 1 2 2 2 2 0 2 0 1 2
1 1 0 2 2 0 2 0 1 1 2 0 0 0 2 0 2 1 0 2 1 1 0 1 0 2 2
1 0 1 2 2 1 2 0 2 0 1 0 0 1 1 2 0 0 1 2 1 0 1 2 0 0 2
1 1 0 2 2 1 2 0 1 0 1 2 0 2 0 1 2 0 1 2 2 1 2 1 0 2 2
2 0 0 2 2 1 2 0 1 1 2 0 1 2 0 1 1 2 0 2 1 1 2 2 0 0 2
1 1 0 2 2 0 2 0 0 2 2 1 1 1 1 2 1 1 0 2 2 0 2 2 0 0 2
2 0 0 2 2 0 2 1 2 0 2 2 0 1 0 1 2 1 2 2 2 1 0 1 0 1 1
1 0 0 2 1 0 2 0 1 0 2 0 0 2 0 1 2 0 1 1 2 2 2 1 0 1 2
2 0 0 2 2 0 1 0 1 2 2 1 0 1 1 2 2 0 1 2 1 0 1 0 0 0 2
0 1 0 2 2 0 2 0 2 1 2 1 0 1 1 0 1 1 1 2 1 2 1 2 0 1 2
2 0 0 2 2 0 2 0 0 0 2 0 1 1 0 1 1 0 1 2 0 1 0 1 0 1 2
1 0 0 2 2 0 2 0 2 0 2 2 1 2 0 1 2 1 1 1 1 0 2 1 0 1 2
1 0 0 2 2 0 2 1 2 0 2 2 1 1 1 1 1 1 0 2 1 1 2 1 0 0 2
2 0 0 2 1 0 2 0 1 0 2 1 1 1 0 0 0 0 2 2 2 1 0 1 0 0 1
2 0 0 2 1 0 2 0 2 0 2 0 1 2 0 1 2 0 1 2 1 2 2 2 0 2 2
0 0 1 2 1 1 2 0 2 1 2 1 2 1 0 1 1 0 2 2 1 2 1 2 0 1 2
1 0 1 2 2 0 2 0 2 1 2 1 0 0 2 0 1 0 0 2 2 1 2 2 0 1 2
2 0 0 2 2 1 2 0 2 1 2 2 1 1 0 2 2 1 2 2 1 2 2 2 0 1 2
2 1 0 2 2 1 2 0 2 2 2 1 0 2 0 2 1 0 1 2 2 1 1 2 0 2 2
1 0 1 2 2 1 2 0 1 0 2 1 0 1 1 2 1 0 1 1 2 1 0 1 0 1 1
2 0 0 2 2 0 2 0 1 0 2 0 1 1 1 2 1 0 1 2 2 0 0 0 0 2 2
1 0 1 2 2 0 2 0 2 0 2 0 0 2 1 1 2 1 1 2 1 1 0 2 0 2 1
2 0 1 2 2 0 2 0 0 0 2 0 0 1 0 1 2 1 0 2 1 1 0 2 0 0 2
2 0 0 2 2 0 2 0 2 0 2 0 1 2 1 1 2 0 1 2 1 1 2 2 0 2 2
2 0 1 2 2 0 2 0 1 2 2 1 0 1 2 2 2 0 1 2 2 0 1 1 0 2 2
2 0 0 2 2 0 2 0 1 1 2 1 2 2 1 0 1 1 1 2 2 1 2 2 0 1 2
0 0 0 2 2 0 2 0 1 0 2 0 0 2 0 2 2 0 0 2 1 0 1 1 0 0 1
2 0 1 2 2 0 2 0 2 1 2 1 1 1 2 2 2 1 1 2 2 0 0 1 0 2 2
1 0 0 2 2 0 2 0 1 1 2 2 1 1 1 1 1 2 2 1 1 2 1 1 0 1 2
2 0 0 1 2 0 2 1 0 1 2 1 0 0 0 1 2 0 0 2 1 0 1 1 0 2 2
1 0 1 2 1 0 2 0 2 0 2 0 1 1 2 2 1 0 1 2 1 1 0 1 1 2 2
2 1 1 2 2 1 2 0 2 1 2 0 0 1 1 1 2 1 1 2 1 2 2 1 0 0 2
2 0 0 2 2 0 2 1 1 1 2 0 1 1 0 1 2 1 0 2 2 1 2 0 0 2 2
1 0 0 2 2 0 2 0 2 0 2 1 1 2 1 1 2 1 0 2 2 1 1 2 0 1 1
1 0 0 2 2 1 2 0 2 1 2 0 0 1 0 1 2 0 1 2 1 1 2 1 0 0 2
0 0 0 1 2 1 2 0 1 1 2 0 0 1 0 1 2 0 0 2 1 2 2 2 0 1 2
1 1 0 2 2 0 2 0 2 0 2 0 0 1 1 1 1 1 0 2 2 1 1 1 0 2 1
2 1 0 2 2 0 2 0 1 1 2 0 0 2 1 0 2 0 1 2 2 0 1 1 0 2 2
0 1 0 2 2 0 2 0 1 2 2 1 0 1 1 1 2 0 0 2 2 0 0 2 0 0 2
2 0 0 2 2 1 2 1 2 1 2 1 0 2 1 0 1 0 0 2 1 0 2 1 0 0 2
1 0 0 2 2 0 2 0 0 0 2 0 1 2 0 1 1 0 2 2 2 0 2 1 0 2 1
2 0 0 2 2 1 2 0 1 0 2 1 0 1 1 1 1 2 1 1 0 1 0 2 0 0 2
2 0 1 2 2 0 2 0 2 1 2 2 0 0 2 1 0 1 1 2 1 1 0 2 1 1 2
1 0 1 2 2 0 2 0 1 0 2 1 0 2 2 1 2 1 2 2 2 1 2 2 0 2 1
1 0 0 2 1 1 2 0 1 0 2 0 0 2 0 1 2 1 1 2 2 2 1 2 0 1 2
2 0 0 2 2 0 2 0 2 1 2 1 0 1 1 1 2 1 2 2 0 0 0 2 0 1 2
2 0 0 2 2 0 2 0 2 1 1 1 0 1 1 1 2 0 2 2 2 0 1 2 0 1 2
2 0 1 2 2 1 2 0 1 1 2 0 0 0 1 2 2 0 1 2 1 2 1 1 0 1 2
2 0 1 2 2 0 2 0 2 2 2 0 1 2 0 1 2 1 1 2 1 2 1 1 0 1 1
2 0 0 2 2 0 2 0 2 1 1 0 1 2 1 2 1 1 0 2 0 0 0 1 0 1 2
2 0 1 2 2 0 2 0 2 1 2 0 0 1 1 1 1 0 1 2 1 1 0 2 0 0 1
2 0 1 2 2 2 2 0 2 2 2 0 0 2 1 2 2 1 0 2 1 0 0 0 0 2 2
1 0 0 2 2 0 2 0 1 1 2 1 0 2 1 2 2 2 1 1 1 1 1 2 0 1 2
1 0 1 2 2 1 2 0 2 1 2 0 0 2 1 2 1 1 0 2 2 2 1 1 0 1 2
2 0 1 2 2 0 2 0 2 0 2 1 0 1 1 1 2 1 0 2 1 1 1 2 0 1 1
1 0 0 2 2 2 2 0 1 1 2 1 1 2 1 1 2 1 1 2 1 1 1 2 0 1 1
1 0 0 2 1 0 2 0 2 0 2 1 0 1 1 1 2 0 1 2 2 0 0 0 0 2 1
2 0 0 2 2 1 2 0 2 1 2 0 0 1 1 2 2 0 1 2 1 1 0 2 0 2 1
2 0 0 2 2 0 2 0 1 1 2 0 0 2 2 2 1 0 0 2 0 1 1 1 0 2 2
2 1 0 2 2 1 2 0 2 1 2 1 1 1 1 1 2 1 1 2 0 2 2 1 0 1 2
2 0 1 2 1 0 2 0 0 1 2 1 1 2 0 1 2 0 1 2 1 1 1 2 0 1 2
2 0 1 2 2 0 2 0 2 1 2 0 0 1 1 1 2 1 0 2 2 2 2 2 0 0 2
1 0 0 2 2 1 2 0 2 1 2 1 1 2 1 1 2 0 2 2 1 1 1 2 0 1 1
2 0 1 2 2 1 2 0 1 2 2 1 1 1 0 0 2 1 2 2 1 0 1 2 1 1 2
2 0 0 2 2 0 2 0 1 1 2 0 0 2 0 1 1 1 1 2 0 1 1 2 0 2 2
2 0 1 2 2 0 2 0 1 0 2 0 0 1 2 2 1 1 1 1 1 0 2 1 0 2 2
2 0 0 2 1 1 2 0 0 1 2 0 1 2 0 1 0 0 1 2 1 1 0 2 0 1 2
1 1 1 2 2 2 2 0 1 1 2 1 2 1 0 1 2 1 2 2 2 1 0 2 0 2 2
2 0 0 2 2 2 2 0 2 1 2 1 1 2 1 2 2 0 0 2 2 1 2 1 0 0 2
2 1 0 2 2 0 2 0 0 2 2 0 0 2 0 1 1 1 1 2 2 1 2 2 0 1 2
2 0 0 2 2 1 2 0 1 1 1 1 0 2 0 1 2 1 0 2 2 2 1 2 0 1 2
2 0 0 2 2 0 2 0 1 0 2 1 1 1 0 1 2 1 1 2 1 0 2 1 0 1 2
2 0 0 2 2 0 2 0 1 1 2 1 0 1 0 1 1 1 2 2 2 1 2 1 0 2 1
2 0 2 2 2 1 2 0 2 2 2 1 0 1 0 1 0 2 1 2 0 1 2 2 0 1 2
1 0 1 2 2 1 2 0 2 1 2 1 1 2 1 2 1 0 0 2 1 0 1 2 0 2 1
2 0 1 2 2 2 2 0 0 2 2 1 1 2 2 2 0 2 1 2 2 1 0 1 0 2 2
1 0 0 2 2 0 2 0 1 2 2 1 0 1 1 2 1 2 0 1 2 1 1 1 0 2 2
2 0 0 2 1 2 2 0 2 1 2 0 1 2 1 2 2 1 1 2 2 0 1 2 0 0 2
2 0 1 2 2 0 1 0 1 0 2 0 0 2 1 2 2 2 1 2 2 0 1 2 0 1 1
2 0 1 2 1 0 2 0 2 1 2 1 0 1 2 1 2 1 1 2 2 1 1 1 0 1 2
0 0 1 2 2 0 2 0 2 1 2 0 0 2 1 1 2 1 1 2 2 1 1 1 0 0 1
2 0 0 2 2 0 2 0 1 1 2 1 0 2 0 1 2 0 0 2 1 0 1 1 0 1 2
1 0 2 2 2 0 2 0 1 1 2 0 0 1 2 1 2 0 1 2 1 1 2 2 0 1 1
2 0 0 1 2 0 2 0 1 1 2 1 0 0 2 2 1 0 1 2 1 1 1 2 0 1 2
2 0 0 2 2 1 2 0 2 2 2 0 0 1 1 2 2 1 0 2 1 1 1 1 0 1 2
2 0 0 2 1 0 1 0 2 2 2 0 0 2 0 2 2 2 0 2 1 1 0 2 1 1 2
2 0 1 2 2 1 2 0 2 0 2 0 0 2 0 1 2 2 2 2 2 1 1 2 1 1 1
2 0 0 2 2 0 2 0 1 0 1 1 0 2 1 2 1 1 1 2 2 0 2 1 0 1 2
1 0 0 2 2 0 2 0 1 0 2 1 1 1 0 1 1 1 1 2 2 1 2 2 1 0 0
2 0 0 2 2 0 2 0 2 2 2 0 1 1 1 1 1 1 1 2 1 2 2 1 0 0 2
2 0 0 2 2 0 2 0 1 1 2 0 0 2 0 2 1 1 2 2 1 1 1 2 0 2 2
2 0 1 1 2 0 2 0 1 1 2 0 0 2 1 1 2 1 0 2 0 2 1 1 0 1 1
1 0 2 2 2 1 2 0 2 2 2 1 0 1 0 1 1 0 0 2 2 0 0 2 0 2 2
1 0 0 2 1 1 2 0 0 2 2 0 0 0 1 2 1 2 1 2 2 1 1 1 0 1 2
1 0 0 2 1 0 2 0 1 2 2 0 0 1 1 1 2 0 0 2 2 0 1 1 0 1 2
1 0 1 2 2 1 2 0 1 1 2 1 0 1 0 0 2 0 1 2 1 2 1 1 0 1 2
1 0 1 2 2 0 2 0 2 1 2 0 0 1 0 1 1 0 1 2 2 1 2 2 0 1 2
1 0 0 2 2 1 2 0 2 1 2 1 0 1 0 1 2 1 1 2 1 0 2 1 0 1 2
2 0 0 2 1 2 2 0 1 1 2 1 0 1 1 0 0 1 1 2 2 2 1 1 0 2 2
1 0 1 2 1 0 2 0 1 1 2 1 0 1 2 0 2 1 2 2 1 1 0 1 0 1 1
1 0 1 2 2 0 2 0 0 0 2 1 0 2 0 1 1 0 1 2 2 1 2 1 1 2 2
1 0 0 2 2 0 2 0 1 1 2 1 0 1 0 2 2 2 0 2 0 2 2 2 0 0 2
2 0 0 2 2 0 2 0 1 2 2 1 0 1 0 2 1 1 0 2 2 1 0 2 0 1 1
1 0 1 2 2 0 2 0 2 1 2 1 0 1 0 1 2 0 1 2 1 0 0 2 0 1 2
2 0 1 2 2 0 2 0 1 0 2 1 0 2 1 2 2 1 1 2 2 0 0 1 0 1 2
2 0 0 1 2 0 2 0 1 1 1 0 1 2 0 1 2 1 1 2 1 2 2 2 0 1 1
2 1 0 2 2 0 2 0 1 0 1 1 0 0 1 0 1 1 1 2 2 2 1 2 1 1 1
2 0 1 2 1 0 2 0 2 2 2 0 0 1 2 2 1 0 1 1 2 0 2 2 0 1 2
1 0 0 2 2 0 2 0 2 2 2 1 1 1 0 1 1 0 2 2 2 1 1 1 0 2 2
2 0 0 2 2 0 2 0 2 0 2 1 0 1 0 2 2 0 1 2 1 0 2 1 0 1 2
1 1 0 2 1 0 2 0 1 1 2 1 1 2 0 2 2 0 2 2 1 1 0 2 1 1 1
1 0 1 2 2 1 2 0 2 1 2 1 0 1 0 2 1 2 2 2 2 1 1 2 0 1 2
0 0 0 2 2 0 2 0 1 0 2 1 0 2 0 1 2 1 1 1 2 0 1 2 0 1 2
1 0 0 2 2 0 2 0 2 0 1 1 0 1 0 2 2 0 1 2 1 0 1 2 0 1 1
1 1 0 2 2 0 2 0 1 1 2 1 0 2 1 1 2 0 0 2 0 1 1 2 0 1 1
2 1 1 2 2 0 2 0 1 2 2 0 0 2 1 1 2 0 1 2 2 0 1 1 0 1 1
2 0 0 2 2 0 2 0 2 0 2 1 0 2 1 1 1 1 1 1 2 0 1 1 0 2 2
0 0 1 2 2 0 2 1 0 1 2 0 0 2 0 0 1 1 0 2 2 0 2 2 0 2 2
1 0 0 2 2 1 2 0 2 1 2 0 0 1 1 2 1 1 0 2 2 0 1 2 0 1 2
2 0 0 2 2 0 2 0 2 2 2 0 0 1 0 1 2 1 0 1 0 0 1 2 0 2 2
2 0 0 2 2 0 2 0 2 1 1 0 1 2 1 1 2 0 1 2 1 2 2 2 1 2 2
2 0 0 2 2 0 2 1 2 2 2 1 0 1 1 2 2 1 1 1 1 0 0 1 0 0 1
2 0 0 2 2 2 2 0 2 1 2 0 0 1 1 2 1 0 1 2 2 0 0 1 0 1 1
2 0 0 2 1 1 2 0 2 1 2 1 0 1 0 1 1 1 2 2 2 0 2 2 0 0 2
1 1 0 2 2 0 2 0 1 1 2 1 0 2 0 1 2 0 1 2 2 1 1 1 0 1 2
2 0 0 2 2 2 2 0 1 0 2 0 0 2 2 2 1 1 1 2 2 1 1 2 1 1 2
1 0 0 2 2 1 2 0 2 0 2 0 1 0 1 2 1 1 1 2 2 1 1 2 0 1 1
2 0 0 2 2 1 2 0 2 1 2 0 0 1 1 1 1 0 1 2 0 2 0 2 0 1 2
1 0 0 2 1 0 2 0 1 1 2 1 1 1 2 1 2 2 0 2 1 1 0 2 0 1 2
1 0 0 2 2 0 2 0 2 0 1 0 0 1 0 1 2 1 2 2 1 2 2 2 0 2 2
1 0 0 2 2 1 2 0 2 0 2 1 1 2 1 1 2 1 2 2 1 2 1 2 0 1 2
1 0 0 2 1 0 2 0 2 0 2 1 1 1 1 2 2 1 1 2 2 0 1 2 0 1 2
1 0 0 1 2 1 2 0 2 0 2 0 0 2 2 1 1 1 1 2 1 0 1 2 0 2 2
2 1 1 2 2 1 2 0 2 0 2 1 1 0 0 1 2 1 1 2 2 1 0 1 0 2 2
0 0 1 2 2 0 2 0 1 1 1 0 0 0 0 1 2 0 1 1 2 1 2 1 0 1 1
1 0 0 2 1 1 2 0 2 0 1 0 0 2 2 2 1 1 1 2 2 1 1 2 0 0 2
2 0 0 2 2 0 2 0 2 1 2 0 0 1 2 1 1 2 1 2 2 0 0 1 1 1 2
2 0 0 2 2 1 2 0 1 0 1 1 1 2 0 2 1 2 1 2 1 2 1 0 0 1 2
2 0 1 2 2 0 2 0 0 1 2 0 0 0 0 2 2 1 1 2 2 0 1 1 0 1 2
0 1 1 2 2 0 2 0 1 2 2 0 0 1 1 1 1 0 1 2 2 0 1 1 0 2 1
2 1 0 1 1 1 2 0 0 0 2 0 0 1 1 1 2 0 2 2 0 1 1 1 0 1 2
1 0 1 2 2 0 2 0 2 2 2 1 0 1 2 1 2 0 0 2 1 0 2 2 0 2 1
2 0 0 2 2 0 2 0 2 1 2 1 0 1 0 1 0 1 1 2 1 2 2 1 0 1 1
1 0 0 2 2 0 2 0 1 2 2 0 0 1 1 2 1 0 1 2 2 2 2 2 0 0 2
2 0 1 2 2 0 2 0 2 0 2 0 1 2 1 2 2 0 1 2 1 1 1 2 1 1 1
2 0 1 2 2 0 2 0 2 1 2 0 1 1 1 0 1 1 1 1 2 1 2 2 0 2 2
2 0 0 2 2 0 2 0 2 2 2 1 0 2 1 0 2 0 1 2 1 0 1 2 0 1 2
2 0 1 2 2 1 2 0 1 1 2 0 0 2 1 1 2 1 2 2 2 0 2 2 0 2 1
2 0 0 2 2 1 2 0 1 0 2 0 0 2 0 1 1 0 2 2 2 0 0 1 1 2 2
1 0 1 2 2 0 2 0 1 1 2 1 0 2 1 1 2 0 0 2 2 0 1 1 0 0 2
2 0 0 2 2 0 2 0 2 1 2 0 0 2 0 2 1 0 0 2 2 1 1 2 1 2 1
2 0 0 1 2 0 2 0 1 0 2 0 0 0 1 0 2 0 2 2 1 0 2 1 0 1 2
1 0 0 2 2 1 2 0 0 0 1 0 1 1 1 1 0 1 0 2 2 1 0 0 0 1 2
2 0 1 2 2 1 2 0 1 1 2 0 0 0 1 0 1 0 1 2 1 2 1 2 0 1 2
2 0 0 2 1 0 2 0 1 1 2 2 0 2 1 1 1 0 1 2 1 1 0 1 0 2 2
1 0 0 2 2 1 2 0 1 1 2 1 0 0 1 2 2 1 1 2 1 1 1 1 1 1 2
1 0 1 2 2 0 2 0 2 1 2 1 0 2 2 2 1 1 1 2 2 2 2 1 0 1 2
2 1 0 2 2 1 2 0 2 1 2 1 0 2 1 1 2 1 1 2 2 2 0 1 0 2 2
2 0 0 1 2 0 2 0 1 0 1 2 0 2 0 1 0 0 1 2 1 0 1 2 0 0 2
2 0 1 2 1 0 2 0 1 1 2 1 1 2 2 1 1 0 0 2 2 1 2 2 0 1 1
2 0 1 2 2 0 2 0 1 1 2 0 0 2 1 0 1 0 1 2 2 2 1 1 1 2 2
1 0 0 2 2 0 2 0 2 0 2 0 0 0 0 1 2 1 2 2 2 0 0 2 0 1 1
2 0 0 2 2 1 2 0 1 2 2 0 0 2 1 2 2 0 0 2 1 0 1 2 1 2 2
2 0 0 2 2 0 2 0 1 1 2 1 0 2 0 2 2 0 1 2 1 0 2 1 0 2 2
2 0 0 2 1 1 2 1 0 1 1 1 0 2 0 1 0 0 1 2 2 0 1 2 0 1 2
1 0 0 2 2 0 2 0 1 2 2 1 0 2 0 1 0 2 1 1 2 0 1 1 0 1 2
2 0 2 2 2 0 2 1 2 0 2 1 1 0 1 0 2 1 2 2 2 1 1 0 0 2 2
1 1 0 2 2 0 2 0 2 1 2 1 1 2 1 1 2 1 1 2 0 1 1 2 1 2 1
1 0 0 2 2 1 2 0 1 1 2 1 0 2 0 1 1 1 0 2 2 1 1 2 0 1 2
1 0 0 2 2 0 2 0 2 0 2 0 0 1 1 1 0 0 1 1 1 2 1 2 0 1 2
0 0 1 2 2 0 2 0 2 1 2 0 0 0 1 1 2 1 1 2 0 0 1 2 0 1 2
2 0 0 2 2 0 2 0 2 1 2 0 2 2 0 2 1 1 1 2 1 0 1 0 0 0 2
0 0 1 2 2 1 2 1 2 2 2 0 1 1 0 1 2 0 2 1 1 1 1 2 1 1 2
2 0 0 2 2 1 2 0 2 1 2 1 1 1 0 2 2 1 1 2 1 2 0 2 0 2 2
1 0 0 2 2 0 2 0 2 2 2 1 0 2 0 1 2 1 1 2 2 1 2 2 0 1 1
1 1 2 2 2 1 2 0 2 1 2 1 0 2 1 1 1 0 2 2 1 1 0 1 0 2 2
1 0 1 2 2 0 2 0 1 1 2 0 1 2 1 1 1 0 2 2 2 0 2 1 1 1 2
0 0 0 2 2 0 2 1 2 1 2 0 0 0 1 1 2 0 1 2 2 0 1 2 0 0 2
1 0 1 2 2 0 2 0 2 0 2 1 0 2 1 1 1 2 1 2 2 0 1 2 0 2 2
2 0 0 2 1 1 1 0 2 1 2 1 0 1 0 2 2 2 1 2 1 1 2 2 1 1 2
2 0 1 2 2 0 2 0 1 0 2 0 0 2 2 2 1 1 1 2 2 2 2 2 0 0 2
1 0 0 1 2 1 2 0 2 1 2 1 1 2 1 1 2 0 1 1 2 1 1 0 0 1 2
0 0 1 2 2 0 2 0 1 2 2 2 0 0 0 2 2 0 1 2 1 2 1 1 0 2 1
1 0 0 2 2 0 2 0 0 0 2 0 0 1 0 0 2 2 1 2 2 0 0 1 0 1 2
2 0 0 1 2 0 2 0 2 1 1 0 1 2 1 1 2 1 1 2 1 1 1 0 0 0 0
1 0 1 2 2 0 2 0 1 0 2 1 1 2 0 2 2 2 1 2 2 1 1 1 0 1 2
1 0 0 2 2 0 2 0 2 1 1 0 1 1 0 2 1 0 2 2 2 1 1 1 0 1 2
2 0 2 2 2 1 2 1 2 0 2 1 1 2 1 2 1 0 1 2 1 0 2 2 0 1 2
1 0 0 2 2 0 2 0 1 0 2 0 0 1 0 2 1 0 2 2 1 1 1 1 0 1 0
1 0 0 2 2 0 2 0 1 1 2 1 0 1 0 1 2 0 0 2 0 1 2 1 0 0 2
1 0 0 2 2 2 2 0 1 0 2 1 1 2 1 2 1 1 0 2 2 1 1 2 1 0 2
1 0 0 2 2 2 2 0 1 1 2 0 0 2 0 1 2 0 1 2 2 0 1 2 0 1 1
1 0 0 2 2 0 2 0 1 0 2 0 1 2 0 1 1 1 0 2 1 0 2 2 0 1 2
2 1 1 2 2 0 2 0 1 0 2 0 0 2 0 2 2 1 0 2 0 1 0 1 0 2 1
2 0 1 2 2 1 2 0 1 2 2 0 0 1 1 2 1 1 0 2 2 1 2 1 0 1 1
1 0 0 2 2 0 2 1 2 1 2 1 0 2 1 2 1 1 1 2 0 2 0 1 0 1 2
1 0 0 2 2 1 2 0 2 1 2 1 1 1 0 1 2 0 1 2 0 2 1 2 0 1 1
0 0 0 2 2 1 2 0 1 1 2 0 0 2 0 1 2 1 2 2 1 2 1 2 0 0 2
0 0 0 2 2 1 2 0 2 1 2 1 1 0 1 1 0 2 1 1 0 0 1 1 0 0 2
1 0 0 2 2 0 2 0 1 1 2 2 1 2 0 1 1 2 0 1 1 2 0 2 1 2 2
1 0 1 2 2 0 2 0 1 1 2 1 0 1 0 1 2 0 1 2 2 2 0 0 0 0 2
2 0 0 2 2 1 2 0 1 1 2 1 0 2 0 1 1 0 1 2 1 1 2 2 0 1 2
1 1 0 2 2 0 2 0 1 1 2 0 0 1 2 2 2 1 0 2 1 1 0 2 0 2 2
2 0 1 2 1 1 2 0 2 2 2 1 0 1 1 1 0 1 2 2 1 1 2 1 0 2 1
0 1 0 1 2 0 2 0 1 2 2 1 1 2 1 2 2 1 1 2 2 0 2 2 0 1 2
2 0 0 2 2 0 2 0 2 1 2 0 0 1 1 2 1 1 1 2 2 2 1 2 0 0 1
2 0 0 2 2 0 2 0 1 2 2 2 0 2 2 2 2 2 1 2 2 1 0 1 0 1 2
2 0 0 2 2 1 2 0 1 2 2 1 1 1 0 1 1 0 1 2 2 1 2 1 0 1 0
1 0 1 2 2 0 2 0 1 0 2 0 0 1 0 0 1 2 0 2 2 2 1 1 0 1 2
0 0 1 2 1 0 2 0 1 1 2 0 1 1 1 1 0 0 2 2 1 0 0 2 1 1 2
2 0 0 2 2 0 2 0 1 2 2 1 1 1 1 1 2 0 1 2 1 2 2 1 1 2 1
1 0 0 2 2 1 2 0 2 1 2 0 1 2 0 2 2 1 1 2 2 0 2 1 0 1 2
2 0 0 2 2 0 2 0 2 2 2 0 0 2 0 0 1 1 1 2 1 2 1 1 0 1 2
1 0 0 2 2 0 2 0 2 1 2 0 0 1 1 1 2 1 1 2 1 0 1 2 0 0 1
2 0 0 2 2 0 2 0 1 1 2 1 1 1 1 2 0 0 2 2 2 1 1 1 0 2 2
2 0 0 2 2 1 2 0 1 1 2 2 0 1 1 1 2 1 1 2 1 1 2 2 0 2 1
1 0 0 2 2 0 2 0 1 1 2 2 1 1 0 2 2 1 0 2 2 1 0 1 0 1 2
1 1 0 2 2 1 2 0 0 2 1 1 0 2 0 2 1 0 0 2 0 1 2 1 0 2 2
1 0 0 2 2 0 2 0 1 0 2 0 0 1 1 1 2 1 2 2 0 0 1 1 0 1 2
2 1 1 2 2 0 2 0 2 1 2 1 2 1 1 1 2 0 1 2 0 1 2 2 0 1 2
2 0 0 2 2 0 2 0 2 1 2 1 0 2 1 1 2 2 1 2 2 1 2 1 0 1 2
2 0 1 2 2 1 2 1 1 2 2 0 1 2 1 1 2 1 1 2 2 0 2 2 0 1 2
2 0 0 2 2 1 2 0 1 1 2 0 1 1 2 0 2 0 1 2 1 1 0 2 0 2 2
2 0 1 2 2 0 2 0 1 1 2 0 1 1 0 1 1 1 0 2 1 2 2 1 0 1 1
2 0 1 2 2 2 2 0 2 1 1 1 0 1 1 1 2 1 1 2 1 1 1 1 0 1 2
2 0 0 2 2 1 2 0 2 2 2 1 1 2 0 0 1 0 1 2 2 0 1 1 0 2 2
1 0 0 2 2 1 2 0 1 2 2 1 1 2 0 1 2 0 0 2 1 1 2 1 0 2 2
2 1 0 2 2 0 2 0 2 1 2 1 0 2 0 1 0 0 2 2 2 1 1 2 0 2 1
2 0 0 2 2 0 2 0 2 1 2 2 2 1 0 2 2 0 2 2 2 0 1 2 0 0 2
2 0 0 2 2 1 2 0 2 0 2 1 0 2 1 2 2 1 2 2 2 1 2 2 0 1 2
2 0 0 2 2 0 2 0 1 1 2 1 1 2 2 2 1 1 0 2 2 0 1 2 0 1 1
2 0 1 2 2 1 2 0 1 2 1 0 1 2 2 1 1 1 1 2 2 2 1 2 0 2 1
1 1 0 2 2 2 2 1 1 2 2 1 0 0 0 1 2 1 2 2 2 1 2 2 0 1 2
1 0 0 2 2 1 2 0 1 1 2 1 0 1 2 1 2 2 0 2 2 1 0 1 0 0 2
2 0 0 2 2 2 2 0 1 2 2 0 0 2 0 1 1 0 2 2 2 2 1 2 0 1 2
1 1 0 2 1 0 2 0 2 1 2 0 1 2 0 1 1 0 0 2 2 1 1 2 0 1 1
1 0 1 2 2 1 2 0 2 0 2 1 2 1 0 2 1 1 1 2 1 1 2 1 0 1 2
1 1 0 2 2 1 2 0 2 1 2 0 0 1 0 2 2 0 1 2 2 1 1 2 0 2 2
2 0 1 2 2 0 2 0 2 1 2 0 0 2 1 1 2 1 2 2 2 0 2 0 0 2 2
2 0 0 2 2 0 2 0 2 0 2 0 0 2 0 0 1 1 0 2 1 0 1 1 0 1 1
2 0 1 2 2 0 2 0 2 2 2 0 0 1 2 1 2 1 1 2 2 1 0 0 0 1 2
0 0 0 2 2 1 2 0 1 1 2 0 1 2 2 2 2 2 1 2 1 1 1 1 0 2 2
2 1 1 2 1 1 2 0 1 0 2 2 2 2 1 2 0 1 0 2 1 2 1 1 0 1 2
2 1 0 2 2 1 2 0 2 1 1 1 0 2 0 2 2 0 0 2 2 1 1 0 0 1 1
0 0 0 2 2 0 2 0 2 0 2 0 0 2 0 2 2 0 1 2 0 0 1 1 0 2 1
1 0 0 2 2 0 2 0 1 2 2 0 1 2 1 1 2 0 0 2 1 0 2 0 0 2 1
2 0 1 2 2 0 2 0 1 2 2 2 1 1 0 2 2 1 1 2 2 1 2 1 0 2 1
2 0 0 2 2 1 2 1 0 0 2 2 1 1 1 1 1 0 1 2 2 1 1 2 0 1 1
1 0 0 2 2 1 2 0 2 1 2 1 0 1 0 1 2 1 1 2 0 1 1 2 0 2 2
1 0 0 2 2 0 2 0 2 1 2 0 0 1 0 1 2 0 0 2 2 2 2 1 0 2 1
1 0 0 2 2 0 2 0 2 1 2 0 1 2 1 2 1 0 1 2 1 1 1 1 0 0 2
1 0 0 2 2 0 2 0 2 2 1 0 1 2 1 1 1 1 1 2 1 1 1 1 0 0 2
2 0 1 2 2 0 2 0 2 2 1 1 1 2 1 0 2 0 1 2 0 0 1 1 0 1 2
2 0 1 2 1 0 2 0 1 0 2 1 0 2 1 2 1 0 1 2 2 0 1 2 0 1 2
1 0 0 2 2 0 2 0 2 0 2 1 0 1 1 0 2 0 2 2 2 1 2 2 0 1 1
2 1 1 2 2 0 2 0 2 2 2 2 0 2 0 1 2 1 0 2 2 0 2 2 0 1 2
2 2 1 2 2 0 2 0 2 1 2 0 0 1 0 2 1 0 0 2 1 2 1 2 1 1 2
1 0 0 2 1 1 2 0 2 1 2 0 0 2 0 1 2 0 0 2 2 0 1 1 0 1 2
1 0 1 2 2 1 2 0 1 1 2 1 0 1 1 1 2 1 0 2 2 1 1 2 0 0 1
1 0 0 1 1 0 2 0 2 2 2 0 0 2 1 2 2 0 1 2 2 2 1 2 1 0 2
1 0 1 2 2 1 2 0 1 1 2 0 0 2 0 2 1 0 0 2 1 1 1 2 0 1 2
2 0 0 2 2 0 2 0 2 0 1 1 0 1 0 1 1 0 1 2 1 0 0 1 1 1 2
2 1 1 2 2 0 2 0 2 2 2 0 0 2 1 1 2 0 0 2 1 1 2 2 0 2 2
0 1 2 2 2 0 2 0 1 2 2 1 0 0 0 1 2 0 2 2 1 1 1 1 0 0 2
1 0 0 2 2 1 2 0 2 1 2 1 0 2 0 0 2 0 0 2 0 1 1 1 0 2 2
2 0 0 2 2 0 2 0 0 1 2 0 2 2 1 2 0 2 1 2 1 1 2 1 0 2 2
1 0 1 2 2 0 2 0 2 1 2 0 0 2 1 1 2 2 1 2 1 2 2 2 0 0 2
2 0 1 2 2 1 2 0 2 1 1 0 1 1 2 1 2 1 1 2 2 1 1 2 0 0 2
2 1 0 2 2 1 2 0 2 0 2 0 1 2 1 1 2 1 2 0 2 1 0 1 0 0 2
1 0 1 2 2 1 2 0 2 2 2 1 0 2 0 2 2 1 1 2 1 1 0 1 0 1 1
2 1 0 2 2 0 2 1 1 2 2 1 1 1 0 2 2 0 1 2 2 0 1 1 0 0 2
2 0 1 2 2 0 2 0 2 0 2 0 1 1 1 0 2 1 1 2 2 0 2 1 0 0 2
1 1 0 2 2 0 2 0 1 2 2 0 1 1 1 1 2 1 0 2 1 1 1 1 0 1 2
2 1 1 2 2 0 2 0 2 1 2 1 0 1 0 0 0 0 0 2 1 1 1 2 0 2 2
1 0 0 1 2 0 2 0 1 2 2 0 0 2 0 1 1 0 1 2 2 0 2 1 0 2 1
2 0 0 2 2 0 2 0 2 2 2 0 0 2 1 1 2 0 1 2 2 1 1 2 0 0 2
1 1 0 2 2 0 2 0 1 1 2 1 2 2 0 2 2 0 1 2 2 1 1 1 0 1 2
1 0 0 2 2 0 2 0 1 1 2 0 0 2 1 1 2 0 2 2 0 1 0 2 0 2 2
2 0 1 2 2 0 2 0 0 2 2 1 0 2 0 1 2 1 1 2 1 2 1 1 0 1 2
2 0 0 2 2 0 2 0 1 1 2 1 0 2 0 2 2 2 1 2 1 0 1 1 0 2 2
2 0 0 2 2 1 2 0 2 1 2 0 1 1 0 2 2 0 1 2 2 2 2 1 1 1 2
1 0 0 2 2 2 2 0 2 1 2 1 0 1 0 2 1 0 1 2 1 1 1 2 0 2 2
2 0 0 2 2 1 2 0 1 1 2 1 0 1 0 1 1 0 1 2 1 1 1 2 0 2 2
2 1 0 2 2 0 2 0 1 2 2 2 1 2 1 2 2 0 0 2 1 0 1 1 0 2 2
1 0 0 2 2 0 2 0 1 1 2 1 1 1 0 1 2 0 1 2 2 0 1 2 0 2 1
2 0 2 2 2 0 2 0 0 2 2 1 1 1 2 2 1 1 1 2 1 0 1 1 0 1 2
2 0 2 2 2 1 2 0 2 1 2 1 1 2 0 1 2 1 0 1 2 2 1 1 0 1 1
0 0 0 2 1 2 2 0 2 1 2 0 1 0 1 2 2 1 1 2 1 1 0 2 0 2 2
2 1 0 2 2 0 2 0 2 1 2 1 1 2 1 2 2 1 1 2 1 0 0 2 0 1 1
1 1 0 2 2 0 2 0 0 0 2 1 2 2 1 2 1 1 1 2 2 1 2 2 0 1 2
1 0 0 2 2 1 2 0 1 1 2 2 1 1 1 0 1 0 0 2 1 0 2 1 0 0 2
1 0 0 2 2 0 2 0 0 0 2 1 1 1 0 2 0 1 0 2 2 2 1 2 1 0 2
2 0 1 2 2 0 2 0 2 2 2 0 0 2 1 1 2 1 1 2 2 1 1 1 1 1 2
1 0 0 2 2 1 2 0 2 1 2 0 0 1 2 1 2 0 2 2 2 1 1 2 1 2 2
2 0 1 2 2 0 2 0 2 0 1 1 0 1 1 1 2 0 1 2 2 0 1 1 0 2 2
2 0 0 2 2 0 2 0 2 1 2 1 0 2 0 2 1 0 1 2 1 2 2 2 1 0 2
2 0 2 2 2 0 2 0 2 2 2 0 1 2 0 2 1 0 1 2 1 0 2 2 0 2 1
1 0 0 2 2 1 2 0 1 1 2 2 1 1 2 1 1 0 0 2 1 1 1 2 0 0 2
2 0 0 2 2 1 2 0 2 0 2 1 0 1 0 1 2 0 0 2 1 0 1 2 0 0 2
2 0 2 2 2 0 2 0 2 2 2 0 0 2 1 1 1 1 2 1 1 0 1 2 0 1 1
1 1 0 2 2 0 2 0 2 1 2 0 0 2 0 2 2 0 0 2 1 0 1 2 0 1 2
2 0 0 2 2 0 2 0 0 1 2 0 1 1 1 2 2 1 1 2 2 2 1 1 0 1 1
2 0 0 2 1 0 2 1 2 1 2 1 0 0 1 0 1 1 1 2 1 1 2 2 0 2 1
0 1 0 2 2 1 2 0 2 0 2 1 0 1 2 2 1 0 0 2 2 0 2 1 0 2 1
2 0 0 2 2 0 2 0 2 0 2 0 0 1 1 1 2 1 2 2 2 1 1 2 0 2 1
1 0 1 2 2 1 2 0 1 0 2 0 1 1 1 2 2 2 2 2 1 1 1 2 0 1 2
2 0 0 2 2 0 2 0 1 2 2 0 2 0 2 2 0 0 0 2 2 2 2 1 1 1 2
1 0 0 2 2 1 2 0 1 2 2 1 0 2 0 1 2 2 2 2 2 1 2 1 0 1 0
1 0 1 1 1 0 2 0 1 2 2 1 0 2 1 1 2 0 1 2 1 1 1 1 1 1 2
2 0 0 2 2 0 2 0 2 0 2 1 2 1 0 0 2 0 2 2 1 0 1 2 1 2 2
0 0 1 2 2 0 2 0 2 1 2 2 0 1 1 0 2 0 1 2 1 1 2 2 0 1 1
2 0 1 2 1 0 2 1 2 2 2 0 0 2 1 1 2 2 2 2 2 0 1 1 0 1 2
1 0 0 2 1 1 2 0 2 2 1 0 1 2 2 2 2 1 2 2 1 0 0 2 0 1 1
2 0 0 2 2 1 2 0 2 0 2 1 0 1 0 2 2 1 1 2 0 2 0 2 0 0 2
2 0 1 2 1 0 2 0 1 1 2 0 1 1 1 1 2 0 1 2 2 1 1 1 0 1 1
1 1 1 2 2 1 2 0 1 1 1 0 1 1 1 2 1 0 1 2 2 1 2 1 0 1 2
2 0 0 2 1 0 2 0 2 0 2 1 0 2 0 1 2 2 1 2 0 0 1 1 0 2 1
1 0 0 2 2 0 2 0 1 1 2 1 0 1 1 1 2 1 2 2 2 1 1 2 1 1 2
1 0 1 2 2 0 2 0 2 1 2 0 0 2 1 1 2 0 1 2 0 0 1 1 0 1 2
2 0 1 2 2 1 2 0 2 0 2 1 1 2 0 2 2 1 1 2 2 0 2 1 0 1 2
2 0 0 2 2 0 2 0 0 0 2 0 0 0 1 2 2 0 1 1 2 1 1 2 0 0 2
1 0 0 2 2 0 2 0 2 1 2 0 0 1 2 1 0 0 2 2 1 1 1 2 0 0 2
1 0 0 2 2 0 2 0 2 0 1 1 0 1 1 2 2 0 1 1 0 1 1 1 0 2 2
1 0 0 2 2 0 2 0 2 2 2 1 1 0 1 1 1 1 0 2 1 2 2 1 0 1 1
2 0 0 2 2 0 2 0 1 1 2 0 1 2 2 2 2 2 2 2 2 1 0 1 0 1 1
1 1 0 2 2 1 2 0 1 1 2 1 0 0 0 2 2 1 1 2 1 0 2 1 0 0 1
1 0 0 2 1 0 2 0 2 1 2 1 1 1 0 2 2 2 0 2 2 1 1 1 0 2 2
1 0 0 2 2 1 2 0 1 1 2 0 0 2 1 1 1 1 0 2 1 1 1 1 0 1 2
1 0 0 2 2 0 2 0 1 1 2 0 1 2 0 2 2 0 1 1 0 0 2 2 0 2 1
1 0 0 2 2 0 2 0 1 0 2 1 2 1 0 1 2 1 1 2 1 0 1 2 0 2 2
2 0 0 2 2 1 2 0 2 2 2 1 0 2 0 1 1 0 1 2 2 1 0 0 0 2 2
2 0 0 2 2 0 2 0 1 2 2 0 1 0 2 0 1 0 0 2 1 2 1 2 1 2 2
2 0 0 2 2 0 2 0 1 2 2 1 0 2 1 2 2 1 1 2 1 0 0 2 0 1 2
1 0 0 2 2 0 2 0 2 1 2 1 0 1 2 2 2 1 1 2 2 2 2 1 0 2 1
2 1 0 2 2 0 2 0 1 2 1 0 0 1 0 2 0 0 2 2 1 2 1 2 0 1 2
2 0 1 2 2 0 2 0 1 1 2 0 0 1 0 1 1 0 0 2 0 1 2 2 0 0 2
1 1 0 2 2 2 2 0 1 1 2 1 0 2 0 1 2 2 2 2 1 0 2 2 0 1 1
2 0 1 1 2 0 2 0 0 2 2 0 0 1 2 2 2 0 1 2 2 2 0 2 0 1 2
1 0 0 2 2 0 1 0 2 1 2 1 1 2 2 0 2 0 2 2 2 1 1 1 0 2 1
1 0 1 2 2 1 2 0 2 2 1 1 0 1 2 0 2 0 1 2 2 0 2 1 0 2 2
1 0 0 2 2 0 2 0 0 1 2 0 0 2 1 1 2 1 1 2 2 0 1 2 0 1 2
1 0 2 2 2 1 2 0 1 2 2 1 2 1 1 1 2 1 1 2 2 1 0 1 0 1 2
1 0 1 2 2 0 2 0 1 1 2 0 0 1 2 2 0 1 1 2 2 0 2 1 0 1 0
0 1 0 2 2 0 2 0 0 2 2 1 1 2 0 0 2 1 1 2 2 0 2 2 0 1 2
1 0 0 2 2 0 2 0 1 1 2 0 0 1 1 1 2 1 0 2 2 1 1 1 0 1 2
1 1 0 2 2 0 2 0 1 0 2 0 0 2 2 1 0 1 2 2 0 0 0 2 0 2 2
0 0 1 2 1 0 2 0 1 1 2 1 0 2 0 0 2 0 0 2 2 1 2 2 0 0 2
1 0 1 2 2 1 2 0 1 0 2 0 0 2 1 2 2 0 2 1 1 0 1 2 0 2 2
2 0 2 2 2 0 2 0 2 0 2 0 0 2 1 0 2 0 0 2 2 1 0 2 0 0 1
2 0 0 2 2 0 2 1 2 0 2 0 1 2 0 2 1 1 0 1 2 1 2 2 0 1 2
2 1 0 2 1 0 2 0 1 1 2 0 0 1 0 2 2 0 0 2 0 0 1 2 0 1 1
1 0 1 2 1 0 2 1 0 1 2 2 2 2 0 2 2 0 1 2 1 1 2 1 0 1 2
1 0 0 2 2 0 2 0 1 1 2 0 0 0 0 1 1 1 1 2 1 0 1 2 0 1 2
1 1 0 2 2 0 2 0 0 0 2 1 0 2 1 1 1 1 1 2 2 0 2 1 0 2 1
2 0 0 2 2 1 2 0 2 2 2 1 0 1 0 2 2 0 1 2 2 0 0 0 0 2 2
1 0 1 2 2 1 2 0 0 2 2 0 0 0 0 1 2 0 1 2 2 1 1 2 0 1 2
2 0 2 2 2 1 2 0 1 0 2 1 1 1 1 2 1 1 1 2 0 0 1 1 1 1 2
1 0 0 2 2 0 2 0 2 1 2 0 0 1 2 2 2 0 2 2 0 1 1 2 0 1 2
2 0 1 2 1 1 2 0 2 1 2 1 0 2 1 0 1 1 1 2 0 0 0 2 0 0 2
2 0 0 2 2 0 2 0 1 1 2 1 1 2 1 1 1 0 1 2 2 1 1 1 0 2 1
2 0 0 2 2 0 2 0 2 2 2 0 0 1 0 2 2 0 1 1 2 2 1 2 0 1 2
1 0 1 2 2 1 2 0 2 1 2 1 1 2 1 2 2 1 1 2 2 1 2 2 0 2 1
1 0 2 2 2 1 2 0 0 0 2 1 1 2 0 2 2 1 1 1 0 2 0 1 0 2 1
2 0 0 2 2 0 2 0 0 1 2 1 2 2 2 1 2 0 1 2 1 1 1 1 1 2 2
1 0 1 2 2 0 2 0 0 1 2 1 0 1 1 2 1 0 2 2 1 1 2 1 0 1 2
1 0 0 2 2 1 2 1 1 1 2 0 1 2 0 2 0 1 2 2 1 0 0 1 0 2 2
1 0 0 2 2 0 2 0 1 0 2 2 0 2 1 2 2 0 0 2 1 1 2 1 0 1 2
0 0 0 2 2 0 2 0 1 1 2 0 0 2 1 2 2 0 1 2 2 0 1 1 0 2 0
1 0 1 2 2 0 2 0 1 0 2 1 0 2 1 1 2 2 2 1 1 0 2 1 0 1 1
1 0 0 2 2 1 2 0 1 2 1 1 0 1 1 1 2 1 1 2 2 1 1 2 0 1 2
0 0 1 2 2 0 2 0 2 2 2 1 0 1 0 1 0 0 0 2 2 1 0 1 0 1 2
2 0 1 2 2 1 2 0 1 1 2 1 1 1 0 2 1 1 1 2 2 0 1 1 0 2 1
1 0 0 2 2 1 2 0 2 2 2 1 0 2 0 2 2 1 0 2 1 1 1 2 0 1 2
2 0 0 2 2 1 2 0 2 1 2 1 1 2 1 1 2 0 1 2 2 1 1 2 0 0 1
2 0 0 2 1 2 2 0 1 2 2 0 0 2 0 2 2 0 2 2 1 1 0 1 0 2 1
2 0 0 2 2 0 2 0 2 1 2 0 0 2 1 1 2 0 1 2 1 1 2 2 0 2 1
2 1 1 2 1 0 2 0 1 0 2 1 0 2 2 1 2 0 1 2 2 0 2 0 0 0 2
1 0 0 2 2 0 2 0 2 0 1 1 1 2 0 0 2 1 1 1 1 2 2 2 1 2 1
2 0 1 2 2 0 2 0 1 0 2 1 1 2 0 2 1 1 2 2 1 1 1 2 1 0 2
1 0 0 2 2 1 2 0 1 1 2 1 0 1 0 1 2 0 1 2 1 0 2 1 0 1 0
2 0 0 2 2 0 2 0 1 1 2 2 0 1 1 2 2 1 0 2 2 1 1 2 0 0 1
1 0 0 2 2 2 2 1 2 1 2 1 0 2 1 2 2 0 0 2 2 1 1 1 0 2 2
2 0 0 2 2 1 2 0 2 0 2 1 1 2 1 2 2 0 2 2 1 2 1 1 0 1 2
2 0 1 2 2 0 2 0 1 1 1 1 0 0 0 2 2 0 1 2 1 1 2 2 0 2 1
1 0 0 2 1 0 2 0 1 1 2 1 0 2 0 2 2 1 2 2 1 1 2 0 0 2 2
0 0 1 2 2 0 2 0 2 2 1 0 1 1 1 1 2 0 0 2 2 0 2 2 0 2 1
2 0 1 2 2 1 2 0 0 1 2 1 1 1 0 1 1 1 0 2 2 1 1 2 1 1 2
2 0 1 2 2 0 2 0 1 1 2 0 1 1 0 2 2 1 1 2 1 2 2 1 0 2 2
1 1 0 2 2 0 2 0 2 2 1 1 0 2 0 1 0 2 1 2 2 0 2 1 1 2 1
2 1 1 2 2 1 2 0 1 1 2 0 0 2 0 0 1 2 0 2 1 1 2 2 0 2 2
2 0 0 2 2 1 2 0 2 2 2 1 0 2 0 1 2 0 1 2 1 2 1 1 0 2 1
1 0 0 2 2 0 2 0 2 2 1 2 1 2 1 1 2 1 0 2 2 2 1 2 1 1 1
2 0 0 2 2 0 2 0 2 0 2 1 0 0 1 1 2 2 0 2 2 0 1 2 0 1 2
2 0 0 2 2 1 2 0 2 2 2 1 0 0 1 2 1 0 1 2 1 1 2 1 0 1 2
1 0 0 2 2 0 2 0 2 0 2 0 2 2 1 1 0 0 2 2 1 2 1 2 0 1 2
1 0 0 2 2 1 2 0 2 2 2 1 1 2 0 2 2 0 1 2 2 0 2 1 0 1 1
1 0 0 2 2 1 2 0 2 2 2 0 1 1 0 1 1 2 1 2 0 1 0 2 2 1 2
2 0 1 2 2 2 2 1 0 1 2 1 0 1 0 2 2 1 1 2 2 0 2 2 0 1 2
2 0 1 2 2 0 2 1 1 1 2 0 0 2 0 2 2 0 0 1 2 0 1 2 1 1 2
2 0 0 2 1 1 2 0 1 1 2 0 0 2 0 2 1 0 1 2 1 0 0 2 0 1 2
1 0 0 2 2 0 2 0 1 2 1 0 0 1 0 0 2 0 1 2 2 1 2 0 0 1 1
2 0 1 2 2 0 2 0 2 1 2 1 0 2 0 2 2 0 1 2 2 2 0 2 1 1 2
2 0 0 2 2 0 2 0 2 1 2 1 0 1 2 1 1 1 1 2 2 1 1 1 0 1 1
2 0 0 2 2 1 2 1 1 0 2 0 1 1 0 2 0 0 0 2 2 1 1 2 1 1 2
2 0 0 2 2 2 2 1 1 1 2 0 0 0 0 1 2 0 1 2 2 0 2 2 0 1 2
1 0 0 2 1 0 2 1 2 1 2 0 0 1 1 1 2 0 1 2 1 1 2 1 0 1 2
2 1 0 2 2 1 2 0 1 0 2 0 1 0 1 2 2 0 2 2 1 0 2 2 1 2 2
2 0 1 2 2 0 2 0 2 0 2 0 0 2 1 0 1 0 2 2 1 1 0 1 0 1 2
2 0 0 2 2 1 2 0 1 2 2 1 0 2 1 2 0 0 1 2 2 2 2 2 0 0 2
1 0 0 2 2 0 2 0 1 1 2 1 1 2 0 0 2 0 0 2 2 1 1 1 0 2 1
1 1 0 2 2 1 2 0 2 2 2 1 1 1 0 1 1 0 2 2 1 2 1 2 0 0 2
2 0 1 2 1 0 2 0 1 0 2 1 1 1 2 1 1 0 1 2 1 0 1 2 1 1 2
2 0 1 2 2 0 2 0 0 1 2 1 0 2 1 0 2 1 1 2 1 2 0 1 0 2 2
2 0 0 2 2 0 2 0 1 1 2 0 0 1 0 1 2 1 0 2 1 2 2 2 0 2 2
2 1 0 2 2 1 2 0 1 1 2 0 0 1 1 0 2 0 0 2 1 2 2 2 1 2 2
2 0 0 2 1 0 2 1 2 1 2 2 0 1 1 1 2 0 0 2 1 1 1 2 0 1 1
1 0 1 1 2 2 2 0 2 2 2 1 0 2 2 2 1 1 1 2 2 0 1 2 0 2 2
2 0 0 2 2 1 1 0 1 1 1 0 1 2 1 0 2 0 0 1 2 2 0 2 0 1 2
1 0 1 2 2 0 2 0 2 1 2 0 0 1 1 1 2 0 0 2 2 1 0 0 0 2 1
1 1 0 2 2 0 2 0 2 1 2 2 0 2 1 2 2 2 1 2 1 2 2 1 0 1 2
2 0 0 2 2 0 2 0 1 1 2 0 0 2 2 0 0 1 0 2 0 2 2 2 0 1 2
2 0 2 2 2 0 2 0 1 0 2 0 0 1 0 1 2 1 1 2 2 1 0 2 1 1 2
1 0 0 2 2 0 2 0 1 1 2 1 1 2 0 2 0 0 0 2 2 1 1 2 0 2 2
2 0 1 1 1 0 2 0 1 1 2 0 0 2 1 1 2 1 2 2 2 1 2 1 0 1 1
1 1 1 1 2 0 2 0 2 1 1 1 0 2 0 0 2 0 1 2 1 2 2 2 0 0 1
1 1 0 2 2 2 2 0 2 1 2 1 1 1 1 0 1 2 1 2 1 0 1 1 0 0 2
1 1 1 2 2 0 2 2 2 1 2 0 1 1 1 1 2 0 1 2 1 0 2 1 0 2 2
2 1 1 1 2 0 2 0 1 2 2 1 0 1 0 1 2 2 1 2 2 0 0 1 0 0 1
2 0 1 2 2 2 2 0 2 2 2 0 0 2 0 1 1 0 1 2 2 2 1 0 0 1 2
1 0 0 2 1 0 2 0 1 1 2 0 1 1 0 1 1 1 1 2 1 0 1 2 1 0 2
1 0 0 2 2 0 2 0 2 1 2 1 0 2 0 2 1 2 1 2 2 0 2 2 0 2 2
2 0 1 2 2 1 2 0 1 0 2 1 0 2 0 1 0 0 0 2 2 0 1 2 0 1 2
1 0 0 2 1 0 2 0 2 0 2 1 1 1 0 0 1 2 1 2 2 1 1 2 1 1 1
2 0 0 2 2 2 2 0 2 0 2 0 0 2 2 1 2 1 2 2 2 0 1 2 0 2 1
2 0 0 2 2 0 2 0 2 1 2 0 1 0 1 0 2 0 1 2 2 1 1 1 0 2 2
1 0 1 2 2 0 2 0 2 2 2 0 0 1 0 1 1 1 1 2 2 2 1 2 0 2 2
2 0 1 2 2 1 2 0 1 1 1 1 0 1 1 2 1 0 0 2 2 0 1 1 0 2 2
2 0 1 2 1 0 2 0 1 1 2 0 0 2 1 2 1 0 0 2 1 1 2 1 0 2 1
1 0 0 2 2 1 2 0 2 0 2 1 1 0 0 0 2 1 0 2 1 1 0 1 0 1 2
2 0 0 2 2 1 2 0 2 2 2 0 1 2 0 1 2 0 0 2 0 1 1 1 1 1 2
0 2 0 2 2 0 2 1 1 2 2 0 0 1 0 2 2 2 1 2 2 0 1 2 1 1 2
0 1 1 2 2 1 2 0 1 0 2 1 1 2 1 1 2 0 0 2 1 0 0 2 1 2 1
2 0 1 2 2 0 2 0 2 2 2 1 2 2 1 2 1 0 2 2 2 0 1 1 0 0 2
1 0 0 2 2 0 2 0 1 1 2 0 0 2 1 1 2 1 1 2 0 2 1 1 0 1 2
1 1 1 2 2 1 2 0 2 1 2 0 1 0 1 2 2 0 1 2 1 1 1 1 0 1 1
1 0 2 2 2 0 2 0 0 2 2 2 0 2 0 1 2 1 1 2 1 0 1 2 0 1 2
1 0 1 2 2 1 2 0 2 1 2 0 0 2 1 1 2 1 2 1 0 1 1 1 0 2 1
1 0 0 2 2 1 2 0 2 2 2 1 1 2 1 2 1 0 1 2 1 0 0 1 0 0 2
2 0 0 2 2 0 2 0 2 2 2 0 1 2 1 1 1 1 0 2 2 0 1 1 0 1 2
2 0 1 2 2 1 1 0 1 1 1 0 0 1 0 0 2 1 2 1 1 0 1 1 0 1 2
1 0 0 2 2 0 2 0 2 2 2 2 1 1 2 2 2 0 0 2 0 1 2 2 0 1 2
2 0 0 2 2 0 2 0 2 1 2 1 0 1 1 1 1 0 1 2 1 1 0 2 0 1 2
2 1 2 2 2 0 2 0 1 0 2 1 0 2 1 0 1 1 1 2 2 1 1 1 0 1 1
2 0 1 2 1 0 2 0 2 2 2 1 0 1 2 2 1 0 0 2 0 1 2 1 0 0 2
1 0 1 1 2 1 2 0 2 1 2 0 1 1 0 2 1 2 1 2 2 0 1 1 0 1 2
1 0 1 1 1 1 2 0 1 1 2 0 0 0 0 2 2 0 0 1 0 1 1 2 0 2 1
1 0 0 2 2 0 2 1 0 2 2 1 0 2 1 1 1 0 0 2 1 1 2 1 0 0 1
2 0 1 2 2 1 2 0 2 1 2 1 1 1 1 1 2 0 1 2 1 0 2 2 0 1 2
2 1 0 2 2 0 2 0 2 1 2 0 0 1 0 2 2 0 1 2 0 0 1 2 0 2 2
1 1 0 1 2 2 2 0 2 1 2 0 0 1 1 1 1 0 1 2 1 1 1 1 0 1 2
1 1 0 2 2 0 2 0 2 2 2 1 0 1 2 0 1 2 0 2 1 1 2 1 0 2 2
1 0 1 2 2 1 2 0 0 1 2 1 1 2 1 2 2 1 0 2 1 1 2 2 0 1 2
1 1 0 2 2 0 2 0 1 2 2 0 0 2 2 2 2 1 1 2 0 0 1 2 0 2 2
2 0 0 2 2 1 2 0 2 1 2 2 1 2 1 2 2 1 2 1 2 0 1 2 0 1 2
1 0 1 2 2 1 2 0 1 1 2 0 1 1 1 1 1 0 0 2 1 2 1 1 1 1 2
1 0 0 2 2 0 2 0 2 2 2 1 0 2 1 1 2 0 2 2 1 2 1 2 0 1 2
1 0 1 1 2 0 2 0 1 1 1 0 0 2 2 0 2 0 0 2 1 0 1 2 0 1 2
0 0 0 2 2 1 2 1 2 0 2 0 1 1 0 1 2 0 1 2 2 0 0 0 0 1 2
2 0 0 2 2 0 2 1 1 2 2 0 0 2 1 1 2 1 2 2 2 1 1 1 0 2 1
2 0 0 2 2 1 2 0 2 1 2 1 0 2 0 1 2 0 0 2 2 1 1 1 0 0 1
2 0 0 2 2 0 2 0 2 2 2 2 0 1 0 2 2 1 1 2 2 1 1 2 0 1 1
2 0 0 2 2 1 2 0 2 2 2 0 1 2 1 1 1 1 2 2 1 0 0 1 0 2 2
2 1 0 2 1 1 2 0 2 1 2 0 0 2 1 0 0 2 1 2 2 1 1 2 0 0 1
2 0 0 2 2 0 2 0 2 1 2 1 1 2 0 1 1 1 0 1 1 0 0 2 0 2 2
1 1 0 2 1 0 2 0 1 1 2 0 0 2 0 1 2 0 0 2 2 0 2 1 0 1 2
0 0 0 2 2 0 2 0 2 2 2 1 1 1 0 1 2 0 1 2 2 1 0 2 0 1 2
2 0 0 2 2 1 2 0 0 2 2 0 1 1 0 1 1 2 0 2 1 0 1 2 0 1 2
1 0 0 2 2 0 2 0 2 2 2 0 0 2 0 1 2 0 0 2 1 0 1 0 0 0 2
2 0 0 2 2 0 2 0 0 1 2 2 0 1 1 2 1 2 1 1 2 1 1 1 0 1 2
1 0 0 2 2 0 2 1 2 0 2 1 0 2 2 1 1 0 1 2 2 1 2 2 1 1 2
2 0 0 2 2 0 2 0 2 0 2 0 1 1 0 1 2 0 0 2 2 1 2 2 1 1 2
1 0 1 2 2 0 2 0 1 1 2 1 1 2 0 1 2 1 1 2 0 0 0 0 0 2 2
2 1 1 2 2 0 2 0 1 2 2 0 1 0 0 0 2 0 1 2 2 1 0 1 0 1 1
1 0 0 2 2 0 2 0 1 1 2 0 1 2 2 1 2 0 2 2 1 1 1 2 0 1 2
1 1 0 2 1 0 2 0 1 1 1 0 0 1 0 1 1 0 1 1 1 1 1 2 1 1 2
2 0 0 2 2 0 2 0 2 1 2 0 0 1 0 2 2 0 2 2 2 1 2 2 0 1 2
1 0 1 2 2 0 2 0 1 1 2 0 0 2 0 2 2 2 1 2 1 0 2 2 0 1 2
2 0 1 2 2 1 2 0 2 1 2 1 0 2 1 1 2 0 2 2 2 1 1 1 0 1 2
1 2 0 2 2 1 1 0 1 0 2 0 0 2 0 1 2 1 0 2 1 1 2 2 1 2 2
0 0 0 1 2 1 2 0 0 1 2 1 0 1 1 1 2 0 0 2 2 1 1 2 0 0 2
1 1 1 2 2 0 2 0 1 1 2 0 1 1 1 0 1 0 1 1 2 0 1 1 0 1 2
2 0 1 2 1 0 2 0 1 1 2 1 0 1 0 0 1 0 0 2 1 0 1 1 0 1 1
1 0 0 2 1 0 2 1 2 0 2 0 0 2 1 1 2 1 2 2 2 2 1 1 0 2 2
2 0 1 2 2 0 2 0 2 1 2 1 0 1 0 2 2 1 0 2 1 1 0 1 0 1 1
1 0 1 2 2 0 2 0 2 1 2 0 0 1 0 1 1 1 0 2 2 1 2 1 0 2 1
1 0 1 2 2 0 2 1 2 2 2 0 0 2 1 2 2 1 1 2 1 0 0 1 0 1 2
2 0 0 2 2 1 2 0 2 2 1 0 0 2 0 2 1 0 1 1 1 1 0 2 0 2 2
1 1 1 2 1 0 2 0 2 0 2 0 0 1 0 2 1 0 1 2 1 0 0 2 1 1 2
2 0 0 2 2 1 2 0 2 0 2 0 0 1 0 2 2 1 0 2 1 1 1 1 0 1 2
2 0 0 2 2 0 2 0 1 2 2 0 1 0 0 0 2 1 0 2 2 0 2 2 1 1 2
2 0 0 2 1 0 2 0 2 0 1 0 0 1 1 1 2 1 2 2 1 2 0 2 1 1 2
1 0 0 2 2 0 2 0 2 1 2 1 0 2 0 1 2 0 1 2 2 0 2 2 0 2 2
2 0 0 2 2 0 2 0 1 0 2 1 1 0 0 2 2 0 1 2 0 1 2 1 0 1 2
1 2 0 2 2 0 2 0 2 0 2 1 0 2 1 0 1 1 1 2 0 1 0 2 0 1 2
1 0 0 2 2 0 2 0 2 0 2 1 0 2 0 2 2 0 0 2 2 1 0 1 0 2 2
2 0 0 2 2 1 2 0 1 1 2 1 0 0 2 1 2 1 1 2 1 1 2 1 0 1 2
1 0 0 2 2 0 1 0 1 2 2 0 1 1 1 1 1 0 1 2 2 0 1 1 0 1 2
2 0 1 2 2 0 2 0 2 0 2 0 1 1 0 2 2 1 1 2 0 1 1 2 0 2 2
1 0 0 2 2 2 2 0 2 0 2 0 1 1 0 2 2 2 1 1 1 1 0 2 0 0 2
1 0 1 2 2 0 1 0 2 0 2 0 1 2 0 1 1 0 0 2 1 2 0 1 0 1 2
2 0 2 2 2 0 2 1 2 1 2 0 2 2 1 1 2 0 0 2 1 1 1 1 1 1 2
2 0 0 2 2 0 2 0 2 2 2 0 0 2 0 0 2 0 1 1 2 1 1 1 0 1 2
1 1 1 2 2 0 2 0 2 1 2 0 0 2 1 2 1 0 0 1 2 1 0 2 1 1 2
2 0 0 2 2 0 2 0 1 1 2 0 1 2 1 1 2 0 0 2 2 1 0 2 0 1 2
2 1 0 2 2 2 2 1 2 0 2 0 1 2 2 0 0 1 2 2 1 1 1 2 0 1 1
1 0 1 2 2 0 2 0 1 1 2 1 1 1 0 1 2 0 1 2 2 2 1 1 0 2 0
0 0 0 2 2 1 2 0 1 2 2 0 0 2 2 2 2 0 0 2 1 1 1 2 0 2 2
2 0 0 1 2 0 2 0 1 1 2 1 1 2 0 1 2 0 1 2 1 0 0 1 0 1 1
1 0 0 2 2 0 2 0 1 0 2 1 0 2 1 1 1 0 0 2 2 0 2 2 0 0 2
2 0 0 2 1 0 2 0 2 0 2 0 0 2 1 0 2 0 0 2 1 1 1 2 1 0 2
2 0 2 2 1 0 2 0 2 1 1 1 1 1 0 1 1 0 0 2 2 0 1 2 0 1 2
1 0 0 2 2 0 2 0 1 1 2 2 1 1 2 2 2 1 1 2 1 0 0 1 0 1 2
1 0 0 2 2 1 2 1 0 1 2 0 1 2 0 2 2 2 1 2 2 1 1 1 0 2 1
2 0 1 2 2 0 2 1 1 1 2 1 0 2 2 2 1 0 0 2 2 0 1 1 0 1 1
2 0 1 2 2 0 2 0 2 2 2 0 0 2 1 1 1 0 0 2 0 1 1 1 0 1 1
2 0 0 2 2 1 2 0 2 1 2 0 0 2 1 1 2 1 2 2 0 1 1 2 0 2 2
2 0 0 2 2 0 2 0 1 2 1 0 1 2 0 0 2 0 1 2 1 2 1 1 0 2 2
0 0 0 2 2 0 2 0 2 0 2 0 0 1 0 2 1 0 1 2 0 1 1 1 0 2 1
1 0 0 2 2 0 2 0 1 0 2 0 1 1 1 1 1 0 1 2 1 1 1 2 0 0 2
2 0 0 2 2 0 2 0 0 2 2 0 0 2 0 1 2 0 0 2 1 2 0 1 0 2 2
2 0 0 2 1 1 2 0 1 1 2 0 0 1 1 1 2 1 1 2 2 1 1 2 0 2 1
2 1 0 2 2 0 2 0 2 1 2 1 1 2 0 1 1 0 1 2 2 2 2 2 1 1 2
1 0 0 2 2 0 2 0 0 1 2 1 2 2 1 1 1 1 1 2 0 2 0 0 0 1 1
2 0 1 2 2 0 2 0 2 1 2 0 0 2 0 1 2 0 1 2 1 1 0 2 1 2 2
2 1 0 2 2 0 2 0 2 1 2 0 1 2 1 2 2 0 0 2 2 0 1 1 0 0 1
2 0 0 1 2 0 2 0 1 1 2 0 0 1 0 0 2 1 0 2 2 1 1 2 0 0 2
2 1 0 2 2 0 2 0 2 1 2 0 1 2 0 1 1 0 1 2 2 1 1 1 0 1 2
1 0 1 2 2 0 2 0 2 1 2 0 1 2 0 1 2 1 0 2 1 0 1 1 0 1 1
1 0 2 2 2 0 1 0 2 1 2 0 1 2 1 0 1 0 0 2 2 0 2 2 0 1 1
0 1 0 2 2 0 2 0 2 1 2 0 0 0 1 2 1 0 2 2 2 1 2 2 0 1 2
2 0 1 2 2 1 2 0 2 1 2 0 1 1 1 0 1 0 2 2 1 1 1 0 0 1 2
2 0 0 2 1 0 2 0 1 2 2 1 0 1 1 1 1 1 0 2 1 1 2 1 0 1 2
1 0 0 2 2 1 2 0 1 2 2 0 0 2 2 2 1 0 1 2 1 1 1 1 0 2 0
1 0 0 2 2 0 2 0 1 1 2 1 0 1 1 0 2 0 0 2 2 0 1 0 0 2 2
2 1 0 2 2 1 2 0 0 1 2 0 0 2 0 1 2 0 0 2 1 1 0 1 0 1 2
2 0 0 2 2 0 2 1 1 1 1 0 0 1 0 1 1 1 0 2 2 2 0 1 0 2 2
1 0 0 2 2 0 2 0 2 1 2 1 0 2 0 1 2 2 0 2 1 2 1 2 0 1 1
1 0 1 2 2 1 2 0 0 1 2 1 1 1 0 2 1 1 1 2 2 1 0 2 0 1 2
2 0 0 2 2 1 2 0 1 1 2 1 1 1 1 1 1 1 1 2 1 0 0 1 0 1 2
1 0 1 2 2 0 2 0 1 1 2 1 0 1 0 2 2 1 1 2 1 1 1 2 1 1 1
1 0 0 2 1 1 2 0 2 2 2 0 0 1 1 1 2 0 2 2 0 2 1 2 1 2 1
1 0 1 2 1 2 2 0 1 1 2 0 1 1 2 2 2 0 1 2 0 0 1 2 0 1 2
0 0 1 2 2 0 2 0 2 1 2 0 0 2 0 2 2 0 0 2 2 0 1 2 0 2 2
2 0 1 2 1 0 2 0 1 2 2 1 0 2 0 2 2 1 2 2 1 1 1 1 0 0 2
2 0 1 2 2 1 2 0 1 1 2 1 0 0 1 0 1 2 1 2 1 1 2 1 0 2 2
2 0 1 2 2 0 2 0 1 1 2 1 1 1 0 1 2 1 0 2 1 0 2 1 0 1 2
1 0 0 2 2 0 2 1 0 0 2 0 1 1 0 1 1 1 0 2 2 2 2 2 0 1 2
2 0 0 2 2 0 2 0 2 0 2 1 0 2 0 1 2 0 2 2 2 0 2 2 0 0 1
2 0 0 2 1 1 2 0 2 2 2 0 1 2 0 2 2 0 2 2 2 0 1 1 0 1 2
1 0 1 2 2 0 2 0 1 2 2 1 0 1 1 2 2 1 1 2 1 1 1 1 0 0 2
2 0 0 2 2 0 2 0 2 2 2 0 0 1 1 1 2 1 1 2 2 1 2 2 1 2 1
2 0 0 2 2 0 2 0 1 1 2 1 0 2 0 2 2 1 1 1 1 1 2 1 0 1 1
2 0 0 2 2 0 2 0 1 1 2 0 0 2 0 2 2 0 2 2 1 1 1 2 0 2 2
1 0 0 2 2 1 2 0 2 0 2 1 1 1 0 2 2 0 2 2 1 0 0 2 0 0 1
2 1 0 1 2 1 2 0 2 1 2 1 0 1 1 2 2 0 2 1 2 0 1 1 0 1 2
2 0 1 2 2 0 2 1 0 0 2 1 0 2 0 2 2 1 1 2 1 1 1 1 0 1 2
2 0 0 2 2 0 2 0 2 1 2 1 1 1 2 1 2 0 2 2 2 1 1 2 0 2 2
1 1 0 2 2 1 2 0 2 2 2 0 1 2 1 1 0 0 2 2 1 1 1 2 1 1 2
1 0 0 2 2 1 2 0 2 0 2 1 0 0 2 1 1 0 1 2 2 0 2 1 1 1 2
1 0 0 2 2 1 2 0 2 1 2 1 0 2 1 1 2 1 1 2 1 2 0 1 0 1 1
2 1 1 2 2 0 2 1 1 1 2 0 0 1 0 2 0 1 1 2 1 0 2 2 0 2 2
1 0 0 2 2 0 2 0 1 0 2 1 1 2 0 1 1 0 1 2 1 0 1 2 0 1 2
1 0 0 2 1 0 2 0 1 0 2 0 1 2 1 2 2 0 0 2 1 1 1 2 0 0 2
1 1 0 2 2 1 2 0 2 1 2 1 0 1 1 2 2 0 1 2 1 2 2 1 1 2 2
0 1 0 2 2 1 1 2 1 1 2 0 0 2 0 0 2 0 2 2 1 0 1 1 0 1 2
1 0 1 2 2 0 2 0 1 1 2 1 0 2 2 1 1 0 0 2 2 0 1 1 0 2 1
1 0 0 2 2 0 2 0 2 1 2 1 0 1 2 2 2 1 1 2 0 0 1 2 0 2 2
0 0 0 2 2 0 1 1 2 1 2 0 0 1 0 0 1 2 1 2 0 1 1 0 0 1 2
1 0 0 2 1 1 2 0 0 1 1 0 1 1 0 1 2 2 1 2 1 0 1 0 0 1 2
1 1 2 2 2 0 2 0 2 2 1 1 1 2 1 1 2 1 2 2 1 0 1 1 0 1 2
2 0 0 2 2 0 2 0 1 0 2 2 0 1 1 0 2 0 0 2 1 0 2 1 0 2 1
2 0 0 2 2 0 2 0 2 2 2 0 0 2 0 2 2 1 0 2 1 1 0 2 0 1 2
2 0 2 2 2 1 2 0 0 1 2 0 0 2 0 1 1 2 1 2 2 0 2 2 0 1 2
1 0 0 2 2 1 0 0 1 2 2 1 0 2 1 0 2 0 0 2 1 1 1 2 0 0 2
1 0 1 2 2 1 2 0 2 1 2 1 0 2 1 0 2 0 1 2 2 1 1 1 0 1 2
1 0 0 2 2 1 2 0 2 0 2 1 0 2 1 1 2 0 1 2 1 0 0 2 0 1 2
2 0 2 2 2 1 2 0 1 0 2 1 1 0 0 2 2 2 0 2 2 1 1 2 0 2 1
1 0 0 2 2 1 2 0 1 2 2 0 0 1 0 2 2 1 1 2 2 2 1 0 0 1 1
2 0 1 1 2 0 2 0 0 1 2 1 1 2 2 2 1 0 1 2 1 0 2 2 0 1 2
2 0 0 2 2 0 2 0 1 2 1 0 0 2 0 1 2 0 0 1 1 1 1 2 0 1 2
2 0 0 2 2 0 2 0 2 1 2 1 0 2 2 2 1 0 1 2 2 0 2 0 0 1 2
2 0 1 2 2 0 2 0 2 1 2 1 0 1 1 1 2 1 1 2 2 0 1 2 1 0 2
1 0 0 2 2 1 2 0 2 1 2 1 1 1 1 2 1 2 1 2 1 2 2 1 0 1 2
1 0 0 2 2 0 2 0 1 2 2 1 0 1 0 1 2 1 0 2 1 1 1 1 0 0 1
2 0 0 2 2 0 2 0 1 1 2 1 0 2 1 0 1 0 1 2 2 2 0 2 0 1 2
1 0 0 2 2 1 2 0 1 0 2 1 0 2 2 2 2 1 1 2 1 1 1 1 0 0 1
2 0 1 2 2 0 2 0 1 1 2 2 1 2 1 2 2 1 0 2 1 2 0 2 1 2 1
1 0 0 2 2 1 2 1 1 2 2 0 0 1 2 2 1 1 0 2 1 1 2 2 0 0 2
2 0 1 2 2 0 2 0 1 0 1 0 1 1 1 1 2 0 1 2 1 0 1 2 0 1 2
1 1 0 2 2 0 2 0 2 1 2 1 0 2 1 1 1 1 2 2 1 0 1 1 0 1 2
2 0 0 2 2 0 2 0 2 0 1 1 1 2 0 2 2 1 1 2 1 1 2 2 0 1 2
0 0 0 1 2 0 2 0 1 2 2 1 1 2 1 1 2 0 1 2 2 0 1 1 0 1 2
1 0 1 2 2 0 2 0 2 1 2 0 0 2 1 1 2 1 1 2 1 0 0 2 0 0 1
1 0 0 2 2 0 2 1 2 1 2 0 1 2 0 1 2 1 1 2 2 1 2 2 0 1 2
1 0 1 2 2 0 2 0 2 2 2 0 0 1 0 2 2 0 0 2 1 1 1 2 0 0 2
1 1 0 2 2 1 2 0 1 1 2 0 0 2 1 1 2 0 1 2 1 2 1 2 0 2 1
2 0 1 2 2 0 2 0 2 2 2 1 1 2 0 0 2 0 2 2 1 0 1 2 0 1 2
2 0 1 2 2 1 2 0 2 2 2 2 1 2 0 1 1 0 2 2 1 1 2 2 0 1 2
2 0 0 2 2 0 2 0 2 2 2 2 2 1 0 2 1 1 1 2 1 1 1 2 0 2 2
0 0 0 1 2 2 2 0 2 0 2 1 0 1 0 2 1 0 2 2 0 0 2 0 0 1 2
2 0 0 2 2 0 2 0 2 1 2 1 0 2 1 1 2 0 2 2 2 0 0 1 0 1 2
1 0 1 2 2 1 2 0 1 1 2 0 0 0 1 2 2 1 1 2 1 0 1 2 0 1 2
2 0 0 2 2 0 2 0 2 0 2 1 0 1 0 2 2 2 1 2 0 2 2 1 0 1 2
1 0 1 2 2 1 2 0 2 2 2 0 1 2 1 0 2 0 1 2 1 0 0 2 1 0 2
2 0 1 2 1 0 2 0 2 0 2 1 0 2 0 1 2 0 1 1 0 2 0 1 0 0 2
1 0 1 2 2 2 2 0 2 2 2 1 0 2 0 0 2 0 1 2 1 0 2 2 0 1 2
2 0 1 2 2 0 2 1 2 1 2 1 1 2 1 0 1 1 2 2 1 1 0 1 0 0 2
1 0 0 2 2 0 2 0 1 0 1 0 0 2 1 1 1 0 0 2 1 1 1 1 0 0 2
1 0 1 2 2 1 2 0 1 1 2 0 1 2 0 2 2 1 2 2 0 1 0 1 0 0 1
1 0 0 2 2 1 2 0 2 1 2 1 1 2 2 0 2 0 1 2 2 1 1 2 0 2 2
0 0 0 2 1 0 2 0 1 1 2 0 0 1 1 1 2 2 0 2 0 2 2 2 0 1 2
1 1 0 2 2 0 2 0 2 2 2 0 0 1 0 2 2 0 0 2 1 0 2 0 0 0 2
2 0 1 2 2 1 2 0 1 1 1 1 0 1 1 2 2 0 0 2 2 0 0 2 0 1 2
1 0 0 2 2 0 2 0 1 2 2 1 2 2 1 1 1 1 0 2 1 1 1 2 0 1 1
0 0 0 2 2 1 2 0 1 2 2 1 0 1 1 0 2 1 1 1 1 0 2 2 0 2 2
1 0 0 2 2 1 2 0 2 2 2 2 1 2 2 0 2 1 1 1 0 0 1 1 0 2 2
0 0 1 2 1 0 2 1 2 0 2 0 0 1 1 0 2 1 2 2 1 0 1 1 0 2 2
2 0 0 2 1 0 2 0 2 0 2 0 0 1 1 0 1 1 1 0 2 1 2 2 0 2 2
2 0 2 2 2 2 2 0 1 0 2 1 1 2 0 2 2 0 0 2 1 0 2 1 0 1 2
2 0 0 2 2 0 2 0 2 2 2 1 0 2 1 1 1 1 1 2 0 0 1 1 0 2 2
2 0 0 2 2 0 2 0 1 1 2 0 0 1 0 1 2 1 0 2 1 0 2 2 0 2 2
0 0 0 2 2 0 2 0 2 1 2 0 0 1 1 2 1 0 1 2 0 1 2 2 0 0 2
2 0 0 2 2 1 2 0 0 1 2 1 0 1 2 0 1 0 1 2 2 2 1 2 0 2 1
1 0 0 2 2 1 2 0 1 1 2 2 0 1 1 1 2 0 1 2 0 2 1 2 0 1 2
1 0 0 2 2 0 2 0 2 1 2 2 1 2 1 2 1 0 0 2 2 0 1 1 0 2 2
2 0 0 2 1 0 2 0 2 1 1 1 0 1 0 2 1 2 1 2 0 0 2 2 0 2 2
2 0 0 2 2 0 1 0 2 0 2 1 1 2 0 2 1 1 1 2 2 0 0 2 0 1 2
2 0 0 2 1 1 2 0 2 2 2 1 1 2 1 2 1 0 1 2 2 1 1 2 0 0 1
1 1 1 2 2 0 2 0 1 1 2 1 1 1 0 2 1 1 1 2 2 0 2 2 0 1 2
1 0 0 2 2 1 2 0 1 0 1 0 0 2 2 2 1 1 1 2 2 0 2 2 0 1 1
2 2 1 2 2 0 2 0 0 0 2 1 0 2 1 1 2 1 1 2 0 0 0 2 0 1 1
1 0 0 1 2 0 2 0 1 2 2 2 0 2 0 0 1 1 0 2 2 1 0 1 0 2 1
2 0 2 2 2 1 2 0 1 0 2 1 0 1 0 2 2 0 1 2 1 0 1 2 0 1 2
2 0 0 2 2 0 2 0 2 2 2 1 1 0 0 1 2 1 2 2 2 0 1 2 0 1 2
2 0 1 1 2 0 1 0 2 1 2 0 0 2 0 1 2 1 0 2 1 1 1 2 0 1 2
1 0 0 2 2 0 2 1 0 0 2 1 0 2 0 2 2 0 1 2 2 0 1 1 0 2 2
2 0 1 2 1 0 2 0 2 1 1 1 0 2 0 1 0 1 1 2 2 1 0 2 0 0 2
2 0 1 2 2 2 2 0 1 2 2 1 1 0 2 1 1 0 0 2 2 0 2 1 0 0 2
2 0 0 1 2 0 2 0 1 0 2 1 1 2 0 1 1 1 2 2 1 2 1 1 0 0 1
2 1 1 2 2 0 2 0 2 2 2 0 0 2 1 2 2 0 2 1 0 0 0 1 0 2 1
1 0 0 2 2 2 2 1 2 1 2 1 0 2 2 1 2 0 0 2 1 1 1 2 0 0 2
1 0 1 2 2 1 2 0 1 2 2 1 0 2 0 1 1 0 1 2 1 0 2 2 0 1 1
0 1 0 2 2 0 2 0 2 1 2 0 0 1 0 1 2 1 0 1 2 1 1 2 0 0 2
2 0 0 2 2 1 2 0 2 1 2 1 0 1 1 2 1 1 0 1 1 1 1 2 0 1 1
1 0 0 2 2 0 2 0 2 1 2 0 0 1 1 0 1 1 0 2 1 0 1 2 0 1 1
2 0 0 2 1 1 2 0 1 2 2 1 1 2 1 1 2 0 0 2 2 1 1 1 0 2 2
1 0 1 2 2 1 2 1 1 2 2 0 0 0 1 2 2 1 1 2 1 2 0 2 0 1 2
2 0 1 2 2 0 2 0 1 1 2 0 1 1 1 1 2 1 1 1 1 1 1 0 0 1 2
2 0 0 2 2 0 2 0 2 0 2 1 1 1 1 1 2 0 0 2 1 1 2 2 0 1 2
0 1 0 1 2 0 2 0 0 0 1 1 1 2 0 1 2 0 2 2 0 2 1 2 0 1 1
2 0 0 2 2 1 2 0 2 1 2 2 0 2 0 2 2 1 1 2 1 0 0 2 0 1 1
0 1 0 2 2 0 2 0 2 2 2 1 1 2 1 2 1 1 0 2 2 1 0 2 0 2 1
1 0 1 2 1 1 2 0 2 1 2 1 0 1 1 1 2 0 2 2 1 1 1 2 0 1 1
2 0 1 2 2 1 2 0 2 0 2 0 1 2 0 0 2 0 0 2 1 0 1 1 0 0 1
2 0 0 2 2 1 2 0 1 1 2 1 1 2 1 2 1 0 1 2 0 2 2 2 1 1 2
2 0 1 2 2 1 2 0 1 0 2 1 0 2 2 1 2 1 1 2 1 1 2 2 0 2 1
2 0 0 1 2 1 2 0 2 0 1 1 0 1 0 2 1 0 1 2 2 1 1 1 0 1 2
1 0 0 2 2 1 1 1 2 1 1 1 1 2 0 0 2 1 2 2 0 0 1 1 0 1 2
2 0 0 1 2 0 2 0 2 1 2 1 0 2 1 0 2 1 1 2 1 0 2 2 0 1 1
1 0 0 2 2 0 2 0 1 1 2 0 0 2 0 2 2 0 1 2 2 1 1 0 0 2 2
0 0 0 2 2 1 2 0 2 1 2 1 0 1 1 2 1 1 2 2 2 0 0 1 0 1 1
2 0 0 2 2 0 2 0 0 1 2 2 1 2 0 1 2 0 1 2 2 2 2 2 0 1 1
0 0 2 2 1 0 2 0 1 1 2 0 1 0 0 2 2 2 0 2 2 1 1 2 1 1 2
2 0 0 2 2 0 2 1 2 0 2 0 2 1 0 1 2 1 0 2 1 1 1 1 0 2 2
2 1 0 2 1 1 2 0 2 1 2 0 1 1 0 2 1 0 1 2 1 0 1 2 0 0 2
1 0 0 2 2 1 2 0 2 1 2 1 0 2 1 1 2 2 2 2 2 1 0 2 0 1 1
2 0 0 2 2 1 2 0 0 0 2 1 0 1 2 0 2 1 2 2 0 1 1 0 0 0 2
2 0 0 2 2 0 2 0 2 1 2 0 0 2 0 1 2 1 2 2 1 1 1 2 0 2 1
1 1 0 2 2 1 2 0 1 1 2 0 0 2 1 1 2 2 2 1 2 1 1 0 0 2 2
2 0 0 2 2 0 2 0 1 1 2 1 1 2 0 1 0 0 1 2 1 0 2 2 0 2 2
2 0 1 2 2 1 2 0 2 0 1 1 0 1 1 2 2 2 2 1 1 2 0 2 0 1 2
0 1 0 1 1 0 2 0 2 1 2 1 1 2 0 2 2 0 1 2 1 2 1 1 0 2 2
1 0 0 2 2 0 2 0 2 1 1 1 1 2 0 1 2 0 0 2 0 0 1 0 0 1 2
2 0 0 2 2 0 2 1 0 1 1 0 0 2 0 2 2 1 2 2 1 1 0 2 0 1 2
1 0 0 2 2 1 2 0 1 0 2 1 0 2 1 1 2 1 1 2 1 0 1 2 0 1 1
1 0 0 2 2 0 2 0 2 1 2 1 1 2 2 2 1 1 0 2 2 0 0 2 0 1 2
1 0 0 1 2 0 2 0 1 1 2 0 0 2 1 1 2 1 2 2 1 1 1 1 0 1 2
2 0 0 2 1 1 2 1 2 1 2 2 1 2 1 2 2 0 2 2 2 1 1 2 0 1 1
1 0 0 2 1 0 1 1 2 0 2 1 1 2 0 2 2 1 0 2 2 1 1 1 0 1 1
2 0 1 2 2 2 2 0 0 1 2 0 1 2 0 2 2 0 1 2 0 1 1 2 0 1 2
1 1 1 2 2 1 2 0 1 0 2 2 0 2 1 1 2 1 1 2 0 0 1 1 0 1 1
2 0 0 2 2 0 2 0 2 1 2 0 1 2 0 2 1 0 1 2 1 0 2 2 0 1 2
2 0 0 2 2 0 2 0 2 1 2 1 2 2 1 2 2 1 0 2 1 1 0 2 0 1 2
2 0 0 2 2 1 2 1 2 0 2 1 1 1 0 1 2 1 1 2 2 0 2 1 0 1 1
2 0 0 2 2 0 2 1 1 2 2 0 0 1 0 1 2 0 1 2 2 2 2 1 0 1 1
1 1 1 2 2 0 2 0 2 0 2 1 0 2 0 0 1 1 0 2 1 1 1 2 1 1 2
2 1 0 2 1 0 2 0 1 1 2 0 2 1 0 0 2 1 1 2 1 0 0 2 0 1 1
2 0 0 2 2 0 1 1 1 1 2 0 1 1 0 0 2 1 0 2 1 1 1 2 0 0 1
2 0 1 2 2 0 2 0 2 0 2 0 1 2 1 1 2 0 2 2 1 0 1 0 0 1 1
2 0 1 2 2 1 2 0 2 1 2 0 1 2 2 2 1 1 0 2 1 1 0 2 0 2 2
1 0 0 2 1 1 2 0 2 0 2 2 0 2 1 2 1 1 1 2 1 0 1 2 0 1 2
2 1 0 2 2 0 2 0 2 1 2 0 1 1 0 2 2 0 1 2 2 0 0 2 0 1 2
1 0 2 2 2 1 2 0 2 1 2 1 1 2 2 1 2 0 0 2 1 0 1 2 0 1 2
2 1 1 2 2 0 2 0 0 0 2 1 1 2 0 1 2 0 0 2 0 1 1 2 1 1 2
1 0 1 2 2 1 2 0 0 1 2 0 0 2 1 2 1 0 1 2 2 1 0 1 0 1 2
1 0 2 2 2 2 2 0 1 1 1 0 1 2 2 1 2 0 1 2 1 1 2 2 0 1 2
1 0 0 2 2 0 2 0 2 2 2 1 0 2 1 2 2 0 0 1 1 1 2 2 0 1 2
1 0 0 2 2 0 2 0 2 0 2 1 0 2 0 2 2 0 2 2 1 1 1 1 0 0 0
2 0 0 2 2 0 2 0 1 0 2 1 0 1 1 2 1 0 1 2 2 0 2 2 0 0 2
2 0 1 2 2 1 2 0 2 1 2 0 1 2 0 2 2 0 1 2 2 1 0 2 0 0 2
1 0 0 2 2 1 2 0 1 1 2 1 0 1 0 1 2 0 1 2 1 0 1 2 0 0 1
2 1 0 2 2 0 1 0 2 1 1 0 0 2 1 2 2 1 1 2 1 1 1 2 0 2 2
1 0 0 2 1 0 2 0 0 1 2 0 0 2 1 1 2 0 2 2 2 0 1 2 0 0 2
2 0 0 2 2 1 2 0 2 1 2 1 1 2 0 2 2 1 0 2 1 1 1 2 0 1 2
1 0 1 2 2 0 2 0 1 1 2 1 0 1 0 2 1 0 1 2 2 2 2 1 0 0 2
2 0 0 1 2 0 2 0 2 1 2 0 2 2 0 2 2 1 2 2 2 1 1 2 0 1 1
1 0 0 2 2 1 1 0 1 1 2 1 0 1 0 1 2 0 0 2 1 0 2 1 0 0 2
2 1 1 2 2 0 2 0 2 2 1 1 0 1 1 2 2 0 1 2 2 1 1 2 0 1 2
2 0 0 2 2 1 2 0 2 1 2 0 0 2 0 2 2 0 1 2 2 1 1 2 0 1 2
1 0 0 2 2 1 2 0 2 2 2 1 0 1 2 2 1 0 1 2 0 0 2 2 0 2 2
2 0 2 2 2 1 2 0 2 0 2 1 1 2 1 2 2 1 1 2 0 0 1 2 0 2 2
1 0 2 2 2 0 2 0 2 1 2 1 0 2 0 2 1 2 1 2 2 1 2 2 0 1 2
2 0 0 2 2 1 2 0 1 0 2 1 0 2 1 2 2 1 2 2 2 1 1 2 0 1 2
2 1 1 2 2 1 2 0 2 1 2 0 1 2 2 1 2 1 1 2 1 1 1 2 0 1 2
2 0 0 2 2 0 2 0 2 0 2 0 1 1 0 2 2 0 1 1 2 1 2 2 0 0 2
2 0 0 2 2 0 2 0 2 1 2 1 0 1 0 2 2 1 2 2 1 0 1 1 0 1 2
1 0 0 2 2 1 2 0 2 2 2 0 0 2 1 2 2 1 1 2 1 1 2 1 0 2 2
2 0 1 2 2 1 2 1 2 2 2 1 0 2 0 2 2 1 0 2 1 0 1 2 0 1 2
2 0 0 2 2 0 2 0 2 1 2 1 1 2 0 1 2 1 1 2 1 0 0 1 0 0 2
1 0 1 2 2 0 2 0 2 1 2 1 1 2 0 2 1 0 1 2 1 0 2 1 0 1 2
0 0 1 2 2 1 2 0 1 0 2 2 1 2 1 2 2 1 1 2 0 0 1 1 0 0 2
2 1 1 2 2 1 1 0 2 1 2 1 1 2 0 1 2 0 0 2 0 0 0 2 0 0 2
2 1 0 2 2 1 2 1 1 1 2 1 0 2 1 1 2 0 1 2 2 1 1 2 0 2 2
1 0 0 2 2 0 2 0 1 1 2 1 1 2 0 1 2 0 1 2 2 1 1 1 0 1 2
2 1 2 2 2 1 2 0 1 0 2 1 0 2 1 2 2 0 2 2 2 1 1 0 0 1 2
2 0 0 2 2 1 2 0 2 1 2 1 0 2 2 2 2 0 1 2 1 1 2 1 0 1 2
2 0 0 2 2 0 2 0 1 1 2 1 0 2 1 1 2 2 1 2 0 1 1 1 0 0 2
1 0 0 2 1 1 2 0 1 2 2 1 1 1 0 2 2 1 2 2 2 0 1 2 0 2 2
1 0 1 2 2 1 2 0 1 2 2 0 0 1 0 1 2 0 1 2 2 1 1 1 0 0 2
1 0 1 2 2 0 2 0 2 1 2 0 0 2 1 1 2 0 0 2 1 1 1 1 0 1 2
2 1 0 2 2 0 2 0 2 0 2 2 0 2 0 1 2 0 0 2 2 2 2 2 0 1 1
1 0 1 2 1 0 2 0 2 0 2 1 1 2 0 1 2 1 0 2 1 1 0 1 0 1 2
2 0 0 2 2 0 2 0 2 1 2 0 1 2 1 1 1 1 1 2 2 1 1 2 0 1 1
1 0 0 2 2 0 2 0 1 1 2 0 2 2 1 2 2 0 2 2 1 1 0 2 0 1 1
1 0 0 2 1 1 1 0 2 1 2 1 0 1 0 2 2 1 1 2 1 1 2 1 0 2 0
2 0 0 2 2 2 2 0 1 0 2 2 0 2 0 1 2 0 0 2 1 1 2 1 0 1 1
1 0 0 2 2 0 2 0 2 2 2 2 1 2 0 2 1 1 1 2 1 1 1 2 1 2 2
0 0 0 2 2 1 2 0 1 1 2 1 0 2 1 2 2 1 1 2 1 0 1 1 0 1 1
1 0 1 1 2 1 2 1 1 0 2 0 2 2 1 2 1 1 0 2 2 0 2 2 1 1 1
2 0 0 2 1 1 2 0 2 1 2 2 0 1 1 0 2 0 0 2 2 0 0 2 0 0 2
1 0 0 2 2 0 2 0 1 1 1 1 1 2 2 2 2 1 1 2 1 1 2 2 0 2 1
1 0 1 1 1 0 2 0 2 0 2 1 0 1 1 2 1 1 0 1 1 1 1 2 0 0 2
2 0 0 2 2 0 2 0 0 2 2 1 0 0 0 1 1 0 2 2 2 1 2 2 0 1 2
2 0 0 1 1 0 2 0 0 2 2 1 1 2 0 2 1 0 1 2 2 0 1 0 0 1 2
0 0 0 2 2 0 2 0 1 1 2 0 0 2 2 1 1 1 0 2 2 2 0 2 0 0 2
2 0 0 2 2 1 2 0 1 2 2 0 0 2 1 2 2 1 0 2 0 1 2 1 0 0 1
1 0 0 2 2 0 2 0 2 2 2 1 0 2 0 2 2 0 2 2 2 1 1 0 0 2 2
2 0 0 2 2 1 2 0 1 1 2 0 0 1 2 1 1 0 1 2 2 2 1 2 0 0 2
2 0 0 2 2 0 2 0 1 1 2 0 0 1 1 2 2 0 0 2 0 1 0 1 0 1 2
2 1 0 2 2 1 1 0 2 2 2 1 1 2 0 1 2 0 1 2 1 0 1 1 0 2 2
2 0 0 2 2 1 1 0 1 1 2 0 1 2 1 1 2 1 2 2 2 1 0 1 0 2 2
2 0 1 2 2 1 2 0 2 0 2 0 1 2 1 2 2 1 0 2 0 1 1 1 0 1 0
2 0 0 2 2 0 2 0 1 2 2 1 1 1 0 1 2 0 0 2 2 1 1 1 0 1 2
1 0 0 2 2 0 2 0 2 1 2 1 1 2 2 2 2 1 0 2 0 0 1 2 0 2 2
1 0 0 2 2 0 2 0 0 1 1 1 0 2 1 1 1 1 0 2 1 0 1 1 0 1 2
1 0 1 2 2 0 2 0 1 1 2 0 1 2 1 1 2 0 0 2 2 2 2 1 0 1 1
2 1 0 2 2 1 2 0 2 2 2 1 0 0 1 1 1 0 1 2 1 1 0 2 0 1 2
1 0 0 2 2 0 2 1 2 2 2 1 1 2 1 2 2 0 2 2 2 1 1 1 0 1 0
1 1 0 2 2 1 2 0 2 1 2 1 0 2 0 1 2 1 0 2 1 0 2 1 0 2 1
0 0 0 2 2 1 2 0 2 2 2 0 0 0 0 2 1 1 0 2 2 1 0 2 0 1 2
1 0 0 2 2 1 2 0 1 0 2 0 2 1 1 0 2 1 2 2 2 1 1 2 0 1 1
1 0 1 2 2 0 2 0 2 0 2 1 0 2 0 1 1 0 2 2 1 2 1 1 0 1 2
2 0 0 2 2 0 2 0 1 1 2 0 1 1 0 0 1 1 2 2 2 1 0 1 0 0 2
0 0 1 2 2 0 2 0 2 0 2 1 1 2 0 2 1 0 1 2 2 1 2 2 1 2 1
2 0 0 2 2 1 2 0 2 0 2 1 1 1 1 2 2 0 1 2 2 2 0 2 0 1 1
2 0 0 2 2 0 2 1 1 0 2 1 1 1 0 0 2 0 2 2 1 1 1 2 1 2 2
2 0 0 2 2 0 2 0 2 1 2 0 0 2 0 2 2 0 1 2 2 1 1 1 0 1 1
1 0 1 2 2 0 2 0 1 0 2 0 1 2 0 2 1 1 0 2 1 1 1 1 0 0 1
2 0 0 2 2 1 2 0 2 1 1 1 0 2 1 2 1 1 0 2 1 0 2 1 0 1 2
2 0 1 2 2 0 2 0 1 2 2 1 1 2 1 1 2 1 0 2 2 1 1 2 0 1 2
2 0 1 2 2 0 2 0 2 2 2 1 0 1 0 2 1 0 0 1 1 0 2 2 0 0 1
1 0 2 2 2 1 2 1 1 1 2 1 1 1 0 2 2 1 2 2 2 1 0 2 0 2 2
1 0 1 2 2 0 2 0 0 1 2 1 0 2 0 1 1 1 1 2 2 1 1 0 0 1 1
2 0 1 2 2 0 1 1 2 1 2 1 1 1 1 2 2 0 1 2 0 2 2 1 0 1 2
0 0 0 2 2 0 2 0 2 0 2 1 1 1 0 2 1 2 1 2 2 2 1 2 0 1 2
2 0 0 1 2 0 2 1 2 0 2 0 1 0 0 1 0 0 0 2 1 0 0 0 0 2 2
2 1 1 2 2 0 2 0 2 0 2 0 0 2 1 2 2 0 2 2 2 1 2 2 0 1 2
1 1 0 1 2 1 2 0 2 2 2 1 1 2 0 2 1 0 1 2 1 0 1 2 1 0 2
2 0 1 2 1 2 2 0 2 1 2 0 0 2 0 1 1 0 0 2 2 1 2 1 0 1 1
2 0 1 2 2 0 1 0 2 1 2 0 1 1 0 1 1 0 1 2 1 1 0 1 1 1 1
1 0 1 2 2 0 2 0 0 2 2 0 2 2 0 1 1 0 1 2 2 1 2 2 0 1 1
2 0 2 2 2 2 1 0 2 1 2 1 0 2 1 2 2 0 1 2 0 0 2 2 0 1 1
2 0 0 2 2 0 2 0 2 2 2 2 1 1 0 1 2 1 2 2 1 1 1 2 0 2 2
2 0 1 2 2 1 2 0 0 1 2 1 0 2 1 2 1 1 1 2 2 1 1 2 1 0 1
1 0 0 2 2 1 2 0 2 1 1 0 0 1 1 2 2 0 1 2 1 0 0 2 0 2 2
1 0 0 2 2 0 2 0 1 0 2 2 1 2 0 1 1 0 1 2 2 1 2 2 0 1 2
2 0 0 2 1 0 2 0 1 0 2 1 1 2 0 0 2 1 1 1 0 0 1 1 0 2 2
1 0 0 2 2 0 2 0 2 0 2 1 0 2 1 2 2 1 1 1 1 2 1 2 1 2 2
2 0 0 2 2 0 2 1 1 2 2 1 1 2 1 2 1 1 1 2 0 1 1 2 0 0 2
2 0 0 2 2 1 2 1 2 1 2 0 1 1 1 2 0 1 1 2 0 1 2 2 0 1 2
1 0 0 2 2 0 2 0 2 1 2 1 0 2 0 2 1 1 1 2 1 1 0 1 0 2 0
1 0 0 2 2 0 2 0 1 1 2 0 0 2 0 2 2 0 1 2 1 2 1 1 0 1 2
2 0 1 2 2 0 2 0 2 1 2 1 1 2 0 2 2 0 1 2 0 1 0 2 0 1 2
2 0 0 2 1 0 2 1 1 1 2 1 0 2 0 1 1 0 1 2 1 1 1 0 0 2 2
1 0 0 2 2 0 2 0 2 1 2 1 0 1 0 2 1 0 0 2 1 1 1 2 0 2 1
1 0 0 2 2 0 2 0 0 1 2 1 0 2 0 0 1 0 1 2 0 0 1 1 0 2 1
1 0 0 2 2 1 2 0 1 2 1 0 0 1 0 1 1 0 1 2 2 0 1 2 0 2 2
2 1 0 2 2 1 2 0 1 1 2 0 1 1 1 0 2 1 1 2 0 1 2 1 0 1 2
1 0 0 1 2 0 2 0 2 1 2 1 0 2 0 2 2 0 0 2 1 1 1 2 0 0 2
2 0 0 2 2 0 2 0 1 1 2 1 1 1 0 1 2 0 0 2 1 2 0 1 0 0 1
1 0 0 2 2 0 2 0 2 2 2 1 0 2 0 2 2 0 2 2 2 1 0 1 0 2 2
0 0 0 2 1 1 2 0 1 1 1 1 1 2 1 1 1 1 0 2 1 1 1 2 0 1 2
1 0 0 2 2 1 2 0 0 1 2 0 1 1 1 1 2 0 0 2 0 2 2 2 0 0 2
2 0 0 2 1 0 2 0 2 1 2 0 0 1 2 1 2 0 0 2 1 1 0 2 0 0 2
2 0 0 2 2 0 2 0 2 1 2 0 0 1 0 1 2 1 1 2 2 1 2 0 0 1 2
2 0 0 2 2 0 2 0 1 1 2 1 0 2 1 2 2 1 1 2 1 0 1 0 0 1 2
2 0 0 2 2 0 2 0 2 2 1 0 0 2 1 1 2 1 2 2 1 1 2 2 0 1 2
1 0 0 2 2 1 2 0 2 1 2 2 0 2 1 1 1 1 1 2 1 0 2 2 0 0 2
2 1 0 2 2 0 2 0 1 2 1 0 1 1 0 2 0 1 1 2 1 1 1 0 0 1 2
2 0 0 2 2 1 2 0 2 1 2 1 2 2 1 2 1 0 1 2 2 2 1 1 0 2 1
2 0 0 1 2 0 2 1 2 1 2 1 0 2 0 0 1 1 1 2 2 0 1 2 0 1 2
1 0 1 2 2 0 2 0 2 0 2 1 0 2 1 2 2 0 2 2 0 0 1 2 0 1 1
2 0 0 2 2 0 2 0 1 0 2 0 0 2 0 2 1 0 0 2 2 0 2 2 0 2 2
2 0 0 2 2 1 2 0 2 2 1 0 0 2 0 1 0 1 1 2 1 1 0 2 0 0 2
1 0 0 2 2 0 2 0 2 1 2 0 1 2 0 2 1 1 0 2 1 0 0 2 0 1 2
1 0 0 2 2 0 2 0 1 0 1 1 1 1 0 0 1 0 1 2 1 2 1 2 0 1 2
2 0 1 2 2 0 2 0 0 1 2 0 1 2 0 1 1 0 0 2 0 1 1 1 0 1 2
1 0 0 2 2 0 1 0 2 2 1 1 0 2 2 0 1 0 0 2 1 0 1 1 0 0 2
1 1 1 2 2 0 2 0 1 0 2 1 0 2 1 2 2 1 2 2 0 1 1 2 0 2 2
1 0 0 2 2 0 1 0 1 0 2 2 0 1 0 1 2 0 0 2 2 0 1 1 0 1 1
2 0 0 2 2 2 2 0 1 1 2 1 0 2 0 2 2 0 0 2 1 0 1 2 0 1 2
2 1 1 2 2 1 2 0 0 2 2 2 2 2 1 2 2 0 1 2 2 0 1 1 0 1 2
2 0 1 2 2 2 2 0 2 1 2 0 1 2 1 2 2 1 2 1 1 0 2 2 0 1 2
2 0 1 2 2 1 2 0 2 1 2 0 0 2 2 1 1 0 1 2 1 1 1 0 0 1 2
2 0 1 2 2 0 2 0 2 1 1 0 0 1 0 1 2 0 1 2 2 1 1 2 1 2 2
0 0 1 2 2 0 2 0 2 0 2 0 0 2 0 1 2 0 0 2 2 1 1 1 0 0 2
1 0 1 2 1 1 2 0 2 2 1 1 1 1 0 2 2 0 1 2 2 2 2 2 0 2 1
2 0 1 2 2 0 2 0 1 1 2 1 0 2 1 0 1 0 0 2 2 0 1 2 0 0 2
2 0 0 1 2 1 2 0 2 2 2 0 1 2 0 1 2 0 0 2 1 0 1 2 0 1 1
1 0 0 2 2 2 2 1 2 0 2 1 0 1 0 1 2 1 1 1 1 2 0 2 0 1 1
1 0 1 2 2 0 2 1 1 1 2 1 0 2 0 2 1 1 2 2 2 1 1 1 0 2 2
1 1 1 1 2 0 2 0 2 0 2 1 0 2 1 1 2 0 1 2 1 1 0 2 0 2 1
0 0 1 2 2 0 2 0 0 2 2 1 0 1 0 1 2 0 1 2 1 0 2 1 0 2 2
1 0 0 2 2 2 2 0 2 0 2 1 0 1 1 2 1 0 2 2 1 1 1 2 0 1 2
1 0 0 2 2 1 2 0 2 0 2 2 1 2 1 0 0 1 1 2 2 1 1 2 0 1 2
1 0 0 2 2 0 2 0 2 1 2 0 0 1 1 1 2 2 1 2 2 1 2 2 0 1 2
0 1 0 2 2 1 2 0 1 1 2 0 0 0 0 1 2 1 2 2 1 1 2 0 0 1 2
1 0 1 2 2 0 2 1 2 1 2 0 1 0 1 2 2 0 2 2 1 1 0 2 0 1 2
1 0 0 2 2 0 2 0 2 0 2 0 0 1 0 0 2 1 0 2 1 0 1 1 0 2 1
1 0 0 2 2 0 2 0 2 2 2 1 0 1 1 2 1 0 1 1 1 1 1 1 0 1 1
1 0 0 1 2 0 2 0 0 0 2 0 0 2 0 1 2 1 1 2 1 2 1 2 0 1 1
0 0 0 2 2 0 2 0 1 0 2 1 0 2 0 2 2 0 1 2 2 2 1 2 0 2 2
2 0 0 2 2 0 2 1 0 2 2 1 2 2 1 2 2 0 1 2 2 1 1 1 0 1 2
2 0 0 2 2 1 2 0 2 1 2 0 1 1 1 2 1 0 0 2 0 0 1 1 0 1 1
2 0 1 2 2 1 2 0 1 1 2 1 0 2 0 2 1 0 1 2 1 0 2 1 0 1 1
2 0 0 1 2 0 1 0 2 2 2 0 1 2 1 1 0 1 2 2 1 0 2 2 1 2 1
1 0 0 2 2 0 2 1 2 1 2 2 0 2 0 2 2 0 1 2 1 2 2 2 0 2 2
1 0 0 2 1 0 1 0 2 0 2 0 1 2 0 0 2 1 1 2 2 0 0 2 1 1 1
1 0 0 2 2 0 2 0 1 0 2 1 0 2 0 1 2 0 2 2 1 1 1 2 0 1 2
2 0 1 2 2 1 2 0 1 1 2 0 0 1 2 1 1 0 1 2 2 1 1 2 0 2 1
1 0 1 2 2 0 2 0 2 1 2 0 0 2 0 1 1 0 0 2 0 0 1 1 0 2 1
1 0 0 2 2 1 2 0 2 2 2 0 2 2 0 1 2 1 0 2 0 0 1 1 0 0 1
2 0 0 2 2 1 2 0 2 1 2 0 0 1 0 1 2 0 1 2 1 0 1 2 0 0 2
0 1 0 2 2 0 2 0 2 0 1 0 0 2 1 1 2 0 1 2 0 1 1 2 1 2 1
2 0 0 2 2 0 2 0 2 2 2 0 1 2 0 2 1 0 0 2 2 1 1 2 0 1 1
2 0 1 2 2 1 2 0 1 0 1 1 1 1 1 2 2 1 0 2 1 0 1 2 0 1 2
2 0 0 2 2 0 2 0 1 0 2 0 1 2 0 1 2 0 0 2 2 0 1 2 0 2 2
1 0 0 2 2 0 2 0 2 0 2 0 0 2 1 1 0 0 1 2 1 0 0 2 1 1 1
2 0 0 2 2 1 2 1 1 1 2 1 0 2 1 1 1 0 1 2 1 0 1 2 0 1 2
2 0 0 2 2 0 2 0 1 2 2 0 1 2 0 1 1 0 1 2 1 1 1 1 0 2 2
1 0 0 2 2 1 2 0 1 1 2 1 0 2 0 2 2 0 1 2 1 1 0 2 0 0 2
1 0 0 2 2 1 2 0 2 1 1 2 1 2 1 2 1 1 2 1 2 1 1 0 0 1 2
1 0 0 2 2 1 2 0 2 0 2 1 0 1 1 2 1 0 2 2 2 1 1 2 0 1 1
2 0 0 2 2 1 2 0 2 1 2 1 0 2 0 2 2 1 0 2 2 0 1 1 0 1 2
1 0 0 1 2 0 2 0 2 1 2 0 0 1 0 0 1 0 1 2 1 2 2 1 0 2 1
1 0 0 2 2 1 2 0 1 2 1 0 0 2 1 2 1 2 0 2 1 1 1 1 0 1 1
1 0 0 2 2 1 2 0 2 2 2 2 1 2 2 1 1 1 1 2 2 1 1 2 1 1 2
1 0 0 2 2 0 2 0 2 1 2 1 1 2 0 1 1 1 0 2 1 1 0 1 0 1 2
2 0 0 2 2 0 2 0 2 1 2 0 1 2 2 1 2 2 2 2 1 0 1 2 0 2 2
2 0 0 2 2 1 2 0 2 1 2 0 0 2 0 1 1 0 0 2 2 2 1 1 0 1 2
1 1 0 2 1 0 2 0 2 1 2 0 0 1 0 0 1 0 1 2 0 1 2 2 0 1 2
0 0 1 2 2 1 2 1 1 1 2 1 0 1 1 1 1 0 0 2 1 0 1 2 0 0 2
1 0 0 2 2 0 2 0 1 1 2 0 0 2 0 2 2 1 2 1 0 0 1 2 0 1 2
2 0 0 2 2 0 2 0 1 2 2 0 1 1 1 2 2 0 1 2 2 1 1 2 0 1 2
2 0 0 2 1 0 2 0 2 0 1 1 1 2 0 2 2 0 1 2 2 1 1 2 0 0 2
2 0 0 2 2 1 2 1 1 0 1 1 0 1 1 1 2 0 0 2 1 0 1 1 0 2 2
2 0 2 2 2 0 2 0 1 1 2 0 0 1 1 1 2 1 1 2 1 0 0 2 0 2 1
2 0 1 1 2 0 2 0 1 0 2 0 2 1 1 2 2 0 0 2 2 2 0 1 0 1 2
0 0 0 2 2 0 2 0 2 0 1 1 0 0 1 1 1 1 1 2 1 0 1 2 0 1 2
2 0 0 2 2 1 2 0 2 0 2 0 0 2 0 2 2 0 1 2 1 0 0 2 0 2 1
1 0 0 2 2 0 2 0 1 1 1 0 0 1 0 0 1 1 1 2 1 0 1 2 0 1 1
2 1 2 2 2 0 2 1 1 2 2 0 0 1 0 2 1 1 0 2 1 0 1 1 0 2 2
1 0 0 2 1 2 2 0 2 1 2 0 1 1 1 2 1 0 2 2 2 1 2 2 0 0 1
2 0 1 2 2 0 2 0 2 2 2 0 0 2 0 1 1 0 2 2 1 0 1 2 1 2 1
2 0 2 2 2 0 2 0 2 2 2 2 0 1 0 0 0 1 0 2 2 0 1 0 0 1 1
2 0 1 2 2 0 2 0 2 2 2 1 0 1 1 1 1 1 1 2 1 1 1 2 0 2 2
2 0 0 1 1 1 1 0 1 1 2 1 1 2 0 1 2 2 1 2 2 0 2 1 0 1 2
2 0 1 2 2 1 2 0 2 2 2 0 0 1 1 2 2 2 1 2 1 1 0 2 0 2 2
0 0 0 2 2 1 2 0 2 0 2 1 1 2 0 1 1 0 0 2 2 1 2 1 0 1 1
1 0 0 1 2 0 2 0 1 0 2 2 0 2 0 1 2 0 1 2 2 0 1 2 0 2 2
0 0 0 2 2 0 1 0 1 2 2 0 1 2 1 1 1 0 1 2 2 0 1 2 0 1 2
0 0 0 2 2 1 1 0 2 1 2 1 1 2 0 1 2 0 1 2 1 1 2 2 0 0 1
2 0 0 2 2 1 2 0 2 1 2 0 1 2 1 2 2 1 2 1 2 0 1 1 0 0 2
2 0 1 2 2 0 2 1 2 1 2 0 1 2 1 2 1 0 1 2 1 0 2 1 0 1 2
2 1 1 2 2 0 2 0 1 0 2 0 1 2 0 2 2 0 1 2 2 1 2 2 0 0 2
2 0 0 2 2 1 2 0 2 1 2 0 0 1 0 0 1 1 1 1 1 0 0 1 0 1 2
1 1 0 2 2 0 2 0 1 0 2 1 0 1 1 1 1 1 1 2 2 1 2 2 0 1 2
2 0 0 1 2 1 2 0 2 2 2 2 0 1 0 1 2 1 1 2 1 1 1 2 0 2 1
2 1 1 2 2 0 2 0 2 2 1 1 0 2 0 1 2 1 1 2 0 1 2 2 0 2 1
1 0 0 2 2 0 2 0 2 2 2 0 1 1 2 0 2 0 1 1 1 0 2 1 0 2 2
0 0 0 2 2 0 2 0 2 1 2 0 0 1 0 0 1 1 0 2 0 2 0 1 0 2 2
0 0 1 2 2 1 2 0 2 1 2 1 1 1 1 1 2 1 0 2 2 1 2 1 0 1 1
2 0 1 2 2 0 2 0 2 2 2 0 1 0 1 2 2 1 2 2 2 2 0 2 0 2 2
1 0 0 2 2 1 2 0 1 2 2 1 0 1 0 1 2 0 2 2 1 1 1 1 0 1 1
1 0 0 2 2 0 2 0 1 1 2 1 2 2 2 1 1 1 1 2 2 0 0 2 0 1 2
1 0 0 2 2 0 2 0 0 1 2 1 0 1 1 1 1 1 2 2 1 0 2 1 0 1 2
1 0 0 2 2 0 2 0 1 1 2 1 1 2 0 1 2 0 1 2 2 0 0 2 0 1 1
2 0 0 2 2 0 2 0 2 1 2 1 0 1 0 1 1 0 1 2 0 1 2 2 0 1 2
1 0 0 2 2 1 2 0 2 1 2 1 1 1 0 0 1 0 1 2 0 0 1 2 0 0 2
0 0 0 2 2 0 2 0 1 1 2 0 0 2 0 1 2 0 1 2 1 0 2 2 0 1 2
2 0 0 1 2 1 2 0 2 1 2 1 0 2 1 1 2 0 2 2 0 1 0 2 0 1 2
1 0 0 2 2 0 2 0 2 1 2 0 0 0 0 2 1 0 0 2 2 0 1 0 0 1 2
1 0 0 2 2 0 2 0 2 1 1 0 1 2 0 1 2 0 1 2 1 1 1 2 0 1 2
2 0 1 2 2 1 2 0 2 2 2 1 0 2 1 2 2 1 2 2 2 0 1 2 0 1 2
0 0 1 2 2 0 2 0 2 2 2 0 0 1 2 2 2 0 0 2 0 1 1 2 0 1 2
2 0 0 2 2 0 2 0 2 1 2 0 1 1 0 1 1 0 0 2 2 0 1 1 0 0 2
2 0 1 2 2 1 2 0 0 2 1 1 0 2 1 2 1 0 1 2 2 2 0 2 1 2 2
1 0 0 2 2 0 2 0 1 1 2 1 1 2 1 1 2 0 0 2 0 1 1 1 0 1 2
0 0 1 2 2 0 2 0 1 2 2 0 2 1 0 1 2 1 1 2 1 1 1 2 0 2 1
1 0 0 2 2 1 2 0 1 1 2 1 1 1 1 2 0 1 1 2 0 1 0 2 0 0 1
1 0 1 2 2 1 2 0 2 0 2 2 1 2 0 1 1 1 2 2 2 1 0 2 0 0 2
2 0 0 2 2 1 2 0 1 1 2 0 0 2 0 1 1 0 2 2 2 1 0 2 1 2 1
1 1 1 2 1 0 2 1 1 1 2 1 0 2 0 2 2 0 1 2 1 1 2 2 0 1 2
1 0 0 2 2 0 2 0 2 2 2 0 1 1 0 1 2 1 0 2 1 1 1 1 0 1 2
2 1 1 2 2 1 2 0 1 0 2 0 2 0 1 1 1 1 0 2 0 0 2 2 1 2 2
1 0 0 2 1 0 2 0 2 2 1 0 0 2 0 2 1 1 1 2 2 1 1 2 1 1 2
1 0 2 2 2 1 2 0 1 1 2 1 1 2 1 0 2 0 1 2 1 0 0 1 0 1 1
2 0 1 2 2 0 1 0 1 1 1 1 2 2 1 0 2 1 2 1 2 1 1 2 0 1 2
0 0 0 2 2 0 2 0 1 1 2 0 0 2 1 1 2 1 1 2 1 0 1 2 0 0 2
2 0 0 2 2 0 2 0 2 2 2 1 0 2 0 2 2 1 0 2 2 1 0 0 0 1 1
2 0 1 2 2 0 2 0 1 0 2 2 0 1 1 2 2 0 0 2 1 1 2 2 0 2 2
2 0 0 2 2 0 2 0 1 1 2 0 1 1 1 2 2 1 1 2 2 1 0 2 0 1 2
2 1 0 2 2 0 2 0 2 1 2 1 0 2 1 2 2 1 0 2 1 1 1 2 0 1 2
2 0 1 2 2 0 2 0 1 1 2 1 0 0 0 0 1 1 1 1 2 0 0 2 0 2 1
0 0 2 2 2 0 1 0 1 1 1 1 1 2 1 2 2 0 1 2 2 2 2 1 0 2 2
1 1 0 2 2 0 2 1 2 0 2 0 0 2 1 1 1 0 1 2 0 0 0 1 0 2 2
1 0 1 2 2 0 2 1 1 1 2 1 1 2 1 1 2 0 2 2 1 1 2 1 0 2 1
0 1 1 2 2 1 2 0 1 0 2 0 0 1 0 1 2 1 1 2 0 0 1 1 0 1 2
1 0 1 2 2 1 2 0 1 1 2 0 2 2 1 1 1 0 1 1 0 0 0 2 0 1 2
1 0 1 2 2 0 2 0 2 0 2 1 1 2 1 1 2 1 1 2 2 0 1 2 0 2 2
2 0 1 2 2 1 2 0 1 0 2 1 0 1 0 0 1 1 2 2 1 1 0 1 0 2 2
2 0 0 2 2 0 2 1 2 2 2 1 0 1 1 2 2 0 1 0 1 2 1 1 0 1 2
2 0 0 2 2 1 2 0 2 2 2 1 0 1 1 2 1 1 2 2 1 0 1 1 0 1 1
0 0 0 2 2 0 2 0 2 2 1 1 2 2 2 2 1 1 1 2 2 1 1 1 0 2 1
2 0 0 2 2 0 2 0 0 2 1 0 1 2 1 2 2 0 1 2 2 0 1 2 0 2 2
2 0 0 2 2 0 2 0 2 1 2 0 0 1 1 1 2 0 0 2 0 1 1 2 0 0 2
1 0 0 2 2 0 2 0 2 2 2 2 1 2 0 2 2 2 1 1 0 0 0 1 0 0 1
1 0 0 2 2 0 2 0 0 1 2 1 1 2 2 2 2 1 0 2 2 0 1 2 0 2 2
1 0 1 1 2 1 2 0 0 2 2 1 1 2 0 2 1 0 2 2 2 2 1 2 0 0 1
2 0 1 2 2 1 1 0 1 2 2 0 2 2 0 1 0 1 1 2 2 1 2 2 0 2 2
2 0 1 2 2 1 2 0 2 1 2 1 1 1 1 1 2 1 2 2 1 1 1 1 0 0 2
0 0 0 2 2 0 2 0 2 1 1 0 0 2 2 1 2 0 1 1 0 1 0 1 0 1 2
1 0 0 2 1 1 2 0 2 0 2 2 0 1 0 2 1 1 1 2 1 0 1 2 0 1 2
2 0 1 2 2 0 2 0 2 2 1 0 0 1 1 0 1 0 0 2 1 1 2 2 1 1 1
0 0 1 1 2 0 2 0 1 1 2 1 0 2 0 1 0 0 1 2 1 0 0 0 0 1 2
2 0 0 2 1 1 2 0 1 1 2 2 0 2 1 1 1 0 1 2 1 1 0 2 0 2 1
1 0 0 2 2 2 2 0 2 1 2 1 1 1 0 1 1 1 1 2 1 0 1 1 0 1 2
1 0 0 2 2 0 2 0 2 1 1 1 0 2 1 1 1 0 1 2 2 0 2 0 0 1 1
2 0 0 2 2 0 2 0 1 2 2 1 0 2 1 1 2 1 1 2 2 0 0 1 0 2 2
1 0 0 2 2 0 2 0 1 1 2 1 0 2 0 2 2 0 1 1 1 1 1 2 1 1 2
2 0 0 2 2 0 2 0 2 0 2 0 0 2 0 2 2 0 1 2 2 0 0 1 0 1 1
2 0 0 2 2 0 2 0 2 1 1 0 0 1 0 1 2 1 1 2 2 1 1 1 0 2 2
2 0 1 2 2 0 2 0 2 1 2 0 0 2 2 1 2 0 0 2 1 1 1 2 0 2 2
2 0 0 2 2 1 2 0 1 2 1 1 0 2 0 1 2 1 2 2 1 1 0 2 0 2 2
1 0 1 2 2 1 2 0 1 2 2 1 0 0 1 2 1 0 1 2 2 0 0 1 0 1 2
2 0 0 2 2 0 2 0 1 2 2 0 1 2 1 1 2 1 2 2 2 0 2 1 0 1 1
2 0 0 2 2 1 2 0 1 1 2 1 0 2 0 1 2 0 1 2 1 1 1 2 0 1 2
2 0 0 2 2 1 2 0 0 2 2 1 0 1 1 1 2 1 1 2 1 1 1 1 0 0 1
1 0 1 2 2 1 2 0 1 2 2 2 0 1 0 2 2 2 1 2 0 1 0 2 0 1 2
2 1 0 2 2 2 2 0 2 1 2 0 0 1 0 2 1 1 0 2 1 0 2 2 0 1 2
2 0 0 2 1 1 2 0 2 1 2 0 0 0 0 2 2 0 1 2 1 0 1 2 0 2 1
1 0 2 2 2 0 2 0 2 1 2 0 2 1 2 1 2 0 1 2 1 1 1 1 0 0 2
2 0 0 2 2 1 2 0 2 1 2 1 1 2 1 0 2 0 0 2 0 0 0 1 0 0 1
2 0 0 2 1 0 2 0 1 0 2 0 0 2 0 2 1 0 0 2 0 1 1 2 0 2 1
1 0 0 2 2 1 2 0 1 0 2 2 1 2 1 1 2 1 1 0 2 0 1 1 0 1 2
2 0 0 2 2 0 2 1 2 1 2 2 0 2 1 0 2 0 0 2 1 1 1 1 0 1 2
2 0 0 2 2 0 2 0 2 0 2 1 1 2 0 1 2 2 1 0 2 1 2 1 0 0 2
2 1 2 2 2 0 2 0 1 1 2 1 0 2 2 0 1 0 2 2 2 1 0 1 0 1 2
1 0 0 2 2 1 2 0 2 2 2 0 1 1 0 2 2 1 1 2 1 0 1 1 0 2 0
1 0 0 2 1 0 2 1 2 1 2 0 1 2 1 2 2 1 0 1 2 0 1 1 0 0 2
1 0 1 2 1 0 2 1 2 0 2 0 0 2 1 2 2 0 1 2 1 1 1 2 0 1 2
2 0 0 2 2 0 2 0 2 1 2 1 0 2 1 2 2 1 1 2 2 0 1 2 0 1 2
1 0 2 1 2 0 2 0 1 1 1 1 0 1 1 1 2 1 2 2 2 1 2 2 0 1 2
1 1 0 2 2 1 2 0 2 1 2 1 0 0 0 0 1 1 0 2 1 0 2 0 0 0 2
2 0 0 2 1 0 2 0 2 1 2 0 0 1 1 1 1 0 0 2 2 0 1 2 0 0 1
2 0 0 2 2 0 2 0 2 2 2 0 2 2 0 2 1 1 1 2 2 1 1 1 0 2 2
2 0 0 2 2 0 2 0 2 0 2 1 1 1 0 2 2 0 1 2 1 0 0 2 0 2 2
2 0 0 2 2 1 1 0 1 2 2 0 0 0 1 1 2 0 1 2 1 0 0 1 0 2 1
2 0 0 2 1 0 2 0 1 1 2 1 0 1 1 1 2 1 1 2 1 1 2 2 0 1 1
1 0 1 2 2 1 2 0 1 1 2 0 0 2 1 2 2 1 1 2 2 1 1 1 0 1 2
2 0 0 2 1 0 2 0 2 2 2 1 1 2 1 1 2 0 2 2 2 0 0 2 0 1 2
1 0 0 2 2 1 2 0 1 0 2 1 0 1 1 2 2 0 0 2 2 0 1 2 1 1 2
1 0 0 2 2 0 2 0 2 1 2 0 0 1 0 1 2 1 0 2 1 1 0 1 0 1 2
2 0 0 2 2 0 2 1 2 2 2 0 1 1 0 2 2 0 1 1 1 1 1 2 0 1 1
1 1 0 2 2 0 2 0 2 1 2 1 1 2 0 2 1 0 1 2 1 1 1 2 0 1 2
1 0 1 2 2 0 2 0 1 1 2 0 0 2 1 1 2 0 2 2 1 0 1 2 1 2 2
1 0 1 2 1 0 2 0 2 2 2 1 1 1 0 2 1 0 1 2 2 2 1 1 0 2 2
1 1 1 1 2 0 2 0 1 0 2 0 0 0 0 1 2 0 1 2 2 1 2 1 0 1 1
1 0 1 2 1 0 2 0 2 0 2 0 0 2 0 2 1 1 2 2 1 1 0 2 0 2 2
2 0 0 2 2 1 2 0 1 1 2 1 0 1 2 2 2 0 1 1 0 1 1 1 0 1 2
1 0 0 2 2 1 2 0 2 2 2 0 2 2 1 1 2 0 1 2 1 0 0 2 0 0 2
2 0 0 2 2 0 2 0 2 1 2 2 0 2 1 2 2 1 0 2 1 1 1 1 0 2 1
1 0 0 2 2 1 2 1 1 1 1 0 1 2 1 1 2 0 2 2 1 1 1 2 0 0 2
2 1 0 2 2 0 2 0 1 0 2 0 0 2 1 1 1 0 1 2 1 0 0 2 0 2 0
1 0 0 2 2 0 2 0 1 1 2 1 0 2 0 1 2 0 0 2 2 1 0 2 1 2 2
2 0 0 2 2 0 1 0 0 1 2 2 0 2 0 2 1 0 1 2 1 1 1 0 0 2 2
2 0 0 2 2 0 2 0 1 0 1 2 1 2 1 2 2 1 1 2 2 1 1 1 0 2 2
2 0 0 2 2 0 2 0 1 2 2 1 2 1 0 1 2 0 1 1 2 2 1 2 0 1 2
2 0 0 2 2 1 2 0 1 1 2 1 0 2 1 0 1 0 2 2 2 0 2 2 0 2 1
2 0 0 2 1 0 2 0 1 1 2 0 0 2 0 0 2 0 2 2 1 0 1 1 0 1 2
1 0 0 2 2 0 2 1 1 0 1 1 0 2 2 1 0 0 2 2 1 1 0 2 0 1 2
1 0 0 2 1 0 2 0 2 2 1 1 1 2 1 2 2 0 2 2 0 1 0 2 0 2 1
0 0 0 2 2 0 2 0 1 0 2 1 0 2 1 2 2 1 1 1 1 1 2 1 0 2 1
2 1 1 2 2 1 1 0 1 0 1 0 0 2 0 1 2 2 0 2 2 1 2 2 0 1 1
1 0 0 2 1 0 1 0 1 1 2 0 0 1 0 0 2 0 2 2 1 1 2 1 0 1 2
2 0 0 2 2 0 2 0 1 0 1 1 0 2 1 1 2 0 1 2 2 1 1 1 0 1 1
2 0 0 2 2 0 2 0 2 1 2 1 0 2 0 1 2 2 2 2 2 2 2 1 0 1 2
1 0 0 2 2 1 2 1 1 1 2 0 0 2 0 1 1 0 0 2 1 0 2 2 0 2 2
2 0 1 2 2 0 2 0 1 1 2 1 0 2 1 2 1 0 2 2 0 1 0 1 0 1 1
1 0 0 2 2 0 1 0 2 1 1 0 1 2 0 2 2 0 0 2 2 0 2 0 0 2 1
0 1 1 1 2 0 2 0 2 1 2 1 0 2 0 2 2 0 1 2 2 0 1 2 0 2 2
0 0 0 2 2 0 2 0 1 1 2 0 0 1 1 1 1 1 1 2 2 0 2 1 0 1 2
2 0 1 2 2 0 2 0 2 1 2 0 0 2 1 2 1 1 0 1 1 0 1 1 0 1 2
2 0 2 2 2 0 2 0 2 1 2 1 2 1 0 2 2 0 1 1 2 2 2 0 0 1 2
2 2 0 2 2 0 2 0 1 1 1 0 0 2 0 0 1 0 0 2 1 1 1 0 0 1 2
1 0 0 2 2 1 2 0 2 0 2 1 0 2 1 1 1 0 1 2 1 0 1 2 1 1 1
1 0 1 2 1 0 2 0 2 0 1 1 1 1 0 1 1 0 1 2 0 0 1 1 0 1 2
1 0 0 2 2 0 2 0 2 0 2 0 1 1 1 1 2 0 2 2 1 1 0 1 0 2 2
2 0 0 2 2 0 2 0 2 1 2 0 0 1 1 2 1 0 2 2 2 1 1 2 0 0 2
1 0 1 2 1 0 2 0 2 1 2 1 0 1 1 1 2 1 0 2 1 1 1 1 0 2 2
1 0 0 2 2 1 2 0 1 1 2 1 1 2 0 0 2 2 2 2 1 1 2 2 0 1 2
1 0 0 2 2 0 2 0 2 1 2 1 1 2 1 1 2 0 1 2 1 0 1 0 0 2 2
1 0 1 2 2 0 2 0 1 1 2 1 0 2 1 2 2 1 0 2 1 1 1 2 0 1 1
2 1 0 2 2 1 2 0 2 2 2 1 0 1 1 0 0 0 1 2 2 0 2 1 0 2 1
0 0 0 2 1 1 2 0 2 0 2 1 0 1 1 2 1 1 0 2 2 2 1 2 0 1 2
1 0 2 2 2 0 2 0 0 1 2 0 0 2 2 2 2 0 1 2 1 2 1 1 0 1 2
1 0 0 2 1 0 2 0 0 2 2 1 0 2 1 2 2 1 0 2 2 0 1 2 0 2 2
2 0 1 1 2 1 2 0 2 0 2 1 0 2 0 2 2 1 1 2 2 1 1 2 0 1 2
1 1 0 2 2 1 2 0 2 0 2 1 0 2 0 1 2 1 2 2 2 2 2 1 0 1 1
2 0 1 2 2 1 2 1 0 2 2 0 0 1 1 1 2 1 2 2 2 2 0 2 1 1 2
1 0 0 2 2 1 2 0 1 0 2 0 1 2 0 1 2 0 0 2 1 1 1 2 0 1 1
1 0 1 2 2 1 2 0 2 1 2 1 0 2 1 0 2 1 1 2 2 2 0 1 0 1 2
1 0 0 2 2 0 2 0 1 1 2 0 1 2 1 1 2 0 0 1 1 1 1 2 0 1 2
0 0 0 2 1 1 2 1 2 2 2 0 0 1 0 0 2 1 0 2 0 2 1 0 0 2 2
2 0 0 2 2 0 2 0 1 0 2 1 0 1 0 2 1 2 1 2 2 0 2 0 0 1 1
1 0 0 1 1 1 2 0 2 1 2 2 0 2 1 1 2 0 2 2 2 0 0 1 0 0 2
1 0 0 2 2 1 2 0 0 1 2 0 0 2 0 2 2 0 1 2 0 0 2 1 0 2 2
2 0 1 2 2 0 2 0 1 1 2 1 0 1 0 0 2 0 0 2 1 1 2 1 0 0 2
2 0 1 2 2 0 2 0 1 2 2 1 1 2 0 1 1 0 0 2 2 1 0 1 0 2 2
2 0 0 2 2 0 2 0 1 1 1 1 2 0 1 2 0 1 0 2 1 2 2 2 1 2 2
1 0 0 2 2 1 2 0 1 1 2 0 1 2 0 1 2 1 1 2 1 1 2 2 0 0 2
2 0 0 2 2 0 2 0 0 1 2 1 1 2 0 1 1 0 1 2 1 1 1 2 0 1 2
1 0 0 2 2 0 2 0 2 2 2 1 1 2 1 2 2 0 1 2 1 1 2 1 0 1 2
0 1 0 2 1 0 2 0 1 2 2 1 0 2 0 2 1 2 1 1 1 1 1 2 0 2 1
1 0 0 1 2 0 2 0 1 2 2 0 1 1 0 0 1 1 2 2 1 0 1 0 0 0 2
1 0 0 2 2 1 2 0 1 2 2 1 0 1 0 1 2 1 0 2 2 0 1 2 0 1 2
2 2 1 2 2 0 2 0 2 1 1 0 0 2 1 1 1 0 1 2 0 0 1 2 1 2 2
1 0 0 2 2 0 2 0 2 2 2 0 0 2 0 1 2 0 1 2 1 1 0 1 0 2 2
2 1 0 2 2 0 2 0 2 0 2 0 0 2 0 0 2 0 1 2 2 1 0 1 0 0 1
2 1 1 2 2 0 2 0 1 1 2 1 0 2 2 1 1 0 2 1 1 0 1 0 0 2 2
2 0 1 2 1 2 1 0 2 1 2 1 0 2 1 2 2 1 0 2 1 1 1 2 0 2 2
2 0 1 2 2 0 2 0 2 0 2 1 0 2 0 2 2 0 2 2 1 1 2 2 0 1 2
1 0 0 2 2 0 2 0 1 2 2 1 1 2 0 1 2 0 1 2 2 0 2 0 0 1 2
2 0 0 2 2 0 2 0 1 2 1 0 0 2 0 1 1 2 0 2 1 1 1 2 0 0 1
1 0 2 2 2 0 2 0 2 0 2 1 0 2 0 1 2 0 1 2 1 1 1 2 0 1 2
2 0 1 1 2 0 2 0 0 2 2 1 0 2 1 0 2 0 1 2 1 1 1 2 0 0 2
2 1 0 2 1 0 2 0 1 2 2 2 0 0 0 1 1 0 1 2 2 1 1 1 0 1 1
1 0 1 2 2 1 2 0 1 0 2 1 1 1 1 2 1 1 1 2 1 0 1 2 0 1 0
1 0 1 2 2 1 1 1 1 2 2 1 1 2 2 2 2 0 0 2 2 1 2 0 0 2 2
0 0 0 2 2 1 2 0 1 0 2 0 1 0 1 1 1 0 0 2 1 1 1 2 0 2 1
1 0 1 2 2 1 2 0 2 2 2 0 1 2 0 1 1 1 1 2 1 1 2 1 0 1 1
1 0 0 2 2 1 2 0 1 0 2 1 0 2 1 1 2 0 1 2 2 1 0 2 0 2 2
1 0 0 2 1 1 2 0 2 2 2 1 0 0 0 0 1 1 0 2 2 1 0 2 0 1 1
0 0 2 2 2 0 2 0 1 0 2 0 0 2 1 0 1 0 2 2 2 1 1 2 1 2 2
2 0 1 2 2 0 2 0 1 1 2 2 0 2 0 2 2 0 1 2 2 0 1 2 0 1 2
1 0 2 2 2 0 2 0 2 2 2 1 1 2 1 0 2 1 1 1 1 2 2 0 0 2 2
2 0 0 2 2 0 2 0 2 1 2 1 0 1 1 2 1 1 2 2 2 1 1 0 0 1 1
1 1 0 1 2 0 2 1 1 1 2 2 0 2 0 2 1 0 1 2 2 2 1 1 0 2 2
1 0 1 2 2 0 2 1 1 2 2 1 0 1 1 2 2 0 1 2 2 0 1 2 0 1 2
2 1 2 2 2 1 2 0 2 1 2 1 0 1 1 0 2 0 1 1 1 1 1 2 1 1 2
1 0 0 2 2 0 2 0 0 1 1 0 0 2 1 1 0 1 0 2 1 2 1 2 0 1 2
0 0 0 2 2 0 2 0 1 2 2 1 0 2 1 0 2 1 1 2 1 1 2 2 0 1 2
2 0 0 2 2 0 2 0 1 1 2 2 0 2 1 1 1 1 1 2 1 1 1 2 0 1 1
2 0 0 2 1 0 2 0 1 2 2 1 1 1 2 1 2 0 1 2 1 0 1 2 0 1 1
2 0 1 2 2 0 2 0 1 2 2 1 1 2 1 2 1 0 2 2 1 2 1 1 0 1 2
1 0 0 2 2 0 2 0 0 1 2 2 0 2 2 2 2 1 1 2 0 0 2 0 0 1 2
0 0 1 1 2 0 2 0 1 1 2 0 0 1 1 2 1 0 0 2 1 0 1 1 1 2 1
2 0 1 2 2 1 2 0 1 1 2 1 1 0 0 0 2 0 1 2 2 1 0 1 0 2 1
2 0 0 2 1 0 2 0 0 1 2 0 1 1 0 0 1 0 1 2 1 2 1 2 0 1 1
2 0 0 2 2 0 2 0 0 1 2 0 0 2 1 2 2 2 1 1 2 1 0 2 0 0 1
2 1 0 2 1 0 2 0 2 1 1 1 0 0 1 1 1 2 1 2 2 1 1 2 0 2 2
2 0 0 2 2 0 2 0 2 0 2 0 0 1 0 2 2 0 2 2 2 0 2 2 0 2 2
1 0 0 1 2 0 2 0 2 1 2 0 0 2 2 1 0 1 1 2 1 1 1 2 0 0 2
2 0 2 2 2 1 2 0 2 1 2 0 0 1 0 0 2 1 1 2 1 1 1 2 0 1 2
1 0 0 2 2 0 2 0 2 1 2 1 0 2 0 0 2 1 0 1 0 1 2 0 0 2 1
0 1 0 1 1 0 2 0 1 2 2 0 1 2 1 2 2 2 0 2 1 1 1 2 0 2 1
2 0 0 2 1 1 2 0 2 2 2 0 1 2 0 2 1 0 0 2 1 1 2 2 0 2 2
1 0 0 2 2 0 2 0 2 1 2 1 0 1 1 1 2 0 0 2 1 0 2 2 0 2 2
2 0 0 2 1 0 2 0 1 2 2 1 1 2 0 1 2 1 0 2 1 1 0 2 0 2 2
2 0 0 2 2 1 2 0 2 2 2 1 1 2 1 1 2 0 0 2 1 1 1 1 0 2 1
2 0 1 2 2 0 2 0 1 1 2 0 0 1 2 1 2 1 1 2 1 1 2 2 0 0 2
2 0 0 2 2 0 2 1 1 1 2 1 0 2 1 2 2 1 1 2 1 1 0 2 0 1 2
1 0 1 2 2 0 2 0 1 0 2 0 1 2 1 2 1 1 1 2 1 0 1 2 0 2 2
2 0 1 2 2 1 2 0 1 2 2 0 1 1 0 1 2 1 1 2 1 1 1 0 0 2 1
2 0 0 2 2 0 2 0 2 1 2 0 0 1 1 1 1 0 0 1 2 1 1 1 0 1 2
0 0 0 1 2 0 2 0 2 0 2 1 0 2 0 2 2 0 1 1 2 1 2 2 0 2 2
0 0 0 2 2 0 1 0 2 1 2 0 0 1 0 2 1 1 0 2 2 0 1 2 0 1 1
2 0 1 2 2 0 2 0 1 1 2 0 0 2 1 2 1 1 2 2 2 1 1 2 0 1 1
1 0 1 2 1 0 2 0 2 1 2 0 1 1 1 1 1 0 0 2 1 0 2 1 0 1 2
2 0 0 1 2 1 2 0 2 2 1 1 0 2 0 0 2 0 0 2 2 1 2 1 0 2 1
1 0 2 2 2 0 2 0 1 0 2 0 1 1 1 2 2 0 1 2 2 1 0 1 0 0 2
2 0 1 2 2 1 2 0 1 1 2 1 0 1 1 1 2 1 0 2 1 1 2 1 1 1 2
0 1 0 2 2 1 2 1 1 1 1 0 1 2 0 2 2 0 0 2 1 1 0 2 0 0 2
2 0 1 2 2 0 2 0 2 2 2 0 0 1 0 2 1 0 1 2 0 1 2 2 0 1 2
1 0 0 2 2 1 2 0 1 2 2 0 0 0 0 1 2 0 1 2 1 0 1 2 0 1 2
1 0 0 1 2 1 2 0 1 1 2 1 1 2 1 2 1 2 1 2 1 1 0 1 0 1 2
2 0 0 2 2 0 2 0 2 2 2 1 2 2 1 1 2 1 2 2 0 2 2 1 0 1 2
2 1 1 2 2 0 2 1 2 1 2 0 1 1 1 1 1 2 2 2 2 2 1 2 0 1 2
1 0 0 2 2 0 2 1 2 2 2 1 0 2 1 1 0 0 1 2 2 0 1 1 0 1 2
2 0 1 2 2 1 2 0 1 1 2 0 0 0 1 1 1 0 2 2 2 1 1 1 0 2 2
1 0 0 2 2 0 2 0 1 1 2 0 1 1 1 2 2 0 0 2 1 1 1 2 0 1 2
2 0 0 2 2 0 2 0 1 1 2 1 0 2 1 2 2 0 1 1 2 2 2 2 0 1 2
1 0 1 2 2 0 2 0 2 0 2 0 0 1 0 0 1 1 1 2 1 0 0 1 0 2 1
2 0 0 2 2 0 2 0 1 1 2 0 0 2 2 2 2 0 1 2 1 1 1 2 0 0 2
2 0 0 2 2 0 2 0 1 1 2 1 0 1 0 2 1 1 1 1 1 1 1 1 0 1 2
1 0 0 1 2 0 2 0 0 1 2 1 1 1 1 0 1 0 1 2 1 1 2 0 0 2 2
2 0 0 2 2 0 1 0 2 0 2 1 1 1 0 1 2 1 0 2 1 1 0 2 0 2 2
2 0 0 2 2 1 2 0 2 0 2 0 0 2 1 1 2 1 0 2 0 1 2 2 0 0 2
2 0 0 2 2 1 2 0 1 0 2 2 0 0 0 0 2 0 2 2 2 0 1 2 0 0 2
1 0 1 2 2 0 2 0 2 1 2 1 0 2 1 0 1 0 0 2 2 1 1 2 0 2 1
2 0 0 2 2 0 2 0 2 1 2 1 2 1 1 1 2 0 1 2 2 0 0 2 1 1 1
2 1 0 2 1 0 2 0 1 2 2 0 1 2 1 1 2 0 1 2 1 0 0 1 1 1 2
2 0 0 2 2 1 2 0 2 0 1 1 2 2 0 1 2 1 2 2 1 0 1 1 0 1 2
1 0 0 2 2 0 2 0 2 0 2 0 0 1 1 2 2 0 2 2 1 0 2 2 0 2 2
2 1 0 2 2 0 2 0 2 2 2 0 0 0 1 2 1 0 1 2 0 1 1 2 0 1 1
1 1 0 2 2 0 2 0 1 2 2 0 0 2 0 1 2 2 2 2 2 0 1 2 0 2 2
2 0 0 2 1 0 2 0 2 1 2 1 0 2 0 2 0 0 0 2 2 0 1 2 0 1 2
2 0 0 2 2 1 2 0 2 2 2 0 0 1 1 0 1 0 1 2 2 1 1 2 0 1 1
1 0 0 2 2 0 2 0 2 0 2 1 0 2 0 1 2 2 1 1 2 0 1 2 0 0 1
2 1 0 2 2 0 2 0 2 1 1 1 0 2 1 1 1 1 0 2 2 1 0 2 0 0 2
1 0 0 2 2 1 2 0 2 1 2 0 1 0 2 2 2 1 1 2 0 1 0 1 0 1 2
2 0 1 2 2 0 2 0 1 0 0 0 0 1 0 1 1 1 1 2 2 0 2 2 0 0 2
2 1 0 2 2 1 2 0 1 1 2 1 0 2 1 2 1 1 2 2 1 2 0 1 1 2 2
1 0 0 2 2 0 2 0 2 2 2 0 0 2 1 2 2 1 2 2 2 2 0 1 0 1 2
1 0 1 2 2 1 2 0 1 1 2 0 2 2 0 1 2 1 2 2 2 1 1 0 0 2 1
2 0 1 1 2 1 2 0 2 1 2 1 1 1 2 2 2 1 1 2 2 1 0 2 0 0 1
1 0 2 2 2 0 1 0 1 2 2 0 0 2 0 1 2 1 1 2 2 2 2 2 0 0 2
2 1 0 1 2 0 2 1 2 0 2 1 2 2 1 2 1 0 2 2 2 2 1 1 0 2 2
1 0 0 1 2 0 2 0 0 2 2 0 0 2 1 2 2 0 0 0 0 2 0 2 0 1 2
1 0 1 2 2 2 2 0 2 0 2 1 0 2 0 0 2 0 2 2 2 0 1 1 0 1 2
2 0 1 2 2 1 2 0 1 2 2 1 1 2 0 2 2 0 2 2 1 0 0 1 0 1 1
1 0 0 2 2 0 1 0 0 0 2 1 1 2 1 1 1 1 1 2 1 0 2 2 0 0 1
2 0 0 2 2 0 2 0 1 1 2 0 1 2 0 2 1 1 0 2 2 0 2 2 0 2 1
2 1 0 2 2 0 1 1 1 2 1 0 2 1 2 0 2 1 1 2 1 1 1 2 0 2 2
1 0 0 2 2 1 2 0 0 1 2 1 0 2 0 1 2 2 0 2 1 1 1 2 0 0 1
1 0 0 2 2 0 2 0 1 1 2 1 1 2 1 2 2 1 1 2 1 1 1 2 0 1 2
2 0 2 2 2 2 2 0 2 2 2 0 0 2 0 1 2 0 1 0 2 1 2 2 0 2 2
2 0 2 2 2 1 2 0 1 2 2 1 0 2 2 2 1 1 0 2 0 1 1 2 0 2 2
0 0 0 2 2 0 2 0 0 2 2 0 1 2 1 2 2 1 1 2 1 1 0 1 0 0 2
1 0 0 2 2 1 2 0 2 2 2 0 0 2 1 1 2 0 1 2 1 0 1 1 0 1 1
1 1 1 2 2 1 1 1 2 0 2 0 0 1 0 2 1 1 2 2 1 2 0 2 1 2 2
2 0 1 2 2 1 2 0 1 0 2 0 0 1 0 2 0 0 1 2 0 1 2 1 0 1 1
1 0 1 2 1 0 2 0 2 2 2 2 0 2 0 0 2 0 1 2 2 1 1 2 0 0 2
2 1 0 2 2 0 2 0 2 2 2 0 1 2 1 1 2 1 0 2 1 1 2 1 0 1 2
2 0 0 2 2 0 2 0 1 2 2 1 0 1 1 1 2 0 1 2 1 2 2 1 0 1 2
1 0 1 2 2 0 2 0 2 0 2 0 0 2 1 2 2 1 2 2 2 1 0 1 0 1 2
1 1 0 2 2 1 2 0 2 1 2 0 1 1 1 2 1 0 1 2 0 1 2 1 0 2 2
1 0 0 2 2 2 2 0 1 0 2 2 1 2 0 2 1 0 1 2 0 2 2 1 0 2 0
2 1 0 1 2 1 2 0 1 1 2 1 1 2 2 2 2 2 1 2 2 0 1 1 0 1 2
2 0 0 2 2 0 2 0 2 1 2 1 0 1 0 0 2 1 1 2 0 1 1 1 0 2 2
2 0 0 1 2 1 2 0 1 0 2 2 1 1 1 1 2 1 0 2 2 1 1 2 0 1 1
1 0 0 1 2 1 2 1 2 2 2 1 1 1 0 1 2 0 1 2 2 2 0 2 0 1 2
1 0 1 2 2 0 2 0 2 0 2 1 1 2 1 1 2 1 1 2 1 0 0 2 0 1 2
2 0 0 2 2 0 2 0 2 2 2 1 1 1 1 2 2 0 1 2 1 1 0 2 0 0 2
2 0 0 2 2 0 2 0 1 1 2 1 0 2 0 0 0 0 1 2 2 2 0 1 0 0 1
1 0 0 2 2 0 2 0 1 0 2 0 0 1 0 2 1 0 2 2 2 1 0 2 0 1 1
1 0 0 2 2 0 2 0 0 2 2 1 1 2 1 0 2 1 1 2 2 0 0 2 0 1 2
2 0 0 2 2 0 2 0 2 1 1 0 1 2 0 2 1 1 1 2 2 1 0 2 0 1 2
1 0 1 2 2 1 2 0 1 2 2 1 0 2 1 2 2 0 1 2 2 1 1 1 1 1 2
1 0 1 2 2 0 2 0 1 0 2 2 0 1 2 0 2 1 2 2 0 1 1 0 0 2 2
2 0 0 2 2 1 2 0 1 2 1 0 0 2 0 0 2 0 1 2 0 1 0 2 0 0 2
2 1 0 2 1 1 2 0 2 0 2 1 0 2 0 2 2 1 1 1 1 2 2 0 0 2 2
2 0 1 2 2 0 2 0 2 1 2 1 0 1 0 2 2 0 2 2 1 0 1 2 0 2 2
1 0 1 2 2 1 2 0 2 2 2 1 1 2 1 0 0 0 1 2 1 1 0 2 0 0 2
2 0 1 2 2 1 2 0 2 1 2 0 0 1 1 2 1 1 1 2 1 2 1 2 1 0 2
1 0 0 2 2 1 2 0 2 2 1 1 0 2 0 2 2 0 2 2 2 0 1 1 0 2 2
2 0 1 2 2 0 2 0 1 2 2 1 1 2 0 2 2 0 0 2 2 1 1 2 0 2 2
1 2 1 2 2 0 2 0 2 1 2 1 1 2 1 1 2 1 2 2 1 1 0 2 0 1 2
1 0 0 2 2 0 2 0 0 0 1 1 2 1 2 2 2 0 0 2 1 1 0 2 0 1 2
2 0 0 2 2 2 2 0 1 1 2 1 0 2 1 1 2 0 1 2 2 2 0 2 1 1 2
2 0 1 2 2 0 2 0 2 1 2 1 0 2 1 1 2 0 0 1 2 0 0 1 0 1 2
2 0 0 2 2 0 1 0 2 1 2 1 0 2 2 1 2 1 1 2 1 1 0 1 0 2 2
2 1 0 2 2 0 2 0 1 1 2 1 0 0 1 1 1 1 2 1 2 0 0 2 1 0 2
2 0 1 2 2 0 2 0 2 1 2 0 1 1 0 2 0 0 1 2 1 2 2 1 1 1 2
1 0 0 2 2 0 2 0 2 1 2 0 1 1 1 2 2 0 1 2 1 0 2 2 1 1 2
1 0 0 2 2 1 1 0 2 1 2 0 0 0 1 2 1 1 0 2 1 1 0 2 0 1 1
1 1 0 2 2 0 2 0 2 0 2 2 0 2 0 2 2 1 2 2 0 1 1 1 0 2 1
1 0 0 2 2 0 2 0 1 2 2 1 1 0 1 2 1 0 2 2 0 0 2 1 0 1 1
1 0 1 2 2 0 2 0 2 1 2 0 1 2 2 2 1 1 2 2 2 1 1 2 0 2 2
1 0 0 2 2 1 2 0 2 2 2 0 0 1 0 0 2 0 2 2 1 1 0 2 0 1 2
1 0 0 2 2 0 1 1 2 0 2 0 1 2 1 0 1 0 1 2 1 0 2 2 0 0 0
2 0 1 2 2 0 2 0 2 0 2 0 0 1 0 2 1 0 2 2 2 0 2 1 0 2 2
2 0 0 2 2 0 2 0 2 2 1 1 1 2 0 2 2 2 2 2 2 0 0 2 0 2 1
1 0 0 2 2 1 2 0 2 0 2 1 1 1 0 1 2 1 0 2 2 0 1 1 0 1 2
1 0 2 1 2 0 2 0 1 0 2 0 0 2 1 2 1 1 0 2 1 1 1 2 0 2 1
2 0 0 2 2 0 1 0 1 2 2 0 1 1 0 2 2 0 2 2 1 1 1 1 0 1 1
2 1 1 2 2 0 2 0 2 0 1 1 1 2 1 2 2 0 2 2 2 0 2 1 0 1 2
1 0 0 2 2 0 2 0 2 2 2 1 0 1 1 1 2 1 0 2 2 0 2 2 1 1 1
1 0 1 2 2 0 2 0 1 1 2 0 2 1 0 2 2 0 0 2 1 2 1 1 0 2 2
1 0 0 2 2 1 2 0 1 0 2 0 1 2 1 0 2 0 1 2 2 1 1 2 0 1 2
1 0 0 2 2 1 2 0 0 2 2 1 1 1 1 2 2 1 1 2 2 1 0 1 0 1 2
1 1 0 2 2 0 2 0 2 1 2 1 0 1 0 2 2 0 1 2 1 1 2 1 0 2 1
0 0 1 2 2 0 2 0 2 2 1 0 1 2 0 2 1 1 2 2 1 0 1 2 0 1 2
0 0 0 2 2 0 2 0 1 2 2 0 0 2 0 1 1 0 0 2 2 1 1 2 0 2 2
2 0 1 2 2 0 2 0 0 1 2 0 0 2 1 0 1 1 1 2 1 1 0 2 0 1 1
2 0 2 2 2 2 2 0 2 2 2 1 0 2 0 2 2 1 2 2 0 0 2 2 0 0 2
2 0 0 2 2 0 2 0 0 2 2 1 1 2 1 2 1 1 2 2 1 1 1 2 0 0 2
1 0 0 1 1 1 2 0 2 1 2 1 0 0 1 2 2 0 1 2 0 1 2 1 0 1 2
1 0 0 2 2 0 2 0 0 1 2 2 0 2 2 1 2 0 0 2 2 0 0 2 0 1 2
2 1 1 2 2 0 2 0 1 0 2 1 0 2 1 0 2 0 0 1 0 1 1 2 0 2 2
