rs2419343 rs9309462 rs6748801 rs16842959 rs11687481 rs3772846 rs17431991 rs2806233 rs7788717 rs2514875 rs2053450 rs7089315 rs10762121 rs1149725 rs11226074 rs4764698 rs10130236 rs4886578 rs3785877 rs1701643 rs6014948 rs2834736
0 1 0 2 0 2 1 0 2 2 0 2 1 1 2 2 2 2 0 0 1 1
0 0 0 2 0 2 2 0 2 0 1 2 2 1 1 2 2 2 0 0 2 1
1 0 0 2 0 2 2 0 2 0 0 2 2 1 1 2 2 2 0 0 2 1
0 0 0 2 0 2 2 1 2 0 0 1 1 1 1 2 2 2 1 1 2 2
1 0 0 2 0 2 2 0 1 0 0 2 2 0 2 2 2 2 0 0 2 1
0 0 0 2 0 2 2 0 2 0 0 0 1 0 1 2 2 2 0 0 2 1
1 0 0 2 1 2 2 0 2 1 0 2 2 0 1 2 2 2 0 0 2 1
1 0 0 2 1 2 2 0 2 0 0 2 1 1 1 2 2 2 0 0 2 2
1 0 0 2 0 2 2 0 2 0 0 2 1 0 2 2 2 2 0 0 2 0
0 1 0 1 1 2 2 0 2 0 0 1 1 1 0 2 2 2 0 0 2 2
0 0 0 2 0 2 2 0 2 1 0 2 1 1 2 2 2 2 0 1 2 2
1 0 0 2 0 2 2 0 2 0 0 1 2 0 2 2 2 2 0 0 2 2
0 0 0 2 0 2 2 0 2 1 0 2 1 0 1 2 2 2 0 0 2 2
1 0 0 2 0 2 2 0 2 0 1 2 2 1 1 2 2 2 0 0 2 2
2 0 0 2 0 2 2 1 2 1 0 2 0 0 1 2 2 2 0 1 1 2
2 0 0 2 1 2 2 1 2 0 0 2 1 1 0 2 2 1 0 0 1 1
0 0 0 2 1 2 1 1 2 0 0 2 2 1 0 2 2 2 0 0 2 1
1 0 0 2 0 2 2 0 2 0 0 2 2 1 0 2 2 2 0 0 2 1
1 0 0 2 0 2 2 0 1 1 0 1 2 0 1 2 2 2 0 0 2 1
2 0 0 2 0 2 1 0 2 0 0 1 1 0 1 2 2 2 0 0 2 1
0 0 0 1 0 2 2 0 2 0 0 2 2 1 1 2 2 2 0 0 2 2
1 0 0 2 0 2 2 0 2 0 0 2 2 0 2 1 2 2 0 0 2 2
1 0 0 2 0 2 2 0 2 2 0 1 2 0 2 2 2 2 0 0 2 2
2 0 0 2 0 2 1 0 2 0 0 2 2 1 1 2 2 2 0 0 2 2
0 1 0 2 0 2 2 0 2 0 0 2 2 1 2 2 2 2 0 0 2 2
1 0 0 2 1 2 2 1 2 0 0 1 2 0 1 2 2 1 1 0 2 2
1 0 0 2 1 2 2 0 2 1 0 2 2 0 2 2 2 2 0 0 2 1
1 1 0 2 1 2 2 0 2 0 0 1 2 1 2 2 2 2 0 0 2 2
2 0 0 2 1 2 1 0 2 1 0 2 1 1 2 2 2 2 0 0 2 2
1 1 0 2 0 2 1 1 2 1 0 1 2 1 2 2 2 2 1 0 2 1
1 0 0 2 0 2 2 0 2 0 0 2 2 0 1 2 2 2 0 0 2 1
0 0 0 2 0 2 2 0 2 0 0 2 0 0 2 2 2 2 0 0 2 1
1 0 0 2 1 2 2 0 2 0 0 2 1 0 1 2 2 2 0 0 2 1
2 0 0 2 1 2 2 0 2 0 0 2 2 0 0 2 2 2 0 0 1 1
0 0 0 2 1 2 2 0 2 1 0 2 2 0 1 2 2 2 0 0 2 0
1 0 0 2 0 2 2 0 1 0 1 2 2 0 1 2 2 2 0 0 2 2
0 0 0 2 0 2 2 1 2 1 0 1 2 0 2 2 2 2 1 0 2 2
1 0 0 2 0 2 2 1 2 0 0 1 2 0 2 2 2 2 0 0 2 2
0 0 0 2 0 1 2 0 2 0 0 1 2 0 0 2 2 2 1 0 2 2
1 0 0 2 0 2 2 0 2 0 0 2 2 0 2 2 2 2 0 0 2 1
2 0 0 2 1 2 1 0 2 1 0 1 2 2 1 2 2 2 0 0 2 1
0 0 0 2 0 2 2 0 1 0 0 2 2 1 2 2 2 2 0 0 2 1
1 0 0 2 2 2 2 0 2 0 0 2 1 1 1 2 2 2 0 0 1 2
2 0 0 2 1 2 1 0 2 0 0 2 2 0 0 2 2 2 0 0 2 2
1 0 1 2 1 2 2 0 2 0 0 2 2 1 0 2 2 2 0 0 1 2
0 0 0 2 0 2 2 0 2 1 0 2 1 0 1 2 2 1 0 0 2 2
1 0 0 2 1 2 2 0 2 1 1 1 1 1 2 2 2 1 0 0 2 2
1 0 0 1 1 2 2 0 2 0 1 2 1 1 2 2 2 2 0 0 1 0
1 0 0 2 1 2 2 0 2 0 0 2 2 0 1 2 2 2 0 0 2 1
1 0 0 2 1 2 2 0 2 0 0 2 2 1 1 2 2 2 0 0 2 2
0 0 0 2 1 2 1 0 2 0 0 2 1 1 1 2 2 2 0 0 2 1
1 0 0 2 0 2 2 0 2 1 0 2 2 1 2 2 2 2 0 0 2 2
1 1 0 2 0 2 2 0 2 0 0 1 1 0 1 2 2 2 0 0 2 1
2 0 0 2 0 2 2 0 2 0 0 2 2 1 1 2 2 2 0 0 1 0
0 0 0 2 0 2 2 0 2 1 1 1 2 0 1 2 2 2 0 0 2 1
1 0 0 2 0 2 2 0 2 0 0 2 2 1 0 2 2 2 0 0 2 1
1 0 1 2 0 2 2 1 2 0 0 0 1 0 1 2 2 2 0 0 2 2
2 0 0 2 1 2 2 0 2 0 0 2 1 1 2 2 2 2 0 0 2 1
0 1 0 2 0 2 2 0 2 0 1 2 2 1 1 2 2 1 0 0 2 2
0 1 0 2 0 2 2 0 2 0 0 1 2 0 1 2 2 1 0 0 2 2
1 1 0 1 0 2 1 0 2 1 0 2 1 1 1 2 2 2 0 0 2 2
1 0 0 2 1 2 2 0 2 1 0 1 2 0 2 2 2 2 0 0 2 1
1 0 0 2 1 1 2 0 2 0 1 2 2 0 1 2 2 2 0 0 2 0
1 0 0 2 0 2 2 0 2 0 0 2 0 0 2 2 2 2 0 0 2 1
0 0 0 2 1 2 2 0 2 0 0 2 2 0 2 2 2 2 0 0 2 1
2 0 0 2 0 2 2 0 2 1 0 2 1 0 2 2 2 2 0 0 2 2
1 0 0 2 0 2 2 0 2 1 1 2 1 1 1 2 2 1 0 0 2 2
0 0 0 2 1 2 2 1 1 1 0 0 2 1 0 2 2 2 0 0 2 2
0 0 0 2 0 2 2 0 2 1 0 2 1 0 1 2 2 2 0 1 2 2
1 1 0 2 0 2 2 1 2 0 0 1 1 1 0 2 2 2 0 0 2 1
0 1 0 2 2 2 2 0 1 1 0 2 2 0 1 2 2 2 0 0 2 1
1 0 0 2 1 2 2 0 2 0 0 2 2 1 2 2 2 1 0 0 2 1
1 0 0 2 0 2 2 0 2 1 0 2 2 0 2 2 2 2 0 0 2 2
1 0 0 2 1 2 2 0 2 0 0 1 2 0 2 2 2 2 0 0 2 1
2 0 0 1 0 2 2 1 2 0 0 2 1 0 2 2 2 2 0 0 2 0
1 0 0 2 1 2 2 0 2 0 0 2 2 0 2 2 2 2 0 0 2 2
2 0 0 2 0 2 2 0 2 0 0 0 2 1 0 2 2 2 0 0 2 1
1 0 0 2 1 2 2 1 2 0 0 2 1 1 1 2 2 1 0 0 2 1
2 0 0 2 0 2 2 0 2 0 0 2 1 0 2 2 2 2 0 0 2 1
0 0 0 2 0 2 2 0 2 0 0 1 1 0 1 2 2 2 0 0 2 2
2 0 0 2 0 2 2 0 2 1 0 2 2 0 2 2 2 2 0 0 2 1
0 0 0 2 0 2 2 0 2 0 0 2 2 0 0 2 2 2 0 0 1 1
0 0 0 2 0 2 2 0 2 0 0 2 2 0 1 2 2 2 0 0 2 2
1 0 0 2 0 2 2 0 2 0 0 2 2 0 1 2 2 2 0 0 2 1
2 0 0 1 0 2 2 0 2 1 0 2 2 1 1 2 2 2 0 0 2 1
0 0 0 2 0 2 2 0 2 0 0 2 2 2 2 2 2 2 0 0 1 1
1 0 0 2 0 2 2 0 2 0 1 2 1 0 1 2 2 2 0 0 2 1
2 0 0 2 0 2 2 0 1 1 1 1 2 0 2 1 2 2 0 0 2 1
0 0 0 2 0 2 2 0 1 0 1 2 2 1 1 2 2 2 0 1 2 1
0 0 0 2 1 2 2 0 2 0 0 2 1 0 2 2 2 2 0 1 2 1
1 0 0 2 1 2 2 0 2 0 0 2 2 0 1 2 2 2 0 0 2 1
1 0 0 2 1 2 2 0 2 0 0 1 1 2 2 2 2 1 0 0 2 1
0 1 0 2 1 2 2 0 2 2 0 2 2 0 0 2 2 2 0 0 1 1
2 0 0 2 0 2 2 0 2 0 1 2 2 0 2 2 2 2 0 0 2 1
0 0 0 2 1 2 2 0 2 0 0 2 1 0 1 2 2 2 0 0 2 2
0 0 0 2 0 2 2 0 2 1 0 2 2 1 1 2 2 2 0 0 2 2
1 1 0 2 1 2 2 0 2 0 0 2 0 0 1 2 2 2 0 1 2 2
0 1 0 2 0 2 2 0 2 0 0 1 2 1 2 2 2 2 0 0 2 2
1 0 0 2 1 2 2 0 2 0 0 1 1 0 1 2 2 2 0 0 2 1
1 0 0 2 2 2 1 1 2 1 0 1 2 1 1 2 2 1 0 0 2 2
1 0 0 2 1 2 2 1 2 0 0 2 1 0 1 2 2 1 0 0 1 0
1 0 0 2 1 2 2 0 2 1 0 2 1 1 1 2 2 1 0 0 2 2
1 0 0 2 0 2 2 0 2 0 0 2 2 0 1 2 2 2 0 0 2 0
0 0 0 2 1 2 2 0 1 0 0 2 2 1 0 2 2 2 0 0 2 0
1 0 0 2 1 2 2 0 2 0 0 2 1 0 0 2 2 2 0 1 2 1
1 1 0 2 0 2 2 0 2 0 0 1 1 1 0 2 2 2 0 2 2 2
2 0 0 2 0 2 2 0 2 1 0 1 2 2 1 2 2 2 0 0 2 0
0 1 0 2 0 2 2 0 2 0 0 1 2 0 1 2 2 2 0 0 2 2
1 0 0 2 0 2 2 0 2 0 0 2 2 1 1 2 2 2 0 0 2 1
0 0 0 2 1 2 2 0 2 0 0 1 2 0 0 2 2 2 0 0 2 2
1 0 0 2 0 2 2 0 2 0 0 2 2 0 2 1 2 2 1 0 2 2
2 1 0 2 0 2 2 0 2 0 0 2 2 1 1 2 2 2 1 0 2 1
2 0 0 2 0 2 2 1 2 0 0 2 2 0 2 2 2 1 0 0 2 2
1 0 1 2 1 2 2 0 1 0 0 1 2 1 1 2 2 2 0 0 1 1
1 0 0 2 0 2 2 1 2 0 0 2 1 0 2 2 2 2 0 0 2 0
0 0 0 2 0 2 2 0 2 0 0 2 2 0 0 2 2 2 0 0 2 2
0 0 0 2 1 2 2 1 2 0 0 1 2 1 0 2 2 2 0 0 1 1
0 0 0 2 0 2 1 0 2 0 0 2 1 1 2 2 2 2 0 1 2 1
2 0 0 2 1 2 2 0 2 0 0 1 2 0 0 2 2 2 0 0 2 2
1 1 0 2 0 2 2 1 2 0 0 2 2 0 0 2 2 2 0 0 2 2
1 0 0 2 1 2 2 0 2 0 0 2 1 0 0 2 2 2 0 0 2 2
1 0 0 2 1 2 2 0 2 0 0 1 2 0 1 2 2 1 0 0 2 2
1 0 0 2 0 2 2 0 2 0 0 2 1 1 2 2 2 2 1 0 2 1
1 0 0 2 0 2 2 1 2 0 0 2 1 1 1 2 2 2 0 0 2 2
0 0 0 2 2 2 2 0 2 0 0 2 1 1 0 2 2 2 0 0 1 1
1 0 0 2 1 2 2 0 2 1 0 2 2 1 2 2 2 2 1 0 2 1
0 0 0 2 1 2 2 0 2 0 0 1 2 0 1 2 2 2 0 0 2 1
1 0 0 2 0 2 2 0 2 0 0 2 2 0 1 2 2 2 0 0 2 0
2 0 0 2 0 2 2 0 2 1 0 2 2 1 1 2 2 2 0 0 2 1
1 0 0 2 1 2 2 0 2 1 1 2 0 1 1 2 2 1 0 0 2 1
0 0 0 1 0 2 2 0 2 1 0 2 0 1 1 2 2 2 0 0 2 1
1 0 0 2 0 2 2 0 2 0 0 2 2 0 2 2 2 2 1 0 2 1
0 0 0 2 0 2 2 0 2 0 0 1 2 2 1 2 2 2 0 1 2 1
0 0 0 2 1 2 2 0 2 0 0 2 2 0 0 2 2 2 0 0 1 2
0 0 0 2 0 2 2 0 2 0 0 2 2 1 1 1 2 2 0 0 2 1
0 1 0 2 1 2 2 0 2 0 0 2 2 1 0 2 2 2 0 0 2 0
0 0 0 2 1 2 2 0 2 0 1 1 2 0 2 2 2 2 0 0 1 2
0 0 0 2 1 2 2 1 2 0 0 2 2 0 2 2 2 2 0 0 2 0
1 1 0 2 0 2 2 0 2 1 0 1 2 0 2 2 2 2 0 0 2 1
1 0 0 2 1 2 1 0 2 0 0 2 1 1 2 2 2 2 0 0 2 1
1 0 0 2 1 2 2 0 2 1 0 1 2 0 0 2 2 1 0 0 1 2
1 0 0 2 1 2 2 1 2 1 0 2 2 1 1 2 2 2 0 0 1 1
0 0 0 2 0 2 2 0 2 0 0 2 1 0 2 2 2 2 0 0 2 1
0 0 0 2 1 2 1 0 2 0 0 2 2 1 0 2 2 0 0 0 2 1
1 0 0 2 0 2 2 0 2 0 0 1 1 0 0 2 2 2 0 0 2 2
2 0 0 2 1 2 2 0 2 0 0 2 1 0 1 2 2 2 0 0 2 1
1 0 0 2 0 2 2 0 2 0 0 2 2 2 2 2 2 2 1 0 2 2
1 0 0 2 2 2 2 0 2 0 0 2 1 1 1 2 2 1 1 0 2 1
1 0 0 2 0 2 2 0 2 0 0 2 2 1 2 2 2 2 1 0 2 1
2 1 0 2 0 2 2 0 2 0 0 2 2 0 0 2 2 2 1 0 2 2
1 0 0 2 1 2 2 0 2 0 1 2 2 0 1 2 2 2 0 0 2 1
1 0 0 2 0 2 2 0 2 1 0 2 1 0 1 2 2 2 0 0 2 2
1 0 0 2 0 2 2 0 2 0 0 2 2 1 2 1 2 2 0 0 2 2
0 0 0 2 1 2 2 0 2 0 0 2 2 1 2 2 2 2 0 0 1 2
0 0 0 2 1 2 2 0 2 1 0 2 0 1 1 2 2 2 0 0 2 1
0 0 0 2 0 2 2 0 2 0 0 2 2 1 0 2 2 2 0 0 2 1
1 1 0 2 1 2 2 0 2 0 0 2 2 2 0 2 2 2 0 0 1 2
0 0 0 2 1 2 2 0 2 0 0 1 0 1 1 2 2 2 0 0 2 2
0 0 0 2 0 2 2 1 2 0 0 1 2 1 1 2 2 1 0 0 2 2
1 1 0 2 0 2 2 0 2 0 0 2 2 2 2 2 2 2 0 0 2 0
1 0 0 2 1 2 2 0 2 0 0 2 2 0 1 2 2 2 0 0 2 1
0 0 0 2 0 2 2 0 2 0 0 1 2 0 2 2 2 2 0 0 2 1
1 0 0 2 0 2 2 1 2 0 0 2 2 1 2 2 2 2 0 0 1 2
1 0 0 2 0 2 2 0 2 0 0 2 0 0 2 2 2 2 0 0 2 1
1 0 0 2 0 2 2 0 2 0 0 0 1 1 0 2 2 2 0 0 2 0
0 0 0 2 1 2 2 0 2 0 0 1 2 2 0 2 2 2 0 0 2 1
0 0 0 2 0 2 2 0 2 0 1 2 1 0 1 2 2 2 0 0 2 2
1 0 0 2 1 2 2 1 2 1 0 2 1 2 2 2 2 2 0 0 2 0
1 0 0 2 1 2 2 0 2 0 0 2 2 0 1 2 2 2 0 0 2 1
2 0 0 2 0 2 1 0 1 0 0 2 1 1 2 2 2 2 0 0 2 1
0 1 0 2 0 2 2 0 2 0 0 2 2 0 1 2 2 1 1 0 2 2
0 0 0 2 1 2 2 0 2 1 0 1 1 1 1 2 2 2 0 0 2 1
2 0 0 2 0 2 2 1 2 1 0 0 2 1 1 2 2 2 0 0 2 2
0 1 0 2 1 2 2 0 2 0 0 2 2 0 1 2 2 2 0 0 2 0
1 0 0 1 0 2 2 0 2 0 0 1 2 1 1 2 2 2 0 0 2 1
1 1 0 2 0 2 2 1 2 0 0 2 2 0 2 2 2 2 0 0 2 2
1 0 0 2 0 2 2 0 2 0 0 2 2 0 2 2 2 1 0 0 2 2
1 0 0 2 1 2 2 1 2 0 0 2 2 0 1 2 2 2 0 0 2 2
1 0 0 2 0 2 2 1 2 0 0 1 2 0 2 2 2 1 0 0 2 1
0 0 0 2 1 2 2 0 2 0 0 2 1 0 0 2 2 2 0 0 2 2
0 0 0 2 0 2 2 0 2 0 1 2 2 1 2 2 2 2 0 0 1 1
1 0 0 2 0 2 2 0 2 0 0 2 1 1 1 2 2 2 0 0 2 2
0 0 0 1 1 2 2 0 2 1 0 1 2 1 2 1 2 2 0 0 2 1
1 0 0 2 1 2 2 1 2 0 0 1 2 0 1 2 2 1 0 0 2 0
2 0 0 2 2 2 2 0 2 0 0 1 2 0 2 2 2 2 0 1 2 1
0 0 0 2 0 2 2 0 2 1 0 2 1 1 2 2 2 2 0 0 2 2
1 0 0 2 2 1 2 0 2 0 0 2 2 1 2 2 2 2 0 0 2 0
2 0 0 2 0 2 2 0 2 0 0 2 2 1 0 2 2 2 0 0 2 1
1 0 0 2 1 2 2 0 2 0 0 2 2 1 2 2 2 2 0 0 2 2
1 0 0 2 0 2 2 0 2 1 0 2 1 1 2 2 2 2 0 1 2 1
0 0 0 2 1 2 2 0 2 0 0 1 1 1 2 2 2 2 0 0 2 1
0 0 0 2 0 2 2 0 2 0 0 2 2 1 2 2 2 2 0 0 2 2
0 0 0 2 2 2 2 0 2 0 0 2 2 0 2 2 2 2 0 0 2 1
2 0 0 2 0 2 2 0 2 0 0 2 2 0 1 2 2 1 0 0 2 2
2 0 0 2 1 2 1 0 2 1 0 2 2 0 2 2 2 2 0 0 2 1
1 0 0 2 1 2 2 0 2 0 0 2 1 0 2 2 2 2 0 0 2 1
2 0 0 2 0 2 2 0 2 1 0 2 2 2 1 2 2 2 1 0 2 2
1 1 0 2 0 2 2 0 2 1 0 1 1 0 2 2 2 2 1 0 2 0
1 1 0 2 0 2 2 0 2 2 1 2 2 1 1 2 2 2 0 0 2 2
1 0 0 1 0 2 2 1 2 1 0 2 2 1 2 2 2 2 0 0 2 2
0 0 0 2 0 2 2 0 2 0 0 2 2 0 2 2 2 2 0 0 1 2
1 0 0 2 1 2 2 1 2 0 0 2 2 1 0 1 2 2 0 0 2 0
0 0 0 2 1 2 2 0 2 1 0 1 2 0 1 2 2 2 0 0 2 1
0 0 0 2 1 2 2 0 2 0 0 2 2 1 1 2 2 1 0 0 1 1
1 0 0 2 0 2 2 0 2 0 0 2 2 0 1 2 2 2 0 0 2 1
0 0 0 2 0 2 2 0 1 2 0 2 2 0 2 2 2 2 0 0 2 2
1 0 0 2 1 2 2 0 2 0 0 1 1 0 2 2 2 2 0 0 2 2
0 1 0 2 0 2 2 1 2 0 0 2 1 1 0 2 2 2 0 0 2 0
0 1 0 2 0 2 1 0 2 0 0 2 2 0 2 2 2 2 0 1 0 2
1 0 0 2 0 2 2 0 2 1 0 2 2 2 0 2 2 2 0 0 2 1
1 0 0 2 0 2 2 0 2 0 0 1 2 0 2 2 2 2 0 0 2 2
1 0 0 2 0 2 2 1 2 1 0 2 2 0 2 2 2 1 0 0 2 2
1 0 0 2 1 2 2 1 2 0 0 2 2 0 2 2 2 2 0 0 1 2
1 0 0 2 0 2 2 0 2 1 0 2 1 1 1 2 2 2 0 0 2 2
0 1 0 2 1 2 2 0 2 0 0 2 2 0 1 2 2 2 0 0 2 2
0 0 0 2 0 2 2 0 2 0 0 2 2 1 1 2 2 2 0 0 2 2
2 0 0 2 0 2 1 0 2 1 0 2 1 0 2 2 2 2 0 0 2 2
0 0 0 2 0 2 2 0 2 1 0 2 2 1 2 2 2 2 1 1 1 2
0 0 0 2 0 2 2 0 2 1 0 1 2 0 2 2 2 2 0 0 2 1
2 0 0 2 0 2 2 1 2 0 0 2 2 1 1 2 2 2 0 0 1 1
0 0 0 2 0 2 2 0 2 0 0 2 2 1 1 2 2 2 0 0 2 2
0 0 0 2 1 2 2 1 2 1 1 2 2 0 1 1 2 2 0 1 2 2
0 0 0 2 1 2 2 0 2 1 0 2 2 0 0 2 2 2 0 0 2 2
1 1 0 2 1 2 2 0 2 0 0 1 2 0 1 2 2 2 0 0 2 1
0 0 0 2 0 2 2 0 2 0 0 2 1 1 1 2 2 1 0 0 2 1
1 0 0 2 0 2 2 0 2 1 0 2 2 0 0 2 2 2 0 0 2 2
1 0 0 2 1 2 2 0 2 0 0 2 1 0 1 2 2 2 0 0 2 1
1 0 0 2 0 2 2 0 2 0 0 1 2 0 0 2 2 2 0 0 1 2
0 0 0 2 1 2 2 0 2 0 0 2 2 0 0 2 2 1 0 0 1 2
0 0 0 2 0 2 2 0 2 0 0 1 2 1 0 2 2 1 0 0 2 2
1 0 0 2 0 2 2 0 2 0 0 1 2 0 1 2 2 2 0 0 2 2
1 0 0 2 0 2 2 0 2 0 0 1 2 0 2 2 2 2 0 0 2 0
0 0 0 2 1 2 2 0 1 0 0 2 2 0 2 2 2 2 0 0 2 1
1 0 0 2 1 2 2 0 2 0 0 1 2 1 2 2 2 2 0 0 2 2
0 0 0 2 1 2 2 0 2 0 0 2 2 2 2 2 2 2 0 0 2 2
0 0 0 2 0 2 2 0 2 1 0 2 2 0 1 2 2 2 0 0 2 1
0 0 0 2 1 2 2 0 2 1 0 2 2 1 2 2 2 2 0 0 2 1
0 0 0 2 1 2 2 0 2 0 0 2 1 0 2 2 2 2 0 0 2 2
2 0 0 2 1 2 2 0 2 0 0 2 2 1 2 2 2 2 0 0 2 2
1 0 0 2 0 2 2 0 2 0 0 2 2 0 2 2 2 2 0 0 2 1
1 0 0 2 1 2 1 1 2 0 0 2 1 1 2 2 2 2 1 0 2 2
1 1 0 2 2 2 2 0 1 0 1 2 1 0 2 1 2 2 0 0 2 2
1 0 0 2 0 2 2 0 2 0 0 2 2 1 2 2 1 2 0 0 2 1
0 0 0 2 1 2 2 0 2 0 0 2 2 0 1 2 2 2 0 0 2 1
1 0 0 2 0 2 2 1 1 0 0 2 2 2 2 2 2 2 0 0 2 2
2 0 0 2 0 2 2 0 2 1 1 2 2 0 1 2 2 2 0 0 2 1
1 0 0 2 0 2 2 0 2 0 0 2 2 2 0 2 2 2 0 0 2 2
0 0 0 2 1 2 2 0 2 1 0 2 2 2 2 2 2 2 0 0 2 1
2 0 0 2 0 2 2 0 2 1 1 2 1 0 2 2 2 2 0 1 2 2
0 0 0 2 1 2 2 0 1 1 0 2 2 0 2 2 2 2 0 0 2 2
0 0 0 2 2 2 1 0 2 0 0 2 2 0 1 2 2 2 1 0 2 2
0 1 0 2 0 2 2 0 2 0 0 2 2 0 2 2 2 2 0 1 2 0
1 0 0 2 1 2 2 0 2 0 0 2 1 0 2 2 2 1 0 0 2 1
1 0 0 2 0 2 2 0 2 1 0 2 2 1 1 2 2 2 0 0 1 1
1 0 0 2 0 2 2 0 2 1 0 1 2 0 1 2 2 2 0 0 2 2
1 0 0 2 0 2 2 0 2 0 0 1 2 2 2 2 2 2 0 0 2 2
0 1 0 2 0 2 2 0 2 0 0 2 1 1 1 2 2 2 0 0 2 2
2 0 0 2 0 2 2 0 2 1 0 2 2 1 2 2 2 2 1 0 2 1
0 0 0 2 1 2 2 0 2 1 0 2 1 0 1 2 2 2 0 0 2 1
0 0 0 2 0 2 2 0 2 0 0 2 1 1 2 2 2 2 0 0 1 0
1 0 0 2 1 2 2 0 2 0 0 1 1 2 0 2 2 2 0 0 2 1
1 0 0 2 0 2 2 1 2 0 0 2 2 0 2 2 1 2 0 0 2 1
0 0 0 2 0 2 2 0 2 1 0 2 1 1 1 2 2 2 0 0 2 2
1 1 0 2 1 2 2 0 2 0 0 2 2 0 1 2 2 2 0 0 2 2
0 0 0 2 0 2 2 0 2 0 0 2 2 0 2 2 2 2 0 0 2 1
0 0 0 2 1 2 2 0 2 0 0 2 2 0 2 2 2 2 1 0 2 1
1 0 0 2 0 2 2 0 2 0 0 2 2 0 2 1 2 2 0 0 2 1
0 1 0 2 0 2 1 0 2 0 1 2 2 1 0 2 2 2 0 0 1 1
1 0 0 2 0 2 2 0 2 0 0 2 2 0 2 2 2 2 0 0 2 2
1 0 0 2 1 2 2 0 1 1 0 2 1 1 0 2 2 0 0 0 2 2
1 0 0 2 1 2 2 0 2 1 0 1 1 0 2 1 2 2 0 0 2 2
1 0 0 2 0 2 2 0 2 0 0 2 2 1 1 2 2 2 0 0 2 0
0 1 0 2 0 2 2 0 2 0 0 1 2 1 0 2 2 2 0 0 2 1
0 0 0 2 0 2 2 0 2 0 0 2 2 1 1 2 2 2 0 0 2 2
1 0 0 2 0 2 2 0 2 0 0 1 2 0 1 2 2 2 0 0 2 2
0 0 0 2 1 2 2 0 2 0 0 1 2 1 1 2 2 1 0 0 2 1
1 0 0 2 1 2 2 0 2 0 0 2 1 0 0 2 2 2 0 0 2 2
2 0 0 2 0 2 2 0 2 1 0 1 1 1 0 2 2 2 0 0 2 1
1 0 0 2 0 2 2 0 2 0 0 1 1 1 1 2 2 2 0 0 2 1
0 0 0 2 0 2 2 1 2 0 0 2 2 0 2 2 2 1 0 0 2 1
1 0 0 2 1 2 2 0 2 0 1 1 2 1 1 2 2 2 0 0 2 0
1 0 0 2 0 2 2 1 2 2 0 2 2 0 0 2 2 2 0 0 2 2
1 1 0 2 0 2 2 0 2 0 1 1 2 0 1 2 2 2 0 0 2 2
1 0 0 2 0 2 2 0 2 1 0 1 2 0 1 2 2 2 0 0 1 2
0 0 0 2 0 2 1 0 2 1 0 2 2 1 2 2 2 2 1 0 2 2
1 0 0 2 0 2 2 0 2 0 0 2 1 0 2 2 2 2 0 0 2 0
0 0 0 2 0 2 2 0 2 0 0 2 2 0 1 2 2 2 0 0 2 2
1 0 0 2 1 2 2 0 2 0 0 2 2 1 1 2 2 2 0 0 2 1
0 0 0 2 0 2 2 1 2 0 0 1 2 1 0 2 2 2 1 0 2 1
0 0 0 2 0 2 2 0 2 0 0 2 2 1 1 2 2 2 0 0 2 2
1 0 0 2 1 1 2 0 2 0 0 1 2 1 0 2 2 2 0 0 2 2
2 0 0 1 2 2 2 0 2 0 1 2 2 2 2 2 2 2 1 1 2 2
2 1 0 2 0 2 2 1 2 1 0 2 1 0 1 2 2 2 0 0 2 1
0 0 0 2 2 2 2 1 2 0 0 1 1 0 1 2 2 2 0 0 2 2
0 0 0 2 1 2 2 0 2 0 0 1 2 0 0 2 2 2 0 0 2 1
0 0 0 1 0 2 2 0 2 0 0 2 1 0 2 2 2 2 0 0 2 2
0 0 0 2 0 2 2 0 2 1 0 2 2 0 2 2 2 2 0 0 1 0
1 0 0 2 0 2 2 0 2 1 0 2 2 0 1 2 2 2 0 0 2 2
2 0 0 2 1 2 2 2 2 1 0 2 2 1 1 2 2 2 0 0 2 1
1 0 1 2 2 2 2 0 2 1 0 2 2 2 1 2 2 2 1 1 2 1
1 0 0 2 0 2 2 0 2 1 0 2 2 1 0 2 2 2 0 0 2 1
0 0 0 2 0 2 1 0 2 0 0 2 2 1 1 2 2 2 0 0 2 1
0 0 0 2 2 2 2 0 2 0 0 0 2 1 2 2 2 2 0 0 2 1
0 0 0 2 1 2 2 0 2 1 0 2 0 0 1 2 2 2 0 0 2 2
1 1 0 2 0 2 2 0 2 1 0 1 2 0 1 2 2 2 1 0 1 1
1 0 0 2 1 2 2 0 2 0 0 1 2 1 1 2 2 2 0 0 2 2
0 0 0 2 1 2 2 0 2 1 0 2 1 2 0 2 2 2 0 1 2 2
0 0 0 2 1 2 2 0 2 1 0 2 2 0 1 2 2 2 0 0 2 1
0 0 0 2 0 2 2 0 2 2 0 2 2 1 1 2 2 2 0 0 2 2
1 0 0 2 0 2 2 0 2 0 0 2 2 0 2 2 2 2 0 0 2 1
1 0 1 2 0 2 2 0 2 0 0 2 2 1 0 2 2 2 1 0 2 1
1 0 0 2 0 2 2 0 2 0 0 2 2 1 0 2 2 2 0 0 2 2
0 0 0 2 0 2 2 0 1 0 0 1 2 0 1 2 2 2 0 0 2 1
2 0 0 2 1 2 2 1 2 1 0 1 1 1 1 2 2 2 1 0 2 2
1 0 0 2 0 2 2 0 2 0 0 1 2 0 0 2 2 1 0 0 2 1
1 0 0 2 2 2 2 0 2 0 0 2 2 0 1 2 2 2 0 0 2 1
1 0 0 2 1 2 2 1 2 0 0 2 2 0 1 2 2 2 0 1 2 0
1 0 0 2 0 2 2 0 1 0 0 2 2 1 1 2 2 2 0 0 2 2
1 1 0 2 2 2 2 0 2 0 0 2 2 0 1 2 2 2 0 0 2 2
1 0 0 2 0 2 2 0 2 1 0 2 1 0 1 2 2 2 0 0 1 1
0 0 0 2 2 2 2 0 2 0 0 2 1 2 0 2 2 2 0 0 2 2
0 0 0 2 1 2 2 0 2 0 1 2 2 2 1 2 2 1 0 1 2 2
1 0 0 2 0 2 2 1 2 0 0 2 2 0 1 1 2 2 0 0 2 1
0 0 0 2 1 2 2 1 2 0 0 2 1 1 2 2 2 2 0 0 2 1
0 0 0 2 0 2 2 0 2 0 0 2 2 1 1 2 2 1 0 0 1 2
1 0 0 2 0 2 2 0 2 1 0 2 2 0 1 2 2 2 0 0 2 1
2 0 0 2 1 2 2 0 2 0 0 2 2 2 2 2 2 1 0 0 1 1
1 0 0 2 0 2 2 1 2 0 0 1 1 0 1 2 2 2 0 1 2 2
0 0 0 2 0 2 2 0 2 2 0 2 2 0 2 2 2 1 0 0 2 2
0 0 0 2 0 2 2 0 2 0 0 1 2 0 1 2 2 2 0 0 2 0
1 0 0 2 0 2 2 0 2 0 1 1 2 1 2 2 2 2 0 0 0 2
2 0 1 2 0 2 2 0 2 0 0 1 2 0 1 2 2 1 0 0 2 2
0 0 0 2 0 2 2 0 2 1 0 2 2 0 1 2 2 1 0 1 1 0
0 0 0 2 1 2 2 0 2 1 0 1 1 0 2 2 2 2 0 0 1 1
0 0 0 2 1 2 2 1 2 0 0 2 2 1 1 2 2 2 0 0 2 2
1 0 0 2 1 2 2 1 2 1 1 2 2 0 0 2 2 2 0 0 2 1
2 0 0 2 0 2 2 0 2 1 0 2 2 1 2 2 2 2 0 0 2 2
1 0 0 2 0 2 2 0 2 1 0 2 1 0 2 2 2 2 0 0 2 1
1 0 0 2 0 2 1 0 2 0 0 2 1 1 2 2 2 2 0 1 2 1
1 0 0 2 1 2 2 0 2 0 0 1 2 0 2 2 2 2 0 0 2 1
0 0 0 2 2 2 2 0 2 0 0 2 2 1 0 2 2 2 0 0 2 2
1 0 0 2 1 2 2 0 2 0 1 1 2 2 1 2 2 2 0 0 2 1
2 0 0 2 0 2 2 0 2 1 1 1 2 1 2 2 2 2 0 0 2 1
1 0 0 2 0 2 2 0 2 0 0 1 2 0 1 2 2 2 0 0 1 2
0 0 0 2 0 2 2 0 2 0 0 2 1 0 1 2 2 2 0 0 1 1
0 0 0 2 0 2 1 0 2 2 0 1 2 1 0 2 2 2 0 0 2 2
2 0 0 2 1 2 2 0 2 0 0 2 1 0 0 2 2 2 0 0 2 2
0 0 0 2 2 2 2 0 2 0 0 1 1 1 2 2 2 2 0 0 2 2
1 0 0 2 0 2 2 0 2 0 0 1 1 1 2 2 2 2 0 0 2 2
0 0 0 2 0 2 2 0 2 0 0 2 2 1 2 2 2 2 0 0 2 0
1 1 0 2 0 2 2 0 2 1 0 1 2 2 0 2 2 2 0 0 2 0
1 0 0 2 0 2 2 0 2 0 0 2 1 0 1 2 2 2 0 0 2 1
1 1 0 2 0 2 2 0 2 0 0 2 2 2 1 2 2 2 0 0 2 2
1 0 0 2 0 2 2 0 2 0 0 2 1 0 2 2 2 2 0 0 2 0
2 1 0 2 0 2 2 0 2 0 0 2 2 0 1 2 2 1 0 0 2 1
1 0 0 2 1 2 2 0 2 0 0 2 2 0 1 2 2 2 0 0 2 1
1 0 0 2 0 2 1 0 2 0 0 2 1 1 2 2 2 2 0 0 2 2
1 0 0 2 0 2 2 0 2 0 1 2 2 0 0 2 2 1 0 0 2 2
2 0 0 2 0 2 2 0 2 0 0 2 2 0 0 2 2 2 0 0 2 0
2 0 0 2 0 2 2 0 1 0 0 2 1 0 1 2 2 2 0 0 2 2
0 0 0 2 0 2 2 0 2 1 0 2 1 1 1 2 2 2 1 0 2 1
0 0 0 2 0 2 2 0 2 0 0 2 2 0 1 2 2 1 1 0 2 2
1 1 0 2 0 2 1 1 2 0 0 1 2 0 1 2 2 2 0 0 2 2
0 0 0 2 0 2 2 0 1 1 0 2 2 0 0 2 2 1 0 0 1 2
0 0 0 2 0 2 2 1 2 0 1 1 2 0 1 2 2 2 0 0 2 2
0 0 0 2 1 2 2 0 2 0 1 2 2 0 2 2 2 2 0 0 2 1
1 0 0 2 0 2 2 0 2 1 0 2 1 2 1 2 2 2 0 0 2 1
1 0 0 2 1 2 2 0 2 1 0 2 2 1 1 2 2 2 0 0 2 1
1 0 0 2 0 2 2 0 2 0 0 1 2 0 1 2 2 2 0 0 2 0
0 0 0 2 1 2 2 1 2 0 0 2 0 1 1 2 2 2 0 0 2 1
0 0 0 2 0 2 2 0 2 2 0 1 2 0 1 2 2 2 0 0 2 2
0 0 0 2 1 2 0 0 2 1 1 2 0 1 0 2 2 2 0 0 1 0
1 0 0 2 1 2 2 0 2 1 0 2 2 0 1 2 2 2 0 0 2 0
0 0 0 2 1 2 2 0 2 1 0 2 1 1 1 2 2 2 0 0 2 2
1 1 0 2 0 2 2 0 2 0 0 2 1 0 0 2 2 2 0 0 2 1
0 0 0 2 0 2 1 0 2 1 0 2 1 1 1 2 2 2 1 0 2 2
0 0 1 2 0 2 2 1 2 0 0 2 2 1 2 2 2 2 0 0 2 1
0 0 0 2 1 2 2 0 2 0 0 1 1 1 2 2 2 2 0 0 1 1
0 0 0 2 1 2 2 0 2 0 0 1 1 0 1 2 2 1 0 0 0 2
2 0 0 2 0 2 2 0 2 0 0 2 1 0 0 2 2 2 1 0 2 2
1 0 0 2 0 2 2 0 2 0 0 2 2 2 1 2 2 2 0 1 2 0
1 0 0 2 0 2 2 0 2 0 0 1 2 0 1 2 2 2 1 0 2 2
0 0 0 2 1 2 2 0 2 0 0 2 0 0 1 2 2 2 0 0 2 2
1 0 0 2 0 2 2 0 2 0 0 2 2 0 0 2 2 1 0 0 2 1
0 0 0 2 0 2 2 0 2 1 0 2 1 0 1 2 2 2 0 0 2 1
1 0 0 2 1 2 2 0 2 0 0 1 1 1 2 2 2 2 1 1 2 1
2 0 1 2 0 2 2 0 2 0 0 2 2 0 2 2 2 2 0 0 2 1
1 0 0 2 1 2 2 0 2 0 0 1 1 1 2 2 2 1 0 0 2 2
0 1 0 2 0 2 2 0 2 1 0 0 2 1 0 2 2 2 0 0 1 2
1 0 0 2 1 2 2 0 2 0 0 2 2 0 0 2 2 1 0 1 2 1
1 0 0 2 0 2 2 0 2 1 0 1 2 1 1 2 2 2 0 1 2 2
2 0 0 2 1 2 2 0 2 0 0 2 2 1 2 2 2 2 0 0 2 2
0 0 0 2 0 2 2 0 2 0 0 2 2 1 1 2 2 1 0 0 2 2
2 0 0 2 2 2 2 0 2 0 0 2 2 0 1 2 2 2 0 0 2 2
0 1 0 2 0 2 2 0 2 0 0 2 1 2 2 2 2 2 0 0 2 0
0 0 0 2 0 2 2 1 2 0 0 2 1 1 0 2 2 2 0 0 2 2
1 0 0 2 0 2 2 0 2 0 0 2 2 0 2 2 2 2 0 1 2 1
1 0 0 2 0 2 2 0 2 1 0 2 1 1 1 2 2 2 0 1 2 1
1 0 0 2 1 2 2 0 2 1 0 2 2 1 1 2 2 2 0 0 2 1
1 0 0 2 1 2 2 0 2 0 0 1 1 0 2 2 2 2 0 0 2 1
1 0 0 2 0 2 2 1 2 0 0 1 2 1 1 2 2 1 0 0 1 1
0 0 0 2 0 2 2 0 2 0 0 0 1 1 1 2 2 2 0 0 2 0
0 0 0 2 1 2 2 0 2 0 0 1 2 2 2 2 2 2 0 0 2 1
0 1 0 2 1 2 2 0 2 1 1 1 2 1 0 2 2 2 0 0 2 2
0 0 0 2 0 2 2 0 2 0 0 1 1 1 0 2 2 2 0 0 2 2
0 0 0 2 0 2 2 0 2 0 0 2 2 0 2 2 2 1 0 1 2 2
0 0 0 2 1 2 2 0 2 0 0 2 2 0 1 2 2 2 0 0 2 1
0 0 0 2 0 2 2 1 1 0 0 2 1 0 0 2 2 2 0 0 2 0
1 0 0 2 0 2 2 0 2 0 0 2 2 1 0 2 2 2 0 0 2 0
1 0 0 2 0 2 1 1 2 0 0 2 1 0 2 2 2 2 0 0 2 2
1 0 0 2 0 2 1 0 2 1 0 2 1 0 1 2 2 2 0 0 2 2
0 0 0 2 0 2 2 0 2 0 0 2 2 1 1 2 2 2 0 1 2 1
2 0 0 1 0 2 2 0 2 1 1 2 2 0 1 2 2 2 0 0 2 2
1 1 0 2 2 2 2 0 2 1 0 0 2 0 2 2 2 2 0 0 2 2
2 0 0 2 0 2 2 1 2 1 0 1 1 1 1 2 2 2 0 0 2 2
1 0 0 2 0 2 2 0 2 0 0 2 2 1 1 2 2 2 0 0 2 2
0 0 0 2 1 2 2 0 2 0 0 2 1 1 2 2 2 1 0 0 2 2
2 0 0 2 1 2 2 0 2 1 0 2 2 0 0 2 2 2 0 0 2 1
1 0 0 2 0 2 2 0 2 0 0 2 2 0 0 2 2 2 0 0 1 2
0 0 0 2 0 2 2 1 2 1 0 2 2 2 1 2 2 2 0 0 2 2
0 0 0 2 0 2 2 0 2 0 0 2 2 1 0 2 2 2 0 0 2 2
1 0 0 1 1 2 2 0 2 0 0 1 2 1 1 2 2 2 0 1 2 2
0 0 0 2 1 2 2 0 2 0 0 2 2 0 1 2 2 2 0 0 2 2
0 0 0 2 0 2 2 0 2 0 0 1 1 2 2 2 2 2 0 0 2 2
2 0 0 2 0 1 2 0 2 0 1 2 2 1 2 2 2 2 1 0 2 2
1 0 0 2 1 2 2 0 1 0 1 1 2 0 2 2 2 2 1 0 2 2
0 0 0 2 0 2 2 0 2 1 0 2 2 2 0 2 2 2 0 0 2 1
1 0 0 2 0 2 2 0 2 0 0 2 2 0 2 2 2 2 0 0 2 0
1 0 0 2 0 2 2 0 2 0 0 2 1 0 1 2 2 2 0 0 2 1
1 0 0 2 1 2 2 0 2 1 0 2 2 1 2 2 2 1 0 0 2 1
1 0 0 2 0 2 2 1 2 0 0 2 1 1 1 2 2 2 0 0 1 2
0 0 0 2 0 2 1 0 2 0 0 2 2 0 1 2 2 2 0 0 1 0
1 0 0 2 0 2 2 1 2 0 0 2 1 0 1 2 2 1 0 0 1 2
0 0 0 2 0 2 2 0 2 0 0 1 2 1 1 1 2 1 0 0 2 2
0 0 0 2 1 2 2 0 2 0 0 2 1 1 1 2 2 1 1 0 2 1
0 0 0 2 0 2 2 0 2 0 0 1 1 2 2 2 2 2 2 0 2 2
1 0 0 2 1 2 2 0 2 0 0 2 2 2 1 2 2 2 0 0 2 1
0 1 0 2 0 2 2 0 2 1 0 2 2 2 1 2 2 2 0 0 2 2
1 0 0 2 0 2 2 0 2 1 0 0 2 0 0 2 2 2 0 1 2 1
0 0 0 2 0 2 2 0 2 0 0 2 2 0 1 2 2 2 0 0 2 2
0 0 0 2 0 2 2 0 2 1 1 1 2 1 1 2 2 2 1 0 2 2
0 0 0 2 1 2 2 1 2 1 0 1 1 0 1 2 2 2 0 0 1 1
0 0 0 2 0 2 2 0 2 0 0 2 2 0 1 2 2 2 0 0 2 2
1 0 0 2 0 2 2 1 2 0 0 2 0 1 1 2 2 2 0 0 2 2
0 0 0 2 0 2 2 0 2 1 0 1 2 0 2 2 2 2 0 0 2 1
1 0 0 2 0 2 1 0 2 0 0 2 2 0 2 2 2 2 0 0 2 2
0 0 0 2 1 2 2 0 2 1 0 2 2 1 0 2 2 2 0 0 2 0
0 0 0 2 0 2 1 0 2 1 0 2 2 1 1 2 2 2 0 0 1 1
0 0 0 2 0 2 2 0 2 1 0 1 2 2 1 2 2 2 1 0 2 2
0 0 0 2 0 2 2 1 1 0 0 2 1 1 0 2 2 2 0 0 2 1
1 0 0 2 1 2 2 0 2 1 0 1 2 0 2 2 2 2 0 0 2 2
0 0 0 2 0 2 2 0 2 0 0 1 1 0 2 2 2 1 0 0 1 0
1 1 0 2 2 2 1 0 2 1 1 2 2 0 0 2 2 2 0 0 2 2
0 0 0 2 1 2 2 0 2 0 0 2 0 1 2 2 2 2 0 0 2 1
2 0 0 2 1 2 1 0 2 0 0 2 2 1 1 2 2 2 0 0 2 1
0 0 0 2 1 2 2 0 2 0 0 2 1 0 2 2 2 2 0 1 2 1
1 0 0 2 1 2 2 0 2 1 0 2 2 0 1 2 2 1 0 1 1 2
0 1 0 2 2 2 2 0 2 0 0 2 2 1 2 2 2 2 0 1 2 1
0 0 0 2 0 2 2 0 2 0 0 2 2 2 2 2 2 2 0 0 2 2
1 0 0 2 0 2 2 0 2 0 0 1 2 0 1 2 2 2 0 0 2 1
1 0 0 2 0 2 2 1 2 1 0 1 2 0 0 2 2 2 0 0 1 2
0 0 0 2 1 2 2 0 2 0 0 1 2 0 0 2 2 2 0 0 2 2
1 0 0 2 2 2 2 0 2 1 0 2 1 1 0 2 2 2 0 0 2 2
1 0 0 2 2 2 1 0 2 0 1 2 1 1 2 2 2 2 0 0 2 1
0 0 0 1 0 2 2 0 2 1 0 2 1 0 2 2 2 2 0 0 2 1
0 0 0 2 1 2 2 0 2 0 0 1 2 0 2 2 2 2 0 1 2 1
0 0 0 2 0 2 2 0 2 0 0 2 2 1 2 2 2 2 0 0 2 2
0 0 0 2 0 2 2 0 2 1 0 1 2 2 0 2 2 2 0 0 2 0
1 0 0 2 0 2 2 1 2 0 0 2 2 0 1 2 2 1 0 0 2 0
1 0 0 2 0 2 1 0 1 1 0 2 2 0 1 2 1 2 0 0 2 1
2 0 0 2 0 2 2 0 2 0 1 2 1 1 1 2 2 2 0 0 2 1
0 0 0 2 2 2 2 0 2 1 0 2 2 1 0 2 2 2 0 0 2 2
0 0 0 2 0 2 2 0 2 0 0 2 2 0 1 2 2 2 0 1 2 2
1 0 0 2 1 2 1 0 2 0 0 1 2 0 0 2 2 2 0 0 2 2
0 0 0 2 0 2 2 0 2 0 0 1 2 1 0 2 2 2 0 0 2 2
0 0 0 2 0 2 2 0 2 0 0 2 2 0 2 2 2 2 0 0 2 1
0 0 0 2 2 2 2 0 2 0 0 2 2 2 1 2 2 1 0 0 2 1
1 0 0 2 1 2 2 1 2 1 0 2 2 2 1 2 2 2 0 0 2 2
0 0 0 2 0 2 2 0 2 0 0 2 1 0 2 2 2 2 0 0 2 2
2 0 0 2 0 2 1 0 2 0 0 2 2 1 2 2 2 2 1 1 0 2
0 0 0 2 0 2 2 0 2 0 0 2 2 1 1 2 2 2 0 0 2 2
2 0 0 2 1 2 2 0 2 0 0 2 1 1 1 2 2 1 0 0 1 2
0 0 0 1 0 2 2 0 2 1 0 1 2 0 1 2 2 2 0 0 2 2
0 0 0 2 0 2 2 1 2 0 1 2 0 1 2 2 2 1 0 0 2 2
1 0 0 2 0 2 1 0 2 0 0 2 2 0 0 2 2 1 0 0 2 2
1 0 0 2 1 2 2 0 1 0 0 2 2 0 2 2 2 1 0 0 2 1
0 0 0 2 0 2 2 0 2 0 1 1 2 0 0 2 2 2 1 0 2 1
1 0 0 2 0 2 2 0 1 0 0 2 1 0 1 1 2 2 0 0 2 0
1 0 0 2 0 2 2 1 2 0 0 2 2 1 1 2 2 2 1 0 2 1
0 0 0 2 1 2 2 0 2 1 0 1 2 0 2 2 2 1 0 0 2 1
2 0 0 2 0 2 1 0 1 1 0 2 1 1 1 2 2 1 0 0 2 0
1 0 0 2 1 2 2 1 2 1 0 2 1 1 0 2 2 2 0 0 2 1
0 0 0 2 0 1 2 0 2 0 0 2 1 0 1 2 2 2 0 0 2 2
0 0 0 2 0 2 2 0 2 1 0 2 2 0 1 2 2 2 0 0 1 2
0 0 0 2 0 2 2 0 2 0 0 2 1 0 2 2 2 2 0 0 2 2
1 0 0 2 0 2 2 1 2 0 0 2 1 1 1 2 2 2 0 0 2 1
0 0 0 2 0 2 2 0 2 0 1 2 1 0 2 2 2 2 0 0 2 2
0 0 0 2 0 2 2 0 2 0 0 1 2 1 1 2 2 2 0 0 2 1
1 0 0 2 1 2 2 0 2 0 0 2 2 0 0 2 2 2 0 0 2 1
0 0 0 2 0 2 2 0 2 0 0 2 2 0 1 2 2 2 0 0 2 2
0 1 0 2 0 2 2 0 2 0 0 2 2 1 0 2 2 2 0 0 2 2
1 0 0 2 0 2 2 0 1 0 0 1 2 0 1 2 2 2 0 0 2 1
1 0 0 2 0 2 2 0 2 0 0 2 0 1 1 2 2 2 0 0 2 1
0 0 0 2 1 2 2 1 2 0 0 1 2 0 1 2 2 2 0 0 1 0
0 0 0 2 0 2 2 0 2 1 0 2 2 0 0 2 2 2 0 0 2 2
0 0 0 2 0 2 2 2 2 0 0 1 2 0 2 2 2 2 0 0 2 1
2 0 0 2 0 2 2 0 2 0 0 2 2 1 2 2 2 2 0 0 2 2
1 0 0 2 0 2 2 0 2 0 0 2 2 1 2 2 2 2 0 0 1 1
1 0 0 2 0 2 2 0 2 1 0 2 1 0 1 2 2 2 0 0 2 1
0 0 0 2 0 2 2 1 2 0 0 2 1 2 0 2 2 2 0 0 2 1
0 0 1 2 1 2 2 0 2 0 0 2 1 1 1 2 2 2 1 0 2 0
1 0 0 2 1 2 2 0 2 1 0 2 2 1 1 2 2 2 0 0 2 2
0 0 1 2 0 2 2 0 2 1 0 2 1 1 1 2 2 2 0 1 2 1
1 0 0 2 0 2 2 0 2 0 0 2 1 0 0 2 2 2 1 0 2 2
0 0 0 2 0 2 2 0 2 0 0 2 2 0 1 1 2 2 0 0 2 1
0 0 0 2 0 2 2 0 2 0 0 1 2 1 1 2 2 2 0 0 2 2
0 0 0 2 0 2 2 0 2 0 0 0 2 0 0 2 2 2 0 0 2 2
1 0 0 2 1 2 1 0 2 1 0 1 1 0 1 1 2 2 0 0 2 2
1 0 0 2 1 2 1 1 2 0 0 1 2 0 1 2 2 2 0 1 2 0
2 0 0 2 1 2 2 0 2 0 1 1 2 0 2 2 2 2 1 0 2 1
1 0 0 2 1 2 2 0 2 0 0 1 1 1 1 2 2 2 0 0 2 1
1 0 0 2 0 2 2 1 2 0 0 2 1 0 0 2 2 2 0 0 2 1
0 0 0 2 1 2 2 1 2 0 0 1 1 0 1 2 2 2 1 0 2 2
1 0 0 2 0 2 2 0 2 0 0 2 2 1 2 1 2 2 0 0 2 1
2 0 0 2 2 2 2 0 2 0 0 2 2 0 2 2 2 2 0 0 2 1
1 0 0 2 1 2 2 0 2 0 1 2 2 2 1 2 2 2 0 0 2 2
2 0 0 2 1 2 2 0 2 0 1 1 2 0 1 2 2 2 0 0 2 2
0 0 0 2 0 2 1 0 2 0 0 1 2 0 2 2 2 2 0 0 2 0
1 0 0 2 0 2 2 0 2 0 0 2 2 1 1 2 2 2 0 0 2 2
1 0 0 2 0 2 2 0 2 1 0 2 1 0 0 2 2 2 0 0 2 2
1 0 0 2 0 2 2 0 1 0 0 1 2 1 2 2 2 2 1 0 2 2
2 0 0 2 0 2 2 0 2 0 0 2 1 0 2 2 2 2 0 0 2 1
0 0 0 2 0 2 2 0 2 0 0 1 2 0 1 2 2 2 1 0 2 1
1 0 1 2 1 2 2 0 2 0 0 2 2 0 1 2 2 2 0 0 2 1
1 0 1 2 2 2 1 0 2 0 0 1 1 1 2 2 2 2 0 0 2 2
0 0 0 2 0 2 2 0 2 0 0 2 2 0 2 2 2 2 0 0 2 2
2 0 0 2 0 2 2 0 2 0 0 2 2 1 1 2 2 2 1 0 2 0
2 0 0 2 1 2 2 0 2 1 0 2 2 0 1 2 2 2 0 0 1 2
1 0 0 2 0 2 2 0 2 1 0 2 2 0 2 2 2 2 0 0 2 2
0 0 0 2 1 2 2 0 2 0 0 1 2 2 1 2 2 2 2 0 2 0
1 0 0 2 0 2 1 0 2 0 0 2 1 1 2 2 2 1 0 0 2 1
1 1 0 2 2 2 2 0 2 0 0 1 2 0 2 2 2 2 1 0 2 2
1 0 0 2 0 2 2 0 2 0 0 2 1 0 1 2 2 2 0 0 1 1
2 0 0 2 0 2 2 0 2 0 0 2 2 0 1 2 2 2 0 0 1 1
2 0 0 2 0 2 2 0 2 0 0 2 1 0 1 2 2 1 0 1 2 1
1 0 0 2 1 2 2 0 2 1 0 1 2 0 1 2 2 1 0 0 2 1
1 0 0 2 0 2 2 0 2 1 0 1 1 1 2 2 2 2 0 0 1 2
2 0 0 2 0 2 2 1 2 1 0 2 2 0 1 2 2 2 0 0 2 1
0 0 0 2 0 2 2 0 2 0 0 2 2 0 2 2 2 2 0 0 2 2
2 0 0 2 0 2 2 0 2 1 0 1 1 1 2 2 2 2 1 0 2 0
1 0 0 2 0 2 2 0 2 1 0 2 2 1 1 2 2 2 0 0 2 1
1 0 0 2 0 2 2 1 2 1 0 2 2 0 1 2 2 2 0 0 2 1
0 0 0 2 0 2 2 0 2 0 0 2 2 1 2 0 2 2 0 0 2 1
1 0 0 2 0 2 1 0 2 0 0 1 1 1 2 2 2 2 0 0 2 2
0 0 0 2 1 2 2 0 2 1 0 2 1 0 2 2 2 2 0 0 2 1
0 0 0 1 1 2 2 0 2 0 0 1 2 0 2 2 2 2 1 0 2 2
0 0 0 2 1 2 2 0 2 0 0 2 0 0 2 2 2 2 0 0 2 0
0 0 0 2 0 2 2 1 2 0 0 1 1 0 2 2 2 2 0 0 2 2
1 0 0 2 0 2 2 0 2 0 0 2 2 0 2 2 2 2 0 0 2 1
1 0 0 2 1 2 2 0 2 0 0 2 1 1 2 2 2 2 1 0 2 2
1 0 0 2 0 2 2 0 2 0 1 1 2 0 0 2 2 2 0 0 2 2
1 0 0 2 1 2 2 0 2 0 0 1 1 1 1 2 2 1 0 0 2 0
0 0 0 2 0 2 2 0 2 1 0 2 1 0 1 1 2 2 0 0 1 1
1 0 0 2 1 2 2 0 2 1 0 2 2 1 1 2 2 2 0 0 2 1
0 1 0 2 1 2 2 0 2 2 0 1 1 1 1 2 2 2 1 0 2 1
0 0 0 2 0 2 2 2 2 1 0 1 2 1 2 2 2 2 0 0 2 1
1 0 0 2 1 2 2 1 2 1 0 2 2 0 0 2 2 2 0 0 2 2
1 0 0 2 2 2 2 0 2 0 0 1 2 1 1 2 2 2 0 0 2 1
2 0 0 1 0 2 2 0 1 0 0 1 1 0 0 2 2 2 0 1 1 1
2 0 0 2 0 1 2 0 2 0 0 2 2 1 0 2 2 2 0 0 2 2
2 0 0 2 1 2 2 0 2 0 0 2 2 1 2 2 2 2 0 0 2 0
1 0 0 2 0 2 2 0 2 0 0 1 2 1 1 2 1 1 0 1 2 1
1 0 0 2 1 2 2 0 2 0 0 1 2 1 1 2 2 2 0 0 1 1
0 0 0 2 1 2 2 0 2 1 0 2 2 1 0 2 2 2 0 0 2 0
0 0 0 2 0 2 2 0 2 0 0 2 1 0 2 2 2 2 0 0 1 2
0 0 0 2 0 2 2 0 2 0 0 2 1 1 1 2 2 2 0 0 2 1
0 0 0 2 0 2 1 0 2 0 0 1 2 1 1 2 2 2 0 0 2 1
0 0 0 2 1 2 1 0 2 0 1 1 2 0 2 2 2 2 0 0 2 2
1 0 0 2 0 2 2 0 2 1 0 1 0 0 1 2 2 2 0 0 2 2
1 1 1 2 0 2 2 1 2 0 0 2 1 2 1 2 2 2 1 1 2 1
2 0 0 2 1 2 1 0 2 1 0 1 2 1 1 2 2 2 0 0 2 1
0 1 0 2 0 2 2 0 2 0 0 1 2 0 1 2 2 2 0 1 2 1
1 0 0 2 0 2 2 1 1 0 0 2 2 1 0 2 2 2 0 0 1 2
1 0 0 2 0 2 2 0 2 0 0 1 2 0 2 2 2 2 0 1 2 2
1 0 0 2 0 2 2 1 2 0 0 2 2 0 1 2 2 2 0 0 2 1
1 0 0 2 0 2 2 0 2 0 0 2 2 0 0 2 2 2 0 0 2 1
1 0 0 2 0 2 2 1 2 0 0 2 2 0 1 2 2 2 0 0 2 1
0 0 0 2 0 2 2 0 2 1 0 2 2 1 1 2 2 2 0 0 1 2
0 0 0 2 0 2 2 0 2 0 0 1 2 0 2 2 2 2 1 0 2 1
1 0 0 2 0 2 2 0 2 1 0 2 1 1 0 2 2 2 1 0 2 1
2 0 0 2 0 2 1 0 2 0 0 1 2 0 2 1 2 2 0 1 2 1
0 0 0 2 2 2 2 0 1 0 0 2 1 1 0 2 2 2 0 0 2 1
1 0 0 2 0 2 2 1 1 1 0 2 1 1 0 2 2 2 0 0 2 2
1 0 0 2 0 2 2 0 2 0 0 1 2 1 0 1 2 1 0 0 2 1
0 1 1 2 1 2 2 0 2 0 0 1 2 1 2 2 2 2 0 0 2 1
0 1 0 2 0 2 2 0 2 0 0 2 1 0 1 2 2 2 0 0 2 2
0 0 0 2 0 2 2 0 2 0 0 2 1 0 1 2 2 2 0 1 2 2
1 1 0 2 0 2 2 0 2 1 0 2 2 0 2 2 2 2 0 0 2 2
2 0 0 2 0 2 2 1 2 0 0 2 2 0 2 2 2 2 1 0 1 1
1 1 0 2 1 2 2 0 2 0 0 2 2 1 2 2 2 2 0 0 2 2
2 0 0 2 0 2 2 1 2 0 0 2 2 0 1 2 2 2 0 0 1 1
0 0 0 2 0 2 2 0 2 0 0 2 2 0 2 2 2 2 0 0 2 1
1 0 0 2 0 2 2 0 2 1 0 2 2 1 1 2 2 2 0 0 2 2
0 0 0 2 1 2 2 0 2 1 0 2 2 0 1 2 2 2 0 0 2 0
1 0 0 2 0 2 2 1 1 0 0 2 1 1 1 2 2 2 0 0 2 1
0 0 0 2 0 2 1 0 2 0 0 2 2 0 1 2 2 2 0 0 2 2
0 0 0 2 0 2 2 0 2 0 0 1 1 2 2 2 2 2 0 0 2 2
1 0 0 2 0 2 2 0 2 0 0 1 2 0 1 2 2 2 0 0 1 1
0 0 0 2 0 2 2 1 2 0 0 2 1 0 0 2 2 2 0 2 2 2
2 0 0 2 0 2 2 0 2 0 0 2 2 0 2 2 2 2 0 0 2 2
0 0 0 2 0 2 2 0 2 0 0 1 0 1 1 2 2 2 0 1 1 1
0 0 0 2 0 2 2 0 2 0 0 2 2 0 0 2 2 2 0 1 2 1
0 0 0 2 1 2 2 0 2 1 0 2 1 1 1 2 1 2 0 0 2 1
1 0 0 2 1 2 2 0 2 1 0 2 1 1 1 2 2 2 0 0 2 0
2 0 0 2 0 2 2 0 2 0 0 1 1 0 1 2 2 2 0 0 2 2
0 1 0 2 2 2 1 0 2 0 0 2 2 1 2 2 2 2 0 0 2 2
0 0 0 2 0 2 1 0 2 0 0 2 2 0 1 1 2 2 0 0 2 2
1 0 0 2 0 2 2 0 2 0 0 1 0 0 2 2 2 2 0 0 1 2
0 0 0 2 0 2 2 0 2 0 0 2 2 2 0 2 2 2 0 0 1 1
1 0 0 2 0 2 2 0 2 1 0 2 2 1 1 2 2 2 0 0 2 2
1 0 0 2 0 2 2 0 2 0 0 2 2 0 1 2 2 2 0 1 2 1
1 0 0 2 1 2 2 0 2 0 0 1 2 0 2 2 2 2 0 0 2 2
1 0 0 2 0 2 2 1 1 0 0 1 1 1 1 2 2 2 0 0 2 1
2 0 0 2 0 2 2 0 2 1 0 2 1 0 0 2 2 1 0 0 2 2
0 0 0 2 1 2 2 0 2 0 0 2 1 0 0 2 2 2 0 0 2 2
1 0 0 2 0 2 2 0 2 2 0 1 2 0 2 2 2 2 0 1 2 1
0 0 0 2 0 2 2 0 2 0 1 2 2 0 0 2 2 2 0 0 2 2
1 0 0 2 0 2 2 0 2 0 0 2 2 0 0 1 2 2 0 0 2 2
2 0 0 2 0 2 2 0 2 0 0 2 2 0 1 2 2 2 0 0 2 0
1 0 0 2 0 2 1 0 2 0 0 2 2 1 0 2 2 2 0 0 2 2
0 0 0 2 0 2 2 0 2 0 0 2 2 1 1 2 2 2 0 0 2 2
1 0 0 2 0 2 2 0 2 0 0 2 1 1 1 2 2 2 0 0 1 1
1 0 0 2 1 2 2 0 2 0 0 1 2 1 1 2 2 2 0 0 2 1
1 0 0 2 0 2 2 0 2 0 0 1 2 0 1 2 2 2 0 0 2 1
0 1 0 2 1 2 2 0 2 0 0 1 1 0 2 2 2 2 0 0 2 0
1 0 0 2 1 2 2 0 2 0 0 2 2 0 0 2 2 1 0 0 2 1
0 0 0 2 2 2 2 0 2 1 0 2 1 2 0 2 2 2 0 1 2 2
1 0 0 2 0 2 2 0 2 0 1 1 2 2 0 2 2 2 0 0 2 0
1 0 0 2 1 2 1 0 2 0 0 2 2 1 1 2 2 2 0 0 2 2
1 0 0 2 0 2 2 0 2 0 0 2 1 1 1 2 2 2 0 0 2 1
0 0 0 2 0 2 2 0 2 1 0 2 2 1 1 2 2 2 0 0 2 2
2 0 0 2 0 2 2 0 2 0 0 2 2 1 1 1 2 2 0 0 2 1
2 0 0 2 0 2 1 0 2 0 0 2 2 0 2 2 2 2 0 0 2 1
0 0 0 2 0 2 2 0 2 0 0 2 1 0 2 2 2 2 0 0 2 2
1 0 0 2 0 2 2 1 2 1 0 2 2 1 0 2 2 2 0 0 2 1
0 0 0 2 0 2 2 0 2 0 0 1 2 1 2 2 2 1 0 0 2 2
2 0 0 2 0 2 2 1 2 0 0 1 2 1 1 2 2 2 0 0 2 0
0 1 0 2 0 2 2 0 2 0 0 1 1 0 2 2 2 2 0 0 1 1
2 0 0 2 0 2 2 0 2 0 0 2 1 0 1 2 2 2 0 0 1 1
2 1 0 2 0 2 2 0 2 0 0 2 2 1 1 2 2 2 0 0 2 2
0 0 1 2 1 2 2 0 2 1 0 2 1 0 1 2 2 2 0 0 2 1
1 0 0 2 1 2 2 0 2 0 0 2 2 1 0 2 2 2 0 0 2 1
1 0 0 2 0 2 2 0 2 0 0 1 1 1 2 2 2 2 0 0 2 1
0 0 0 2 1 2 2 0 2 1 0 2 2 1 1 2 2 2 0 0 2 1
0 0 0 2 0 2 2 1 2 0 1 2 2 2 1 2 2 2 0 0 2 2
2 0 0 2 0 2 2 0 1 0 0 2 2 0 2 2 2 1 0 0 1 1
1 0 0 2 2 2 2 0 2 0 0 1 2 0 1 2 2 1 0 0 2 2
0 0 0 2 0 2 2 0 2 0 0 2 2 1 1 2 2 2 0 0 2 0
0 0 0 2 1 2 2 0 2 0 0 2 1 0 1 2 2 2 0 0 2 1
0 1 0 2 1 2 1 0 2 0 0 1 1 0 2 2 2 2 1 0 2 2
0 0 0 2 0 2 2 0 2 0 1 2 2 1 0 2 2 2 0 0 2 1
1 0 0 2 1 1 2 0 2 0 0 1 2 0 1 2 2 2 0 0 2 0
1 0 0 2 1 2 2 0 2 1 0 1 0 0 0 2 2 2 0 0 2 2
1 1 0 2 1 2 2 0 2 0 0 2 1 0 1 2 2 2 0 0 2 2
0 0 0 2 1 2 2 0 1 1 0 1 2 0 1 2 2 2 0 0 2 1
1 0 0 2 0 2 2 0 2 0 0 1 2 0 2 2 2 2 0 0 2 1
0 0 0 2 0 2 2 0 2 0 0 1 2 0 1 2 2 2 0 0 2 2
0 0 0 2 0 2 2 1 2 1 0 1 2 0 1 2 2 2 0 1 2 1
1 0 0 2 0 2 2 0 2 0 0 2 2 0 1 2 2 2 0 0 2 2
0 0 0 2 1 2 2 0 2 0 0 2 2 1 2 2 2 2 0 0 2 1
1 0 0 2 1 2 2 0 2 0 0 2 1 0 2 2 2 2 0 0 1 2
0 1 0 2 0 2 2 0 2 0 0 2 1 0 0 2 2 2 0 2 2 2
0 0 1 2 1 2 2 0 2 0 0 2 2 1 2 2 2 2 0 0 2 1
1 0 0 2 0 2 2 0 2 0 0 2 1 1 2 2 2 2 0 0 2 1
1 1 0 2 0 2 2 0 2 0 0 2 2 0 0 2 2 2 0 0 1 1
1 0 0 2 0 2 2 0 2 0 0 2 2 1 1 1 2 2 0 0 2 1
0 0 0 2 0 2 1 0 2 0 0 2 2 0 0 2 2 2 0 0 1 2
2 0 0 2 1 2 2 0 2 1 0 2 2 0 1 2 2 2 0 0 2 0
0 0 0 2 0 2 2 0 2 0 0 2 2 0 2 2 2 2 0 1 1 1
0 0 0 2 0 2 0 0 2 0 0 1 2 1 2 2 2 2 0 0 2 2
0 0 0 2 1 2 2 0 2 0 0 2 2 2 2 2 2 2 0 0 2 1
1 0 0 2 0 2 2 1 2 1 0 1 1 0 1 2 2 2 0 1 2 1
1 0 1 2 1 2 2 0 2 0 0 2 1 2 0 2 2 2 0 0 2 2
1 0 0 2 0 2 2 0 2 0 0 2 1 0 2 2 2 2 1 0 2 2
1 0 0 2 1 2 1 0 1 1 0 2 2 1 0 2 2 2 0 0 1 2
2 0 0 2 1 2 2 1 2 0 0 2 1 0 1 2 2 2 0 1 2 1
1 0 0 2 0 2 2 0 2 0 0 1 2 1 2 2 2 2 1 0 2 1
1 0 0 2 0 2 2 0 2 0 0 2 2 0 2 2 2 2 0 0 2 1
0 0 0 2 0 2 2 0 2 0 0 1 2 0 2 2 2 2 0 0 2 1
1 0 0 2 0 2 2 0 1 1 0 2 2 0 2 2 2 2 0 0 2 2
0 0 0 2 0 2 1 0 2 0 0 1 2 0 1 2 2 2 0 0 2 2
1 0 0 2 1 2 2 0 2 0 1 2 2 2 1 2 2 2 0 1 2 2
0 0 0 2 1 2 2 0 2 0 0 2 1 2 0 2 2 2 0 0 2 0
1 0 0 2 0 2 1 0 2 0 0 2 2 1 1 2 2 2 0 0 2 0
1 0 0 2 0 2 2 0 2 0 1 2 1 0 2 2 2 2 0 0 1 1
1 0 0 2 0 2 2 0 2 0 0 2 2 0 1 2 2 2 0 0 2 1
1 0 0 2 0 2 1 0 2 0 0 2 2 0 2 2 2 2 0 1 1 1
1 0 0 2 0 2 1 0 2 0 0 2 2 1 0 2 2 2 0 0 2 0
0 0 0 2 0 2 2 0 2 0 0 1 2 1 2 2 2 2 0 0 2 1
0 0 0 2 0 2 2 0 2 0 0 2 2 1 1 2 2 2 0 0 2 1
2 0 0 2 1 2 2 0 2 0 0 2 2 2 2 2 2 2 1 0 2 1
0 0 0 2 2 2 2 0 2 1 0 2 1 1 1 2 2 2 0 0 2 1
1 0 0 2 1 2 2 0 1 0 0 2 2 1 2 2 2 1 0 0 2 1
1 0 0 2 0 2 2 0 2 0 0 1 2 0 2 2 2 2 0 0 1 2
1 0 0 2 0 2 2 0 1 1 0 1 2 1 1 2 2 2 0 1 2 2
1 0 0 2 0 2 1 0 2 0 0 2 2 0 0 2 2 2 0 0 2 1
1 0 0 2 0 2 2 0 1 1 0 2 2 1 1 2 2 1 0 1 2 1
0 0 0 2 0 2 1 0 2 0 0 2 2 0 0 2 2 2 0 0 2 1
1 1 0 2 0 2 2 1 2 0 0 2 2 0 1 2 2 2 0 0 2 2
1 1 0 2 2 2 2 0 2 1 0 2 2 2 1 2 2 2 0 1 2 1
0 1 0 2 1 2 1 0 2 0 0 1 1 0 1 2 2 2 0 0 2 1
0 0 0 2 2 2 2 0 2 0 0 2 2 0 0 2 2 2 0 0 2 2
1 0 0 2 2 2 2 0 2 0 0 2 2 0 1 2 2 2 0 0 2 1
1 0 0 2 0 2 2 0 2 0 0 2 1 1 1 1 2 1 0 0 2 2
1 0 0 2 1 2 1 0 2 0 0 2 2 1 2 2 2 2 0 0 2 1
2 0 0 2 0 2 2 1 2 0 0 2 2 1 1 2 2 2 0 0 2 1
1 0 0 2 0 2 1 0 2 0 0 2 1 0 2 2 2 2 0 0 2 2
1 0 0 2 1 2 2 0 2 0 0 2 2 0 2 2 2 2 0 0 2 0
0 0 0 2 0 2 2 0 2 0 0 2 2 1 1 2 2 2 0 1 2 2
1 0 0 2 0 2 2 0 2 0 0 2 2 0 1 2 2 2 0 0 2 2
1 0 0 2 0 2 2 0 2 0 0 2 2 0 1 2 2 2 0 0 2 1
1 0 0 2 1 2 2 1 2 1 0 2 2 1 2 2 2 1 0 0 2 1
1 0 0 2 0 2 2 0 2 1 0 2 2 1 0 2 2 2 1 0 2 2
1 0 0 2 0 2 2 0 2 0 0 2 2 1 2 2 2 2 0 0 1 1
1 0 0 2 0 2 2 0 2 0 0 2 2 0 1 2 2 2 0 0 2 1
0 0 1 2 2 2 2 0 2 0 0 2 2 1 2 1 2 2 0 0 1 1
1 0 1 2 0 2 2 0 2 0 1 2 2 1 1 2 2 2 0 0 2 2
0 0 0 2 0 2 2 0 2 0 0 2 2 0 1 2 2 2 0 0 2 2
0 0 0 2 0 2 2 0 1 1 1 2 1 0 1 2 2 2 0 0 2 2
0 0 0 2 0 2 2 0 2 0 0 1 1 0 1 2 2 2 1 0 1 0
0 0 0 2 0 2 2 0 2 0 0 1 2 0 0 2 2 2 0 0 2 2
1 0 0 2 1 2 2 0 2 0 0 2 0 0 1 2 2 1 0 0 2 2
1 0 0 2 0 2 2 0 2 0 0 2 2 0 0 2 2 2 0 0 2 1
1 1 0 2 1 2 2 0 2 0 0 2 2 0 1 2 2 2 0 0 2 2
0 0 0 2 0 2 2 0 2 1 1 2 2 1 0 2 2 2 0 0 2 1
1 0 0 2 1 2 1 0 2 0 1 2 2 0 2 2 2 2 0 0 1 1
1 0 0 2 0 2 2 0 2 0 0 1 2 2 1 2 2 2 1 0 2 1
1 0 0 2 0 2 2 0 2 1 0 2 2 1 2 2 2 2 0 0 2 1
0 0 0 2 0 2 2 0 2 0 0 2 2 1 0 2 2 2 0 0 2 0
2 0 0 2 0 2 2 0 2 0 0 2 1 0 1 2 2 1 0 0 1 2
2 0 0 2 0 2 2 0 2 0 0 2 2 0 1 2 2 2 0 0 2 2
0 0 0 2 1 2 2 0 2 0 0 2 2 1 1 2 2 2 0 0 2 1
1 0 0 2 1 2 2 1 2 1 0 2 1 0 0 2 2 2 0 0 2 2
2 1 0 2 1 2 2 0 2 0 0 1 2 1 1 2 2 2 0 0 2 0
0 0 0 2 0 2 2 0 2 1 0 1 2 0 0 2 2 2 0 0 2 2
1 0 0 2 1 2 2 0 2 0 0 2 2 1 1 1 2 2 0 0 1 2
1 0 0 2 0 2 2 0 2 0 0 2 2 0 1 2 2 2 0 0 2 2
1 0 0 2 1 2 2 0 2 0 0 2 2 1 1 2 2 2 0 0 2 2
1 0 0 2 2 2 2 1 2 0 0 2 2 1 0 2 2 2 0 0 2 1
1 0 0 2 0 2 2 0 2 0 0 2 2 0 0 2 2 2 0 0 1 1
0 0 0 2 2 2 1 0 2 0 0 2 2 1 1 2 2 1 0 0 2 1
0 0 0 2 1 2 2 0 2 0 0 1 2 1 1 2 2 2 0 0 2 2
0 0 0 2 0 2 2 0 2 1 1 1 2 0 2 2 2 2 0 0 2 1
2 0 0 2 0 2 2 0 2 1 0 1 2 0 0 2 2 2 0 0 1 1
1 0 0 2 0 2 2 1 2 0 0 2 2 0 1 2 2 2 0 0 2 2
0 0 0 2 1 2 2 0 2 1 0 1 2 2 1 2 2 2 0 0 2 1
1 0 0 2 0 2 1 0 2 0 0 2 2 0 1 2 2 2 0 0 2 1
1 1 0 2 0 2 2 0 2 0 0 1 2 1 0 2 2 2 0 0 2 1
2 0 0 2 0 2 2 0 2 1 0 2 2 0 1 2 2 2 0 0 2 1
0 0 0 2 1 2 2 0 2 0 0 2 2 0 0 2 2 2 0 0 2 1
1 0 0 2 0 2 2 0 2 0 0 1 1 1 2 2 2 2 0 0 2 2
1 0 0 2 0 2 2 0 2 0 0 2 2 0 2 2 2 2 0 0 2 0
2 1 0 2 0 2 2 0 2 0 0 1 2 1 0 2 2 2 0 0 2 1
1 0 0 2 1 2 2 0 1 0 0 1 2 0 1 2 2 2 0 0 2 2
0 1 0 2 0 2 1 0 2 0 0 2 2 1 1 2 2 2 0 0 2 2
1 0 0 2 0 2 2 0 2 0 0 2 2 1 1 2 2 2 0 0 2 0
0 0 0 2 1 2 2 0 2 0 0 2 2 1 1 2 2 2 0 0 2 1
2 0 0 2 1 2 2 2 1 1 0 1 2 1 1 2 2 2 0 0 2 2
1 1 0 2 0 2 1 1 2 0 1 1 2 0 1 2 2 2 0 0 2 2
1 1 0 2 0 2 2 1 1 1 0 1 2 1 2 2 2 2 0 1 2 0
1 0 0 2 1 2 2 0 2 0 0 2 2 0 1 2 2 2 0 0 2 2
0 0 0 2 0 2 2 0 2 0 0 2 2 0 1 2 2 2 0 0 2 1
0 0 0 2 1 2 2 0 2 0 0 2 2 0 0 2 2 2 0 0 2 2
1 0 0 2 0 2 2 0 2 0 0 2 2 0 2 2 2 2 0 0 1 2
0 0 0 2 0 2 2 0 1 0 0 2 1 0 1 2 2 2 0 0 2 1
1 1 0 2 0 2 2 0 2 0 0 2 2 1 1 2 2 2 0 0 2 2
0 0 0 2 1 2 1 0 2 0 0 2 2 1 2 2 2 2 0 0 2 2
2 0 0 2 0 2 2 0 2 1 0 1 2 0 1 2 2 2 0 0 2 1
1 0 0 2 0 2 2 0 2 0 0 2 0 0 1 2 2 2 0 0 2 2
1 0 0 2 0 2 1 0 2 0 0 2 2 2 2 2 2 2 0 0 2 1
0 0 0 2 1 2 2 0 2 0 0 2 1 1 1 2 2 2 0 0 2 1
2 0 0 2 0 2 2 0 2 0 0 2 2 1 1 2 2 2 0 0 2 0
1 0 1 2 1 2 2 0 2 1 0 1 2 2 2 2 2 2 0 0 2 2
1 0 0 2 1 2 2 0 2 0 1 1 2 1 1 2 2 2 0 1 2 2
1 0 0 2 0 2 2 0 2 0 0 2 2 0 1 2 2 2 0 0 2 2
0 0 0 2 0 2 2 0 2 1 1 2 2 0 0 2 2 2 0 0 2 2
1 0 0 2 0 2 2 0 2 0 0 2 2 1 1 2 2 2 0 0 2 2
1 0 0 2 0 2 2 0 2 0 0 1 2 1 0 2 2 2 0 0 1 1
1 2 0 2 1 2 2 0 2 0 0 2 2 1 2 2 2 2 0 0 2 2
1 0 0 2 1 2 2 0 2 0 0 1 1 0 0 2 2 1 0 0 2 1
0 0 0 2 0 2 2 0 2 0 0 1 2 1 2 2 2 2 0 0 2 1
0 1 0 2 0 2 2 0 2 0 0 2 2 0 1 2 2 2 0 1 1 2
1 0 0 2 1 2 2 0 2 0 0 2 2 0 1 2 2 2 0 0 2 1
0 0 0 2 1 1 2 1 2 0 0 2 1 0 0 2 2 2 1 0 2 0
1 0 0 2 1 2 1 0 2 0 0 1 1 0 1 2 2 1 0 0 2 2
1 0 0 2 2 2 2 0 2 0 0 2 1 0 1 2 2 2 0 0 1 2
2 0 0 2 1 2 2 1 2 0 0 1 2 1 1 2 2 2 0 0 1 2
1 1 0 2 1 2 2 0 2 0 0 2 2 1 2 2 2 2 0 0 2 1
1 0 0 2 1 2 2 1 2 0 0 2 2 0 1 2 2 2 0 0 2 2
2 0 0 2 1 2 2 1 2 0 0 1 2 0 1 2 2 2 0 0 2 2
1 0 0 2 1 2 2 0 2 1 1 1 2 0 0 2 2 2 0 0 2 1
0 0 0 1 1 2 2 0 2 0 0 2 2 1 1 2 2 2 0 0 2 2
2 0 0 2 1 2 2 0 2 0 0 1 2 0 0 2 2 2 0 0 1 1
0 0 0 2 0 2 1 0 2 0 0 2 1 1 2 2 2 2 0 0 2 2
0 0 0 2 1 2 2 0 2 0 0 1 1 1 0 2 2 2 0 0 2 2
0 0 0 2 1 2 2 0 2 0 0 2 1 0 1 2 2 2 0 0 1 1
0 1 0 2 2 2 2 0 2 0 0 1 1 0 1 2 2 2 0 0 2 1
2 0 0 2 2 2 2 0 2 0 0 1 2 1 2 2 2 2 0 0 2 2
1 0 0 2 0 2 2 1 2 0 0 2 1 0 2 2 2 2 1 0 1 2
1 0 0 2 0 2 2 0 2 0 0 2 2 2 0 2 2 2 1 0 0 2
0 0 0 2 1 2 2 0 2 1 0 1 1 0 2 2 2 2 0 0 2 2
1 0 0 2 0 2 1 0 2 0 1 2 2 1 2 2 2 2 0 0 2 1
1 0 0 2 1 2 2 0 1 0 0 2 2 1 1 2 2 2 0 0 2 2
1 0 0 2 0 2 2 0 2 0 0 2 1 0 1 2 2 2 0 0 2 0
1 0 0 2 0 2 2 1 2 0 0 2 2 2 1 2 2 2 0 0 2 1
0 0 0 1 1 2 2 0 2 0 0 1 2 0 2 2 2 2 0 0 2 1
0 0 0 2 0 2 2 0 2 0 0 2 1 1 1 2 2 2 0 0 2 2
2 0 0 2 0 2 2 0 2 1 0 1 2 0 1 2 2 2 0 0 2 1
0 0 0 2 1 2 2 0 2 0 0 1 1 0 0 2 2 2 0 1 2 2
1 0 0 2 0 2 2 1 2 0 0 2 2 2 1 2 2 2 0 0 2 0
0 0 0 2 0 2 2 0 2 0 0 1 1 1 0 2 2 2 0 0 2 1
2 0 0 2 1 2 2 0 2 0 0 1 2 0 1 2 2 2 0 0 2 1
0 0 0 2 0 2 2 0 2 0 0 1 1 0 1 2 2 2 0 1 2 2
2 0 0 2 0 2 2 0 2 0 0 1 1 2 1 2 2 1 0 0 2 2
1 0 0 2 0 2 2 0 2 0 0 2 2 0 1 2 2 2 0 0 2 1
1 0 0 2 1 2 2 1 2 1 0 1 1 0 1 2 2 2 0 0 2 1
0 0 0 2 0 2 2 0 2 1 0 2 1 0 1 1 2 2 0 0 2 1
0 0 0 2 1 2 2 1 2 1 0 2 2 0 1 2 2 2 0 0 2 2
1 0 0 2 1 2 2 0 2 0 0 2 2 0 1 2 2 2 0 0 2 1
1 0 0 2 0 2 2 1 2 0 0 2 2 0 2 2 2 2 0 0 2 2
1 0 1 2 0 2 2 0 2 0 0 2 2 1 0 2 2 2 0 2 2 2
1 0 0 1 1 2 2 0 2 0 1 1 1 0 1 1 2 2 0 0 2 2
1 0 0 2 1 2 2 0 2 0 0 2 2 1 1 2 2 2 0 0 2 1
1 0 1 2 1 2 2 0 2 0 0 2 2 0 2 2 2 2 0 0 2 2
1 0 0 2 0 2 2 1 2 0 0 2 2 0 0 2 2 2 0 0 2 2
2 0 1 2 0 2 2 1 2 0 0 2 1 1 1 2 2 2 0 0 1 2
0 0 0 2 2 2 2 1 2 0 0 2 2 1 1 2 2 2 0 0 2 1
1 0 1 2 1 2 2 0 2 0 0 2 1 0 0 2 2 2 1 0 2 0
1 0 0 2 0 2 2 0 2 0 0 2 2 1 0 2 1 2 0 0 2 1
1 0 0 2 1 2 2 0 2 0 0 1 2 0 2 2 2 2 0 0 2 2
1 0 0 2 2 2 2 0 2 0 0 2 2 2 1 2 2 1 0 1 2 2
0 0 0 2 0 2 1 0 2 0 0 2 1 1 0 2 2 2 0 0 2 2
0 0 0 2 0 2 2 1 2 2 0 1 2 1 2 2 2 2 0 0 2 2
0 0 1 2 0 2 2 0 2 0 0 1 2 1 1 2 2 2 0 0 2 1
1 0 0 2 0 2 2 0 2 0 0 1 2 1 0 2 1 2 0 0 2 0
0 0 0 2 1 2 2 0 2 1 0 2 2 1 0 2 2 2 0 0 2 1
0 0 1 2 1 2 2 0 2 0 0 2 1 0 1 2 2 2 0 0 2 1
0 1 0 2 0 2 2 1 2 1 0 0 2 1 1 2 2 1 0 0 2 0
1 0 0 2 2 2 2 0 2 0 0 2 1 0 1 2 2 2 0 0 2 2
0 0 0 2 0 2 2 1 1 0 0 1 1 0 1 2 2 2 0 0 2 1
2 0 0 2 0 2 2 1 2 1 0 0 2 0 1 2 2 2 0 0 2 2
1 0 2 2 0 2 2 0 2 1 0 1 2 1 1 2 2 2 0 1 1 1
0 0 1 2 0 2 2 1 2 0 0 1 1 1 2 2 2 1 0 0 2 2
1 0 0 2 1 2 2 0 2 1 0 2 2 2 2 2 2 2 1 0 2 1
1 1 0 2 0 2 2 1 2 1 0 2 1 0 1 2 2 2 0 0 2 2
2 0 0 2 1 2 2 0 2 0 0 2 0 1 1 2 2 2 0 0 2 1
2 0 0 2 1 2 2 0 2 0 0 2 2 0 1 2 2 1 0 0 1 1
1 0 1 2 0 2 2 0 2 1 0 2 2 1 2 2 2 2 0 0 2 2
2 0 0 2 0 2 2 1 2 1 0 2 2 1 1 1 2 2 0 1 2 1
0 0 1 2 0 2 2 0 2 0 0 1 1 1 2 2 2 2 0 0 2 2
2 0 0 2 0 2 1 0 2 1 0 2 1 0 2 2 2 1 0 0 1 2
2 0 0 2 0 2 2 0 2 0 0 1 2 1 1 2 2 2 0 0 2 2
1 0 0 2 0 2 2 0 2 0 0 0 1 0 2 2 2 1 0 1 2 1
1 0 0 2 0 2 2 0 2 0 0 1 0 1 1 2 2 2 1 1 2 1
2 0 0 2 1 2 2 0 2 0 0 2 2 2 2 1 2 2 0 0 2 2
0 0 0 2 0 2 2 0 2 0 0 2 0 0 2 2 2 2 0 0 2 0
1 0 0 2 0 2 2 0 2 0 0 1 2 2 1 1 2 2 0 0 2 2
2 0 0 2 1 2 2 0 2 0 0 0 2 1 1 2 2 2 0 0 1 2
1 0 0 2 0 2 2 1 2 0 0 1 2 0 2 2 2 2 0 0 2 2
1 0 0 2 0 1 2 0 2 0 0 2 2 0 1 2 2 2 0 0 2 0
1 0 0 2 0 2 2 1 2 0 0 2 2 1 1 2 2 2 0 0 2 0
1 0 0 2 0 2 2 0 2 0 0 2 1 1 1 2 2 2 0 0 2 2
0 0 0 2 0 2 2 0 2 0 0 1 2 0 2 2 2 2 0 1 2 0
2 0 0 2 0 2 2 1 2 0 0 2 1 1 1 2 2 2 0 1 2 1
0 0 0 1 0 2 2 0 2 1 0 2 1 0 0 2 2 2 0 0 2 1
1 0 0 2 1 2 2 0 2 0 0 1 2 2 1 2 2 2 0 1 2 1
1 1 0 2 0 2 2 1 2 0 0 1 2 1 1 2 2 2 0 0 2 2
1 0 0 2 1 2 2 0 1 1 0 2 2 0 2 2 2 1 0 0 2 2
1 1 0 2 0 2 2 1 2 0 0 2 2 0 2 2 2 2 0 0 2 1
0 1 0 2 0 2 2 0 2 1 0 2 2 0 0 2 2 2 0 0 2 2
1 0 0 2 0 2 2 0 2 0 0 2 2 1 2 2 2 2 0 0 2 2
1 0 0 2 1 2 2 0 1 0 0 2 2 1 1 2 2 1 0 1 1 1
0 0 0 2 1 2 2 0 2 1 1 2 2 1 0 2 2 1 0 0 1 0
1 0 0 2 0 2 2 0 2 0 0 1 1 0 1 2 2 2 0 0 2 1
2 0 0 2 1 2 2 0 2 1 0 1 2 1 2 2 2 2 0 0 2 1
0 0 0 2 0 2 2 0 2 0 0 2 2 0 2 2 2 2 0 0 1 2
0 0 0 2 2 2 2 0 2 0 0 2 2 2 1 2 2 2 0 0 2 1
2 0 0 2 0 2 2 0 2 0 0 2 2 1 1 2 2 2 0 0 2 2
1 0 0 2 1 2 2 1 2 0 0 1 2 0 1 2 2 2 0 0 2 2
1 0 0 2 0 2 2 0 2 1 0 1 2 0 2 2 2 1 0 0 2 2
0 1 0 2 2 2 2 0 2 0 0 2 2 1 0 2 2 2 0 0 2 1
0 0 0 2 1 2 2 1 2 0 0 2 2 0 2 2 2 2 0 0 1 1
0 0 0 2 0 2 2 1 2 0 0 1 1 0 1 2 2 2 0 0 2 2
0 0 0 2 2 2 2 0 2 0 0 1 2 0 1 2 2 2 1 0 2 2
1 0 0 2 0 2 2 0 2 1 1 2 2 1 2 2 2 2 0 0 2 0
0 0 0 2 1 2 2 0 2 0 0 1 1 0 2 2 2 2 0 0 2 2
1 0 0 2 0 2 2 0 2 1 0 2 2 0 2 2 2 2 0 0 2 1
0 0 0 2 0 2 2 0 2 0 0 2 2 0 1 2 2 2 0 0 2 1
1 0 0 2 0 2 2 0 2 0 0 1 2 0 1 2 2 2 0 1 2 2
1 0 0 2 1 2 2 1 2 0 0 2 2 0 0 2 2 2 0 0 2 2
2 0 0 2 0 2 2 0 2 0 0 2 2 1 0 2 2 2 1 0 2 1
0 0 0 2 1 2 2 0 2 0 0 2 1 1 2 2 2 2 0 0 2 2
1 0 1 2 1 2 2 0 2 0 0 1 2 1 0 2 2 2 0 0 1 1
1 1 0 2 1 2 2 0 2 0 1 2 1 0 1 2 2 2 0 0 2 1
1 0 0 2 1 2 2 0 2 0 0 1 1 1 0 2 2 2 0 0 2 1
2 0 0 2 1 2 2 0 2 1 0 2 1 1 2 2 2 2 0 0 2 1
1 0 0 2 0 2 2 1 2 1 0 2 2 0 1 2 2 2 0 1 2 1
1 0 0 2 0 2 2 0 2 0 0 2 1 0 1 2 2 2 0 0 2 1
1 0 1 2 0 2 2 0 2 0 0 2 2 1 1 2 2 2 0 0 2 1
0 0 0 2 1 2 2 0 2 0 0 2 2 0 1 2 2 2 0 0 2 2
0 0 0 2 1 2 2 0 2 1 0 2 2 0 1 2 2 2 0 0 2 1
1 0 0 2 0 2 2 0 2 0 0 2 1 1 1 2 2 2 0 0 2 0
0 1 0 2 1 2 2 0 2 0 0 2 1 1 2 2 2 2 0 0 2 2
1 0 0 2 1 2 2 0 2 0 0 2 2 1 1 2 2 2 0 0 2 2
1 0 0 2 1 2 1 0 2 0 0 2 2 1 2 2 2 2 0 1 2 2
1 0 1 2 1 2 2 0 2 0 0 2 2 1 1 2 2 2 0 0 2 1
2 0 0 2 1 2 2 0 2 0 0 2 2 0 1 2 2 2 0 0 2 2
0 1 0 2 0 2 2 0 2 0 0 1 1 1 1 2 2 2 0 1 2 1
0 0 0 2 0 2 2 0 2 0 0 2 2 2 2 2 2 2 0 1 1 2
1 0 0 2 0 2 2 0 2 0 0 2 0 0 1 2 2 2 0 0 2 2
1 0 0 2 1 2 2 1 2 0 0 2 2 0 1 2 2 2 0 1 2 1
1 0 0 2 0 2 2 1 2 0 0 2 2 1 1 2 2 2 0 0 2 2
1 0 0 2 0 2 2 1 1 0 0 2 2 0 1 2 2 2 0 1 2 2
0 0 0 2 0 2 2 1 2 0 0 1 2 0 2 2 2 2 0 0 2 2
1 0 0 2 0 2 2 2 2 1 0 2 1 0 1 2 2 2 0 0 1 1
1 0 0 2 2 2 2 2 2 0 0 1 1 1 2 2 2 2 0 0 2 2
0 0 0 2 1 2 2 0 2 1 0 1 2 0 1 2 2 2 0 0 2 1
2 0 0 2 1 1 2 0 1 0 0 1 2 0 2 2 2 2 0 0 2 1
2 0 0 2 1 2 2 0 2 0 0 2 2 0 0 2 2 2 0 1 2 2
0 0 0 2 0 2 2 0 2 0 0 1 2 1 2 2 2 2 0 0 2 2
0 0 0 2 0 2 2 0 2 0 0 2 2 0 2 2 2 2 0 0 2 1
0 0 0 2 0 2 2 0 2 0 0 2 2 1 1 2 2 2 0 0 2 1
2 0 0 2 0 2 2 1 2 0 1 2 2 1 2 2 2 2 0 0 2 1
1 0 0 2 1 2 2 0 2 1 0 2 2 0 0 2 2 2 0 0 2 2
2 0 0 2 0 2 2 0 2 0 0 2 2 0 1 2 2 0 0 1 2 2
2 0 0 2 0 2 2 0 2 0 0 2 2 0 2 2 2 2 0 0 2 0
2 0 0 2 0 2 2 0 2 0 0 2 2 1 2 2 2 2 0 0 2 2
1 0 0 2 0 2 2 0 2 0 0 1 2 1 2 2 2 2 0 0 2 2
1 1 0 2 0 2 2 0 2 0 0 2 2 0 2 1 2 2 0 0 2 2
2 0 0 2 0 2 2 1 2 0 0 2 2 0 2 2 2 1 0 0 2 1
1 0 0 2 1 2 2 0 1 0 0 2 2 0 1 2 2 2 0 0 2 2
1 0 0 2 1 2 2 0 2 1 0 2 2 0 1 2 2 2 0 1 2 2
0 0 0 2 1 2 2 0 2 0 0 2 2 1 1 2 2 2 0 1 2 1
1 0 0 2 0 2 1 0 2 0 0 2 2 0 2 2 2 2 0 0 2 1
1 0 0 2 0 2 2 0 2 0 0 1 2 1 1 2 2 2 0 0 2 2
1 0 0 2 0 2 2 0 2 1 0 2 2 0 1 2 1 2 0 0 2 1
1 0 0 2 0 2 2 0 1 0 0 2 2 0 2 2 2 2 0 0 2 2
0 0 0 2 1 2 2 0 2 0 0 2 2 2 1 2 2 2 0 0 0 1
0 0 1 2 0 2 2 0 2 0 0 1 1 0 1 2 2 1 0 0 2 0
0 0 0 2 0 2 2 0 2 0 0 1 2 0 0 2 2 1 0 0 2 2
1 0 0 2 0 2 2 0 2 1 0 2 2 0 1 2 2 2 1 0 2 1
1 0 0 2 1 2 2 0 2 0 0 1 2 0 1 2 2 2 0 0 1 1
1 0 0 2 0 2 2 0 1 0 0 1 2 0 1 2 2 2 0 0 2 2
0 0 0 2 0 2 2 0 2 0 0 2 1 0 2 2 2 2 0 1 2 1
1 0 0 2 0 2 2 0 2 0 0 1 0 0 0 2 2 2 0 0 1 2
0 0 0 2 0 2 2 1 2 0 0 1 2 0 1 2 2 2 0 0 2 2
1 0 0 2 1 2 2 0 2 0 0 2 1 0 0 2 2 2 0 0 1 2
0 0 0 2 0 2 2 1 2 1 0 2 2 0 1 2 2 2 0 0 2 2
0 0 0 2 0 2 2 0 2 0 0 2 2 1 0 2 2 2 0 0 2 2
1 0 0 2 0 2 2 0 2 0 0 1 2 2 2 2 2 2 0 0 2 1
0 1 0 2 1 2 2 1 2 0 0 2 1 1 0 2 2 2 0 0 2 0
1 0 0 2 1 2 2 0 2 0 0 2 1 1 1 2 2 1 0 0 2 2
1 0 1 2 0 2 2 1 1 0 0 1 2 1 0 2 2 2 0 0 2 1
0 0 0 2 2 2 2 0 2 0 0 2 2 1 0 2 2 2 0 0 2 1
1 0 0 2 1 2 2 0 2 0 0 2 2 1 2 2 2 2 0 0 2 2
1 0 0 2 1 2 2 0 2 0 0 2 1 1 1 2 2 2 0 0 2 2
0 0 0 2 0 2 2 1 2 0 0 2 2 1 2 2 2 2 0 0 2 2
1 1 0 2 1 2 2 0 2 0 0 2 2 0 1 2 2 2 0 0 2 2
1 0 0 2 1 2 2 0 2 1 0 2 1 0 1 2 2 2 0 0 1 1
0 0 0 2 0 2 2 0 1 0 0 2 2 0 1 2 2 2 0 0 2 1
1 0 0 2 1 2 2 0 2 0 0 2 1 1 2 2 2 2 0 0 2 1
1 0 0 1 1 2 2 0 2 0 0 2 2 1 0 2 2 2 0 0 2 2
0 0 0 2 0 2 1 0 2 0 0 2 1 1 2 2 2 2 0 0 1 2
1 0 0 2 0 2 2 0 2 0 0 1 1 1 0 2 2 2 0 0 2 2
0 0 1 2 0 2 2 0 2 1 0 2 1 1 2 2 2 2 0 0 2 2
1 0 0 2 1 2 2 0 2 0 0 2 2 0 0 2 2 2 0 0 2 2
0 0 0 2 1 2 2 0 2 0 0 1 1 1 1 2 2 2 0 0 1 1
1 0 0 2 1 2 2 0 2 1 0 1 1 1 0 2 2 2 0 0 2 2
1 1 0 2 1 2 2 0 2 0 0 2 0 1 1 2 2 2 0 0 2 2
1 0 0 2 1 2 2 0 2 1 0 2 2 1 2 2 2 2 1 0 2 0
0 0 0 2 1 2 2 0 2 0 0 2 2 0 1 2 2 2 0 1 2 2
0 0 0 2 0 2 2 1 2 0 0 1 2 1 1 2 2 1 0 0 2 2
0 0 0 2 2 2 2 0 1 1 0 2 1 0 1 2 2 2 0 0 2 1
0 1 0 2 0 2 2 0 2 0 0 2 2 1 2 2 2 2 0 1 2 1
0 0 0 2 1 2 2 0 2 0 0 2 0 0 2 2 2 1 0 0 2 1
1 0 0 2 0 2 2 0 1 1 0 2 1 1 1 2 2 2 0 0 2 1
0 0 0 2 0 2 2 0 2 0 0 2 2 0 2 2 2 2 0 0 2 2
0 0 0 2 0 2 2 0 2 0 0 2 2 0 2 2 2 1 0 0 2 1
1 0 0 2 0 2 2 0 2 0 0 2 2 0 1 2 2 1 0 0 2 1
1 0 1 2 0 2 2 0 2 0 0 2 2 0 1 2 2 2 0 0 2 1
0 0 0 2 0 2 2 2 2 0 0 2 1 1 2 2 2 2 0 0 1 2
0 2 0 2 0 2 2 0 2 0 0 1 1 1 1 2 2 2 0 0 2 1
1 0 0 2 1 2 2 0 2 0 0 2 1 0 2 2 2 2 0 0 2 1
1 0 0 2 1 2 2 0 2 0 0 2 2 0 1 2 2 2 0 0 2 2
0 0 0 2 0 2 2 1 2 0 0 2 0 0 0 2 2 1 0 0 1 2
1 0 0 2 0 2 2 0 2 0 0 2 1 0 0 2 2 2 0 0 2 2
2 0 0 2 1 2 2 0 2 0 0 2 2 1 2 2 2 2 0 0 1 1
1 0 0 2 0 2 2 0 2 1 0 2 1 1 0 2 2 2 0 0 2 1
1 0 0 1 0 2 2 0 2 1 0 1 2 1 1 2 2 2 0 0 2 2
1 0 0 2 1 2 2 0 2 0 0 2 1 0 2 2 2 2 1 0 2 1
2 1 0 2 1 2 2 1 2 0 0 2 2 0 2 2 2 2 0 0 2 2
1 1 0 2 1 2 2 0 2 0 0 1 0 0 2 2 2 2 0 0 2 2
1 0 0 2 0 2 2 1 2 0 0 1 1 1 2 2 2 2 0 0 2 1
1 0 0 2 1 2 2 0 2 0 0 2 2 1 1 2 2 1 0 0 2 1
2 0 0 2 0 2 2 0 2 0 0 2 0 0 2 2 2 2 0 0 2 2
1 0 0 2 0 2 2 0 2 0 0 2 1 0 1 2 2 2 0 0 2 1
1 0 1 2 0 2 2 0 2 0 0 1 1 1 2 2 2 2 0 0 2 1
1 0 0 1 1 2 2 0 2 1 0 2 1 0 0 2 2 1 0 1 2 1
1 0 0 2 0 2 2 0 2 0 1 2 2 0 2 2 2 2 0 0 2 2
1 0 0 2 1 2 2 0 1 0 0 2 2 1 2 2 2 2 0 0 2 0
1 0 0 2 1 2 2 0 2 0 0 1 1 1 2 2 2 2 0 0 2 2
2 0 0 2 1 2 2 0 1 0 0 2 1 1 0 2 2 2 0 0 2 2
1 0 0 2 1 2 1 0 2 0 0 1 1 0 1 2 2 2 1 0 2 2
0 0 0 2 0 2 2 0 2 0 0 2 2 2 1 2 2 2 0 0 2 2
1 0 0 2 1 2 2 0 2 0 0 1 2 2 0 2 2 2 0 1 2 1
2 0 1 2 1 2 1 1 2 0 0 1 1 0 1 2 2 2 0 0 2 2
1 1 0 2 1 2 2 0 2 0 1 2 2 1 2 2 2 2 0 1 2 1
1 0 0 2 0 2 1 1 2 1 0 2 2 0 2 2 2 2 0 0 2 2
1 0 0 2 1 2 2 1 2 0 0 2 2 2 2 2 2 2 0 0 1 2
1 0 0 2 0 2 2 0 2 0 0 1 2 1 2 2 2 2 0 0 2 2
0 0 0 2 0 2 2 0 2 0 0 2 2 2 2 2 2 2 0 0 2 2
0 0 0 2 0 2 2 0 1 0 0 2 2 1 2 2 2 2 2 0 2 1
1 0 0 2 0 2 1 0 2 0 0 2 2 0 1 2 2 2 0 0 2 1
1 0 0 2 1 2 2 0 2 0 1 1 1 1 0 2 2 2 1 0 2 0
2 0 1 2 1 2 2 1 2 0 0 2 2 0 1 2 2 1 1 0 2 1
0 0 0 2 0 2 2 0 1 0 0 2 2 0 1 2 2 2 1 0 2 1
0 0 0 2 0 2 2 0 2 0 0 1 0 1 1 2 2 2 0 0 1 1
0 0 0 2 1 2 2 0 2 0 0 2 2 1 1 2 2 2 0 0 2 2
1 1 0 2 1 2 2 0 2 0 0 2 2 1 1 2 2 2 0 0 2 0
1 0 0 2 1 2 2 0 2 0 0 1 2 0 1 2 2 2 0 0 2 2
0 0 0 2 0 2 2 0 2 0 0 2 2 1 0 2 2 2 0 1 2 2
1 1 0 2 0 2 2 0 2 1 0 2 1 0 0 2 2 2 1 0 2 2
2 0 0 2 0 2 2 0 1 1 0 2 2 0 1 2 2 1 0 0 2 1
1 0 0 2 0 2 2 0 2 0 0 2 1 1 2 2 2 2 0 0 2 0
1 0 0 2 0 2 2 0 2 1 0 2 2 0 1 2 2 2 0 0 2 2
1 0 0 2 0 2 2 0 2 1 0 2 1 1 2 2 2 2 0 1 2 0
2 1 0 2 0 2 2 0 2 0 0 1 2 0 2 2 2 2 0 0 2 2
1 0 0 2 0 2 2 0 2 0 0 2 2 0 1 2 2 2 0 0 1 2
1 0 0 2 0 2 2 0 2 0 0 2 2 0 1 2 2 2 0 0 2 2
0 0 0 2 0 2 2 0 1 0 0 2 1 0 1 2 2 2 1 0 2 0
0 1 0 2 0 2 2 0 2 0 0 2 2 0 1 2 2 2 0 0 2 1
0 0 0 2 1 2 2 0 2 0 0 1 1 1 2 2 2 2 0 0 2 1
1 0 0 2 1 2 2 0 2 0 0 2 1 0 0 2 2 2 0 0 2 1
1 0 0 2 0 2 2 0 2 0 0 2 2 0 2 2 2 2 0 0 2 2
1 1 0 2 0 2 2 0 2 0 0 1 2 1 1 2 2 2 0 0 2 1
1 0 0 2 0 2 1 0 2 0 0 1 2 1 1 2 2 2 0 0 2 0
1 0 0 2 0 2 2 0 2 0 0 2 2 0 2 2 2 2 0 0 1 2
1 0 0 2 0 2 2 0 2 0 0 2 2 1 1 2 2 2 0 0 2 2
1 0 0 2 1 2 2 0 2 1 0 2 1 1 1 2 2 2 0 1 2 1
0 0 0 2 1 2 2 0 2 0 0 1 2 2 0 2 2 2 0 0 2 2
1 0 0 2 0 2 1 0 2 0 0 2 1 0 2 2 2 2 0 0 1 2
1 0 0 2 1 2 2 0 2 1 0 2 1 0 1 2 2 2 0 0 2 1
1 0 0 2 1 2 2 0 2 0 0 2 2 1 2 2 2 2 0 0 1 1
0 0 0 2 0 2 2 0 2 1 0 2 2 2 1 2 2 2 0 1 2 1
1 0 0 2 0 2 2 0 2 0 0 2 2 0 2 2 2 2 0 0 2 1
1 0 0 2 1 2 2 0 2 0 0 2 1 0 1 2 2 2 0 0 2 1
0 0 0 2 0 2 2 0 2 0 0 2 2 0 1 2 2 2 0 0 2 2
0 0 0 2 1 2 2 0 2 0 1 2 0 2 2 2 2 2 0 0 2 2
0 0 0 2 0 2 2 0 2 0 1 1 1 1 0 2 2 2 0 0 2 1
0 0 0 2 0 2 2 0 2 0 0 2 2 1 1 2 2 2 0 0 2 2
0 0 0 2 1 2 1 0 2 0 0 2 2 0 1 2 2 2 0 0 2 1
0 0 0 2 1 2 2 0 2 1 0 1 1 0 2 2 2 1 0 0 2 2
0 0 0 2 2 2 2 0 2 0 0 1 2 0 2 2 2 2 0 1 2 0
1 0 0 2 0 2 2 0 2 0 0 1 2 1 1 2 2 1 0 0 2 2
0 0 0 2 1 2 2 0 2 0 0 1 2 0 1 2 2 2 0 0 2 2
0 0 0 2 1 2 2 0 2 1 0 2 2 0 2 2 2 2 0 0 1 2
1 0 0 2 0 2 2 0 1 0 1 1 0 0 1 1 2 2 0 0 0 1
2 0 0 2 0 2 2 0 2 0 0 2 2 0 2 2 2 2 0 0 2 2
1 0 0 2 0 2 2 0 2 0 1 2 1 1 1 2 2 2 0 0 2 1
1 1 0 2 0 2 2 0 2 1 0 2 0 0 2 2 2 2 0 0 2 2
1 0 0 2 0 2 2 1 2 0 0 2 1 0 0 2 2 2 0 1 2 1
1 0 0 2 1 2 2 0 2 0 0 2 1 1 1 2 2 2 0 0 2 1
0 0 0 2 0 2 2 0 2 0 0 2 1 0 2 2 2 2 0 0 2 2
2 0 0 2 0 2 2 0 2 1 0 1 2 0 2 2 2 2 0 0 2 2
1 0 0 2 0 2 2 0 2 0 0 2 2 1 2 2 2 2 0 0 2 1
0 0 0 2 1 2 1 0 2 0 1 2 2 0 2 2 2 1 0 0 2 0
1 0 0 2 1 2 2 0 1 0 0 1 1 1 1 2 2 2 0 0 2 2
1 0 0 2 0 2 2 0 2 0 0 1 2 0 1 2 2 2 0 0 2 1
0 0 0 2 1 2 2 0 2 0 1 2 2 0 2 2 2 2 0 0 2 2
1 0 0 2 0 2 2 1 1 1 0 1 2 2 1 2 2 2 1 0 2 2
1 1 0 2 1 2 2 0 1 0 0 2 1 0 2 2 2 2 0 0 2 2
1 0 0 2 0 2 2 0 2 1 1 1 1 0 2 2 2 2 0 0 2 2
2 0 1 2 1 2 2 0 2 0 0 2 2 0 1 2 2 2 0 0 2 1
0 0 0 2 1 2 2 0 2 0 0 2 2 1 1 2 2 2 0 0 2 2
1 1 0 2 0 2 2 1 2 0 0 2 2 1 1 2 2 2 0 0 2 0
1 0 0 2 1 2 2 0 2 0 0 2 2 2 2 2 2 2 0 0 2 2
1 0 1 2 1 2 2 0 2 0 2 2 1 0 1 2 2 2 0 0 2 2
1 0 0 2 0 2 2 0 2 0 0 2 1 2 0 2 2 2 0 0 2 2
0 0 0 2 0 2 2 0 2 0 1 2 2 0 0 2 2 2 0 0 1 1
0 0 0 2 0 2 2 0 2 0 0 2 2 0 1 1 2 2 0 0 1 1
0 0 0 2 0 2 2 0 2 0 0 2 1 1 1 2 2 2 0 0 1 2
1 0 0 2 1 2 2 1 2 0 0 1 1 1 1 2 2 2 0 0 2 1
0 1 0 2 0 2 2 0 2 0 0 2 2 0 2 2 2 1 0 1 2 0
0 0 1 2 1 2 2 0 2 0 0 2 2 1 1 2 2 2 0 0 1 2
0 0 0 2 1 2 2 0 1 0 0 2 1 0 1 2 2 2 0 0 2 2
0 0 0 2 2 2 2 0 2 0 0 1 1 1 2 2 2 2 0 0 2 2
1 0 0 2 0 2 2 0 2 0 0 1 2 0 1 2 2 1 0 0 1 2
2 0 0 2 0 2 2 0 2 0 0 2 2 0 2 2 2 2 0 0 2 2
0 0 0 1 1 2 2 0 1 0 0 1 2 1 2 2 2 2 0 1 2 2
0 0 0 2 0 2 2 0 2 0 0 2 2 0 2 1 2 2 0 0 1 2
1 0 1 2 0 2 2 0 2 1 0 2 2 0 1 2 2 2 0 0 2 2
1 0 0 2 2 2 2 0 1 0 0 2 0 0 1 2 2 2 0 0 2 0
1 1 0 2 0 2 2 0 2 0 0 1 2 0 1 2 2 2 0 0 2 1
0 0 0 2 0 2 2 0 2 0 0 2 2 1 2 2 2 2 0 0 1 1
1 0 0 2 1 2 2 0 2 0 0 2 2 1 2 2 2 2 0 0 2 1
1 0 0 2 1 2 2 0 2 0 0 2 2 1 1 2 2 2 0 0 2 1
0 0 0 2 1 2 2 0 2 0 0 2 2 0 1 2 2 1 0 0 2 2
2 0 0 2 1 2 2 0 2 0 0 2 2 0 1 2 2 2 0 0 2 1
0 0 0 2 0 2 2 0 2 1 0 2 2 1 1 2 2 2 0 0 2 2
2 0 0 2 0 2 2 0 2 0 0 1 1 0 1 2 2 2 0 1 2 2
0 0 0 2 0 2 2 0 2 1 0 2 2 0 1 2 2 2 0 0 2 2
1 0 0 2 0 2 2 0 2 0 1 2 2 2 0 2 2 1 0 0 2 2
1 0 0 2 1 2 2 0 2 0 1 2 2 0 1 2 2 2 0 0 2 2
1 0 0 2 0 2 2 0 2 0 0 1 1 1 1 2 2 2 0 0 2 2
0 0 0 2 0 2 2 0 2 0 1 1 2 0 1 2 2 2 0 0 2 1
1 0 0 2 0 2 2 0 2 0 0 0 1 1 2 2 2 1 0 0 2 2
0 1 0 2 0 2 2 0 1 1 1 2 2 0 2 2 2 1 0 0 2 0
2 0 0 2 0 2 2 0 2 0 0 2 2 0 1 2 2 1 0 1 2 1
0 0 0 2 1 2 2 0 2 0 0 2 1 1 2 2 2 2 0 0 2 2
1 0 0 2 2 2 2 0 2 0 1 2 0 0 1 2 2 2 0 0 0 2
2 0 0 2 0 2 2 1 2 0 1 2 1 0 1 2 2 2 0 0 2 2
1 0 1 2 0 2 2 0 1 0 0 2 2 2 1 2 2 2 0 0 2 0
1 0 0 2 0 2 2 0 2 0 0 1 2 1 1 2 2 2 0 0 2 1
0 0 0 2 0 2 2 0 2 0 1 2 2 1 1 2 2 2 1 0 2 0
1 1 0 2 0 2 2 0 2 0 0 2 2 0 2 2 2 2 0 0 2 2
0 0 0 2 0 2 2 0 2 1 0 2 1 0 1 2 2 1 0 0 2 2
1 0 0 2 0 2 2 0 2 0 0 1 2 0 2 2 2 2 0 0 2 1
2 0 0 2 0 2 2 0 2 0 1 1 2 1 0 2 2 1 0 0 2 1
1 0 0 2 0 2 1 0 2 0 1 2 2 0 2 2 2 2 0 0 2 1
1 0 0 2 0 2 2 0 2 0 0 2 2 1 2 2 2 2 0 0 2 2
1 0 0 2 1 2 2 0 2 0 1 1 1 1 1 2 2 2 0 0 2 1
0 0 0 2 0 2 2 0 2 0 0 2 1 0 1 2 2 2 0 0 2 0
1 0 0 2 0 2 2 0 2 0 0 2 1 0 1 2 2 2 0 0 2 1
0 1 0 2 0 2 2 0 2 0 0 2 1 0 1 2 2 2 0 0 1 2
1 0 0 2 0 2 2 0 2 0 0 2 1 0 0 2 2 1 0 1 2 1
0 0 0 2 1 2 2 0 2 0 0 2 2 0 1 2 2 2 0 0 2 1
1 0 0 2 0 2 2 0 2 0 0 1 1 1 1 2 2 2 0 0 2 1
1 0 0 2 1 2 2 0 2 0 0 2 2 2 1 2 2 2 0 0 2 1
1 0 0 2 0 2 2 0 2 0 0 1 2 2 0 2 2 2 1 1 2 2
1 0 0 2 1 2 2 0 2 0 1 2 2 0 2 2 2 2 0 0 2 2
0 0 0 2 1 2 2 0 2 0 0 0 2 1 2 2 2 2 1 0 1 2
1 0 0 2 0 2 2 0 2 0 0 2 1 0 2 2 2 2 0 1 2 1
0 0 0 2 1 2 2 0 2 0 0 2 2 1 1 2 2 2 0 0 2 1
0 0 0 2 0 2 2 1 2 0 0 2 2 0 1 2 2 2 0 0 2 1
2 0 0 2 0 2 2 0 2 1 0 1 2 1 1 2 2 2 0 0 2 0
1 0 0 2 0 2 2 0 2 0 0 1 1 1 2 2 2 1 0 0 1 2
1 0 0 2 1 2 2 0 2 0 0 2 2 0 1 2 2 2 0 0 2 0
1 1 0 2 0 2 2 0 2 0 0 2 0 1 0 2 2 2 0 0 2 1
0 0 0 2 1 2 2 0 1 0 0 1 2 0 2 2 2 2 0 1 1 1
1 0 0 2 1 2 2 0 2 0 1 2 2 1 1 2 2 1 0 0 2 2
0 0 0 2 1 2 2 0 2 0 0 0 2 2 1 2 2 2 0 0 2 1
1 0 0 2 0 2 2 0 2 0 1 1 1 0 0 2 2 2 0 0 2 2
0 0 0 2 2 2 2 0 2 0 1 2 1 1 1 2 2 2 0 0 1 1
1 0 0 2 1 2 1 0 2 0 0 2 1 1 1 2 2 2 0 0 2 2
0 0 0 2 0 2 2 0 2 0 0 2 2 1 1 2 2 1 0 1 2 1
0 0 0 2 1 2 2 0 2 0 0 2 2 0 1 2 2 0 0 0 2 1
0 0 0 2 0 2 2 0 2 0 0 2 2 0 2 2 2 2 0 0 2 0
1 0 0 2 0 2 2 0 2 0 0 2 2 1 1 2 2 1 0 0 2 2
1 0 0 2 1 1 2 0 2 1 0 2 2 1 0 2 2 2 0 0 2 2
2 0 0 2 1 2 2 0 2 0 0 2 2 0 0 2 2 1 0 1 1 1
1 0 0 2 1 2 1 0 1 0 0 1 2 1 2 2 2 2 0 0 2 2
1 0 0 2 0 2 2 1 1 1 0 2 2 1 2 2 2 2 0 0 2 2
2 0 0 2 0 2 1 0 2 0 0 2 2 0 0 2 2 2 0 0 2 1
1 0 0 2 1 2 2 0 2 0 0 2 2 0 1 2 2 2 1 1 2 2
2 0 0 2 1 2 2 0 1 0 0 1 1 1 2 2 2 2 1 0 2 2
0 0 0 2 0 2 2 0 2 0 0 2 2 0 2 2 2 2 0 1 2 2
0 0 0 2 0 2 1 0 2 0 0 2 2 2 1 2 2 2 0 0 2 2
0 0 0 2 0 2 2 0 2 0 0 1 1 1 1 2 2 2 0 0 2 0
0 0 0 2 0 2 2 0 2 0 0 2 2 1 1 2 2 1 0 0 2 2
0 0 0 2 2 2 2 1 2 0 0 2 2 0 1 2 2 2 1 0 2 1
1 0 0 2 1 2 2 0 2 0 0 1 2 0 1 2 2 1 0 0 2 1
0 0 0 2 0 1 2 0 2 0 0 2 1 1 2 2 2 2 0 0 2 0
1 0 0 2 0 2 2 0 2 0 0 2 2 0 1 2 2 2 0 0 2 1
1 0 0 2 0 2 2 0 2 0 0 2 1 0 0 2 2 2 0 0 2 1
0 0 0 2 0 2 2 0 2 1 0 2 1 0 1 2 2 2 0 1 1 2
0 0 0 2 1 2 2 0 2 1 0 2 2 0 1 2 2 2 0 0 2 2
1 0 0 2 2 2 2 0 2 0 0 2 2 1 2 2 2 2 0 0 2 2
0 0 0 2 1 2 2 0 2 0 0 1 2 1 0 2 2 1 0 0 2 1
1 0 0 2 0 2 2 0 2 0 0 2 2 0 1 2 2 2 0 0 0 0
0 0 0 2 1 2 2 0 2 0 0 0 2 1 1 2 2 2 0 0 2 2
0 0 0 2 2 2 2 0 2 0 0 2 2 1 0 2 2 2 0 0 1 2
2 0 0 2 2 2 2 0 2 1 0 2 2 1 0 2 2 2 0 0 2 2
0 0 0 2 0 2 2 0 2 0 0 2 2 0 2 2 2 1 0 0 2 1
0 0 0 2 0 2 2 0 2 0 0 0 2 2 1 2 2 2 0 0 2 2
2 0 0 2 0 2 2 0 2 0 0 2 2 1 0 2 2 2 0 0 2 1
2 0 0 2 0 2 2 0 2 0 0 2 1 0 2 2 2 2 0 0 2 0
1 0 0 2 1 2 2 0 2 0 0 2 2 2 1 2 2 2 0 0 1 2
0 0 0 2 0 2 2 0 2 0 0 2 2 1 0 2 2 2 1 0 2 2
0 0 1 2 0 2 2 0 2 0 0 1 2 1 2 2 2 2 0 1 2 2
2 0 0 2 0 2 2 0 2 0 0 2 2 0 1 2 2 2 0 0 2 1
2 1 0 2 2 2 2 0 2 0 0 2 2 0 2 2 2 2 0 0 2 1
0 0 0 2 0 2 2 0 2 1 0 2 2 0 2 2 2 2 0 0 2 1
0 0 1 2 1 2 2 0 2 0 0 2 0 1 2 2 2 2 0 0 2 2
0 0 0 2 0 2 2 0 2 0 0 1 2 1 2 2 2 2 0 0 2 2
1 0 0 2 0 2 2 0 2 0 0 2 2 0 2 2 2 2 2 0 1 2
1 0 0 2 1 2 2 0 2 0 0 2 2 0 1 2 2 2 0 0 2 2
0 1 0 2 0 2 2 0 2 0 0 2 2 0 0 2 2 2 0 1 2 1
0 0 0 2 0 2 2 0 2 0 0 2 1 1 2 2 2 2 0 0 2 2
0 0 0 1 0 2 2 0 2 0 0 1 2 0 1 2 2 1 0 0 2 1
1 0 0 2 0 2 2 0 2 1 1 2 2 1 1 2 2 2 0 0 2 2
0 0 0 2 1 2 2 0 1 0 0 2 1 1 2 2 2 2 0 1 2 0
1 0 0 2 1 2 2 0 2 0 1 2 2 0 2 2 2 2 0 1 2 2
2 0 0 2 0 2 2 0 2 0 0 2 2 0 2 2 2 2 0 0 1 2
0 0 0 2 0 2 2 1 2 0 1 2 2 0 2 2 2 2 0 0 2 2
1 0 0 2 2 2 1 0 2 0 0 2 1 0 1 2 2 2 0 1 2 2
1 0 0 2 0 2 2 0 2 0 0 2 1 0 2 2 2 2 0 0 2 2
0 0 1 2 0 2 2 0 2 0 0 2 2 1 1 2 2 2 0 0 2 1
1 1 0 2 1 2 2 1 2 0 0 2 1 1 2 2 2 2 1 0 2 1
1 0 0 2 0 2 2 0 2 0 0 2 2 0 1 2 2 2 0 0 2 2
1 0 0 2 0 2 1 0 2 0 0 2 2 1 1 2 2 2 0 0 2 1
0 0 0 2 1 2 2 0 2 0 1 2 2 0 0 2 2 2 0 0 2 1
0 0 0 2 0 2 2 0 2 0 0 2 2 1 1 2 2 2 0 0 2 2
0 0 0 2 0 2 2 0 2 0 0 2 2 0 1 2 2 1 1 0 2 2
1 0 0 2 1 2 2 0 2 1 0 1 2 2 0 2 2 1 0 0 1 1
1 0 0 2 1 2 2 1 1 0 0 2 2 1 2 2 2 2 0 0 1 1
0 1 0 2 0 2 2 0 2 0 1 1 1 0 2 2 2 2 0 0 2 1
0 0 0 2 0 2 2 0 2 0 0 2 2 2 1 2 2 1 0 0 0 1
1 0 0 2 0 2 2 0 2 0 0 2 2 1 2 2 2 2 0 0 2 2
1 0 0 2 0 2 2 0 2 1 1 2 2 1 1 2 2 2 0 0 2 0
1 0 0 1 0 2 2 0 2 0 0 2 2 0 2 2 2 2 0 0 2 1
1 0 0 2 2 2 2 0 2 0 0 0 2 1 1 2 2 2 0 0 2 2
0 0 0 2 2 2 2 0 2 0 0 2 2 1 1 2 2 2 0 0 2 2
0 0 0 2 0 2 2 0 2 1 0 2 1 1 1 2 2 2 0 1 2 2
0 0 0 2 2 2 2 1 2 2 1 1 2 0 1 2 2 2 0 0 2 2
1 0 0 2 1 2 2 0 2 0 1 2 2 0 0 2 2 2 0 0 1 2
0 0 0 2 0 2 2 0 2 0 0 2 2 0 1 2 2 2 1 0 2 2
1 0 0 2 1 2 2 0 2 0 1 1 2 0 1 2 2 2 0 0 2 2
0 0 0 2 0 2 2 0 2 0 0 1 1 1 1 2 2 2 0 0 2 1
1 1 0 2 0 2 2 0 1 0 0 2 1 0 1 2 2 2 0 0 2 2
1 0 0 2 1 2 2 0 2 0 0 2 2 0 2 2 2 2 1 0 2 2
0 0 0 2 1 2 2 0 2 0 0 2 1 1 2 2 2 2 0 1 2 2
1 0 0 2 0 2 2 0 2 0 0 2 2 0 1 2 2 2 0 0 2 1
0 0 0 2 1 2 2 0 2 0 0 1 2 0 1 2 2 2 0 0 2 2
1 0 0 2 2 2 2 0 2 0 0 1 2 2 2 2 2 2 0 0 2 1
0 0 0 2 2 2 2 0 2 0 0 2 1 0 1 2 2 2 0 0 2 0
0 0 0 2 0 2 2 0 2 1 0 1 1 1 2 2 2 2 0 0 2 2
0 0 0 2 0 2 2 0 2 0 0 1 2 0 1 2 2 2 0 0 2 2
1 0 0 2 0 2 1 0 2 0 0 1 2 0 1 2 2 2 0 0 2 0
0 0 0 2 0 2 2 0 2 1 0 1 2 1 0 2 2 2 0 0 2 2
1 0 0 2 2 2 2 0 2 0 0 2 1 0 1 2 2 2 0 0 2 1
0 0 0 2 1 2 2 0 2 1 0 2 2 0 0 1 2 2 0 0 2 2
1 0 0 2 1 2 2 0 2 0 0 2 2 0 2 2 2 2 0 0 1 2
0 0 0 1 0 2 2 0 2 1 0 2 0 1 2 2 2 1 0 0 2 1
1 0 0 2 1 2 1 0 2 0 0 2 2 0 2 2 2 2 0 0 2 2
1 1 0 2 1 2 2 1 2 0 0 2 2 1 1 2 2 2 0 0 2 2
1 1 0 2 0 2 2 0 1 0 1 2 1 0 1 2 2 2 0 0 2 2
1 0 0 2 1 2 2 0 2 0 0 2 2 0 2 2 2 2 0 0 1 1
1 0 0 2 1 2 2 0 2 0 0 1 2 0 2 2 2 1 0 1 2 2
1 0 0 2 0 2 2 0 2 1 0 2 0 1 1 2 2 2 0 0 2 2
0 0 0 2 0 2 1 0 2 1 0 2 2 0 1 2 2 1 0 0 2 1
0 0 0 2 0 2 2 0 2 0 0 2 2 0 1 2 2 2 0 0 2 1
0 0 0 2 0 2 2 0 2 0 0 1 2 0 2 2 2 1 0 0 2 1
1 0 0 2 0 2 2 0 2 1 0 1 2 1 0 2 2 2 0 0 2 2
0 1 0 2 0 2 2 0 1 0 0 2 2 0 1 2 2 2 0 0 1 1
1 0 0 2 0 2 2 0 2 0 0 2 2 0 2 2 2 1 0 0 2 2
1 1 0 2 0 2 2 0 2 0 0 2 2 0 2 2 2 2 0 0 2 1
0 0 0 2 1 2 2 0 2 0 0 1 2 1 2 2 2 2 0 0 2 2
0 0 0 2 0 2 2 0 2 1 0 2 2 0 2 2 2 1 0 0 2 1
0 0 0 2 1 2 2 0 2 1 1 2 1 0 1 2 2 2 0 0 2 2
1 0 0 2 0 2 2 0 2 0 0 1 1 0 1 2 2 2 0 0 2 2
1 0 0 2 1 2 2 0 2 0 0 2 1 1 2 2 2 2 0 0 1 1
1 0 0 2 0 1 2 0 2 0 0 2 2 0 1 2 2 2 0 0 2 2
1 0 0 2 1 2 2 1 2 0 0 2 2 0 2 2 2 2 0 0 1 2
0 0 0 2 0 2 2 0 2 0 1 2 2 0 1 2 2 2 0 0 2 1
1 0 0 2 0 2 2 0 2 0 0 2 2 0 2 2 2 2 0 0 2 2
1 1 0 2 1 2 2 0 2 0 0 2 2 0 1 1 2 2 0 0 1 1
1 0 0 2 1 2 2 0 2 0 0 1 2 1 2 2 2 2 0 0 1 2
2 0 0 2 2 2 1 0 2 0 0 2 2 0 1 2 2 2 0 1 2 2
2 0 0 2 1 2 2 1 2 1 0 2 1 0 1 2 2 1 0 0 2 0
0 0 0 2 0 2 2 0 2 0 0 2 1 0 0 2 2 2 0 0 2 2
1 0 0 2 2 2 2 0 2 1 0 2 1 0 2 2 2 2 1 0 2 2
1 1 0 2 0 2 2 0 2 0 0 2 1 0 1 2 2 2 0 0 2 2
1 0 0 2 1 2 2 0 2 0 0 1 1 0 1 2 2 2 0 0 2 2
0 0 0 2 0 2 2 1 2 1 0 2 2 0 0 2 2 2 0 0 2 2
1 0 1 2 1 2 2 0 2 0 0 2 1 0 1 2 2 2 0 0 2 2
2 0 0 2 1 2 2 0 2 0 0 2 2 1 1 2 2 2 0 0 2 2
1 0 0 2 1 2 2 0 2 0 0 2 1 0 2 2 2 2 0 0 2 2
0 0 0 2 1 2 2 0 2 0 0 2 2 1 1 2 2 2 0 0 2 1
0 0 0 2 0 2 2 0 2 0 0 2 2 1 2 2 2 2 0 0 2 2
0 0 0 2 0 2 1 0 2 0 0 1 1 0 1 2 2 2 0 0 2 2
0 0 0 2 0 2 2 0 2 0 0 2 2 1 0 2 2 2 0 0 2 1
1 0 0 2 0 2 2 0 2 0 0 2 1 2 1 1 2 2 1 0 2 1
0 0 0 2 0 2 2 0 2 1 0 2 2 0 1 2 2 2 0 0 2 1
0 0 0 2 0 2 2 0 2 0 0 1 2 1 1 2 2 2 1 0 1 2
1 1 0 2 0 2 2 0 2 0 0 2 2 1 1 2 2 2 0 0 1 0
0 0 0 2 0 2 2 0 2 0 0 2 2 0 0 2 2 2 0 0 2 1
0 0 0 2 1 2 2 0 2 0 0 2 2 0 0 2 2 1 0 2 2 2
1 0 0 2 2 2 2 0 2 1 0 2 2 1 1 2 2 2 0 0 2 2
1 0 0 2 1 2 2 0 2 0 1 1 2 2 2 2 2 2 0 0 2 2
1 0 0 2 0 2 1 0 2 1 1 2 1 0 1 2 2 2 0 0 2 0
0 1 0 2 1 2 2 0 2 0 0 2 2 1 2 2 2 2 0 0 1 2
0 0 0 2 1 2 2 0 1 0 1 1 1 0 1 2 2 2 0 0 2 2
1 0 0 2 0 2 2 0 2 1 0 1 2 0 0 2 2 2 0 0 1 2
1 0 0 1 0 2 2 0 2 0 0 2 2 0 2 2 2 2 0 0 2 1
1 0 0 2 1 2 1 1 2 1 0 2 2 0 1 2 2 2 0 0 2 2
1 0 0 2 1 2 2 0 2 0 0 2 2 1 0 2 2 2 0 0 2 1
2 0 0 2 0 2 2 0 2 0 0 2 1 1 0 2 2 2 0 0 2 2
1 0 0 2 1 2 2 0 2 0 0 2 1 2 1 2 2 2 0 0 2 2
0 0 0 2 1 2 2 0 2 0 0 1 2 1 0 2 2 1 0 0 2 2
0 0 0 2 0 2 2 0 2 0 0 2 1 0 0 2 2 2 0 0 2 2
2 0 0 2 1 2 2 0 2 1 0 1 1 1 2 2 2 2 0 0 2 2
1 1 0 2 0 2 2 0 2 0 0 1 2 0 0 2 2 2 0 0 2 1
0 0 0 2 1 2 2 0 2 1 0 1 2 2 2 2 2 2 0 0 1 1
1 1 0 2 0 2 0 0 2 0 0 2 1 1 0 2 2 2 0 0 2 1
1 0 0 2 0 2 2 0 2 1 0 1 2 1 2 2 2 2 0 0 2 2
0 0 0 2 0 2 2 0 2 0 0 1 1 0 0 2 2 2 0 0 2 1
1 1 0 2 2 2 2 0 2 0 0 2 1 1 2 2 2 2 0 0 2 1
2 0 0 2 0 2 2 0 2 0 0 2 2 1 1 2 2 2 0 0 1 1
1 0 0 2 1 2 2 0 2 0 0 1 2 0 2 2 2 2 0 1 2 1
1 0 0 2 0 2 2 2 2 1 0 1 1 1 2 2 2 2 0 1 2 1
1 0 0 2 0 2 2 1 2 1 0 2 2 1 1 2 2 1 0 0 2 2
1 1 1 2 1 2 2 0 2 1 0 1 1 0 0 1 2 2 0 0 2 2
2 0 0 2 0 2 2 0 2 0 0 2 2 1 2 2 2 2 0 0 2 2
1 0 0 2 2 2 1 0 2 0 0 2 2 2 2 2 2 2 0 1 2 2
1 0 0 2 1 2 2 0 2 1 1 2 2 1 0 2 2 2 0 0 2 2
0 0 0 2 0 2 2 0 2 0 0 2 1 1 2 2 2 2 0 0 2 1
1 0 0 2 1 2 2 0 2 0 0 1 1 1 1 2 2 2 0 0 2 2
0 0 0 2 1 2 2 1 1 0 0 2 2 1 1 2 2 2 0 0 2 1
0 0 0 2 0 2 2 0 2 0 0 2 2 0 2 2 2 2 1 0 2 2
1 0 0 2 2 2 2 0 2 0 0 2 2 1 1 2 2 0 0 0 1 1
2 0 0 2 1 2 1 0 2 0 0 2 1 0 1 2 2 2 0 0 2 2
1 0 0 2 1 2 2 0 2 0 0 2 1 0 1 2 2 2 0 0 2 2
0 0 0 2 1 2 1 0 0 0 0 1 1 0 1 2 2 2 1 0 2 2
1 0 0 2 0 2 1 0 2 1 0 1 2 0 0 2 2 2 0 0 2 1
0 0 0 2 0 1 1 0 2 0 0 2 2 0 1 2 2 2 0 0 2 1
1 0 0 2 0 2 2 0 2 1 0 2 2 2 2 2 2 2 1 0 2 2
1 0 0 2 0 2 2 0 2 0 0 2 1 0 0 2 2 2 0 0 2 1
0 0 0 2 0 2 2 0 2 1 1 1 1 0 0 2 2 2 0 0 2 2
0 0 0 2 1 2 2 0 2 0 0 2 1 1 1 2 2 2 0 0 2 2
2 0 0 2 1 2 2 0 2 0 0 2 1 1 1 2 2 2 0 0 2 2
1 0 0 2 0 2 2 0 1 0 1 2 2 0 1 2 2 2 0 0 2 1
1 0 0 2 0 2 2 0 2 0 0 1 1 1 2 2 2 2 0 0 1 0
1 0 0 2 0 2 2 0 2 0 0 2 2 1 1 2 2 2 0 0 2 2
1 0 0 2 0 2 2 0 2 0 0 2 2 0 1 2 2 2 0 0 2 2
1 0 1 2 1 2 1 0 2 1 0 2 2 0 1 2 2 2 0 1 2 2
0 0 0 2 1 2 2 0 2 0 0 2 2 0 1 2 2 2 0 0 2 2
1 0 0 2 1 1 2 0 2 0 0 2 1 0 2 2 2 2 0 1 2 1
0 0 0 2 0 2 2 0 2 0 0 1 1 1 2 2 2 2 0 0 2 0
1 0 0 2 0 2 2 0 2 0 0 1 0 1 2 2 2 1 0 0 2 2
0 0 0 2 1 2 2 0 2 0 0 2 1 2 1 2 2 2 0 0 2 1
2 1 0 2 0 2 2 0 2 0 0 1 2 2 1 2 2 2 0 0 2 2
0 0 0 2 1 1 2 0 2 1 0 1 2 1 2 2 2 2 0 1 2 1
2 0 0 2 0 2 2 0 2 0 1 1 2 1 1 2 2 1 0 0 0 1
1 2 0 2 0 2 2 0 1 0 1 2 2 1 2 2 2 2 0 1 2 2
1 0 0 2 0 2 2 0 1 0 0 2 1 1 1 2 2 2 0 0 2 1
2 0 0 2 0 2 2 0 1 0 0 0 1 1 1 2 2 2 0 0 2 1
0 0 0 2 0 2 2 0 2 0 0 2 0 0 1 2 2 0 1 0 2 0
2 0 0 2 1 2 2 0 2 1 0 2 1 0 1 2 2 2 0 0 2 0
1 0 0 2 0 2 2 0 2 1 0 1 1 0 2 2 2 2 0 0 2 2
0 1 0 2 1 2 2 0 2 1 0 1 1 0 1 2 2 2 0 0 2 2
1 0 0 2 0 2 2 0 2 0 0 2 2 0 2 2 2 2 0 1 2 2
1 0 0 2 2 2 2 0 2 0 0 1 2 0 2 2 2 2 0 0 2 1
1 0 0 2 2 2 2 0 2 0 0 1 1 1 1 2 2 2 0 0 2 2
1 0 0 2 1 2 2 0 2 0 1 1 2 1 2 2 2 2 0 0 2 0
0 1 0 2 0 2 2 0 2 0 0 1 2 0 0 2 2 2 0 0 2 1
1 0 0 2 0 2 2 0 2 0 0 1 0 0 0 2 2 2 1 0 2 1
0 0 0 2 0 2 2 0 2 0 0 1 2 0 0 2 2 1 0 0 2 2
0 0 0 2 1 2 2 1 2 0 0 1 2 2 1 2 2 2 0 0 2 1
1 0 0 2 0 2 1 0 2 0 0 1 0 0 1 2 2 2 0 0 2 1
0 0 0 1 0 2 2 0 2 0 0 2 2 0 2 2 2 2 0 0 1 2
0 0 0 2 2 2 2 0 2 0 0 2 1 1 2 2 2 2 0 0 2 0
0 0 0 2 1 2 2 0 2 0 0 2 2 1 1 2 2 2 0 0 2 2
0 0 0 2 0 2 2 0 2 0 0 2 2 0 2 2 2 2 0 0 2 1
0 0 0 2 1 2 2 0 2 0 0 1 2 1 1 2 2 1 0 0 2 0
1 0 1 2 1 2 1 0 2 1 0 1 1 0 2 2 2 2 0 0 2 1
1 0 1 2 0 2 2 0 2 0 0 2 2 0 2 2 2 2 0 0 2 0
1 0 0 2 1 2 2 0 2 0 0 2 0 0 2 2 2 2 0 0 2 2
2 0 0 2 1 2 2 0 1 0 0 2 2 0 1 2 2 2 0 1 2 2
1 0 0 2 0 2 2 0 2 0 0 1 1 0 0 2 2 2 0 0 1 2
1 0 0 2 1 2 1 0 2 0 0 2 0 0 2 2 2 2 0 0 2 1
1 0 0 2 0 2 2 0 2 0 0 2 2 2 0 2 2 2 0 0 2 2
2 0 0 2 0 2 2 0 2 1 0 2 2 1 1 2 2 2 0 0 2 1
0 0 0 2 0 2 2 0 2 0 0 2 2 0 1 2 2 2 0 0 2 0
0 0 0 2 0 2 2 0 2 0 0 2 2 0 1 2 2 2 0 0 2 2
1 0 0 2 0 2 2 0 2 0 0 2 1 0 1 2 2 2 0 1 2 2
0 0 0 2 0 2 1 0 2 0 0 1 2 1 0 2 2 2 1 0 2 1
1 0 0 2 0 2 2 0 2 0 1 2 1 2 0 2 2 0 0 0 2 2
0 2 0 2 0 2 2 0 2 0 0 2 2 0 1 2 2 2 0 0 2 2
1 0 0 2 0 2 2 0 2 2 0 2 1 0 1 2 2 2 0 0 2 2
1 0 0 2 0 2 2 0 2 0 0 1 2 2 2 2 2 1 0 0 2 2
0 0 0 2 1 2 2 0 2 0 0 2 1 0 0 2 2 2 0 0 2 1
1 0 0 2 0 2 2 0 2 0 0 2 0 1 1 2 2 2 0 0 2 2
1 1 0 2 1 2 2 0 2 1 0 2 2 0 1 2 2 2 0 0 2 1
1 0 0 2 0 2 2 0 1 0 0 1 2 0 2 2 2 2 0 0 2 2
0 1 0 2 0 2 2 0 2 0 0 2 2 0 0 2 2 2 1 0 2 2
0 0 0 2 0 2 2 1 2 1 1 2 2 1 1 2 2 2 0 0 2 2
1 1 0 2 0 2 2 0 2 1 0 2 2 1 1 2 2 2 0 1 2 2
0 0 0 2 0 2 2 0 1 0 0 2 2 0 2 2 2 2 1 0 2 1
0 0 0 2 0 2 2 0 2 0 0 1 1 0 0 2 2 2 0 0 2 2
1 0 0 2 0 2 2 0 1 1 0 2 2 0 2 2 2 2 0 0 2 1
1 0 0 2 0 2 2 1 1 0 0 2 1 0 2 2 2 2 0 0 2 2
0 0 0 2 1 2 2 0 2 0 1 2 2 1 0 2 2 2 1 0 2 1
2 0 0 2 0 2 2 0 2 1 0 2 2 0 0 2 2 2 0 0 1 1
1 0 0 2 1 2 2 0 2 1 0 1 2 0 0 2 2 2 0 1 1 1
2 0 0 2 1 2 2 0 2 0 0 2 2 0 2 2 2 2 0 0 2 0
1 0 0 2 0 1 2 0 2 0 0 2 2 0 0 2 2 2 0 0 2 2
1 0 0 2 1 2 1 0 2 1 0 2 2 0 1 2 2 2 0 0 2 2
1 1 0 2 0 2 2 0 2 1 0 2 2 0 2 2 2 2 0 0 2 1
0 0 0 2 0 2 2 0 2 0 0 2 2 1 0 2 2 2 0 1 2 2
0 1 0 2 0 2 2 0 2 0 1 2 2 1 1 2 2 2 0 0 2 2
0 1 0 2 1 2 2 0 2 1 0 2 0 0 2 2 2 2 0 0 2 0
1 0 0 2 1 2 2 1 2 0 1 1 2 0 1 2 2 2 0 0 2 1
1 0 0 2 0 2 2 0 2 0 0 2 1 1 1 2 2 1 0 0 2 1
2 0 0 2 1 2 1 0 2 0 0 2 1 2 1 2 2 2 0 0 2 1
1 0 0 2 1 2 2 0 2 1 0 2 2 0 1 2 2 2 0 0 2 1
0 0 0 2 0 2 2 0 2 0 0 2 0 1 1 2 2 2 0 0 2 2
1 1 0 2 1 2 2 0 2 0 0 1 2 0 2 2 2 2 0 0 2 2
1 0 0 2 0 2 2 0 2 0 0 2 2 0 2 2 2 2 0 1 1 2
1 0 0 2 0 2 2 0 2 0 0 2 2 0 0 2 2 2 0 0 2 1
1 0 0 2 0 2 2 0 2 0 0 1 2 0 0 2 2 2 0 0 2 2
0 0 0 2 0 2 2 0 2 0 1 1 2 0 1 2 2 2 0 0 1 1
0 1 0 2 0 2 2 1 2 0 0 2 2 0 1 2 2 2 0 0 1 0
0 1 0 2 1 2 2 0 2 1 0 2 1 1 2 2 2 2 1 0 2 0
0 0 0 2 0 2 2 0 2 0 0 2 2 0 0 2 2 2 0 0 2 2
1 0 0 2 0 2 2 0 2 0 1 2 2 1 1 2 2 1 0 0 2 1
2 0 0 2 1 2 2 0 2 0 0 1 2 0 1 2 2 2 0 0 2 1
2 0 0 2 1 2 2 0 2 0 0 2 2 0 2 2 2 2 0 0 2 1
1 0 0 2 1 2 2 0 2 0 0 2 1 0 2 2 2 2 0 0 2 1
0 0 0 2 0 1 2 0 1 0 0 2 1 1 1 2 2 2 0 0 2 2
1 0 0 2 0 2 2 1 2 0 0 1 2 0 1 2 2 2 0 0 1 2
1 0 0 2 1 2 2 0 2 0 0 2 2 0 2 2 2 2 0 1 2 2
2 0 0 2 0 2 2 0 2 0 0 2 2 0 1 2 2 1 0 0 2 2
0 0 0 2 1 2 2 0 2 0 0 1 1 0 2 2 2 2 0 1 2 1
2 0 0 2 0 2 2 0 2 0 0 2 2 0 2 2 2 2 0 0 2 0
0 0 0 2 1 2 2 0 2 1 1 2 2 0 1 2 2 2 1 1 2 1
0 0 0 2 1 2 1 0 2 0 1 2 2 0 0 2 2 2 0 0 2 2
0 0 0 2 0 2 2 0 2 0 1 2 1 0 2 2 2 2 1 0 2 1
0 0 0 2 2 2 2 0 2 1 0 2 2 1 1 2 2 2 0 0 1 2
0 0 0 2 1 2 2 0 2 0 0 2 2 1 1 2 2 2 0 1 2 2
1 0 0 2 0 2 2 0 2 0 0 2 2 0 1 2 2 2 0 0 2 0
0 1 0 2 1 2 2 0 2 0 0 2 2 0 2 2 2 2 0 0 2 2
1 0 0 2 0 2 2 0 2 0 0 2 1 0 0 2 2 1 0 0 2 0
0 0 0 2 1 2 2 1 1 1 0 2 2 0 2 2 2 2 0 0 2 2
1 0 0 2 0 2 2 0 2 0 0 2 1 1 0 2 2 2 0 0 2 2
0 0 0 2 1 2 2 1 2 0 0 2 2 0 2 2 2 2 0 0 2 1
0 0 1 2 0 2 2 0 2 0 0 2 2 1 2 2 2 2 0 0 2 2
2 1 0 2 1 2 2 0 2 0 0 2 1 0 2 2 2 2 0 0 1 1
0 0 0 2 0 2 2 0 2 0 0 2 0 1 2 2 2 1 0 0 2 2
1 0 0 2 1 2 2 1 2 1 0 1 1 2 2 2 2 2 0 0 2 2
0 0 0 2 0 2 2 0 2 0 0 2 1 0 2 2 2 2 0 0 2 2
0 0 1 2 0 2 2 0 2 0 0 2 2 1 1 2 2 2 0 0 2 0
1 0 0 2 0 2 2 0 1 1 0 2 2 0 1 2 2 2 0 0 2 2
0 1 0 2 0 2 2 0 2 0 0 2 1 0 1 2 2 2 0 0 2 2
1 0 0 2 1 2 2 0 2 0 0 2 1 1 1 2 2 2 0 0 2 2
2 0 0 2 0 2 2 0 2 0 0 1 2 0 2 2 2 2 1 0 2 2
1 0 0 2 0 2 2 0 2 0 0 1 2 0 2 2 2 2 0 0 2 1
1 1 0 2 1 2 1 0 1 1 0 2 1 1 1 2 2 2 0 0 2 2
1 1 0 2 0 2 2 0 2 0 0 2 1 0 0 2 2 2 0 0 2 1
1 1 0 2 0 2 2 0 2 0 0 2 1 0 1 2 2 2 0 0 2 2
0 0 0 2 0 2 2 0 2 1 1 2 2 1 0 2 2 2 0 0 1 1
1 1 0 2 0 2 2 0 2 0 0 2 2 0 1 2 2 2 1 0 2 2
0 0 0 2 0 2 2 0 2 0 0 2 2 0 2 2 2 2 0 0 2 1
1 0 0 2 0 2 2 0 2 0 0 2 2 0 1 2 2 2 0 0 2 1
0 0 0 2 0 2 2 0 2 0 0 2 2 0 1 2 2 2 0 0 2 1
0 0 1 2 0 2 2 0 2 0 0 2 1 1 0 2 2 2 0 0 2 2
0 0 0 2 1 1 2 0 2 0 0 2 2 0 0 2 2 2 0 0 2 2
0 0 0 2 0 2 2 0 2 0 0 1 2 0 2 2 2 2 0 0 2 1
2 0 0 2 1 2 2 0 2 0 0 2 1 0 2 2 2 2 0 0 1 1
2 0 0 2 0 2 2 1 2 0 0 2 1 1 1 2 2 2 0 0 2 2
1 0 0 2 0 2 1 0 1 0 0 2 2 0 1 2 2 2 0 0 2 1
1 0 0 2 1 2 2 0 2 0 0 2 2 0 0 2 2 2 0 1 2 1
2 0 0 2 0 2 2 1 2 0 0 2 1 0 2 2 2 2 0 0 2 2
1 0 0 2 1 2 2 0 2 1 0 2 2 0 2 2 2 2 0 0 2 2
0 0 0 2 1 2 2 0 2 0 0 2 2 0 1 2 2 2 0 0 2 1
0 0 0 2 0 2 2 1 2 0 0 2 2 0 1 2 2 2 0 0 2 2
1 0 0 2 1 2 2 0 2 1 0 2 1 1 2 2 2 2 0 0 2 1
1 0 0 2 2 2 2 0 2 0 0 2 2 1 0 2 2 1 0 0 2 1
0 0 0 2 2 2 1 0 2 0 0 2 2 0 1 2 2 2 0 1 2 1
1 0 0 2 1 2 2 0 2 0 0 2 2 0 0 2 2 2 0 0 2 1
1 1 0 2 0 2 1 0 2 0 0 2 1 2 2 2 2 2 0 0 1 0
1 0 0 2 0 2 1 0 2 1 0 2 1 0 2 2 2 1 0 0 2 0
0 0 0 2 1 2 1 0 2 0 0 1 2 0 2 2 2 2 1 1 1 1
1 0 0 2 0 2 2 0 2 0 0 2 1 0 1 2 2 2 0 0 2 1
1 0 0 2 0 2 2 1 2 0 0 2 0 0 2 2 2 2 0 0 2 2
0 0 0 2 1 2 2 0 1 1 0 1 2 1 0 2 2 2 0 0 2 0
1 0 0 2 0 2 2 0 2 0 1 2 1 0 0 2 2 2 0 0 2 2
0 0 0 2 2 2 2 0 2 0 0 2 1 0 2 2 2 2 0 0 2 1
1 0 0 2 0 2 2 0 2 0 0 2 2 0 1 2 2 2 1 0 2 2
0 0 0 2 0 2 2 0 2 0 0 2 2 1 1 2 2 1 0 0 1 1
1 0 0 2 0 2 2 0 2 0 0 1 1 0 1 2 2 2 0 0 2 2
0 0 0 2 1 2 2 0 2 0 0 2 0 1 2 2 2 2 0 0 2 1
0 0 0 2 0 2 2 0 2 0 0 2 1 0 2 2 2 2 0 0 1 2
0 2 1 2 1 2 1 0 2 0 1 2 2 0 0 2 2 2 0 0 2 2
1 2 0 2 0 2 2 0 2 0 0 2 2 1 2 2 2 2 0 0 2 2
1 1 0 2 0 2 2 1 2 0 0 1 2 2 2 2 2 2 0 0 1 2
0 0 0 2 0 2 2 0 2 0 0 0 2 0 2 2 2 2 0 0 2 2
1 1 0 2 0 2 2 0 2 0 0 1 2 0 2 2 2 2 0 0 2 1
2 1 0 2 1 2 2 1 2 1 0 2 2 1 2 2 2 2 0 0 2 2
0 1 0 2 1 2 2 0 2 0 0 2 2 1 0 2 2 2 0 0 2 1
1 0 0 2 1 2 2 0 2 1 1 1 2 2 2 2 2 2 0 0 2 2
1 0 0 2 0 2 2 0 2 1 0 0 2 0 0 2 2 1 0 0 2 1
0 0 0 2 0 2 2 0 2 1 0 2 2 0 0 2 2 2 0 0 2 1
0 0 0 2 1 2 2 1 2 0 0 2 1 2 1 2 2 2 0 0 2 0
0 0 0 2 0 2 2 0 2 1 0 2 2 0 1 2 2 2 1 0 2 1
0 0 0 2 1 2 2 0 2 0 0 2 2 1 0 2 2 2 0 0 2 1
1 0 0 2 0 2 2 0 1 0 0 2 2 0 1 2 2 2 0 0 1 1
0 1 0 2 2 2 2 0 2 0 0 2 1 0 2 2 2 2 0 0 2 2
0 1 0 2 1 2 2 1 2 0 0 1 2 0 0 2 2 2 1 0 2 1
2 0 0 2 0 2 1 0 2 0 0 1 1 0 2 2 2 2 0 0 1 2
1 0 0 2 0 2 2 0 2 0 2 2 2 2 1 2 2 2 0 1 2 2
1 0 0 2 1 1 1 1 2 1 1 2 2 0 1 2 2 2 0 1 1 2
2 0 0 2 0 2 2 0 2 1 0 2 2 1 2 2 2 2 0 0 2 2
0 0 0 2 1 2 2 0 2 0 0 2 2 1 0 2 2 2 0 0 2 2
0 0 0 2 0 2 2 0 2 0 0 1 2 2 0 2 2 1 0 0 2 0
2 0 0 2 1 2 2 1 2 1 0 2 2 0 2 2 2 2 0 0 2 1
2 0 0 2 1 2 2 0 2 0 0 1 2 0 1 2 2 2 0 0 2 1
1 0 0 2 1 2 2 0 2 0 0 2 2 0 1 2 2 2 0 0 1 2
0 0 0 2 0 2 2 0 2 0 0 1 1 1 2 2 2 2 0 0 2 0
0 0 0 2 1 2 1 0 2 0 2 2 2 0 1 2 2 1 0 0 2 1
1 0 0 2 0 1 2 0 2 0 1 1 2 0 1 2 2 1 0 0 1 2
1 0 0 2 0 2 1 0 2 0 0 2 2 2 2 2 2 2 0 0 1 0
2 0 0 2 1 2 2 0 2 1 0 2 2 0 0 2 2 2 0 0 2 1
2 0 0 2 0 2 1 0 2 0 0 2 2 0 0 2 2 1 0 0 2 2
1 0 0 2 0 2 2 0 2 0 0 1 1 0 0 2 2 1 0 0 2 2
2 0 0 2 0 2 2 0 2 0 0 2 2 1 2 2 2 2 0 0 1 1
1 0 1 2 1 2 2 0 2 0 0 2 2 0 2 2 2 2 0 0 2 1
1 0 0 2 1 2 1 0 1 0 0 2 2 1 2 2 2 1 0 0 1 1
1 0 0 2 0 2 2 0 2 0 0 2 1 0 0 2 2 2 0 0 2 1
0 0 0 2 0 2 2 0 2 0 1 2 2 1 2 2 2 2 1 0 2 2
2 0 0 2 0 2 1 0 2 0 2 2 2 1 0 2 2 2 0 0 2 0
0 0 0 2 1 2 2 0 2 0 0 2 1 1 1 2 2 2 0 0 2 1
0 0 0 1 1 2 2 0 2 0 0 2 2 1 1 2 2 2 0 1 2 1
1 1 0 2 1 2 2 0 2 0 0 2 2 1 2 2 2 2 0 0 2 2
0 0 0 2 0 2 2 0 2 0 0 2 1 0 1 2 2 2 0 0 2 1
0 1 0 2 2 2 2 0 2 2 0 2 1 0 0 2 2 2 0 0 2 0
1 1 0 2 2 2 2 0 2 0 0 2 2 1 1 2 2 2 0 0 2 0
0 0 0 2 0 2 2 1 2 0 0 1 1 1 0 2 2 2 0 0 2 0
0 0 0 2 0 2 2 0 2 0 1 2 1 0 1 2 2 2 0 0 2 1
2 0 0 2 1 2 2 0 2 0 0 1 2 1 1 2 2 2 0 0 2 0
1 0 0 2 1 2 2 0 1 0 0 2 2 1 2 2 2 2 0 0 2 1
1 0 0 2 1 2 2 0 2 0 0 2 1 0 0 2 2 2 0 0 2 2
1 1 0 2 0 2 1 0 2 0 1 2 2 0 1 2 2 2 0 0 2 2
1 0 0 2 1 2 2 0 2 0 1 2 2 0 2 2 2 2 0 0 1 0
0 0 0 2 0 2 2 1 2 1 0 2 1 1 0 2 2 2 0 0 2 2
1 0 0 2 0 2 2 0 2 0 0 1 1 0 1 2 2 2 0 0 1 0
1 0 0 2 1 2 2 0 2 0 0 2 2 1 1 2 2 2 0 0 2 2
0 0 0 2 0 2 2 0 2 0 0 2 2 0 2 2 2 2 0 0 2 1
1 0 0 2 1 2 2 0 2 0 0 1 2 2 1 2 2 2 0 0 2 1
0 0 0 2 1 2 2 0 2 0 0 2 1 2 1 2 2 1 1 0 2 0
1 1 0 2 1 2 2 0 2 1 0 2 2 1 2 2 2 2 0 0 2 1
1 0 0 2 0 2 2 0 2 0 0 2 1 0 0 2 2 2 0 0 1 2
1 0 0 2 0 2 1 0 2 0 0 2 0 1 2 1 2 2 0 0 2 2
0 0 0 2 1 2 2 0 2 0 0 2 1 0 1 2 2 2 0 1 1 1
1 0 0 2 0 2 2 0 2 0 1 2 2 0 2 2 2 1 0 1 1 2
1 1 0 2 0 2 2 0 2 0 0 2 2 0 0 2 2 2 0 0 2 2
1 0 0 2 0 2 2 0 2 1 0 1 2 0 2 2 2 2 0 0 2 1
1 0 0 2 1 2 2 0 2 0 0 2 2 0 1 2 2 1 0 0 1 2
1 0 0 2 0 2 2 0 2 0 0 2 1 1 2 2 2 2 0 0 2 2
2 0 0 2 0 2 2 0 2 1 0 2 1 2 1 2 2 2 0 0 1 1
1 0 0 2 2 2 1 0 2 0 0 2 2 2 1 2 2 2 0 0 1 0
0 0 0 2 0 2 2 0 2 0 0 2 2 1 2 2 2 2 0 0 1 1
1 0 0 2 0 2 2 0 2 0 0 1 0 1 1 2 2 2 0 0 2 1
0 1 0 2 1 2 2 1 2 0 0 2 2 0 0 2 2 1 1 0 2 2
0 1 0 2 0 2 2 0 2 0 1 1 2 0 2 2 2 1 0 0 2 2
2 1 0 2 0 2 2 0 2 1 0 1 1 2 1 2 2 2 0 0 2 1
1 0 0 2 1 2 1 0 1 0 0 2 2 1 1 2 2 2 0 0 1 1
0 0 1 2 1 2 2 0 2 0 0 2 2 1 1 2 2 1 0 0 2 1
2 0 0 2 0 2 2 0 2 0 0 2 2 0 0 2 2 2 0 0 2 1
0 1 0 2 0 2 2 0 2 0 1 2 1 0 2 2 2 2 1 0 2 1
1 0 0 2 1 2 2 0 2 0 0 2 2 0 0 2 2 2 0 0 2 0
0 0 0 2 0 2 2 0 2 2 0 1 2 1 1 2 2 2 0 0 2 1
0 0 0 2 2 2 2 0 2 0 0 2 2 1 2 2 2 2 0 0 2 1
1 0 0 2 0 2 2 0 2 0 0 1 2 0 1 2 2 2 1 0 2 0
1 0 0 2 1 2 2 0 2 0 0 2 2 0 1 2 2 2 1 0 2 2
2 0 0 2 0 2 2 0 2 0 0 1 2 1 1 2 2 2 0 0 2 2
1 0 0 2 1 2 2 0 2 0 0 1 2 0 2 2 2 2 0 0 2 0
2 0 1 2 0 2 2 0 2 0 0 1 2 0 1 2 2 2 0 0 2 2
1 0 0 2 2 2 2 0 2 0 0 1 1 2 2 2 2 2 0 0 2 2
1 0 0 2 1 2 2 0 2 0 0 2 2 1 1 2 2 2 0 0 2 2
1 0 0 2 0 2 2 1 2 0 1 1 1 1 2 2 2 2 0 0 2 0
1 0 0 2 1 2 2 0 2 0 0 2 2 0 1 2 2 1 0 0 2 1
1 1 0 2 1 2 1 0 2 0 0 2 2 1 1 2 2 2 0 0 2 1
0 0 0 2 0 2 2 0 2 0 0 2 1 1 1 2 2 2 0 0 2 1
0 0 0 2 0 2 2 0 2 0 0 2 2 0 2 2 2 2 0 0 1 1
1 0 0 2 2 2 2 0 2 0 0 2 2 1 1 2 2 2 0 0 2 1
2 0 0 2 0 2 2 0 2 0 0 2 2 1 2 2 2 2 0 0 2 1
1 0 0 2 1 2 2 0 2 1 1 2 2 0 2 2 2 2 0 0 1 2
1 1 0 2 0 2 2 0 2 1 0 0 1 0 1 2 2 2 0 0 2 1
1 1 0 2 0 2 2 1 2 0 0 2 2 0 1 2 2 2 0 1 2 1
2 0 0 2 1 2 2 0 1 1 0 2 2 0 1 2 2 2 0 0 2 0
0 0 0 2 0 2 2 0 2 0 0 2 2 0 1 2 2 2 0 0 2 2
0 0 0 2 2 2 2 1 1 0 0 1 2 0 0 2 2 2 0 0 2 2
2 0 1 2 0 2 2 0 1 0 0 2 2 1 1 2 2 2 1 0 2 1
0 0 0 2 2 2 2 1 2 0 0 2 2 0 0 2 2 2 0 1 2 1
0 0 0 2 0 2 2 0 2 1 0 2 2 0 1 2 2 2 0 0 2 0
0 0 0 2 0 2 2 0 2 0 0 2 2 1 0 2 2 2 0 0 2 1
1 0 0 2 0 2 2 0 1 1 0 2 2 0 1 2 2 2 0 1 2 2
1 0 0 2 2 2 2 0 2 0 0 2 2 1 0 2 2 2 0 0 2 1
1 0 0 2 0 2 2 0 2 0 0 2 0 0 2 2 2 2 0 0 2 2
1 0 0 2 1 2 2 1 2 0 0 2 2 0 1 2 2 2 0 0 1 2
1 0 0 2 2 2 1 0 2 0 0 2 1 0 2 2 2 1 0 0 2 2
1 0 0 2 0 2 1 0 2 0 0 1 2 2 2 2 2 2 0 0 2 1
2 0 0 2 1 2 2 0 2 0 0 2 2 1 0 2 2 2 0 0 2 1
0 0 0 2 0 2 2 1 2 0 0 1 2 0 2 2 2 0 0 0 1 1
1 1 0 2 0 2 2 1 2 0 1 1 1 1 1 2 2 2 0 0 2 2
2 0 0 2 1 2 2 0 2 0 0 2 2 0 1 2 2 2 0 0 2 1
0 1 0 2 0 2 2 0 2 0 0 2 2 0 1 2 2 2 0 0 2 1
0 0 0 2 0 2 2 0 2 1 0 2 2 0 2 2 2 2 1 0 2 1
1 0 0 2 2 2 2 0 2 0 0 2 2 0 2 2 2 2 0 1 1 1
0 0 0 2 0 2 2 1 2 1 0 1 2 1 2 2 2 2 0 0 2 2
0 0 0 2 0 2 2 0 2 0 1 2 2 0 2 2 2 2 0 1 2 2
0 0 0 2 0 2 2 0 2 0 0 2 1 1 2 2 2 2 0 0 2 1
2 0 0 2 1 2 2 1 2 0 0 2 1 0 0 2 2 2 0 0 2 0
1 0 0 2 0 2 2 0 2 0 1 2 2 0 1 2 2 2 0 0 2 1
1 1 0 2 0 2 2 0 2 1 0 2 2 1 1 2 2 2 0 0 2 0
2 0 1 2 1 2 2 0 1 0 0 2 1 0 1 2 2 2 0 0 2 2
1 0 0 2 0 2 1 0 2 1 0 2 1 0 2 2 2 2 0 0 1 2
2 0 0 2 0 2 2 0 2 1 0 2 1 0 2 2 2 2 0 0 2 2
2 0 0 2 0 2 2 0 2 1 0 2 2 1 1 2 2 1 1 0 2 2
0 1 0 2 0 2 2 0 2 0 0 1 2 0 1 2 2 2 0 0 2 0
1 0 0 2 1 2 2 0 2 0 0 2 2 0 0 2 2 2 0 0 2 1
1 1 0 2 0 2 2 1 2 0 1 1 2 1 1 2 2 2 0 0 1 2
1 0 0 2 0 2 2 0 2 0 0 1 2 0 0 2 2 2 0 1 2 2
1 0 0 2 1 2 2 0 2 0 0 1 1 0 0 2 2 1 0 0 1 1
2 0 0 2 1 2 2 0 2 0 0 1 0 1 2 2 2 2 0 0 2 2
2 0 0 2 1 2 2 0 2 1 0 2 2 0 1 2 2 2 0 0 2 1
0 0 0 2 1 2 2 0 2 0 0 2 1 2 2 2 2 2 0 1 2 1
1 0 0 2 1 2 2 0 2 0 0 2 2 1 1 2 2 2 0 0 2 1
1 0 0 1 0 1 2 0 2 1 0 1 2 1 1 2 2 1 0 1 2 2
0 0 0 2 0 1 2 0 2 1 0 1 1 1 1 2 2 2 0 0 2 2
2 0 0 2 1 2 1 0 2 1 0 2 1 1 2 2 2 2 0 0 2 2
0 0 0 2 0 2 2 0 2 1 0 2 1 0 1 2 2 2 0 0 2 1
1 0 0 1 2 2 2 0 2 0 0 1 2 0 1 2 2 1 0 0 2 2
2 0 0 2 1 2 2 0 2 0 0 2 2 1 1 2 2 2 0 0 1 0
0 0 0 2 1 2 2 0 2 0 0 1 2 0 1 2 2 2 0 0 2 2
1 0 0 2 1 2 2 0 2 2 0 1 2 0 0 2 2 2 0 0 2 0
1 0 0 2 0 2 2 0 2 0 0 0 1 2 1 2 2 2 0 0 2 2
1 1 1 2 1 2 2 0 2 0 0 2 2 2 1 2 2 2 0 0 2 1
1 0 0 2 1 2 1 0 2 0 0 2 2 1 2 2 2 2 0 0 2 2
0 0 0 2 0 2 1 0 2 0 0 2 1 1 1 2 2 2 0 0 2 1
1 0 0 2 0 2 2 0 2 0 0 2 1 0 1 2 2 2 0 0 1 2
0 0 0 2 1 2 2 0 2 0 0 2 1 0 2 2 2 2 0 0 0 0
0 0 0 2 0 2 2 0 2 0 0 2 2 0 2 2 2 2 0 0 2 1
1 0 0 2 0 2 2 0 2 0 0 1 2 1 1 2 2 2 0 0 1 1
0 0 0 2 2 2 2 1 2 0 0 2 2 1 0 2 2 1 0 0 2 2
1 0 0 2 0 2 2 0 2 0 0 2 2 0 1 2 2 2 0 0 2 1
1 0 0 2 0 2 2 0 2 0 0 1 2 1 1 2 2 2 0 0 2 2
0 0 0 2 1 2 2 0 2 0 0 1 1 0 1 2 2 2 0 0 1 0
1 1 0 2 1 2 2 0 2 0 0 2 2 2 2 2 2 2 0 0 2 2
1 0 0 2 0 1 2 0 1 1 0 1 2 0 1 1 2 1 1 0 2 2
0 0 0 2 1 2 2 0 2 0 0 1 1 0 0 2 2 1 0 0 2 2
0 1 0 2 0 2 2 0 2 0 0 1 2 0 2 2 2 2 0 0 1 1
1 0 0 2 1 2 2 1 2 0 0 2 0 0 2 2 2 2 0 0 2 2
1 0 0 2 0 2 2 0 2 0 0 2 2 0 2 2 2 2 0 0 2 1
1 0 0 2 0 2 2 1 2 0 0 2 1 0 1 2 2 2 0 0 2 1
1 1 0 2 0 2 2 0 2 0 0 1 2 2 0 2 2 2 0 0 2 2
1 0 0 2 0 2 2 0 2 0 1 1 2 0 0 2 2 2 0 0 2 1
1 0 1 2 0 2 2 1 2 0 0 2 1 0 2 2 2 1 0 0 2 2
0 0 0 2 0 2 2 1 2 0 0 2 2 0 1 2 2 2 0 0 2 1
1 0 0 2 1 2 2 1 2 0 0 1 2 0 0 2 2 2 0 0 2 2
0 0 0 2 0 1 2 0 2 0 0 2 0 0 0 2 2 2 0 0 2 2
0 0 0 2 1 2 2 0 2 0 0 2 2 1 1 2 2 1 0 0 2 1
0 0 0 2 1 2 2 0 2 0 1 2 2 0 1 2 2 2 1 0 2 2
1 0 0 2 0 2 2 0 2 1 0 1 1 0 1 2 2 2 0 0 2 1
1 0 0 2 1 2 2 0 2 0 0 2 2 0 1 2 2 2 0 0 2 1
0 0 0 2 0 2 2 0 1 0 0 1 2 1 1 2 2 2 0 0 2 2
1 0 0 2 1 2 2 0 2 1 1 1 2 0 1 2 2 2 0 0 2 2
1 0 0 2 1 2 2 0 2 0 0 2 2 1 1 2 2 2 0 0 2 1
0 0 0 2 0 2 2 0 2 0 0 2 2 1 0 2 2 2 0 0 2 2
0 0 0 2 1 2 2 0 2 1 0 1 1 1 2 2 2 2 0 0 2 1
1 0 0 2 0 2 2 0 2 0 0 2 2 2 0 2 2 2 0 0 2 2
1 0 0 2 0 2 2 0 2 0 1 2 2 1 1 2 2 2 0 0 2 1
