rs6658452 rs1992846 rs10865447 rs11689760 rs4674843 rs3772825 rs13122619 rs9501902 rs927718 rs827542 rs12761772 rs1599670 rs7904215 rs10824072 rs7126560 rs17117883 rs17065074 rs7168228 rs12150454 rs6567355 rs2274755 rs2834708
1 1 1 0 2 0 0 1 0 2 2 2 1 0 1 0 2 0 2 2 1 2
2 1 1 0 1 0 1 0 2 2 1 2 1 1 0 1 1 0 1 1 1 1
0 2 2 0 2 0 1 0 2 2 2 2 2 1 0 0 1 0 1 1 2 0
1 1 0 0 2 0 2 0 1 2 2 2 0 0 0 0 2 0 2 1 2 2
0 2 0 0 2 0 1 0 2 2 2 1 0 2 0 0 2 0 2 1 2 0
2 2 2 0 1 0 2 0 1 2 2 2 0 1 0 0 2 0 2 2 2 1
0 1 1 0 0 1 1 0 1 2 2 1 1 2 0 0 2 0 2 1 1 2
0 1 1 0 1 1 0 0 1 2 2 2 2 2 0 0 2 0 0 1 2 1
0 2 1 0 2 1 2 1 2 2 2 2 0 1 0 0 2 0 2 1 2 1
1 1 1 0 2 1 1 1 2 2 2 2 0 2 0 0 2 0 1 0 2 2
1 2 2 0 2 0 0 2 2 2 2 2 1 1 0 0 2 0 1 2 2 2
0 1 0 0 1 1 2 1 2 2 2 2 1 1 0 0 1 0 2 1 2 2
1 2 0 0 2 0 1 1 0 2 2 2 0 1 1 1 1 0 2 2 2 2
1 1 0 1 1 0 2 0 1 2 1 2 2 0 0 0 2 1 1 0 2 1
0 2 2 0 2 0 2 1 2 2 2 2 1 0 1 0 2 0 0 1 1 1
0 2 1 1 2 0 0 0 1 2 2 2 1 0 0 0 2 1 2 1 2 2
0 1 0 0 2 1 1 0 1 2 2 2 1 2 0 0 1 0 1 1 2 2
0 2 2 1 2 0 2 0 2 2 2 2 0 2 0 0 2 0 1 0 1 1
0 2 1 0 2 1 0 0 2 2 2 2 1 0 0 0 2 0 1 0 2 2
0 1 2 0 1 0 1 2 2 2 2 2 0 1 0 0 2 1 2 1 2 0
1 2 0 0 2 1 2 1 1 2 2 1 1 1 0 0 2 0 2 1 2 1
0 2 0 0 2 0 1 1 2 2 2 2 2 0 0 0 2 0 2 1 2 1
0 2 0 1 2 0 2 0 1 2 2 1 2 2 0 0 1 0 2 2 2 2
0 2 2 0 2 0 2 1 1 2 2 1 0 2 0 0 1 1 2 1 1 1
2 2 0 0 2 0 1 1 1 2 2 2 1 1 0 0 1 0 2 2 2 2
0 1 1 1 1 0 2 1 2 1 2 1 2 1 1 0 2 0 2 1 2 1
0 1 0 0 1 0 0 1 2 1 2 2 2 2 0 0 2 0 2 1 1 1
0 2 1 0 2 1 1 0 0 2 2 2 1 0 0 0 2 0 1 2 2 2
0 2 1 0 2 0 1 0 1 2 2 2 0 1 0 0 2 0 1 1 2 1
1 2 1 1 1 1 1 1 1 2 2 2 1 0 0 0 1 0 1 2 2 2
0 2 0 0 2 0 2 1 1 2 2 2 1 0 0 0 1 0 2 2 2 2
0 0 0 0 2 0 1 1 0 1 2 2 0 1 0 1 2 0 1 2 2 2
0 1 0 0 2 0 2 0 1 2 2 2 1 0 1 0 2 0 2 1 2 1
0 2 2 0 2 1 2 0 1 2 2 2 1 1 0 1 2 0 2 1 2 2
1 1 1 0 2 1 2 0 2 2 2 2 2 0 0 1 2 0 2 2 2 2
0 2 1 0 1 0 2 1 1 2 1 1 0 1 2 0 2 0 0 1 2 1
2 2 0 0 2 0 2 1 2 2 2 2 1 1 0 0 2 0 1 2 2 0
0 2 2 1 0 0 0 2 2 2 2 2 0 2 1 0 2 0 2 2 2 1
0 2 1 0 2 1 2 2 2 2 2 1 1 1 0 0 2 0 2 1 2 1
0 2 0 0 1 1 1 0 1 2 2 2 1 1 0 0 2 1 2 1 2 2
0 2 1 0 1 1 1 0 1 2 2 1 0 0 0 1 2 0 1 2 1 1
0 1 0 0 2 0 0 1 1 1 2 2 1 0 0 0 2 0 2 1 2 0
1 2 1 0 2 0 2 0 1 2 2 2 1 1 0 0 2 0 2 0 2 2
0 2 1 0 0 0 0 0 1 2 2 2 1 0 0 1 2 1 1 2 2 0
0 1 1 0 2 0 1 2 1 2 2 2 0 1 0 0 2 0 2 1 1 1
2 1 1 0 1 0 1 1 0 2 2 2 0 1 0 1 2 0 1 1 2 1
0 1 0 0 1 0 2 1 2 2 1 1 1 1 0 1 2 0 1 2 2 0
1 0 1 1 2 0 0 1 1 2 1 2 0 2 0 0 1 0 1 2 2 0
0 2 2 0 2 1 0 1 0 2 2 2 1 1 0 0 2 0 2 2 1 1
1 2 0 0 2 1 2 0 1 2 2 2 1 1 0 1 1 0 2 2 2 1
2 2 1 0 1 0 2 2 1 2 2 2 1 2 0 0 2 0 1 2 2 1
1 2 0 1 1 1 2 1 1 2 2 2 2 0 0 0 2 0 1 1 2 1
1 1 0 0 0 0 2 0 0 2 2 2 1 1 0 0 2 0 1 2 2 2
0 2 2 0 1 0 1 0 1 2 2 1 0 1 1 0 2 0 2 2 2 1
2 1 1 0 2 0 2 0 2 2 1 2 2 1 0 0 2 0 1 1 2 2
0 1 0 0 2 0 2 0 2 2 2 2 1 0 0 0 2 0 1 2 2 2
1 2 0 0 1 1 2 0 2 2 2 2 0 1 0 0 2 0 2 1 2 2
0 1 0 0 0 0 1 0 2 2 2 1 1 0 0 0 2 1 2 1 2 1
1 2 1 0 2 0 1 0 0 2 1 1 1 1 0 0 2 0 2 1 2 1
2 2 2 0 1 1 2 1 1 1 2 2 1 1 0 0 2 0 1 2 2 1
1 1 1 0 1 0 2 1 1 2 2 2 2 0 1 0 2 0 1 2 2 2
0 2 0 0 2 1 1 0 0 1 2 2 0 0 0 0 2 0 2 2 2 0
1 2 0 1 2 0 1 1 0 2 1 1 1 0 0 0 2 0 2 2 1 2
0 0 0 0 2 2 1 1 1 2 2 2 0 1 0 0 2 0 2 0 2 0
2 1 0 0 1 0 1 2 0 2 2 2 2 0 0 0 2 0 1 1 1 2
0 1 1 0 2 0 1 1 0 2 2 2 1 0 1 0 2 0 2 2 2 2
1 1 1 0 2 0 0 0 0 2 1 2 1 1 0 0 2 0 2 1 2 0
0 1 0 0 1 1 2 0 2 2 2 2 1 1 0 0 1 0 2 2 1 1
0 2 0 0 1 1 2 2 0 2 2 2 1 0 0 0 2 1 2 0 2 2
1 2 1 0 2 0 1 2 1 2 2 1 1 1 0 0 2 0 1 2 2 0
1 0 0 0 1 0 2 1 2 2 2 2 0 2 0 0 2 1 2 2 2 1
1 1 1 0 2 0 1 1 0 1 2 1 0 1 0 0 2 0 2 0 2 0
1 1 0 0 2 1 2 0 2 2 2 2 0 1 1 0 2 1 1 1 1 2
1 2 1 0 1 0 2 2 2 1 2 2 1 2 1 0 2 0 1 1 2 1
0 2 0 0 2 0 2 0 2 2 2 2 2 0 0 0 2 0 1 1 2 1
0 1 1 0 2 0 0 1 2 2 2 2 0 1 0 0 2 0 0 1 2 2
0 1 0 1 2 0 1 0 1 1 2 2 1 1 0 0 2 0 1 2 2 2
1 2 0 0 2 1 1 0 0 2 2 2 0 2 0 0 2 0 2 1 2 0
0 2 2 0 2 0 1 1 0 2 2 2 0 1 1 0 1 0 2 0 1 2
1 2 0 0 2 0 2 1 1 2 2 2 1 0 0 0 2 0 2 1 2 1
0 0 2 0 2 0 2 1 1 2 2 2 1 0 0 1 2 0 2 2 2 1
0 2 0 1 2 0 2 0 1 2 2 2 1 0 1 0 2 0 2 1 2 1
2 2 0 1 2 0 1 0 1 2 2 2 1 0 0 0 2 0 2 2 2 1
1 2 1 1 2 1 0 2 2 2 2 1 1 2 1 0 2 0 1 0 2 2
1 2 0 0 1 0 2 1 2 2 2 2 0 1 0 0 2 0 1 2 2 2
1 2 0 0 2 0 1 0 1 2 2 2 2 1 0 0 2 0 2 1 2 1
1 2 1 1 2 1 2 1 2 2 1 2 0 0 0 0 2 1 2 1 1 2
0 2 0 0 2 0 2 0 1 2 1 1 0 1 0 0 2 0 1 1 1 1
2 1 0 0 1 1 1 1 1 2 1 2 2 1 0 0 2 0 1 1 2 0
1 1 1 1 1 0 1 2 2 2 2 2 0 2 0 0 2 0 2 0 2 2
0 2 1 0 2 0 2 0 1 1 2 1 1 1 0 0 2 0 1 2 2 0
0 1 0 0 1 0 1 0 0 2 2 2 2 1 0 0 2 0 1 2 2 2
0 2 0 0 1 0 1 0 0 1 2 2 1 1 0 0 2 0 1 0 2 1
0 1 0 0 1 1 2 1 1 2 1 1 1 1 0 0 2 0 1 0 1 2
2 0 0 0 0 0 1 1 2 2 2 2 1 2 0 0 2 0 2 2 2 2
0 2 1 0 2 0 2 0 2 2 2 2 0 0 1 0 2 0 2 0 2 2
0 2 0 0 2 1 1 1 2 2 2 2 2 2 0 0 1 0 1 1 2 2
0 2 1 0 2 0 0 0 2 2 2 2 1 1 0 0 0 0 2 1 2 0
1 2 0 0 2 0 1 0 1 2 2 1 0 2 0 0 2 0 1 1 0 1
0 2 0 0 2 0 1 1 1 2 2 1 2 1 0 0 2 0 1 2 2 0
0 2 0 0 1 0 1 0 1 1 2 2 1 1 0 0 2 0 2 0 2 2
0 1 0 0 1 0 1 2 2 2 2 2 0 2 0 0 2 0 2 2 2 1
1 0 0 0 2 0 1 0 1 1 2 2 2 0 0 0 2 1 2 1 2 1
2 2 0 0 2 1 2 0 1 2 2 2 1 0 0 0 2 0 2 2 1 2
1 1 1 0 1 0 2 0 0 1 2 2 0 2 0 0 2 0 1 1 2 2
0 2 0 0 2 0 2 1 2 2 2 2 2 1 0 1 2 1 2 1 1 2
0 2 0 0 1 0 1 2 0 2 2 2 1 2 0 0 2 0 2 1 2 0
1 2 0 0 2 0 0 1 1 2 2 2 0 1 0 0 2 0 1 2 1 1
1 2 0 0 2 0 1 1 2 2 2 2 1 1 0 0 2 0 2 2 2 2
1 2 1 0 2 1 0 1 2 2 2 2 1 1 0 0 2 0 2 2 2 2
1 2 1 1 2 0 1 1 1 2 2 2 1 0 0 0 1 0 1 2 2 2
0 2 1 0 0 0 0 1 1 2 2 2 2 1 1 1 2 0 2 1 2 1
0 0 0 0 2 1 1 0 2 2 2 2 1 1 0 0 2 0 2 1 2 1
1 2 0 0 2 0 0 1 2 1 2 2 1 1 0 0 2 0 2 0 2 2
0 2 0 0 2 1 2 0 1 2 2 2 0 0 0 0 1 0 2 1 2 1
1 1 0 0 1 1 2 1 1 2 2 2 2 1 0 1 2 0 0 1 2 1
1 2 0 0 1 0 1 0 2 2 2 2 1 1 0 0 2 0 2 1 2 1
0 1 1 0 1 1 2 0 2 2 2 2 2 2 0 0 2 0 2 1 2 1
0 2 1 0 0 0 2 1 2 2 2 2 0 2 0 1 2 0 2 1 2 2
0 2 1 0 1 0 1 0 2 2 2 2 1 1 0 0 2 0 2 2 2 1
1 2 0 0 1 0 1 1 1 2 2 2 0 1 1 1 2 1 2 2 2 1
0 2 0 0 2 0 2 1 2 2 2 2 1 0 0 1 1 1 2 0 1 1
0 2 1 0 1 1 1 1 0 2 2 2 1 2 0 0 2 0 1 1 1 2
0 2 0 0 1 0 1 1 0 1 2 1 0 1 0 0 2 0 2 1 1 1
0 2 1 0 2 0 1 0 1 2 2 2 1 0 1 0 2 0 2 0 2 2
0 2 1 0 2 0 0 0 0 2 2 2 2 1 0 0 2 0 2 1 2 2
2 2 1 0 2 0 2 1 2 2 2 2 0 1 0 0 2 0 2 2 2 1
0 1 1 0 2 1 2 0 2 0 2 2 0 0 0 0 1 0 2 0 2 0
0 2 0 0 1 0 2 1 1 2 2 2 1 1 1 0 2 0 2 2 2 1
0 2 0 0 1 0 2 0 2 2 1 2 1 0 1 0 1 0 1 1 1 1
1 2 0 0 1 0 1 1 2 2 2 2 0 1 0 0 1 0 2 1 2 1
1 0 1 0 1 0 2 0 1 2 2 2 0 0 0 0 1 0 2 2 2 1
1 2 1 0 1 0 2 1 2 2 2 2 0 1 0 0 2 0 1 1 1 2
0 2 1 0 2 0 2 2 2 2 2 1 2 2 0 0 2 0 1 2 0 1
1 2 1 0 2 1 2 1 2 2 2 0 1 0 0 0 2 0 0 1 2 2
0 2 1 0 2 1 2 0 2 2 2 2 2 2 0 0 2 0 1 1 2 2
1 2 1 0 2 0 1 0 0 2 1 2 2 2 0 1 2 0 2 2 2 2
1 1 0 0 2 1 1 0 0 2 2 1 1 2 0 0 2 0 2 1 2 2
1 2 1 0 2 0 1 1 0 2 2 2 2 1 0 0 0 0 2 2 2 2
1 2 0 1 2 0 1 0 1 2 2 2 0 0 1 0 1 1 1 2 2 2
0 2 0 0 1 0 1 0 2 0 2 2 1 2 0 0 2 0 2 2 1 0
0 2 0 0 0 0 0 0 1 2 2 1 0 1 1 0 2 0 2 2 2 2
2 2 0 1 2 0 2 0 2 1 2 2 1 1 0 0 2 0 1 1 2 0
1 1 2 0 2 0 2 1 1 2 2 1 0 1 0 0 2 0 2 2 2 0
0 2 0 0 2 0 2 1 0 2 2 2 1 0 0 0 2 0 2 2 1 1
0 0 0 1 1 0 1 1 1 2 2 1 1 1 0 0 2 1 2 1 2 1
1 1 2 1 2 0 1 0 1 2 2 2 1 0 1 1 2 0 1 1 1 1
0 2 1 0 2 1 0 1 1 2 2 2 1 2 0 2 2 0 2 1 1 1
0 1 0 0 2 0 1 0 2 2 2 2 0 1 1 0 2 0 2 2 2 2
0 1 1 0 0 0 2 1 1 2 2 2 0 0 2 0 2 0 1 2 2 2
1 2 1 0 2 0 2 1 0 2 1 1 0 1 1 0 1 0 1 1 2 2
0 2 0 0 2 1 2 2 1 2 2 2 1 2 0 0 2 1 2 2 1 0
0 2 0 0 2 0 0 1 1 2 2 2 1 1 0 0 2 0 2 1 2 1
1 2 0 0 1 0 1 1 1 2 2 2 1 2 0 0 0 0 2 1 2 1
1 1 1 0 1 0 2 0 1 2 2 1 1 1 0 0 1 1 1 1 2 1
0 2 0 1 1 0 1 1 1 2 2 2 2 0 0 0 2 0 1 1 2 2
1 1 1 0 2 0 2 1 1 2 2 2 2 0 0 0 2 0 1 2 2 2
1 2 0 0 1 1 2 0 2 2 2 2 0 1 0 0 2 0 2 2 2 0
0 1 1 0 1 1 1 0 2 2 2 1 1 2 0 0 2 0 2 2 2 1
0 2 0 0 1 0 1 0 1 2 2 1 1 2 0 0 2 0 1 0 2 2
1 2 0 0 1 1 2 1 1 2 2 1 1 2 1 0 1 0 2 2 1 1
2 2 0 0 1 1 2 1 2 2 2 2 1 2 0 0 2 0 2 1 2 1
0 2 1 0 2 0 1 1 1 2 2 1 1 1 0 0 2 0 1 2 2 1
1 1 1 0 1 0 2 0 1 2 2 2 0 2 0 0 2 0 1 2 2 2
0 1 1 0 1 0 1 1 2 1 2 2 1 1 0 0 2 0 2 2 2 2
1 1 0 0 2 1 1 1 0 2 2 1 1 0 0 0 2 1 1 2 2 1
1 2 0 0 1 0 0 0 1 1 1 2 1 2 0 0 2 0 2 0 2 0
0 0 0 0 0 0 1 0 2 2 2 2 1 1 0 0 2 0 2 2 2 1
0 1 1 0 1 0 1 0 1 2 2 2 1 0 0 1 2 0 2 1 2 1
0 2 0 0 2 1 1 0 2 2 2 2 1 1 0 0 2 0 1 0 2 1
2 2 1 0 2 0 1 0 1 2 2 2 1 1 1 0 2 0 1 2 2 1
1 1 0 0 2 1 1 1 1 2 2 2 0 2 1 0 2 1 0 1 2 2
0 2 1 0 1 0 1 0 1 2 2 2 1 2 0 0 2 0 2 2 1 2
2 1 0 0 2 0 1 1 2 2 2 2 1 1 0 0 1 1 2 1 2 0
1 2 1 0 2 2 1 0 2 2 2 2 1 1 0 0 2 0 0 2 2 1
1 2 0 0 1 0 1 0 1 2 2 2 1 1 0 0 1 0 2 2 2 2
0 2 0 0 1 0 2 1 2 1 2 1 1 2 0 0 2 0 1 2 1 1
0 1 1 0 2 1 2 0 1 2 2 2 0 0 1 0 1 1 1 0 2 2
1 2 1 0 0 0 1 0 1 1 2 2 0 1 0 1 2 0 0 1 2 2
0 2 0 0 1 1 1 2 1 1 2 2 1 1 0 0 2 0 1 1 2 0
2 1 0 0 1 1 1 1 1 2 1 2 0 1 0 0 2 0 2 2 0 0
1 2 0 0 1 0 1 0 1 2 2 2 0 0 0 0 0 0 2 2 2 1
0 1 0 1 2 0 2 1 1 2 2 2 0 0 1 0 2 0 2 2 2 1
0 1 2 0 2 0 1 1 2 2 2 2 1 1 0 0 2 0 1 1 2 2
0 2 0 0 2 0 0 0 2 2 2 1 1 1 0 0 2 0 2 2 1 2
0 1 0 0 1 0 1 1 2 1 2 2 2 1 0 0 2 0 1 2 2 1
0 1 0 0 1 0 2 1 1 2 2 2 2 2 0 0 2 0 2 2 1 1
0 2 0 0 2 0 2 0 2 2 2 2 1 1 0 1 2 1 1 1 2 1
1 1 0 0 1 2 2 1 2 2 2 2 0 1 1 1 2 0 1 0 2 1
0 1 0 0 1 1 1 0 2 2 2 2 0 0 0 1 2 0 2 0 2 2
1 2 2 0 2 1 1 0 1 1 2 2 0 1 0 0 2 0 2 2 1 1
2 2 0 1 2 0 2 1 1 1 2 2 1 1 0 0 2 0 2 1 2 0
1 2 1 0 2 0 2 1 2 2 2 2 0 1 0 0 1 0 2 1 2 2
0 2 0 0 1 0 2 2 1 2 2 2 0 1 1 0 2 0 2 0 1 1
0 2 0 0 1 1 1 0 1 2 2 0 0 0 0 1 2 1 2 2 2 2
1 2 0 0 0 1 2 0 1 2 2 2 1 2 0 0 2 0 2 1 2 1
0 2 1 0 1 0 2 0 1 2 2 2 2 0 1 0 2 1 1 1 2 2
1 1 0 0 1 1 1 0 1 2 2 2 0 1 0 0 2 0 2 2 2 2
0 2 1 0 1 0 0 0 2 2 1 2 0 1 0 0 2 0 1 2 1 1
0 1 2 0 1 0 2 0 1 2 2 2 0 1 0 0 2 0 2 2 2 1
0 1 1 1 2 1 2 1 1 2 2 2 1 2 0 1 2 0 2 1 2 2
1 2 0 0 0 0 1 1 1 1 2 2 0 0 0 0 1 0 1 2 2 2
2 1 0 0 1 0 2 1 2 2 2 2 1 1 0 0 2 0 2 0 2 2
1 1 0 1 1 0 2 0 1 2 2 2 1 1 0 0 2 0 2 1 2 2
1 1 1 0 2 0 2 1 1 2 2 2 0 2 0 0 2 0 0 1 2 0
2 2 0 0 1 0 2 1 0 1 2 2 2 1 0 0 2 0 2 2 2 2
0 2 1 0 1 0 1 1 1 2 2 1 1 2 1 0 2 0 2 1 1 2
1 0 0 0 1 0 0 1 2 2 2 1 1 1 0 0 2 0 1 0 1 2
1 2 1 0 2 1 0 1 1 2 2 2 1 1 0 0 2 0 1 1 2 2
0 2 1 0 1 0 1 0 0 2 2 2 1 2 0 0 2 0 2 2 2 0
0 2 0 0 2 1 1 1 1 2 2 2 2 1 0 1 2 0 1 1 1 1
1 2 1 0 1 0 2 0 1 2 2 1 1 1 0 0 2 0 2 2 1 2
0 1 0 1 2 0 1 1 1 2 2 2 1 2 0 0 2 0 2 0 1 2
0 2 0 0 1 0 1 0 1 2 2 2 0 0 0 0 1 0 2 1 2 2
0 2 1 0 1 0 2 1 2 2 2 2 1 1 1 0 2 1 1 0 2 1
1 2 1 0 1 1 1 1 2 2 2 2 0 1 0 0 2 0 2 2 1 1
0 1 0 0 2 0 1 0 1 2 2 2 0 2 0 0 2 0 2 0 2 1
1 1 0 0 2 1 2 2 2 2 2 2 0 0 1 0 1 0 2 2 2 2
1 0 0 0 2 1 2 1 1 2 2 2 1 1 0 0 1 0 2 2 1 2
0 0 0 0 0 0 2 0 2 1 2 2 2 2 0 0 2 0 2 2 2 1
1 1 1 0 2 0 2 0 1 2 2 2 1 0 0 1 1 1 2 2 1 2
0 2 1 0 1 0 1 1 1 2 1 2 1 1 0 0 2 0 1 1 2 1
1 2 0 0 1 0 2 1 2 2 2 2 2 2 0 0 2 0 1 0 2 0
0 2 1 0 1 0 1 0 1 2 2 1 1 0 0 0 2 0 1 2 2 2
2 1 0 0 2 0 1 1 1 2 2 0 0 1 0 1 2 0 2 1 2 2
0 2 0 0 1 0 0 0 1 2 2 2 2 1 0 0 2 0 0 1 2 2
0 0 0 0 1 0 2 0 1 2 2 2 1 2 0 0 2 0 2 2 1 0
1 1 1 0 2 0 1 0 2 2 2 2 2 2 0 1 2 0 1 2 2 1
1 2 0 0 1 0 0 0 0 2 2 2 2 1 0 0 2 0 2 2 2 0
1 2 0 0 2 0 0 1 1 2 2 1 1 1 0 1 2 0 2 1 1 1
0 2 1 0 2 0 0 0 2 2 2 2 1 1 0 0 2 0 2 1 1 1
1 2 0 0 1 0 1 1 1 1 2 2 2 1 0 0 1 0 2 2 2 1
1 1 1 0 1 1 0 1 1 2 2 2 1 0 0 0 2 0 0 2 2 2
0 2 0 0 2 0 2 2 1 2 2 2 2 2 0 0 1 0 0 2 0 1
0 2 0 0 2 1 2 0 2 2 2 2 1 2 0 0 2 0 2 2 2 2
1 1 1 0 1 0 1 1 2 2 2 1 1 0 0 1 1 0 1 2 2 1
2 2 0 0 2 0 2 0 2 2 2 2 1 0 0 1 2 1 2 2 1 2
0 2 0 0 1 0 2 0 2 2 2 2 1 2 1 0 1 0 2 2 2 2
0 2 0 0 1 0 1 0 2 1 2 2 2 2 1 0 1 0 2 2 1 0
1 2 1 0 0 0 2 0 2 2 2 1 0 2 0 0 2 0 2 2 2 1
1 2 0 0 2 0 2 1 2 1 2 2 1 1 0 0 2 0 2 2 1 2
0 2 0 0 1 0 1 0 1 2 1 2 0 0 1 0 1 0 2 2 2 0
0 1 1 0 2 1 0 2 0 2 2 2 2 2 0 0 2 1 2 1 2 1
1 0 0 0 2 1 2 1 2 2 2 2 0 0 0 0 2 0 1 1 2 0
1 1 1 0 2 0 2 0 1 2 2 2 1 1 0 0 2 0 2 0 1 1
0 2 1 0 2 1 2 1 1 1 1 2 2 1 0 0 2 0 2 1 2 1
1 1 1 0 2 0 1 0 1 2 2 2 2 0 0 0 2 0 2 2 1 2
1 0 0 0 2 0 0 1 1 1 2 2 0 1 0 0 2 0 2 1 1 1
0 1 0 1 2 0 1 1 2 2 1 1 1 2 0 0 1 0 1 2 2 2
0 2 1 0 0 0 2 0 0 2 2 2 1 0 0 0 1 0 2 2 2 1
1 2 1 0 2 0 2 0 1 2 2 2 0 1 0 0 2 1 2 1 2 1
0 2 0 0 1 1 1 1 2 2 2 2 0 2 2 1 2 0 1 1 2 0
0 1 0 0 2 1 2 0 1 1 2 2 1 1 0 0 2 0 1 1 1 2
1 2 0 0 2 0 2 0 2 1 2 2 1 2 0 0 2 0 2 2 2 0
1 2 1 0 0 0 2 1 1 2 2 2 2 1 0 0 2 0 2 1 2 2
1 1 0 0 2 0 2 0 2 2 2 2 1 2 0 0 2 0 1 2 2 2
1 2 0 0 1 0 0 0 2 2 2 2 1 2 0 0 2 0 1 1 2 0
0 2 0 0 1 1 0 2 2 2 2 2 0 2 0 1 2 0 2 2 2 1
2 2 0 0 2 0 1 1 1 1 2 2 1 1 0 0 2 0 1 2 2 2
1 2 0 0 2 2 1 0 1 1 2 1 0 0 1 0 1 0 1 1 2 1
0 0 2 0 1 0 1 2 2 2 2 2 1 1 0 0 1 0 2 1 2 2
0 1 0 0 1 0 1 1 0 2 2 2 1 0 0 0 2 1 1 1 2 0
0 2 0 0 0 0 2 0 1 2 2 2 1 1 0 0 2 0 0 1 2 2
1 1 1 0 1 1 0 2 1 2 2 2 1 1 0 1 2 0 2 1 2 0
0 2 1 0 1 0 2 0 1 2 2 1 1 2 0 0 2 0 2 2 2 1
1 2 1 0 2 0 0 0 1 2 2 1 1 1 0 0 1 0 2 2 1 1
1 1 1 1 2 0 1 0 2 2 2 2 0 0 0 0 2 1 2 1 1 1
0 2 1 0 2 0 1 0 2 2 1 1 0 0 0 0 2 0 2 1 2 1
0 1 2 0 2 0 1 1 1 2 2 1 1 2 0 0 2 0 2 1 2 1
0 2 0 0 2 0 2 2 1 2 2 1 0 1 0 0 2 0 1 0 2 1
0 2 0 0 1 0 0 1 2 2 2 2 0 0 0 0 2 0 2 2 1 1
1 2 0 0 1 1 1 0 1 2 2 1 1 1 1 0 2 0 2 1 2 1
1 0 0 0 2 1 1 0 0 2 2 2 0 0 0 0 1 0 2 1 1 2
1 1 0 0 2 1 2 1 1 2 2 2 0 1 2 0 2 0 2 2 2 2
1 2 2 1 2 1 1 0 2 2 2 2 0 2 0 0 2 0 2 2 2 2
1 1 1 0 2 1 1 0 2 2 2 2 0 1 0 0 2 1 1 1 2 2
0 1 1 0 2 1 1 0 1 2 2 1 0 0 0 0 1 0 0 1 2 2
0 0 0 0 2 1 1 1 1 2 2 2 0 1 0 0 2 0 2 2 1 2
0 1 1 0 1 0 2 0 2 2 2 2 1 1 1 0 2 0 2 0 2 2
2 2 0 0 0 0 1 0 1 2 2 2 1 1 0 0 2 0 2 1 2 1
0 2 0 0 1 0 0 0 1 2 1 2 1 1 1 0 2 1 2 0 1 1
0 1 0 0 2 0 2 0 1 2 2 1 0 0 0 0 2 0 2 1 2 0
0 2 1 0 2 2 2 0 1 2 1 2 2 0 0 0 1 1 2 1 2 0
0 2 1 0 2 1 1 1 0 2 2 2 0 0 0 1 2 0 2 0 2 2
1 1 0 0 1 0 0 1 0 2 2 2 1 1 0 0 2 0 2 1 0 2
0 1 1 0 1 0 2 1 2 2 2 2 1 2 1 0 2 0 1 2 2 1
0 0 0 0 2 1 2 0 2 2 2 2 1 0 0 1 2 1 1 1 2 2
0 2 0 0 2 0 1 0 2 2 2 2 1 0 0 0 2 0 2 2 2 1
0 2 0 0 1 0 1 1 1 2 2 2 0 0 0 0 2 0 2 2 2 2
0 2 1 0 1 1 0 2 2 2 2 2 0 0 0 0 1 0 2 2 2 2
1 2 1 0 1 0 1 0 2 2 2 1 1 0 0 0 2 1 2 0 2 1
0 2 1 0 2 0 1 2 2 2 1 2 2 1 0 0 2 0 2 1 2 2
0 2 1 0 1 1 2 0 1 1 2 2 0 1 0 0 2 0 1 2 2 1
1 1 0 0 2 0 1 1 2 2 2 2 1 2 0 0 2 0 1 1 2 0
1 2 1 0 2 0 0 1 2 2 2 2 1 2 0 0 1 0 1 1 1 1
1 2 1 0 0 0 1 1 1 1 2 2 0 1 0 0 2 2 2 2 1 2
1 2 1 0 2 0 0 0 1 2 2 2 1 1 1 0 2 0 1 1 2 1
0 2 0 0 2 0 1 1 1 1 2 2 1 0 0 0 1 1 2 0 1 1
0 2 0 0 2 1 2 2 0 2 2 2 2 1 0 0 2 0 2 1 2 1
0 2 0 0 2 2 1 0 1 2 2 2 1 2 0 0 2 0 2 1 1 2
1 2 0 0 2 1 1 2 1 2 2 2 1 2 0 0 2 0 2 1 2 1
2 1 2 0 2 0 1 1 2 2 2 2 2 0 1 0 2 0 1 2 2 2
0 2 1 0 2 1 2 1 2 2 2 2 1 0 0 0 1 0 2 0 2 1
1 1 1 0 2 0 2 1 0 2 2 2 0 0 0 0 2 1 0 1 1 0
0 2 1 0 1 0 2 2 2 2 2 2 1 1 0 0 2 0 2 1 2 2
1 2 0 1 2 1 1 1 1 2 2 1 1 1 1 0 2 0 2 1 1 1
1 1 0 0 1 1 1 1 2 1 2 2 0 2 1 0 1 0 2 1 2 2
2 1 1 0 1 0 0 1 1 2 2 2 0 2 0 0 2 0 2 1 2 1
0 1 1 0 2 1 2 0 1 2 2 2 0 0 0 0 1 0 2 1 2 1
0 2 0 0 2 1 1 1 1 2 2 1 1 1 0 0 2 0 2 2 1 2
1 2 2 0 2 0 1 0 1 2 2 2 1 1 1 0 2 0 2 2 2 0
1 1 1 0 1 0 1 1 2 2 2 2 2 0 0 0 1 0 2 1 2 0
0 2 0 0 1 1 2 0 1 2 2 2 0 0 2 0 2 0 1 1 2 1
0 1 0 0 1 0 0 1 0 2 2 1 0 2 0 0 2 0 2 1 2 2
0 2 0 0 2 1 1 1 1 2 2 2 0 0 0 0 2 0 1 0 2 0
1 2 0 0 1 0 0 0 2 2 2 2 0 2 1 0 2 0 2 0 2 0
0 2 0 0 1 0 2 2 1 2 2 1 1 2 0 1 2 0 2 2 2 2
0 1 0 0 2 0 2 1 1 1 2 2 0 1 0 0 2 1 0 0 0 0
0 2 0 0 2 1 2 2 1 2 2 2 1 1 0 0 1 0 1 2 2 0
0 2 0 0 2 1 1 0 1 2 2 1 0 0 0 0 2 0 2 2 1 2
1 1 1 0 0 1 1 0 1 2 2 2 0 0 0 0 2 0 1 2 2 2
0 0 1 0 1 0 1 1 1 2 1 1 1 1 2 0 2 0 2 1 2 2
1 1 0 0 2 0 2 2 1 2 2 2 0 2 1 0 1 0 1 0 2 0
0 2 1 0 2 1 0 0 0 2 2 2 2 1 0 0 1 0 2 2 1 2
1 1 2 0 1 1 1 1 0 2 2 1 0 0 0 0 2 0 2 2 2 1
1 2 0 0 2 0 2 0 0 2 2 2 1 1 0 0 2 0 1 1 1 1
0 1 1 0 2 0 0 1 2 1 2 1 1 2 1 0 2 0 1 2 2 0
0 1 0 0 2 0 2 1 0 1 2 2 1 0 0 0 2 0 1 0 1 0
1 2 0 0 2 1 2 0 1 2 2 2 1 1 0 0 1 0 1 1 2 1
1 0 1 0 2 1 1 1 1 2 2 2 1 1 1 0 2 0 1 0 2 1
0 2 1 0 2 1 2 0 1 2 1 2 1 1 0 0 2 0 2 2 2 2
0 1 0 0 1 0 1 0 2 2 2 2 2 2 1 0 1 0 1 2 1 1
1 2 1 0 1 0 1 0 1 2 2 2 1 1 0 0 2 0 2 1 2 2
0 1 2 0 2 1 0 1 0 2 2 2 1 1 1 0 2 0 1 1 1 2
1 2 0 1 2 1 2 2 1 2 2 2 1 1 0 0 2 0 2 2 1 2
0 2 0 0 1 1 1 1 1 2 1 1 1 2 1 0 1 0 0 0 2 1
0 1 0 0 2 1 1 2 0 2 2 2 1 0 0 0 2 0 1 2 0 2
1 1 0 0 0 0 2 0 1 2 2 2 0 1 0 0 1 0 1 2 1 2
0 1 1 0 1 0 1 0 0 2 2 1 0 1 0 0 2 0 1 1 2 1
1 2 0 0 2 0 1 0 2 2 2 2 1 2 1 0 2 1 1 1 2 2
1 2 1 0 1 0 1 2 2 2 2 2 0 2 1 0 1 0 2 0 1 2
0 1 0 1 2 0 1 0 1 0 1 2 1 1 0 0 2 0 1 2 2 1
0 1 0 0 2 1 1 1 2 2 1 2 1 1 1 0 2 0 1 1 1 2
1 2 1 0 0 1 2 1 2 2 2 2 2 0 0 0 2 0 2 0 1 0
0 2 1 0 1 0 2 0 2 2 2 1 1 1 0 0 2 0 1 2 1 1
1 2 0 0 2 0 1 1 2 2 2 2 1 1 0 0 2 1 2 2 1 1
0 2 2 0 1 1 2 1 2 2 2 1 0 0 0 0 2 0 0 0 2 2
0 2 0 0 2 1 1 1 2 2 2 2 2 1 0 1 2 0 2 2 2 1
0 0 1 1 2 0 2 1 1 2 2 2 1 0 0 0 1 0 2 1 1 1
0 2 0 0 1 0 1 1 0 1 2 1 1 1 0 0 2 0 1 2 2 2
1 2 1 0 1 0 1 0 1 2 2 2 0 1 0 0 0 0 2 0 1 1
2 2 1 0 2 0 0 1 1 2 2 2 0 2 1 0 1 0 2 2 2 2
0 2 0 0 0 0 1 1 2 2 2 1 1 1 1 0 2 0 2 2 2 2
0 2 1 0 0 0 2 0 1 2 2 2 2 1 0 0 2 0 2 2 2 1
0 2 0 0 2 0 2 0 0 2 2 2 0 0 0 0 2 0 2 1 2 1
0 2 1 0 1 0 1 1 2 2 2 2 1 1 0 0 2 0 2 2 1 1
0 2 0 0 1 0 0 1 1 1 2 2 0 0 0 0 2 1 2 2 2 2
0 1 0 0 2 0 1 1 0 2 1 2 0 0 0 1 2 0 2 1 2 2
0 1 0 0 2 0 2 1 2 2 2 2 1 2 0 0 2 1 2 1 2 1
0 0 1 0 2 0 2 0 1 2 2 2 1 2 1 0 1 0 1 2 2 2
0 2 1 0 2 2 0 0 1 2 2 2 0 1 0 0 2 0 1 2 1 1
0 0 0 0 2 0 0 2 1 2 2 2 0 2 0 0 2 0 2 1 2 1
1 1 0 0 1 0 1 1 2 2 2 2 0 1 0 0 2 0 2 1 1 0
1 2 1 0 2 0 1 1 0 2 2 2 2 1 1 0 2 0 2 1 2 2
1 2 1 0 0 1 0 1 2 2 1 2 1 2 0 0 2 0 1 2 2 1
1 2 0 0 0 0 1 1 1 2 1 2 1 0 0 0 2 0 2 1 1 2
1 1 1 0 1 0 2 0 0 2 2 2 0 1 0 0 1 1 2 2 1 2
0 2 0 0 2 0 0 0 2 2 2 2 2 1 0 0 1 0 1 2 2 1
0 2 0 0 2 1 1 1 2 2 2 2 0 1 0 0 2 0 1 2 1 1
1 2 2 0 2 1 2 1 2 2 2 1 0 0 0 0 2 0 2 2 2 1
2 2 1 0 2 0 0 0 2 2 2 2 1 1 0 0 2 0 2 1 2 2
1 2 1 0 2 1 0 0 2 1 1 2 1 2 0 0 2 0 2 1 2 1
1 2 0 0 1 1 2 0 0 2 2 2 1 0 0 0 2 0 2 2 2 2
0 2 0 0 2 0 1 1 0 2 2 2 0 0 0 0 2 0 1 1 2 1
0 1 0 0 2 0 2 1 2 2 2 2 1 2 0 0 2 0 1 2 2 1
1 2 1 0 2 1 1 0 2 2 2 2 0 1 0 1 2 0 2 0 2 1
0 1 0 0 2 0 2 1 1 1 2 2 0 0 0 0 2 0 2 2 2 1
0 1 1 0 1 0 0 0 1 2 2 2 1 0 0 0 1 0 2 2 1 2
2 1 0 0 2 1 1 1 0 2 2 2 2 1 2 0 2 0 2 1 2 2
0 1 1 0 2 1 1 0 1 2 2 2 0 0 0 0 2 0 1 2 2 0
0 1 0 0 1 1 1 1 1 2 2 2 0 1 0 0 2 0 2 1 2 0
1 1 0 0 0 2 2 1 1 2 2 1 0 0 0 1 2 0 2 1 2 1
0 2 1 0 2 1 2 0 1 2 2 1 0 0 0 0 2 0 1 2 2 2
0 1 1 0 1 0 2 1 2 1 2 2 0 1 0 1 2 0 2 2 2 0
0 2 0 0 2 0 0 2 2 1 2 2 1 2 0 0 1 1 2 2 2 1
1 1 0 0 1 0 2 0 0 2 2 2 1 2 0 0 2 0 1 2 2 2
0 2 1 0 0 0 2 0 1 2 2 2 0 1 0 0 2 1 2 2 1 1
0 1 0 0 0 0 0 1 0 2 2 2 1 0 0 0 2 0 2 2 2 1
1 2 0 0 1 0 2 1 2 2 2 2 0 1 0 0 0 0 1 1 2 2
0 2 0 0 2 0 2 1 2 2 2 1 1 2 0 0 2 0 2 1 2 2
1 2 1 0 1 0 0 0 0 2 2 2 1 0 0 0 2 0 2 2 2 2
0 1 0 0 1 0 1 1 2 2 2 2 0 0 1 0 2 0 1 2 2 1
0 1 1 0 1 0 1 0 2 2 2 2 2 1 1 0 1 0 1 1 2 1
0 2 1 0 1 0 1 0 1 2 2 2 0 1 0 0 2 0 2 2 1 1
0 1 1 0 1 0 1 1 2 1 2 2 0 0 0 0 2 0 1 0 2 1
2 2 1 0 2 1 1 1 2 2 2 2 1 0 0 0 1 0 2 2 2 1
0 1 0 0 1 0 1 2 2 2 2 2 1 1 0 0 2 0 1 0 1 2
1 2 0 0 1 0 2 0 0 2 2 2 0 0 1 0 2 0 1 1 2 1
0 0 1 0 2 0 2 1 2 1 2 2 2 0 1 0 1 0 1 1 1 2
0 1 1 0 0 0 1 0 0 2 2 2 2 1 0 0 2 0 2 1 2 0
1 1 0 0 2 1 2 1 2 2 2 2 0 2 0 0 1 0 2 1 2 1
0 1 1 0 1 0 2 0 1 2 2 2 1 0 0 0 2 0 1 0 2 0
1 2 1 0 1 0 1 0 2 2 2 2 1 0 0 0 1 0 2 1 2 1
1 2 2 0 1 0 1 1 1 2 1 2 0 0 1 0 2 0 1 0 2 1
0 1 1 0 2 0 2 1 2 2 2 2 0 1 0 0 2 0 1 1 1 1
2 2 1 0 0 1 1 0 2 2 2 2 2 2 0 0 2 0 1 2 2 1
0 2 1 0 1 1 2 0 1 1 2 1 1 1 1 0 2 0 2 1 2 1
0 2 1 1 0 0 2 2 2 2 2 2 1 2 1 0 2 0 1 1 2 1
1 2 0 0 2 1 1 1 1 2 2 2 1 1 1 0 1 0 2 1 2 2
1 1 1 0 1 0 0 1 1 2 2 2 1 1 0 0 2 0 1 2 2 0
0 1 0 0 1 1 0 1 2 2 2 2 0 1 0 0 2 0 2 1 2 2
0 2 0 0 1 1 0 0 2 2 2 2 2 1 0 0 2 0 0 2 2 1
0 2 2 0 1 0 0 0 1 2 1 1 2 1 0 0 2 1 1 2 2 0
0 2 1 0 2 0 1 0 2 2 2 2 1 1 0 0 2 0 2 1 2 0
0 0 1 0 0 1 2 0 2 2 2 2 1 1 0 0 2 0 0 2 2 1
1 1 0 0 2 0 1 0 2 2 2 1 2 0 0 0 1 0 2 0 2 1
2 2 1 0 2 0 2 1 1 2 2 2 1 1 0 0 2 0 2 2 2 2
0 2 2 0 0 0 1 0 1 1 2 2 0 1 0 0 2 0 2 1 2 1
0 1 1 0 2 1 0 0 2 2 2 1 1 2 2 0 2 0 2 1 0 2
0 1 0 0 2 0 2 0 1 2 2 2 1 1 0 0 1 1 2 1 1 0
0 1 0 0 2 0 2 1 2 2 2 1 2 2 2 0 1 0 2 2 2 1
0 2 0 0 1 0 1 2 2 2 2 2 2 2 0 0 1 0 2 0 2 1
2 1 1 0 2 0 2 0 2 2 2 2 0 0 0 0 2 0 2 1 2 0
0 2 2 0 1 0 2 1 1 2 2 2 1 2 1 0 2 0 1 2 1 0
0 2 1 0 2 0 0 1 1 2 1 2 0 1 0 0 2 0 2 2 1 1
1 1 0 0 2 0 2 0 0 2 1 1 0 2 0 0 2 0 2 1 2 1
1 2 0 0 1 0 1 0 1 1 2 2 2 1 1 0 2 0 2 2 1 1
0 2 2 0 2 0 2 0 1 2 2 2 0 0 0 0 2 0 1 2 2 1
1 2 1 0 1 0 2 0 2 2 2 2 0 2 0 0 2 0 2 2 2 0
0 1 1 0 2 0 2 2 0 2 2 2 1 1 0 0 2 0 2 2 1 1
1 2 1 0 2 1 2 1 2 2 2 2 1 0 0 0 1 1 2 2 2 1
2 2 1 0 0 0 1 1 1 2 2 2 1 0 0 0 2 0 2 0 2 1
0 2 0 0 2 0 1 0 2 2 2 2 1 1 0 0 2 0 2 2 2 0
0 0 2 0 2 2 1 1 1 1 2 1 1 2 1 0 2 1 2 2 2 2
0 1 0 0 1 1 1 0 2 2 2 2 0 1 0 0 2 0 2 1 2 1
0 2 0 0 2 1 2 0 2 2 2 2 2 1 1 0 1 0 2 2 2 1
0 1 0 0 2 0 2 0 1 2 2 2 1 0 1 0 2 0 1 1 2 2
0 2 0 0 1 0 2 1 2 2 2 2 1 0 0 0 1 0 2 2 1 2
0 1 1 0 2 1 1 0 2 2 2 2 2 2 0 0 2 0 2 0 2 1
1 2 1 1 1 1 0 1 2 1 2 2 2 0 0 0 2 0 2 1 1 1
0 2 0 0 2 0 1 1 1 2 1 2 1 0 0 0 2 0 1 2 2 2
1 2 1 0 1 0 1 0 2 2 2 2 1 0 0 0 1 0 2 2 2 1
1 2 0 0 2 0 2 0 1 2 2 1 0 2 0 0 2 0 2 0 2 1
1 1 1 0 1 0 2 2 2 2 2 2 1 2 0 0 2 0 2 0 2 2
2 2 0 0 1 1 0 0 0 2 2 1 2 1 1 0 2 0 0 0 1 2
1 2 1 0 1 0 2 0 2 1 2 2 2 1 1 0 1 0 2 1 0 1
1 1 0 0 1 1 0 1 2 2 2 2 1 1 0 0 1 0 2 1 2 2
0 2 0 0 1 0 2 1 1 2 2 2 0 0 0 0 2 0 1 1 2 0
1 2 1 0 2 1 1 1 2 2 2 2 0 0 2 0 2 0 2 0 2 0
2 1 0 0 2 0 2 0 1 2 2 2 0 0 0 0 2 0 1 2 1 1
0 0 0 0 2 0 1 0 1 2 2 2 1 1 0 0 2 0 2 0 2 0
0 2 1 0 0 1 1 1 2 2 2 2 1 0 0 0 2 0 2 1 1 1
0 2 0 0 2 1 2 0 2 2 1 2 2 0 0 1 1 0 2 0 2 1
2 1 0 0 2 1 1 0 1 2 2 1 2 1 0 0 2 0 2 2 2 1
0 1 0 0 2 0 2 1 1 2 2 2 1 1 0 0 2 1 0 2 2 2
1 2 1 0 2 1 1 0 2 2 2 2 1 2 0 1 1 0 1 2 0 1
0 1 1 0 2 1 2 1 1 2 2 2 2 1 0 0 2 0 2 2 2 0
1 2 0 0 1 0 1 1 1 2 2 2 1 1 0 0 2 0 0 2 2 1
1 1 0 0 1 0 1 1 1 2 2 2 0 0 0 1 2 0 2 1 2 1
0 2 0 0 2 2 0 1 2 2 2 2 1 2 0 0 0 0 0 2 2 1
1 0 1 0 2 1 2 1 2 2 2 2 2 1 0 0 2 0 2 2 2 1
1 1 0 0 1 0 2 0 1 2 2 2 2 2 1 0 2 0 1 2 1 2
0 2 0 0 2 0 0 1 0 2 2 2 0 1 1 0 2 0 2 2 2 2
0 1 2 0 1 0 2 0 2 2 1 1 1 0 0 0 1 0 2 0 2 2
0 0 1 0 2 0 0 2 2 2 2 2 1 1 0 0 2 0 2 1 2 1
1 2 2 0 2 0 2 1 2 1 2 2 0 2 1 0 2 0 2 2 2 0
0 2 0 0 2 1 2 0 1 2 2 2 1 1 0 0 2 0 2 2 2 2
2 1 1 0 1 1 1 2 1 2 2 2 2 1 1 0 2 0 2 2 2 1
0 1 2 1 1 1 1 1 1 2 2 1 2 0 0 0 2 0 2 1 2 1
0 1 1 0 2 0 1 1 2 2 2 2 0 0 1 0 2 0 2 2 2 2
0 1 1 0 2 2 2 0 1 1 1 2 1 0 0 0 1 0 2 1 2 0
0 1 0 0 2 0 0 0 2 2 2 2 2 0 0 0 2 0 2 0 2 1
0 2 0 0 2 0 0 2 0 1 2 2 1 1 0 0 2 0 1 1 2 2
0 2 1 0 2 0 1 1 2 2 2 2 1 2 0 0 2 0 1 0 2 2
1 1 0 0 2 0 2 0 2 2 2 2 1 1 0 0 2 0 2 1 2 2
2 1 0 0 2 1 2 0 2 2 2 2 1 1 0 0 1 0 2 1 2 2
0 2 0 0 2 1 1 0 1 2 2 1 1 0 0 0 2 0 1 0 2 2
1 1 0 0 1 1 1 0 2 2 2 2 1 1 0 0 2 0 2 0 1 2
1 1 0 0 1 0 1 1 0 2 2 2 0 1 1 0 2 0 1 1 2 1
0 0 0 0 0 0 1 0 1 2 2 2 1 1 0 0 1 0 1 2 1 1
1 2 1 1 1 0 2 2 1 2 2 2 2 0 0 0 1 0 2 1 2 1
1 1 0 0 2 0 2 0 1 2 2 2 2 0 0 0 1 0 1 2 2 2
1 2 2 0 1 0 2 1 0 2 2 2 1 0 0 0 2 0 2 2 2 1
2 2 2 0 2 1 1 1 0 2 1 2 0 0 1 0 1 0 2 2 2 1
0 2 1 1 1 0 1 1 2 1 2 2 1 0 0 0 2 0 2 1 2 1
0 2 1 0 0 1 1 0 1 2 2 2 1 1 0 0 2 0 1 2 2 0
0 2 0 0 1 0 1 0 2 2 1 2 2 0 0 0 1 0 2 2 2 1
1 1 0 0 2 0 1 0 2 2 2 2 1 2 1 0 2 0 2 2 1 0
0 1 1 0 1 0 2 1 2 2 2 2 0 1 0 1 2 0 1 2 2 1
0 1 0 0 1 0 1 2 0 2 2 2 1 0 0 0 1 1 2 0 2 0
1 2 1 0 0 0 2 0 1 2 2 1 0 1 1 0 2 1 1 1 2 2
0 0 1 0 2 0 2 0 1 2 2 2 1 2 0 0 2 0 2 2 2 0
0 2 0 0 1 1 2 0 2 2 2 2 0 2 0 0 2 0 2 2 2 1
0 2 0 0 2 0 1 1 1 2 2 2 0 0 0 0 1 0 0 1 0 2
1 2 0 0 2 1 2 0 2 2 2 2 0 0 0 0 2 0 2 1 1 0
1 2 1 0 2 0 2 1 2 2 2 2 2 1 0 0 1 0 2 2 2 1
1 2 0 0 2 0 0 0 0 2 1 1 0 0 0 0 2 0 2 1 2 1
1 1 0 0 1 1 1 0 2 2 2 2 2 0 0 0 2 0 1 2 2 1
1 0 0 0 2 0 2 0 1 2 2 2 2 1 0 0 2 0 0 2 2 2
1 1 0 0 2 0 1 0 1 2 2 2 1 2 0 0 2 0 2 2 2 2
0 2 0 0 0 0 0 1 1 2 2 2 1 1 0 0 1 0 2 2 2 0
1 2 0 0 1 0 2 0 1 1 2 2 0 1 0 0 2 0 2 1 2 1
1 2 1 1 2 1 2 1 2 2 2 2 0 1 0 0 2 0 1 2 2 1
1 2 0 0 0 1 1 0 1 1 2 2 1 1 0 0 2 1 2 1 2 1
1 2 0 0 2 0 1 0 0 2 2 2 1 2 0 1 2 1 2 2 2 2
0 1 1 0 2 0 0 1 1 2 2 2 2 1 0 0 2 0 1 2 2 1
0 1 1 0 2 0 0 1 2 2 2 2 1 2 0 0 2 0 2 1 2 1
1 0 1 0 2 1 1 0 2 2 2 2 2 1 0 0 1 0 2 2 2 1
0 2 1 0 2 0 2 1 2 2 2 2 0 0 0 0 2 0 2 2 1 2
1 1 0 0 2 0 2 2 1 2 2 2 1 1 0 0 2 0 2 1 2 2
2 2 1 0 0 1 2 1 2 1 2 2 1 1 0 0 2 0 2 2 2 2
1 1 1 0 2 0 1 1 1 2 2 0 1 0 0 0 2 0 2 0 2 1
2 2 1 0 2 1 2 0 2 1 2 2 0 1 0 0 1 0 1 1 2 1
0 2 0 0 2 0 0 2 1 2 2 2 2 1 0 0 2 0 2 0 1 0
1 2 1 0 1 0 2 0 2 2 2 2 1 1 0 0 2 0 1 0 2 1
0 2 0 0 2 0 2 2 2 2 2 2 0 2 1 0 2 0 0 1 1 1
2 2 0 0 2 0 1 2 2 2 2 2 1 1 0 0 1 0 0 2 2 1
1 2 0 0 1 1 2 1 1 2 2 1 1 1 0 0 2 0 1 0 2 1
1 1 0 0 2 0 1 0 1 2 2 2 2 2 0 0 2 0 2 1 2 2
0 1 1 0 2 0 2 1 1 2 1 1 1 1 0 1 2 0 2 1 2 1
1 0 0 0 2 0 2 0 2 2 2 2 0 1 0 1 2 0 1 0 2 2
0 2 0 0 1 0 1 0 1 1 2 2 1 1 1 0 2 0 2 2 2 1
1 2 1 0 2 0 2 0 1 2 2 2 1 2 0 1 1 0 2 2 2 1
0 2 0 0 2 0 1 1 2 2 2 1 1 2 0 0 2 0 2 2 2 2
0 2 1 0 0 1 2 0 0 2 2 2 0 2 0 0 1 0 2 1 2 2
0 2 1 0 2 0 2 0 0 2 1 2 1 0 0 0 2 0 2 2 1 2
0 1 2 0 2 0 1 0 1 2 1 2 2 1 0 0 2 0 2 1 1 1
1 1 0 0 1 0 0 0 1 2 2 2 2 0 0 0 1 0 2 2 2 1
0 2 0 0 1 0 2 1 2 2 2 2 1 1 0 0 1 0 2 2 1 0
1 2 0 0 2 1 1 1 1 1 2 1 1 1 0 0 2 0 1 2 2 1
1 1 0 0 2 0 1 1 1 2 2 2 0 1 0 0 2 0 1 1 2 1
0 2 0 0 2 1 1 0 1 2 2 2 1 2 2 0 1 0 2 1 2 1
1 2 0 0 2 1 2 1 2 2 2 2 0 2 0 1 2 0 2 1 2 2
0 1 1 0 2 1 2 1 2 2 2 2 0 1 0 0 2 1 1 2 2 2
0 2 0 0 2 0 2 0 0 2 2 2 1 1 1 0 2 0 2 1 2 2
0 1 2 0 2 0 2 0 1 1 2 2 0 1 0 1 1 1 2 2 2 1
0 1 0 0 1 1 1 0 2 1 2 0 2 1 0 0 2 0 2 1 2 1
0 2 0 0 1 0 2 0 1 2 2 2 1 1 1 0 1 0 2 0 0 1
0 2 0 0 1 0 2 0 1 2 2 2 0 0 0 0 2 1 2 2 2 1
0 1 0 0 2 1 1 1 2 2 2 1 1 1 0 0 2 0 2 1 2 2
0 2 0 0 1 0 2 0 1 2 2 2 2 1 0 0 2 0 1 2 2 0
0 2 1 0 1 0 1 1 1 1 2 2 1 0 0 0 2 0 2 1 0 1
1 1 1 0 2 0 2 0 0 2 2 2 0 0 0 0 1 0 2 1 2 1
0 1 0 1 0 0 2 0 2 2 2 1 1 1 0 0 2 1 1 1 2 1
0 2 1 0 1 0 2 0 2 2 2 2 1 1 0 0 2 0 2 2 2 0
0 2 0 1 1 1 1 0 1 2 2 2 2 1 0 0 1 0 1 2 2 2
0 1 0 0 2 0 1 1 2 2 2 1 1 1 0 0 2 0 1 1 2 2
0 0 1 0 2 1 1 1 1 2 2 1 1 2 0 0 2 0 2 2 0 2
2 2 1 1 2 1 2 1 1 2 2 2 1 0 0 0 2 0 2 0 2 1
0 1 0 0 2 0 2 0 0 2 2 2 1 1 0 1 1 0 2 1 2 1
0 1 0 0 2 0 2 0 1 2 2 1 0 1 0 0 2 0 2 1 1 1
0 0 0 0 1 0 1 2 1 2 2 2 1 1 0 1 1 0 2 2 2 0
2 2 0 0 2 1 2 1 1 2 2 0 1 0 0 0 2 0 2 0 2 1
0 1 0 0 1 0 1 0 2 2 2 1 1 1 1 0 1 0 2 2 1 2
1 1 0 0 2 0 2 2 1 2 2 2 1 2 0 0 1 0 2 2 1 1
1 2 1 0 2 0 2 0 1 2 2 2 1 1 0 0 2 0 1 2 2 1
1 2 0 0 0 0 1 0 1 2 2 2 1 1 0 0 2 0 1 1 2 2
1 1 2 0 2 0 2 1 0 2 2 2 1 0 0 0 1 0 1 1 2 1
0 2 0 0 1 1 1 1 1 2 2 2 2 0 0 1 2 0 2 1 2 0
1 1 0 0 1 0 2 0 2 2 2 2 1 1 0 1 2 0 2 2 2 1
0 2 1 0 1 0 2 0 1 2 1 2 1 2 0 0 2 0 2 1 1 1
0 1 0 0 1 0 2 0 1 2 2 2 1 1 0 0 2 0 2 0 2 1
0 0 1 0 1 1 1 1 2 2 2 2 0 0 0 0 2 1 2 2 2 1
0 1 0 0 2 1 2 0 2 2 2 2 0 1 0 0 2 1 2 0 2 1
0 1 0 0 2 1 1 0 0 2 2 2 0 0 0 1 1 0 2 2 2 1
0 2 1 0 1 1 2 0 2 1 2 2 2 1 0 0 2 0 2 1 2 1
1 1 0 0 2 1 1 1 1 2 2 2 0 2 0 0 2 0 2 2 2 1
1 1 0 0 0 0 1 0 1 2 2 2 1 0 0 0 2 0 2 2 2 1
0 1 1 1 2 0 1 0 0 2 2 2 1 1 0 0 2 1 2 1 2 2
0 2 1 0 1 0 2 0 1 2 2 1 2 1 1 0 2 0 1 2 2 1
0 1 0 0 2 1 2 1 1 2 2 2 1 1 0 0 2 0 2 2 1 2
1 2 0 1 2 0 1 0 0 2 2 1 1 0 0 0 2 0 2 1 2 1
1 1 0 0 2 1 1 0 2 2 2 1 1 0 0 0 2 0 2 1 2 1
2 2 1 0 2 0 1 0 2 2 2 2 1 2 0 0 2 0 2 2 1 1
2 2 1 1 2 0 1 1 1 2 2 2 1 1 0 0 2 0 2 1 2 2
0 1 0 0 1 1 1 0 2 2 2 2 1 1 0 0 2 0 2 1 0 1
0 1 0 0 2 0 2 1 0 2 2 2 0 1 0 0 2 0 1 2 1 2
1 2 0 0 1 1 2 0 1 2 1 2 1 1 0 0 2 0 1 1 1 0
0 2 0 0 2 1 0 0 1 2 2 2 1 1 0 0 2 1 2 1 2 1
1 2 1 0 2 0 2 0 2 2 2 2 1 0 0 0 1 0 2 2 2 2
0 1 1 0 1 0 2 0 2 2 2 2 2 0 0 0 2 1 2 2 2 2
1 1 0 0 1 0 1 2 1 2 2 2 0 0 0 0 1 0 1 2 2 2
0 1 0 0 1 0 2 1 2 2 2 2 2 1 0 0 2 0 1 1 2 1
0 1 0 0 2 0 2 1 2 1 2 2 0 2 1 0 1 0 1 1 2 2
1 2 0 0 1 0 2 1 1 2 2 1 2 0 0 0 2 0 0 2 1 0
1 2 0 0 2 1 2 2 0 1 2 2 2 2 0 0 2 0 1 1 2 1
0 2 0 0 1 2 1 0 2 2 2 2 1 1 1 0 2 0 2 0 2 2
0 1 1 0 2 0 2 0 2 2 2 2 1 1 0 1 2 0 2 1 1 1
2 2 0 0 2 0 1 0 0 2 2 2 1 1 0 0 2 0 2 2 2 1
1 2 1 0 2 0 2 1 2 1 2 2 1 1 0 0 1 0 2 1 1 2
0 0 0 0 1 0 1 0 1 2 2 2 2 0 0 0 2 1 2 0 2 1
0 2 0 0 2 0 0 1 1 2 2 2 1 1 1 0 2 0 2 1 1 2
1 2 0 0 2 1 1 0 0 1 2 1 1 2 1 0 2 0 2 1 2 1
0 1 1 0 2 0 1 0 0 2 2 1 1 1 1 0 2 0 2 0 1 1
0 2 0 0 1 0 2 0 1 2 2 2 2 1 0 0 2 0 1 0 2 1
1 2 0 0 1 0 1 0 0 2 2 2 1 2 0 0 2 0 2 0 2 1
0 2 0 0 1 0 1 1 1 2 2 2 2 2 0 0 2 0 2 2 2 1
0 2 0 0 2 0 2 1 1 1 2 1 1 1 0 0 2 0 2 0 2 2
0 0 1 0 2 0 1 1 1 2 2 1 1 1 0 0 1 0 2 0 2 1
1 0 0 0 0 1 2 1 1 2 2 2 2 1 0 0 2 1 2 2 2 2
0 1 0 1 2 1 2 1 2 2 2 2 0 0 0 0 2 1 1 1 2 2
1 1 0 0 1 1 2 1 0 2 2 2 1 1 0 0 1 1 1 1 2 0
0 2 0 0 1 1 1 0 1 2 2 2 2 0 0 0 2 0 2 0 1 1
1 2 0 0 2 0 2 2 1 1 2 2 0 1 1 0 1 0 2 1 1 2
1 1 1 0 1 0 2 1 1 2 2 2 1 2 0 0 2 0 0 2 2 2
1 1 1 0 2 0 0 0 1 2 2 2 1 0 0 1 1 0 0 1 2 0
0 2 0 0 2 0 0 1 1 2 2 2 0 0 0 0 2 0 2 1 2 2
1 1 0 0 2 0 1 1 1 2 2 2 2 1 1 0 2 1 2 1 1 1
0 2 0 0 1 1 0 0 2 2 2 1 1 2 0 0 2 0 1 1 2 1
0 1 0 0 2 0 1 1 1 1 2 1 2 1 0 0 2 0 1 2 2 1
0 1 0 0 1 0 2 1 1 2 2 1 1 2 0 0 2 0 2 1 2 2
0 2 0 0 2 0 2 1 0 2 2 1 0 0 0 0 2 0 2 2 1 1
0 0 1 0 1 0 2 1 1 2 2 2 1 1 1 0 2 0 2 1 2 1
0 2 1 0 1 0 0 0 1 2 2 2 0 2 0 0 2 0 2 2 0 2
0 1 0 0 2 0 1 1 1 2 2 2 2 1 2 0 2 0 2 2 2 1
0 2 0 0 2 1 1 1 2 2 2 2 1 1 0 0 0 0 2 1 2 2
0 2 2 0 2 2 2 0 2 2 2 2 0 1 1 0 2 0 1 1 2 1
1 2 0 0 0 0 1 1 1 1 2 2 2 1 1 0 2 0 2 1 2 0
0 1 1 0 2 0 2 1 1 2 2 2 1 1 0 0 2 0 2 2 2 2
1 2 0 0 1 0 1 0 2 1 2 2 1 0 1 0 2 1 1 1 2 2
0 1 0 0 2 1 0 0 0 2 2 2 2 2 0 1 1 0 2 2 2 1
0 0 0 1 1 1 2 2 2 2 2 1 0 2 0 0 2 0 1 1 2 1
0 2 0 0 2 1 2 1 1 2 2 2 1 1 0 0 2 0 2 2 2 0
0 1 0 0 1 1 0 0 2 2 2 2 1 1 0 1 2 0 2 1 1 2
0 2 1 0 0 0 1 0 2 2 2 2 1 1 0 0 0 0 1 1 2 1
0 0 1 0 2 0 2 0 0 2 2 2 2 0 0 0 2 0 2 2 2 2
2 0 1 0 1 1 1 1 2 2 1 1 1 1 1 0 2 0 0 1 2 1
0 1 0 0 1 0 2 1 2 2 2 2 0 1 0 0 2 0 2 2 2 2
0 2 2 0 2 0 1 0 2 1 2 2 1 1 0 0 2 0 1 1 1 1
0 2 0 0 2 0 1 0 2 2 2 1 1 0 0 0 2 0 2 1 2 2
0 1 1 0 2 1 2 1 1 1 2 2 1 2 0 0 2 1 1 1 2 2
1 2 1 0 2 1 1 1 2 2 2 2 1 1 0 0 2 0 2 2 1 2
0 2 1 0 2 0 2 0 1 2 2 2 0 0 0 0 1 2 2 2 1 2
0 1 0 0 2 0 1 1 2 2 2 2 1 2 0 0 2 0 2 2 2 1
1 1 1 0 0 0 1 1 1 2 2 2 1 0 0 0 2 0 2 1 2 2
0 2 0 0 2 1 1 1 2 2 2 1 1 1 0 0 1 0 2 2 0 1
0 1 0 0 1 0 2 0 2 2 2 2 1 2 0 0 1 0 2 2 2 1
0 1 2 0 2 0 2 0 2 2 1 2 1 1 0 0 2 0 2 2 1 1
0 2 0 0 0 0 1 1 2 2 2 2 1 0 0 1 2 1 2 2 2 1
1 2 0 0 2 0 1 0 2 2 2 2 0 2 0 0 2 0 2 2 2 1
0 2 1 0 1 1 1 0 2 2 2 2 0 1 0 1 2 0 2 2 1 1
0 2 1 0 2 0 1 0 1 2 2 2 1 2 0 0 2 0 1 1 2 1
0 2 0 0 1 1 2 1 1 2 2 2 2 1 0 0 2 0 1 2 2 1
2 1 0 0 1 0 1 1 1 2 2 1 1 0 0 0 2 0 2 0 2 2
1 0 0 1 1 0 2 0 0 2 2 2 1 0 0 0 2 0 2 2 2 2
0 1 1 0 1 0 2 0 2 2 2 1 2 0 0 0 2 0 1 1 2 0
0 0 1 0 1 1 2 1 2 2 2 2 1 0 0 0 2 0 2 1 2 0
1 0 1 0 2 0 1 0 1 2 2 2 1 0 0 0 2 0 2 1 2 0
0 2 1 0 1 0 2 0 1 2 2 2 0 2 0 0 1 0 2 1 2 1
0 0 1 0 1 0 2 1 1 2 2 1 1 1 0 0 2 0 2 1 2 1
1 2 1 0 2 0 2 0 0 2 2 2 0 0 0 0 1 0 2 0 2 1
0 2 1 0 2 0 1 0 0 2 2 2 1 1 0 0 2 0 1 1 1 1
1 2 1 0 2 1 2 1 1 2 2 2 1 0 1 0 2 0 2 2 2 2
1 2 1 0 2 0 0 0 2 2 2 2 2 0 0 0 1 0 2 2 2 2
1 1 0 1 1 0 2 0 1 2 1 2 1 2 1 0 1 0 2 2 2 2
0 0 1 0 2 0 1 1 0 2 2 2 1 0 0 0 2 0 1 0 2 1
0 2 0 0 0 1 2 1 1 2 2 2 0 1 0 0 2 1 2 2 2 1
0 1 1 0 1 0 1 1 1 2 2 2 1 1 0 0 1 1 1 1 1 2
0 2 0 0 1 0 2 2 2 2 2 2 0 1 0 0 2 0 1 1 0 2
0 2 0 1 1 0 2 2 1 2 2 2 0 0 0 0 2 0 1 2 2 1
1 2 0 0 2 1 0 2 2 2 1 2 1 1 0 0 1 0 2 1 1 2
0 2 1 0 2 0 1 1 0 2 2 1 0 1 0 0 2 0 0 1 2 1
0 1 0 0 2 0 2 1 1 2 2 2 0 1 1 0 1 1 2 1 1 1
0 2 0 0 2 0 2 1 1 2 2 2 0 1 0 0 1 0 1 2 2 1
2 2 0 0 2 0 1 1 2 1 2 2 1 2 0 0 2 1 1 1 2 2
0 2 0 0 2 1 2 0 1 2 2 2 1 0 1 0 2 0 2 2 2 1
1 2 1 0 1 0 1 0 1 2 2 2 2 1 0 0 2 0 2 0 1 2
1 2 2 0 1 0 1 0 1 2 2 2 2 0 0 0 2 0 2 1 2 1
0 2 1 0 2 0 1 1 2 2 2 2 1 0 0 0 2 0 2 2 2 1
1 2 1 0 2 0 1 0 0 2 2 2 0 2 0 0 2 0 1 2 2 2
0 2 1 0 1 1 1 0 1 2 2 1 1 1 0 1 1 0 2 1 1 2
0 2 0 0 2 0 0 1 2 1 2 1 0 1 0 1 1 1 2 2 2 2
1 2 0 0 2 1 2 1 2 2 2 2 1 2 0 0 1 0 1 1 2 2
0 1 0 0 1 0 1 0 0 2 2 1 1 2 1 0 2 0 2 0 2 2
1 2 0 0 1 0 2 1 2 2 2 1 2 0 0 0 2 0 2 1 2 0
0 1 0 0 2 1 2 2 1 2 2 1 0 0 0 0 2 0 2 1 2 0
1 2 1 0 2 0 2 1 2 2 2 2 1 1 0 0 2 0 0 2 2 1
0 2 1 0 1 1 1 1 1 2 2 2 1 1 0 0 2 0 2 2 2 2
1 2 1 0 1 2 2 0 0 2 2 2 0 0 0 0 2 1 2 2 2 2
1 1 0 0 1 0 0 0 0 1 2 2 2 1 0 0 2 0 2 1 2 1
1 2 1 0 2 0 1 0 0 2 2 2 1 2 0 0 2 0 1 1 1 2
0 2 0 0 2 0 2 2 1 2 2 2 1 0 0 0 2 1 2 1 2 0
1 2 0 0 2 0 2 0 0 2 2 2 0 2 0 0 1 0 2 0 2 1
1 1 1 0 2 0 1 1 2 2 2 1 0 1 1 0 2 0 2 2 2 1
1 1 1 0 2 0 2 2 2 2 2 2 1 0 0 0 2 1 1 1 0 1
0 2 1 1 1 1 1 1 2 2 2 1 1 2 1 0 2 0 2 2 2 2
0 2 1 0 2 0 2 0 1 2 2 1 1 1 0 1 2 1 2 2 2 1
0 2 0 0 2 0 1 1 2 1 2 2 1 1 0 0 2 0 2 0 2 2
1 2 1 0 2 0 2 0 1 2 2 2 2 0 0 0 1 0 2 0 2 1
0 1 0 0 1 0 2 0 1 2 2 2 1 0 1 0 1 0 2 2 2 1
0 2 1 0 1 0 2 2 0 1 2 2 1 0 0 0 2 0 1 2 2 1
1 2 0 0 2 1 2 1 0 2 1 2 1 2 0 1 2 0 1 1 1 2
0 2 1 0 2 1 2 2 1 2 2 2 0 1 0 0 1 0 1 1 2 2
1 1 1 0 2 2 1 0 2 2 2 2 2 2 1 0 1 1 2 1 1 1
0 1 0 0 1 0 1 1 1 2 1 2 0 0 0 0 2 0 0 2 2 2
0 2 0 0 0 0 1 2 0 2 2 1 1 1 0 0 2 0 2 1 1 0
2 2 1 0 1 0 0 0 1 2 2 1 0 1 1 0 2 0 2 1 2 0
0 2 0 0 2 1 1 1 1 2 2 2 1 1 1 0 1 0 2 2 2 2
0 2 1 0 2 2 2 0 2 2 2 2 1 1 1 1 1 0 2 1 2 2
1 1 1 0 2 0 2 1 2 2 2 2 2 1 0 0 2 0 1 1 2 1
0 2 0 0 2 0 1 0 0 1 2 2 1 1 0 0 2 0 1 2 1 0
2 2 0 0 1 0 2 0 0 2 2 2 1 0 0 0 2 0 2 0 2 1
0 2 0 0 2 0 2 0 2 2 2 2 0 0 0 0 2 0 2 2 2 0
1 2 1 0 2 0 1 0 2 2 2 2 1 1 0 0 2 0 1 1 2 1
1 0 0 0 1 0 2 1 0 2 2 2 1 0 0 0 2 0 1 1 2 2
1 2 2 0 2 1 1 1 2 2 2 2 1 2 0 0 2 0 1 2 2 1
1 2 1 0 2 0 1 0 2 2 2 1 0 1 0 1 2 0 2 0 2 1
1 2 1 0 0 0 2 1 0 2 2 2 1 2 0 0 2 0 1 1 1 1
0 1 1 0 2 0 1 0 2 1 2 2 0 2 0 0 2 0 1 0 1 2
1 2 0 0 1 0 2 2 1 2 2 2 1 0 0 0 2 0 2 0 2 0
1 2 1 0 2 0 2 1 1 2 2 2 0 2 0 0 2 0 1 1 2 1
1 2 1 0 0 1 1 2 0 2 2 2 1 0 0 0 2 0 1 0 1 0
0 2 1 0 2 1 2 0 2 2 2 2 2 1 0 0 2 0 2 2 2 1
0 1 1 0 2 1 0 1 0 2 2 2 0 0 1 0 2 0 1 2 0 1
1 1 0 0 1 0 2 1 1 2 2 1 0 1 0 0 2 0 1 1 2 1
0 1 0 0 2 0 1 2 1 2 2 2 1 1 0 0 2 1 1 2 2 1
1 2 0 0 1 0 2 1 0 2 2 2 1 2 0 0 1 0 1 1 1 2
0 2 0 1 1 0 2 0 1 1 2 1 0 2 1 0 1 0 2 1 2 1
1 2 1 0 2 0 2 2 2 2 2 2 1 2 1 0 2 0 2 0 2 2
0 2 0 1 1 1 2 1 1 2 2 0 1 0 0 0 1 0 1 1 2 1
1 2 0 0 1 0 0 2 2 2 2 1 2 0 0 0 2 0 2 1 1 1
0 2 1 0 1 2 2 0 2 2 2 2 1 1 0 0 2 0 2 1 1 2
0 2 1 0 1 0 2 0 1 2 2 2 1 0 2 0 1 0 2 1 2 2
0 2 0 0 1 0 1 1 0 2 2 2 2 1 0 0 2 0 1 2 2 1
0 2 0 0 2 0 1 1 0 1 2 2 1 0 0 0 2 0 2 2 1 2
1 1 1 0 0 0 2 2 0 2 2 2 0 2 0 0 2 1 2 2 2 2
1 2 0 0 2 1 1 0 0 2 1 2 0 2 0 0 2 1 2 0 2 2
0 2 1 0 2 0 1 1 2 1 2 2 1 2 0 0 2 0 1 2 2 1
2 1 0 0 1 0 1 1 1 1 1 2 2 0 0 0 2 0 2 2 2 1
1 0 0 0 2 0 1 2 1 1 2 2 1 1 0 0 2 1 2 1 2 2
1 2 1 1 2 0 0 1 2 2 2 1 2 2 0 0 2 0 1 2 2 2
1 2 0 0 1 1 2 0 1 2 2 2 1 0 0 0 2 0 2 0 2 0
1 2 0 0 1 0 2 2 2 2 2 1 1 1 0 0 2 0 2 1 2 2
0 0 1 0 1 1 1 2 0 2 2 2 1 2 0 0 1 0 2 0 2 2
0 2 0 0 0 0 1 1 1 2 1 2 0 2 1 0 2 0 1 2 2 1
0 1 0 0 1 0 0 1 2 2 1 0 0 1 0 0 2 0 2 1 2 1
0 1 0 0 2 1 2 1 1 2 2 2 2 1 0 0 2 0 2 2 2 1
0 2 0 0 1 0 1 0 2 2 2 2 2 2 0 0 2 1 0 2 1 1
1 2 2 1 2 0 1 0 1 1 2 2 1 2 0 0 2 0 2 2 2 2
0 1 2 1 2 0 1 1 2 2 2 2 2 1 0 0 1 0 1 2 2 1
0 2 0 0 1 0 2 0 2 2 2 2 1 0 0 0 2 1 1 2 1 1
1 1 1 0 2 1 2 0 0 1 2 2 2 0 0 0 2 0 1 1 2 2
0 1 0 0 2 2 1 0 2 2 2 1 1 2 0 0 1 0 2 2 2 1
0 0 2 0 1 0 1 1 1 2 2 2 0 0 1 0 2 0 2 2 2 1
0 1 1 0 2 0 2 0 0 2 2 2 2 1 1 0 2 1 2 2 2 2
1 2 1 0 2 0 2 1 1 2 2 2 0 1 0 1 2 0 2 2 2 0
1 0 0 0 1 0 1 1 1 2 2 2 2 0 0 0 1 1 2 2 2 2
0 1 1 0 1 1 1 1 2 2 2 2 2 1 0 1 2 0 2 2 1 2
1 2 0 1 1 0 2 2 1 2 2 2 2 1 1 0 2 0 2 1 2 1
0 2 0 0 2 1 0 1 1 2 2 1 0 0 0 1 2 0 2 2 2 1
0 1 1 0 2 0 1 2 2 2 1 2 0 0 0 0 2 0 2 1 2 2
1 0 1 0 2 0 2 1 1 2 2 2 1 0 0 0 2 0 1 2 2 2
1 2 0 0 2 0 2 0 1 2 1 1 1 1 0 1 2 0 1 1 2 2
0 2 0 0 2 1 2 0 0 2 2 1 2 1 0 0 2 0 2 1 2 1
0 1 1 0 2 0 1 1 1 2 2 2 0 1 0 0 2 0 1 2 2 1
0 1 0 0 2 0 2 1 0 1 2 2 0 2 1 0 1 0 2 2 2 1
0 2 0 0 1 1 1 1 1 2 2 2 1 1 0 0 2 0 2 2 2 1
1 2 0 0 1 2 0 0 2 2 2 2 2 0 0 0 2 0 2 2 2 1
1 1 1 0 2 0 1 2 1 2 2 2 1 0 0 0 1 0 2 2 2 1
2 2 0 0 1 0 0 1 1 2 2 2 1 0 0 0 2 0 1 2 2 1
1 0 0 0 2 0 1 0 2 2 2 2 1 1 0 0 2 0 2 1 2 1
0 1 0 0 2 1 2 1 0 2 2 2 0 0 0 0 2 1 2 2 2 2
0 0 0 0 1 0 1 1 1 1 2 2 1 1 0 0 1 0 1 0 2 2
1 1 0 0 2 1 2 0 1 2 2 2 1 1 1 0 2 0 1 0 1 2
1 2 0 0 2 0 1 0 1 2 2 2 0 2 0 1 2 0 2 1 2 2
0 1 0 0 2 1 2 1 2 2 2 1 1 0 0 1 2 0 2 2 2 0
2 2 1 0 2 0 1 0 1 2 2 2 1 1 0 0 2 0 2 2 2 1
0 2 0 0 2 1 2 2 0 1 2 2 2 2 0 0 2 0 2 1 2 2
1 2 0 0 0 0 2 2 2 2 1 2 1 0 0 0 2 0 2 2 2 1
0 2 0 0 2 0 0 1 2 1 2 2 1 0 0 1 1 0 2 1 2 1
0 2 0 0 1 0 2 2 2 2 2 2 0 1 0 0 1 0 2 1 2 2
0 1 0 0 1 0 1 1 1 2 2 2 1 0 0 0 2 1 1 2 2 1
1 2 1 0 1 0 2 1 0 2 2 2 1 1 0 0 1 0 1 1 1 1
0 2 1 0 1 0 2 1 2 2 2 2 0 1 0 0 1 1 2 2 2 1
1 1 0 1 2 0 2 1 2 2 2 1 1 0 0 0 2 0 1 1 2 2
0 1 2 0 1 0 2 1 1 2 2 2 1 2 0 0 1 0 2 2 2 1
2 1 0 0 1 1 0 0 1 2 2 2 2 0 0 0 2 0 2 2 2 0
0 2 0 0 1 0 2 2 1 2 2 2 1 1 1 0 1 0 2 1 0 2
0 2 0 0 2 0 1 0 1 2 2 2 1 1 0 0 2 0 2 2 0 2
1 2 1 0 1 0 0 2 1 2 2 2 2 0 0 0 2 0 2 2 2 0
2 1 0 0 2 1 2 0 2 2 2 2 0 2 0 0 2 0 2 2 0 1
0 2 0 0 1 0 2 1 1 2 2 2 1 1 1 0 1 0 2 2 2 1
1 2 0 1 1 1 1 1 1 2 2 2 2 1 0 0 1 0 2 2 2 1
1 1 0 0 2 0 2 0 1 2 1 2 2 1 0 0 2 0 1 1 2 1
0 2 0 0 2 1 1 0 2 2 2 2 0 1 0 0 2 0 1 2 2 1
0 2 0 0 2 0 0 0 0 2 1 2 0 1 0 0 2 1 2 0 2 0
1 2 1 0 2 0 2 0 1 2 2 2 1 1 0 0 2 1 2 0 2 1
1 0 0 0 1 1 1 1 1 2 2 2 0 1 0 1 2 0 2 1 2 1
0 2 0 0 2 0 1 0 2 2 2 2 2 1 0 0 2 0 2 1 2 2
0 2 1 0 1 0 2 0 0 2 2 2 0 1 0 0 2 0 2 1 2 1
2 1 0 0 2 0 1 0 2 2 2 2 1 0 0 0 0 0 1 1 2 0
1 1 1 0 1 0 2 1 1 1 2 2 0 1 0 0 2 0 2 1 2 1
1 2 0 1 2 0 1 0 2 1 2 2 2 1 0 0 2 0 2 1 2 2
0 1 0 0 1 0 2 1 2 2 2 2 2 1 0 0 2 0 1 2 2 2
0 2 1 0 0 0 2 0 2 1 2 2 0 0 0 0 2 0 2 1 2 2
1 1 0 0 1 1 2 1 1 2 2 2 1 0 0 0 2 0 0 2 2 1
0 1 0 0 0 1 0 0 0 2 2 2 0 1 0 0 2 0 2 2 1 1
1 2 0 1 1 0 2 0 1 2 2 2 1 2 0 0 1 1 2 2 2 0
0 1 0 0 2 0 1 1 1 2 2 2 1 0 0 1 2 1 1 2 2 1
0 2 1 0 2 0 2 1 2 1 2 2 0 2 0 0 2 0 2 0 2 1
0 2 0 0 2 0 1 0 1 2 1 2 1 2 1 0 2 2 2 1 2 2
2 2 1 0 1 0 1 0 0 2 2 2 1 0 0 0 2 0 1 1 2 1
1 2 0 0 2 0 2 1 2 2 2 2 1 1 0 0 2 0 2 2 2 0
0 2 0 0 2 0 0 0 1 2 2 1 0 2 0 0 2 0 2 2 2 1
1 2 0 0 2 0 1 0 2 2 2 2 1 0 0 0 2 0 1 0 2 2
1 2 0 0 1 0 1 0 2 2 2 2 0 0 0 0 2 0 2 1 2 0
2 2 1 1 1 1 1 1 0 2 2 2 0 1 0 0 2 0 2 1 2 1
0 2 1 0 2 0 2 0 1 2 2 2 0 1 0 0 2 0 1 1 2 2
0 2 1 0 2 1 1 1 0 2 2 2 1 0 0 0 2 0 2 1 0 1
0 2 1 1 2 1 1 2 0 2 2 2 0 1 1 0 1 0 2 2 2 1
0 2 0 0 2 1 0 1 1 2 2 2 2 1 0 0 1 0 2 1 2 1
0 1 0 0 2 0 1 0 0 2 1 2 1 0 0 0 2 0 2 2 2 1
1 1 0 0 2 0 1 2 0 2 2 2 2 0 0 0 0 1 1 1 1 0
1 2 0 0 0 1 2 2 0 2 2 2 0 1 1 0 2 0 2 2 2 0
1 1 0 0 2 0 2 1 2 2 2 2 1 1 0 0 2 0 2 2 2 2
0 1 0 0 2 0 0 1 1 2 2 2 1 0 0 0 2 0 1 2 2 2
2 2 1 0 2 1 1 0 2 1 2 2 1 0 1 0 2 0 2 2 2 2
0 2 1 0 2 0 1 0 2 2 2 2 1 0 1 0 1 0 2 2 0 1
0 1 1 0 1 1 1 0 1 2 2 2 0 2 1 0 2 0 2 1 1 1
0 1 1 0 1 0 1 1 1 2 2 2 2 1 0 0 2 1 2 2 0 2
2 2 2 0 2 0 2 1 2 2 2 2 0 1 0 0 2 0 2 1 2 2
0 0 2 0 2 0 1 1 2 2 2 2 0 1 1 0 1 0 2 2 2 1
1 0 1 0 0 0 2 1 2 2 2 2 2 1 1 0 2 0 1 2 2 2
0 2 1 0 2 1 1 2 1 1 2 2 1 1 0 0 2 0 2 2 0 0
0 2 0 0 2 0 2 1 1 2 2 2 0 1 0 0 2 0 2 1 1 1
0 2 2 0 2 0 1 0 2 2 2 2 0 0 0 0 2 0 1 1 2 2
1 0 1 0 2 1 2 1 2 2 2 2 2 1 1 0 2 0 1 0 2 1
0 1 0 0 2 0 2 1 1 2 2 2 1 0 0 0 2 1 1 2 2 1
1 2 0 0 2 1 1 0 1 1 2 2 0 1 0 0 2 0 2 2 2 1
0 2 0 0 1 0 2 0 1 2 2 2 1 0 0 2 2 0 1 2 1 1
0 2 0 0 1 0 1 2 1 2 2 2 2 2 0 1 2 0 2 2 2 2
0 2 1 0 1 0 1 0 1 2 1 1 2 2 0 0 2 0 2 1 2 2
1 2 1 0 1 0 2 1 2 2 2 2 0 0 0 0 2 0 2 2 2 1
0 2 1 0 1 0 1 0 2 2 2 2 1 0 0 0 2 0 2 1 1 0
1 1 0 0 2 1 2 0 1 2 2 2 0 1 0 0 1 0 2 1 2 1
0 1 0 0 2 0 2 2 2 2 2 1 1 1 0 0 2 0 2 1 2 2
1 1 1 0 1 0 1 0 1 2 2 2 1 1 0 0 2 0 2 1 1 1
0 2 1 0 1 0 0 1 0 2 2 0 0 1 0 0 2 0 2 0 2 1
1 1 0 0 2 1 1 1 1 2 2 1 0 1 0 1 2 0 2 2 2 2
0 1 1 0 2 2 1 0 2 2 2 2 0 1 0 0 2 1 2 1 2 0
1 1 1 0 2 0 1 0 1 2 2 1 1 0 0 0 2 0 2 2 2 1
1 1 1 0 2 1 1 1 0 2 2 2 1 2 0 0 2 0 2 1 2 1
1 1 1 1 1 1 0 1 1 2 2 2 0 0 0 0 2 0 1 1 2 1
1 2 0 0 0 0 1 1 2 2 2 2 1 1 1 0 2 0 2 1 2 2
1 2 0 0 1 0 1 1 2 2 2 2 0 0 1 0 1 0 2 1 1 2
1 1 0 0 2 2 2 1 2 2 2 2 1 1 1 1 2 0 2 2 1 1
1 1 2 0 1 0 1 0 1 2 2 2 1 1 0 0 2 0 2 1 2 1
2 0 1 0 2 0 2 0 2 2 2 2 2 1 1 0 1 0 1 1 2 2
0 2 0 0 1 0 2 1 0 2 2 2 1 0 0 0 1 1 2 2 1 1
1 1 1 0 2 1 1 0 0 1 2 2 2 1 0 0 2 0 2 1 1 2
0 2 1 0 2 0 2 1 1 2 2 2 1 1 1 0 1 0 1 0 2 1
1 1 0 0 2 0 0 0 0 2 2 2 2 1 0 0 2 0 2 1 2 2
1 1 2 0 2 0 2 2 2 2 2 2 0 1 2 1 2 1 2 2 2 1
0 1 1 0 0 1 1 0 1 2 2 2 0 1 1 0 2 0 2 1 1 1
0 1 0 0 0 0 2 1 2 2 2 1 0 1 0 0 2 0 2 1 2 0
0 2 0 0 2 0 2 0 2 1 2 2 1 2 0 0 2 0 2 1 2 2
0 0 1 0 1 0 2 1 2 2 2 2 1 1 0 0 2 0 2 2 2 1
0 1 0 0 2 0 2 0 1 2 2 2 1 0 0 0 2 0 2 2 2 2
0 1 1 0 1 0 0 0 2 2 2 2 0 0 0 0 2 0 2 1 2 1
0 2 1 0 2 0 1 0 2 2 2 2 1 2 0 0 1 0 1 2 2 1
0 1 0 0 2 0 1 1 1 2 2 2 0 1 1 0 2 0 2 1 2 1
0 2 0 0 2 1 1 1 1 2 2 2 1 1 0 0 2 0 2 1 1 1
1 0 1 0 0 0 2 0 2 2 2 2 1 1 0 0 2 0 2 1 2 1
0 2 2 0 2 0 2 0 1 2 2 2 2 0 0 1 2 0 2 1 1 1
0 2 0 0 2 0 2 0 2 1 2 2 2 1 1 0 1 0 1 1 2 1
2 1 1 0 2 0 0 0 2 2 2 1 0 0 0 0 2 0 2 2 2 2
0 0 2 0 2 0 1 2 1 2 2 2 0 1 0 0 2 0 2 2 1 1
0 2 1 0 1 0 1 0 0 2 2 2 2 0 0 0 1 0 1 2 2 1
0 1 1 0 2 0 1 2 1 2 2 2 2 0 1 0 2 0 1 1 2 2
2 1 2 0 0 0 1 0 1 2 2 2 0 2 0 0 2 0 1 2 1 0
1 0 0 0 2 0 2 0 1 2 2 2 1 0 1 1 2 0 2 1 2 2
1 1 0 0 2 0 0 0 1 1 2 2 2 1 0 1 2 1 2 0 2 2
1 2 2 0 1 1 2 0 2 2 2 1 1 2 0 0 2 0 1 2 2 2
0 2 0 0 1 0 2 2 1 2 2 2 1 2 0 0 2 0 2 1 2 1
1 1 0 0 1 0 1 1 2 2 2 2 2 1 0 0 1 0 2 1 2 2
1 2 0 0 0 1 2 0 1 2 2 2 2 0 0 0 2 0 2 2 2 2
0 2 0 0 2 0 2 0 0 2 2 2 2 1 0 0 2 1 2 1 2 2
1 1 2 0 2 0 1 2 1 2 2 2 1 1 0 0 2 0 2 2 2 0
1 2 1 0 2 1 2 2 2 2 2 0 2 0 0 0 2 1 2 1 2 2
1 2 0 0 2 0 1 2 1 2 2 2 1 0 0 1 2 0 2 1 2 1
1 2 0 0 2 0 1 0 2 2 2 2 1 0 0 0 2 0 0 2 2 2
0 2 0 0 2 0 2 1 2 1 2 1 1 1 0 0 2 0 1 2 1 1
0 0 0 0 1 1 2 0 2 2 1 2 0 0 0 0 2 0 2 1 1 2
0 1 0 0 2 0 1 1 0 2 2 2 1 1 1 0 2 0 1 2 2 1
0 2 0 0 0 0 1 1 2 2 2 2 1 1 0 0 2 0 2 1 2 1
1 1 0 0 2 1 1 2 2 2 2 2 0 1 1 0 2 0 1 1 2 1
1 2 1 0 2 0 2 0 2 2 2 1 1 1 1 0 2 1 0 2 2 1
0 1 2 0 2 1 0 0 0 2 2 0 1 0 0 0 2 0 2 2 2 2
1 2 0 0 2 0 2 1 2 2 2 2 2 1 0 0 2 0 2 0 1 2
0 2 1 0 2 0 0 0 1 2 2 2 1 1 0 0 2 0 2 1 1 2
1 1 1 0 1 1 1 0 2 2 2 2 1 0 0 0 2 0 2 1 2 2
1 2 0 0 2 1 2 1 1 2 2 1 1 2 1 1 2 0 2 2 2 1
0 1 1 0 1 0 1 1 1 2 2 2 1 2 0 0 2 0 2 2 1 1
2 1 1 0 2 0 1 1 1 2 2 2 1 1 0 0 2 0 2 1 2 2
0 2 1 0 2 0 0 1 1 2 1 2 0 1 0 0 2 0 2 2 1 2
1 2 1 0 2 1 0 0 0 2 2 2 1 1 0 0 2 0 2 1 2 2
1 2 0 0 1 0 2 0 1 2 2 2 1 2 0 0 2 0 2 1 2 1
1 2 0 0 0 2 2 0 1 2 2 2 1 1 1 0 2 0 2 2 2 1
0 2 1 0 2 1 1 1 0 1 2 2 1 1 0 0 2 0 2 2 2 2
0 2 2 0 2 0 1 2 2 2 2 1 1 1 0 0 2 0 2 2 1 1
0 1 2 0 1 0 0 1 2 2 2 2 1 1 1 0 2 0 1 1 0 0
1 1 1 0 1 1 2 1 1 2 2 2 2 1 0 0 2 0 1 0 2 2
1 1 0 0 0 2 0 0 0 2 2 2 1 1 0 0 2 0 2 0 2 1
0 2 1 1 2 0 2 2 2 2 1 2 0 0 0 0 1 0 2 2 1 2
0 2 0 0 2 0 2 1 1 2 2 2 2 0 0 0 2 1 2 1 2 2
0 1 1 0 2 1 1 0 2 1 2 2 0 0 0 0 1 0 2 2 2 2
1 1 0 0 2 0 2 2 0 2 2 2 1 0 0 0 2 0 1 1 2 1
0 1 2 0 2 0 1 0 1 2 2 0 1 1 0 0 2 0 2 1 1 1
1 2 0 0 1 0 1 1 2 2 2 2 1 2 1 0 2 0 1 1 2 0
2 1 1 0 2 0 1 0 1 2 2 2 2 1 0 0 2 0 1 1 2 2
0 2 1 0 2 0 1 0 2 2 2 2 1 0 0 0 2 0 2 2 2 2
0 2 0 0 2 1 1 1 1 2 2 2 1 1 0 0 2 0 1 1 1 1
1 1 0 0 1 0 2 0 0 2 2 2 1 1 0 0 2 0 2 1 2 1
0 1 0 0 1 0 1 1 2 2 2 2 0 1 0 0 2 0 1 1 2 1
0 1 1 0 1 0 1 1 1 2 2 2 1 1 0 0 2 0 2 1 2 2
0 2 0 0 2 1 2 0 0 1 2 2 1 1 0 0 2 0 1 1 2 1
0 2 1 0 1 0 1 1 1 2 2 2 0 1 0 0 1 0 2 1 2 0
1 2 0 0 1 0 2 2 2 2 2 2 0 1 0 0 2 0 1 2 2 1
1 2 0 0 2 1 1 1 0 2 2 2 1 0 0 0 2 0 2 2 2 1
0 1 2 0 1 1 2 1 2 2 2 2 0 1 0 0 1 0 2 2 1 1
0 2 0 0 1 0 2 2 0 2 2 2 1 1 0 0 2 1 1 1 2 2
1 1 0 0 2 1 1 0 1 2 2 2 1 0 0 0 1 1 1 0 2 2
0 1 1 1 1 0 2 0 2 2 2 2 1 2 1 0 2 0 2 0 2 1
1 1 0 0 2 0 1 1 1 2 2 2 1 1 0 0 1 0 2 2 2 2
1 2 0 1 2 0 2 0 0 1 2 2 1 1 0 0 2 0 2 1 0 1
1 1 1 0 2 0 1 1 2 2 2 2 0 0 0 0 2 0 2 2 1 1
2 2 0 0 2 0 1 0 0 1 2 2 0 2 0 0 2 1 1 1 2 1
0 2 0 0 1 0 2 1 2 1 2 2 1 1 0 0 2 0 0 2 1 2
0 1 0 0 1 1 1 1 2 2 2 1 2 1 0 0 2 0 2 1 1 1
0 1 0 0 1 0 2 2 2 1 2 2 0 1 0 0 1 0 1 1 1 2
2 2 1 0 2 0 2 0 1 2 2 2 2 1 0 0 1 1 2 0 2 1
2 1 1 0 1 0 1 1 2 2 2 2 2 0 0 0 1 0 2 1 2 0
0 2 0 0 2 1 0 0 2 2 1 2 1 2 0 0 1 0 2 2 2 1
0 2 0 0 2 1 0 0 1 2 2 2 1 2 0 0 2 0 1 2 2 0
0 1 2 0 0 0 0 0 1 1 2 2 1 1 0 0 2 0 2 1 1 1
0 1 1 0 1 0 1 0 0 2 2 2 2 0 0 0 2 0 2 2 2 2
0 2 1 0 2 0 2 1 2 2 2 2 0 2 0 0 2 0 1 1 2 1
1 1 0 0 1 0 2 0 2 2 2 2 1 0 1 0 2 0 2 0 2 1
1 1 0 0 1 0 1 0 2 2 2 1 1 2 1 0 2 0 1 2 2 1
0 2 0 0 2 0 2 1 1 2 2 2 1 1 0 0 1 0 2 2 2 1
1 1 0 0 2 1 1 1 0 2 2 1 2 0 0 0 2 0 2 2 2 2
0 2 0 0 1 0 1 1 2 2 2 2 2 1 0 0 2 1 2 1 2 1
2 1 1 0 1 0 1 0 2 2 2 2 1 1 0 0 2 0 1 0 2 2
0 1 1 0 1 0 0 1 1 2 2 2 0 2 0 0 2 0 2 2 2 1
0 1 0 0 1 0 1 1 2 2 2 1 0 2 0 0 1 0 1 1 2 1
0 1 1 1 1 0 1 1 2 1 2 1 0 1 0 0 2 0 2 2 1 2
1 1 0 0 2 0 2 0 1 2 2 2 1 1 0 0 1 0 2 2 2 1
2 2 0 0 0 0 2 1 2 1 2 1 0 0 1 0 2 0 2 2 2 2
1 2 0 0 1 1 1 1 1 2 2 2 0 0 0 0 1 1 2 0 1 1
1 2 1 0 2 1 1 0 1 2 2 1 0 0 0 0 1 0 2 1 1 2
0 2 1 0 1 0 2 2 0 2 2 2 1 1 0 0 2 0 2 1 2 1
0 1 0 1 1 0 1 1 2 1 2 2 1 1 0 0 2 0 2 2 2 2
0 1 1 0 2 2 1 0 1 2 2 2 0 0 0 0 1 0 2 2 2 2
2 1 0 0 2 0 0 0 0 2 2 1 2 2 0 0 1 0 2 2 2 1
0 2 1 0 2 1 2 2 2 1 2 1 2 0 1 1 2 0 1 1 2 1
1 2 1 0 2 1 2 0 2 2 2 1 2 2 0 0 2 0 2 2 2 1
1 2 0 0 2 0 0 1 2 2 2 2 2 1 0 0 2 0 2 1 1 0
2 2 1 0 2 0 1 1 1 2 2 2 2 0 0 0 2 0 2 1 2 2
2 1 0 0 2 1 2 0 2 2 2 2 0 1 0 0 2 0 1 0 2 1
0 1 1 0 1 0 2 1 0 2 2 1 1 0 0 0 2 0 2 1 2 2
1 1 0 0 0 1 0 1 1 2 2 2 1 1 1 0 2 0 2 2 1 2
0 2 1 1 2 0 2 1 1 1 2 2 1 2 0 0 1 0 2 2 2 2
0 2 1 0 1 0 2 1 2 2 2 2 2 0 0 0 2 0 2 0 2 0
1 2 0 0 1 1 1 0 0 2 2 2 0 1 1 0 1 0 2 1 1 2
0 0 0 1 2 0 1 0 1 2 2 2 2 2 1 0 1 0 2 2 2 1
1 2 1 0 2 0 2 0 1 2 2 2 1 2 1 0 2 1 1 1 2 0
0 1 0 0 1 0 1 0 1 1 2 1 1 2 0 0 2 0 1 2 1 2
1 2 1 0 2 0 0 1 2 2 2 2 1 1 0 0 2 0 2 2 2 2
1 2 1 0 1 1 2 1 1 2 2 2 2 2 0 0 2 0 0 2 2 2
0 2 0 0 1 0 0 0 2 2 2 2 1 1 0 0 1 0 1 1 2 0
0 1 0 1 1 0 1 2 2 2 2 2 1 2 0 0 2 0 1 2 2 2
0 1 0 0 2 0 1 1 2 2 2 2 0 0 0 0 2 0 2 0 1 2
0 1 0 0 2 0 1 0 2 0 2 2 1 2 0 0 2 1 2 2 2 1
1 2 1 0 1 0 1 0 2 2 2 2 2 0 0 0 2 0 1 1 1 2
0 0 0 0 2 0 1 1 1 2 2 2 1 0 0 0 2 1 2 2 1 2
0 2 1 0 2 0 1 2 0 2 2 2 1 0 0 0 2 0 2 1 2 2
0 0 0 0 1 0 2 1 1 2 2 2 0 1 0 0 2 0 2 1 2 1
1 2 1 0 2 0 2 1 1 2 2 2 1 0 0 0 2 0 1 1 2 1
1 2 0 0 2 1 1 0 2 2 2 1 0 0 0 0 2 0 1 2 2 0
0 1 1 1 1 0 1 1 1 2 2 1 0 2 0 0 2 0 2 2 2 2
0 2 0 0 2 1 2 1 1 2 2 1 1 1 0 0 2 0 2 2 2 1
0 2 0 0 1 0 0 0 2 2 2 2 0 0 0 0 2 0 1 2 2 0
1 2 1 0 1 0 2 2 1 2 2 2 1 0 0 0 2 0 2 1 1 2
1 2 0 0 2 0 2 2 0 2 2 2 1 0 0 0 1 0 2 1 0 2
1 2 0 0 2 0 2 1 1 2 2 1 0 2 2 0 1 1 2 2 2 0
1 1 2 0 1 1 2 1 1 2 2 2 0 1 0 1 2 0 1 1 2 2
1 2 1 0 2 0 1 1 1 2 2 2 0 0 0 0 1 0 1 2 2 0
1 2 1 0 1 0 2 0 1 2 2 2 1 0 0 0 1 0 1 2 0 2
1 2 0 0 1 0 2 0 0 1 2 2 1 2 1 0 2 0 2 1 2 0
1 2 0 0 1 0 2 2 1 1 2 2 0 2 0 1 2 0 2 1 2 1
1 1 0 0 1 0 1 0 0 2 2 2 1 0 0 0 1 0 1 1 2 1
2 0 0 0 2 2 1 0 1 1 2 2 1 1 0 0 2 0 2 1 1 2
1 1 0 0 2 0 1 0 2 2 2 2 1 0 0 0 2 0 2 2 2 0
1 1 1 0 1 1 2 1 0 2 2 1 2 2 0 0 2 0 2 2 2 1
1 2 0 0 2 0 2 1 1 2 2 2 1 0 0 0 0 0 2 1 1 0
1 2 0 1 2 1 1 2 2 2 2 2 0 1 1 1 2 0 2 2 2 0
0 2 0 0 1 0 0 0 0 2 2 2 2 2 0 0 2 0 2 2 1 2
0 2 0 0 1 1 1 1 2 2 2 2 1 1 0 0 1 0 2 2 2 1
0 0 0 0 2 1 1 0 0 2 2 2 0 2 0 0 2 0 2 1 2 1
0 2 0 0 1 0 1 0 0 2 2 2 1 0 0 0 1 0 1 1 2 2
0 2 0 1 2 0 2 1 2 2 2 2 1 0 0 0 2 0 1 1 2 0
0 2 1 1 2 0 2 1 1 2 2 2 0 1 0 0 1 1 2 2 1 1
1 1 2 0 1 1 1 0 2 2 2 2 1 1 1 1 2 1 2 2 2 1
0 1 1 0 2 0 2 0 2 1 2 2 1 1 1 0 0 0 0 2 2 2
0 0 0 0 1 0 1 0 2 2 2 1 0 2 0 1 2 1 1 1 2 2
0 2 0 0 1 0 0 2 1 1 2 2 1 0 0 0 2 0 2 1 1 2
0 1 0 0 1 0 0 2 0 2 2 2 0 1 0 0 2 0 2 1 2 1
0 2 0 0 2 0 2 0 2 2 2 1 0 2 0 0 0 0 2 2 2 0
0 1 0 0 2 0 2 1 0 2 1 2 2 1 1 1 1 1 2 2 2 1
1 2 1 0 2 1 0 1 1 2 2 2 0 1 1 0 2 0 2 2 1 1
1 2 1 0 2 0 2 0 1 2 2 2 1 1 0 0 2 1 1 1 2 2
0 1 1 0 1 0 2 1 0 2 2 2 1 1 0 0 2 0 1 1 2 1
0 1 1 0 0 0 2 0 0 2 2 2 1 0 0 0 1 0 2 1 1 0
2 1 1 0 1 0 2 1 1 1 2 2 1 2 0 0 2 0 2 2 1 0
1 1 0 0 1 0 1 1 1 2 2 2 0 1 0 0 2 0 2 1 2 1
0 1 0 0 0 1 2 1 0 2 2 1 2 1 1 0 1 0 1 0 2 0
1 2 0 0 1 0 2 0 1 2 1 2 1 0 0 0 2 0 2 2 2 2
1 2 0 0 2 0 2 0 2 2 2 2 1 2 0 0 2 0 2 0 2 1
1 2 0 0 1 1 1 1 0 2 2 2 0 1 0 0 0 0 2 1 2 1
0 2 1 0 2 0 1 1 2 1 2 2 1 0 1 0 2 0 2 1 1 2
0 0 1 0 2 1 0 1 2 2 2 2 0 0 0 0 2 0 1 2 1 1
1 1 0 0 0 0 1 0 1 2 2 2 0 1 1 0 2 1 2 2 2 1
0 2 1 0 1 0 1 1 1 2 2 2 2 1 0 0 0 0 2 2 2 2
0 2 1 0 2 1 1 0 2 1 1 2 1 0 0 0 2 0 2 1 2 2
0 2 0 0 0 1 2 1 0 2 2 2 1 1 0 0 2 0 2 2 2 1
0 2 0 0 2 0 2 0 2 2 2 2 1 1 1 0 2 0 2 1 2 1
0 2 1 0 1 0 2 1 0 2 2 1 1 1 0 0 2 0 1 1 2 1
1 2 1 0 2 0 1 0 2 2 2 2 2 0 0 0 2 1 2 2 2 2
1 1 1 1 1 0 2 0 2 1 2 2 1 2 0 0 2 0 2 1 2 2
0 0 1 0 1 1 0 0 1 1 2 2 1 2 0 0 1 0 2 1 2 0
2 0 0 0 2 0 1 0 2 2 2 2 0 0 0 0 2 1 2 2 2 0
1 2 2 0 2 0 1 0 0 1 2 2 1 1 0 0 2 0 2 1 2 1
0 2 1 0 2 0 0 1 1 2 2 2 1 1 0 0 2 0 1 2 2 1
1 1 0 0 0 0 1 0 1 2 2 2 0 1 1 1 1 0 2 2 1 0
0 2 2 0 0 0 0 1 1 2 2 2 0 1 0 0 2 0 2 2 2 1
0 1 0 0 2 0 1 0 1 2 2 2 1 1 1 0 2 1 1 2 2 2
0 2 1 0 2 1 1 1 2 2 2 2 1 2 1 0 2 0 1 2 1 1
0 2 0 0 1 0 2 0 0 2 2 2 1 0 0 0 1 0 0 1 2 1
1 1 1 0 1 0 2 0 0 2 2 2 1 0 1 0 2 0 2 2 2 1
1 2 1 0 1 0 1 0 0 2 2 1 0 0 1 0 1 0 1 2 1 1
1 2 0 0 2 0 2 2 2 2 2 2 2 0 0 0 2 0 1 2 2 2
0 1 0 0 2 0 2 1 1 2 2 1 1 1 1 1 2 0 1 0 2 1
1 1 0 0 1 0 2 1 1 1 2 2 1 1 0 0 2 0 2 2 0 2
1 2 1 0 2 0 2 1 1 1 2 2 1 2 0 0 2 0 2 0 2 1
1 1 0 0 1 0 1 1 2 2 2 2 1 1 0 0 2 0 2 1 1 1
1 2 1 0 2 1 1 1 0 2 2 2 1 1 0 0 2 0 0 2 1 1
0 2 0 0 2 1 2 2 1 1 2 2 1 1 2 0 2 0 2 2 2 2
0 2 0 1 2 0 1 1 1 2 2 2 1 2 0 0 2 0 2 1 1 1
0 2 1 1 1 0 1 0 2 2 2 2 2 0 0 0 1 0 0 1 1 2
1 0 0 0 2 1 2 1 1 2 2 2 1 0 0 0 2 1 1 1 2 2
0 2 1 0 2 0 2 0 1 2 2 1 1 0 1 0 1 0 1 1 2 2
1 1 0 0 2 1 1 1 1 2 2 2 0 1 0 0 2 0 1 2 1 2
1 2 2 0 1 0 1 1 1 2 2 2 2 2 0 0 2 0 1 2 2 1
1 2 0 0 1 1 2 0 1 2 2 2 2 2 0 0 2 0 1 1 2 1
0 2 1 0 2 0 2 0 2 2 2 2 1 2 0 0 2 0 2 1 2 1
0 2 0 1 1 0 1 0 2 2 2 2 0 0 0 0 2 0 2 2 2 2
1 2 0 0 2 0 1 0 2 2 2 2 2 1 1 0 2 1 1 1 0 2
1 2 0 0 2 0 1 1 1 2 1 2 1 1 1 0 1 0 2 2 1 1
1 2 1 0 1 0 1 2 1 1 1 2 1 1 0 0 2 0 1 2 2 2
0 1 0 0 2 0 1 2 2 1 2 2 1 1 0 0 2 1 1 1 2 2
1 2 2 0 1 1 1 1 0 2 2 2 1 1 1 0 2 0 2 2 2 1
1 1 1 1 2 1 1 1 2 1 2 2 1 2 0 0 2 0 2 1 2 1
2 2 0 0 2 0 0 1 0 2 2 1 2 1 1 0 2 1 1 1 1 2
0 2 0 0 1 1 1 0 1 2 2 2 1 0 0 0 2 0 2 2 1 2
1 2 0 0 2 0 2 1 0 2 2 2 1 1 0 0 2 0 1 2 2 1
0 1 0 0 1 1 1 0 2 2 2 2 0 1 0 0 1 0 2 0 2 2
0 2 0 0 1 0 1 0 1 2 1 2 1 0 1 1 2 0 1 2 1 0
0 2 1 1 1 0 1 0 0 2 2 2 0 1 0 0 2 1 0 1 2 1
0 1 0 0 2 0 2 1 0 2 1 2 0 1 2 0 2 0 0 2 2 1
1 2 0 0 1 1 0 2 0 2 2 1 0 1 0 1 2 0 1 0 1 2
0 2 1 0 2 0 1 1 0 2 2 2 0 1 0 1 2 0 0 1 1 1
0 1 1 0 2 0 1 0 1 2 2 1 1 1 1 0 2 0 1 2 1 2
1 1 0 0 1 0 1 1 0 2 2 2 0 1 0 0 2 0 2 1 2 1
0 1 1 0 1 0 1 1 0 2 2 2 0 0 0 0 2 0 2 1 2 2
0 2 0 0 2 0 1 0 1 2 2 2 0 1 0 0 1 0 0 0 1 1
1 1 1 0 2 0 2 0 1 1 1 2 2 0 1 1 2 0 2 2 2 0
1 2 0 1 2 0 1 2 1 2 2 2 1 0 0 0 2 0 2 2 2 2
1 2 0 0 2 0 1 1 2 2 2 2 1 1 0 0 2 1 2 2 2 1
1 2 2 0 2 1 2 1 1 2 1 2 2 0 0 0 1 0 1 2 1 1
0 2 0 1 2 0 2 1 0 2 2 2 1 1 0 0 2 0 2 2 2 2
0 1 0 0 2 0 2 0 1 1 2 2 0 0 1 0 2 0 2 2 2 1
2 2 0 0 1 0 1 2 1 2 1 2 0 1 0 0 2 0 2 2 2 0
0 0 0 0 1 1 0 1 0 2 2 2 0 0 1 0 2 1 1 1 2 1
2 2 1 0 2 0 1 0 1 2 2 2 2 1 0 0 2 0 0 1 2 2
0 1 0 0 0 0 0 1 2 2 2 1 0 0 0 0 1 0 1 1 2 1
1 0 1 1 2 0 2 1 2 2 2 2 1 0 1 0 2 0 2 2 2 2
1 1 0 1 2 0 1 0 0 2 0 2 1 1 0 0 0 0 1 1 0 1
0 1 0 0 0 0 1 1 2 2 2 1 1 1 1 1 2 0 1 2 2 2
1 2 0 0 1 1 2 0 2 2 1 1 2 1 0 1 2 1 1 1 1 1
1 1 0 0 1 0 2 1 1 2 2 2 0 0 0 0 2 0 1 1 2 2
0 1 0 0 2 0 1 0 0 2 2 2 1 0 2 0 2 0 1 1 2 1
0 1 1 0 2 0 2 0 2 2 2 2 1 1 0 0 2 0 2 1 2 2
1 1 1 0 2 0 2 1 2 2 2 2 1 0 0 0 2 0 2 1 2 2
0 2 0 0 1 1 1 0 1 2 2 2 1 1 1 0 2 0 2 1 1 1
1 1 0 0 1 1 1 1 0 2 2 2 1 1 0 0 1 0 2 2 2 1
2 2 0 0 2 0 1 1 1 2 2 2 1 1 0 0 2 0 2 2 2 2
1 2 0 1 1 0 2 0 1 2 2 2 2 2 1 0 1 0 0 1 0 1
0 1 1 1 1 0 1 0 1 2 2 1 1 1 0 1 2 0 1 2 2 0
2 2 0 1 2 1 0 0 1 2 2 2 2 1 0 0 2 0 2 1 1 2
1 2 0 0 1 0 1 0 0 2 2 2 1 0 0 0 2 0 1 1 2 1
0 2 0 0 1 0 2 1 1 2 2 2 1 0 0 1 1 0 2 2 2 1
0 2 0 0 0 1 2 1 1 2 2 2 0 0 0 0 2 1 2 2 2 0
0 1 1 0 1 0 1 0 1 1 2 1 2 2 0 0 2 0 1 1 2 1
1 2 1 0 1 0 1 1 2 2 2 2 0 1 0 0 2 0 2 0 1 1
1 2 2 0 1 1 2 0 0 1 2 1 0 2 1 0 2 0 1 1 2 2
1 1 1 1 1 0 1 1 2 2 2 2 1 2 0 0 2 0 2 2 2 2
1 2 0 0 1 0 1 0 1 1 2 2 1 0 1 0 2 0 2 0 2 1
0 2 0 1 2 0 1 1 0 2 2 1 2 0 0 0 2 0 1 1 2 2
1 1 0 0 2 1 1 1 1 2 2 2 1 0 0 0 2 0 2 2 2 0
0 2 1 0 1 0 0 2 2 2 2 2 1 1 0 0 1 1 1 2 2 1
0 1 0 0 1 1 0 1 1 2 2 2 0 0 0 0 1 0 2 2 2 0
1 1 0 0 1 0 2 1 1 2 1 2 1 1 0 0 2 1 1 1 2 1
1 1 2 1 0 0 1 0 2 2 1 2 2 0 0 0 2 0 0 2 1 2
0 1 0 0 1 0 2 1 2 2 2 2 1 0 0 0 2 0 1 2 2 2
1 2 0 0 1 0 0 1 0 0 1 2 1 1 1 0 1 0 1 2 1 2
1 1 1 0 2 0 1 1 1 2 2 2 1 1 0 0 2 0 2 1 2 1
2 2 0 0 2 1 2 0 0 2 1 2 1 2 2 0 2 1 2 1 2 2
0 1 0 0 1 0 1 0 1 2 2 0 0 0 0 0 1 0 2 2 2 2
1 1 1 0 2 0 1 1 1 2 2 1 0 1 0 0 2 0 1 1 2 2
0 2 0 0 1 0 1 1 2 2 1 2 1 1 1 0 1 0 2 1 2 1
0 2 1 0 2 0 1 0 1 1 1 2 0 0 0 0 1 1 1 2 2 1
1 2 0 0 2 0 0 1 2 2 2 2 1 0 0 0 2 1 2 2 2 1
1 2 0 0 2 1 0 0 0 2 2 1 1 1 1 0 2 0 1 1 1 2
1 2 0 0 2 0 2 1 0 1 1 1 0 1 0 1 2 1 2 2 2 1
1 1 1 0 1 0 0 1 1 2 2 2 0 1 0 0 1 0 1 2 2 2
1 2 0 0 0 1 2 0 1 2 2 1 0 0 1 0 2 0 1 2 1 1
2 1 0 0 1 0 2 0 1 2 2 2 1 1 0 0 2 0 1 2 1 1
0 1 0 0 2 0 1 1 1 2 1 2 1 0 1 0 2 0 0 0 2 1
1 0 1 0 1 0 2 0 0 1 1 2 1 0 0 0 2 0 2 1 2 2
0 2 0 0 1 1 1 0 1 2 2 2 1 0 0 0 2 0 2 2 2 1
0 1 0 0 2 1 2 1 1 2 1 2 1 0 0 0 1 0 0 2 2 0
1 2 1 0 2 0 1 2 2 1 2 2 0 0 0 0 2 1 2 2 2 1
0 1 0 1 2 2 0 0 1 2 2 2 0 0 0 1 2 1 1 1 2 2
1 1 0 0 1 1 1 1 1 2 2 2 0 0 0 0 2 0 2 0 2 1
0 1 0 0 0 0 0 0 1 2 2 2 1 1 0 0 2 0 1 0 2 1
0 2 0 0 2 0 1 0 1 2 2 0 1 1 0 0 1 0 2 1 2 1
1 2 0 0 2 0 2 1 1 2 2 2 1 2 0 0 1 0 1 2 2 2
0 2 0 1 1 0 1 1 1 2 2 1 0 1 1 1 1 0 1 1 2 1
0 1 0 0 2 0 2 0 1 2 2 2 1 1 1 0 1 0 2 1 2 2
0 2 0 0 2 0 1 0 2 2 1 2 1 0 0 0 2 0 2 2 2 1
1 2 0 0 0 0 0 1 2 2 2 2 2 2 0 0 2 0 2 1 1 1
1 1 2 0 2 0 2 2 2 2 2 2 0 0 0 0 1 0 0 2 2 1
2 2 0 0 2 0 2 0 1 2 2 2 1 0 1 0 2 0 2 1 2 2
1 2 0 0 2 0 2 0 2 2 2 2 1 0 0 0 1 0 2 2 2 2
0 1 0 1 1 0 0 0 1 2 2 2 1 2 0 0 1 0 1 1 2 1
1 2 1 0 2 0 0 1 1 1 2 2 1 1 0 0 2 0 1 2 2 2
1 2 2 0 2 1 2 1 2 2 2 2 1 0 0 0 2 0 1 1 1 0
1 2 0 0 2 0 1 2 1 2 2 2 0 1 0 0 2 0 2 2 1 1
2 2 0 0 2 0 1 2 1 2 2 1 1 0 1 1 1 0 2 1 2 2
0 2 0 0 2 0 1 2 1 2 1 1 0 0 1 0 2 1 1 2 2 2
2 2 0 0 1 1 2 0 1 2 2 2 2 1 0 0 1 0 2 2 2 2
1 1 0 0 1 0 1 0 0 1 1 2 0 1 1 0 2 0 0 1 2 1
0 2 0 0 1 0 2 1 2 2 1 1 1 0 0 0 2 0 1 1 1 2
0 2 0 0 1 0 2 1 1 2 2 2 1 1 0 0 2 0 2 1 1 1
1 2 0 0 1 0 2 1 2 2 2 2 0 0 0 0 2 0 0 2 2 2
0 2 0 0 2 0 0 0 0 2 2 2 2 1 0 0 1 0 2 2 2 1
0 2 0 0 2 0 2 0 0 2 2 2 1 0 0 0 2 1 2 2 2 1
1 1 0 0 1 1 2 2 1 2 2 2 2 0 1 1 1 0 0 1 2 1
1 2 0 0 2 0 0 0 1 2 2 2 1 1 1 0 1 0 1 1 2 1
0 2 0 0 2 0 1 1 0 2 2 1 1 0 0 0 1 0 2 2 1 2
0 2 0 0 2 0 1 1 2 2 2 2 2 0 1 0 1 0 0 2 2 1
0 2 1 0 2 0 2 0 1 1 2 2 1 1 0 0 2 0 1 1 2 1
0 1 0 0 2 0 1 1 2 2 2 2 2 2 0 0 1 0 1 1 1 0
1 0 1 0 0 1 0 1 2 2 2 2 1 1 0 0 2 1 2 1 1 0
0 2 0 0 1 0 2 1 2 2 2 2 1 1 1 0 1 0 2 2 2 0
0 1 0 1 2 1 2 1 1 1 2 2 0 1 0 0 1 0 2 2 2 1
0 2 1 0 1 1 2 1 2 0 2 1 2 0 0 0 2 0 2 2 2 2
1 1 0 0 2 0 2 1 1 2 2 2 1 1 0 0 2 1 1 1 2 1
1 1 1 0 2 0 1 1 1 2 2 2 0 2 1 0 1 0 2 2 1 1
1 2 1 0 2 0 2 1 2 2 2 2 0 0 1 0 2 0 1 1 2 2
0 0 1 0 2 0 1 1 1 2 2 2 0 0 0 0 1 0 2 1 2 1
1 1 1 0 1 0 1 0 0 2 2 1 1 1 0 0 2 0 1 2 2 2
0 2 0 0 2 0 2 1 1 2 2 1 1 2 0 0 2 0 2 0 2 1
0 2 1 0 2 2 1 0 2 2 2 1 1 1 1 1 2 0 1 1 2 0
0 2 0 0 2 0 1 0 1 2 2 2 0 0 1 0 2 0 2 1 1 1
2 1 1 0 2 1 2 1 1 2 2 2 1 0 0 0 2 2 2 1 2 2
0 1 0 0 1 0 1 0 1 2 2 2 2 1 0 0 2 0 2 1 2 1
0 1 0 0 1 0 1 1 2 2 2 2 1 1 0 0 2 0 2 1 2 2
0 1 0 0 2 0 1 1 1 2 2 2 1 0 0 0 2 1 1 2 2 2
1 1 0 0 1 0 2 2 2 2 2 2 2 0 0 0 1 0 2 2 2 2
1 2 0 0 0 0 2 1 1 2 2 2 2 1 0 0 1 0 0 2 2 2
0 1 0 0 1 0 2 0 0 2 2 2 1 1 0 0 2 0 2 2 2 2
1 2 1 0 2 0 2 0 0 2 2 2 2 0 0 0 2 1 2 1 2 2
0 2 0 0 1 1 1 0 0 2 2 2 1 0 0 0 2 0 2 0 2 2
0 2 0 0 1 0 1 1 0 1 2 2 1 0 0 1 2 1 2 1 2 2
0 2 0 1 2 2 1 0 1 2 2 2 1 1 0 0 2 1 1 2 2 0
0 0 0 0 2 0 2 2 1 2 2 2 1 1 0 0 2 0 2 1 2 1
1 2 0 0 1 0 1 2 1 2 2 2 2 2 0 0 2 0 2 1 2 1
0 2 0 0 1 0 1 0 2 2 2 2 1 1 0 0 2 0 1 0 2 1
0 2 0 0 1 0 1 0 1 2 2 2 1 0 0 0 2 0 2 1 1 2
0 2 1 0 2 0 2 1 2 2 2 2 0 0 0 0 2 0 1 1 2 2
1 2 0 0 2 1 1 1 2 2 2 2 1 2 0 1 2 0 2 2 1 0
0 2 1 0 0 0 1 0 1 2 1 2 0 2 1 1 2 0 2 2 1 2
0 1 0 0 1 1 1 1 1 2 2 2 2 0 1 0 2 0 1 2 2 1
1 2 1 1 1 0 2 0 2 2 2 2 1 2 1 0 2 0 2 2 2 1
1 2 0 0 2 0 1 0 2 2 2 2 1 1 0 1 1 0 1 1 2 1
1 1 0 0 1 0 1 1 0 2 2 1 2 0 0 0 2 0 2 2 2 2
0 1 1 0 2 0 2 1 1 2 2 2 1 2 1 0 2 0 2 1 2 2
1 2 1 1 2 0 1 0 1 2 2 2 2 0 0 0 2 0 1 1 2 1
0 1 1 1 1 1 1 1 1 2 1 2 1 0 0 0 2 0 2 2 1 2
2 2 0 0 1 2 1 2 1 2 2 2 0 0 1 0 2 1 1 0 1 2
0 1 0 0 1 1 1 0 1 2 1 1 1 1 0 0 2 0 2 2 1 1
1 1 0 0 2 1 2 0 2 1 2 2 1 1 0 0 2 0 1 1 2 1
0 1 0 0 1 0 2 0 2 2 1 2 2 0 1 0 2 0 1 2 2 0
0 2 0 0 2 0 1 0 2 2 2 2 1 1 0 1 2 0 1 0 2 1
0 2 1 0 2 0 1 0 2 2 2 2 1 0 0 0 1 0 2 2 2 2
1 0 0 0 2 0 1 0 1 2 2 2 0 1 1 0 2 1 2 1 2 2
1 0 1 0 1 0 2 0 2 2 2 1 1 1 0 0 2 1 2 2 2 1
1 2 0 1 1 0 1 1 1 2 2 1 1 0 0 0 2 0 0 0 2 1
0 2 0 0 1 0 1 2 1 2 2 2 2 1 0 0 2 0 2 2 2 1
1 2 0 0 1 0 2 2 0 2 1 2 1 1 0 0 1 0 2 2 2 1
1 1 1 0 2 0 1 0 0 2 2 2 0 1 0 0 2 0 1 2 2 2
1 2 0 0 1 1 1 0 2 2 2 1 0 1 0 0 2 0 1 2 2 2
1 2 0 0 1 0 1 1 1 2 2 2 0 0 0 0 2 0 1 2 2 2
0 2 0 1 2 0 1 0 0 2 2 1 1 2 0 0 2 0 1 0 2 2
2 2 1 0 2 0 2 1 1 2 1 2 2 1 0 0 2 0 0 1 2 1
1 2 0 0 2 0 1 1 1 2 2 1 2 1 0 0 2 0 1 0 1 2
1 1 0 0 1 0 1 1 0 2 2 2 2 0 0 0 2 0 1 1 1 2
0 2 1 0 2 0 1 2 2 2 1 2 2 0 0 0 2 0 2 2 2 1
0 0 0 0 1 0 2 0 0 1 2 2 0 0 1 0 2 0 0 1 2 1
1 2 0 0 2 0 0 2 2 2 2 2 1 0 0 0 1 0 1 2 2 1
2 0 0 0 1 0 2 1 1 2 2 2 2 1 0 0 2 0 0 2 1 2
1 1 0 0 2 1 2 0 2 2 2 2 1 1 0 0 2 0 1 2 2 2
1 0 0 1 2 0 1 0 1 2 2 2 1 2 1 0 1 0 2 1 2 2
1 2 0 0 2 1 0 1 1 2 1 1 0 0 0 0 2 0 2 2 2 1
1 2 0 1 2 0 1 1 2 2 2 2 1 2 0 0 2 0 2 2 2 2
0 2 1 0 1 0 2 1 2 2 1 1 1 1 0 0 2 0 1 2 2 1
2 2 0 0 2 1 2 1 2 2 2 2 0 2 1 0 2 0 0 1 2 1
0 0 0 0 2 0 2 2 2 2 2 1 1 1 0 0 2 1 1 1 2 2
0 2 0 0 0 1 0 1 2 2 2 2 2 2 0 0 2 0 2 2 1 1
0 2 1 0 2 0 0 1 2 2 2 2 0 2 1 0 1 1 2 2 2 0
0 2 1 0 2 0 1 1 0 2 2 2 1 1 0 0 2 0 1 1 2 1
1 1 0 0 2 0 2 0 2 2 2 2 1 1 0 1 2 1 1 1 1 2
0 2 1 0 1 0 2 1 2 2 2 2 2 0 1 0 1 0 2 2 2 2
2 1 0 0 2 0 1 1 1 2 2 2 0 0 0 0 1 0 1 1 2 1
2 2 0 0 2 0 2 0 1 1 2 1 1 1 0 1 2 0 2 1 2 0
2 2 0 0 1 0 2 2 1 1 2 1 1 2 1 0 2 0 1 1 2 2
0 1 0 0 1 0 1 0 1 2 2 2 1 0 0 0 2 0 2 1 2 0
1 2 0 0 1 0 2 2 2 2 2 1 2 1 1 0 2 0 2 2 1 0
1 2 0 0 1 0 2 2 2 2 2 2 1 0 0 0 2 0 2 2 1 2
1 1 0 1 2 0 2 1 1 2 2 2 1 0 0 1 2 0 1 1 2 1
0 2 0 0 2 0 1 2 1 2 2 2 1 0 1 0 2 0 1 1 2 0
0 1 0 0 1 1 1 0 0 2 2 1 0 2 0 0 2 0 2 1 2 1
1 2 0 0 2 1 2 1 1 2 2 2 1 0 0 0 2 0 0 0 2 2
0 1 0 0 2 1 2 0 1 2 2 2 2 2 0 1 2 0 0 2 2 1
1 0 0 0 2 0 1 0 2 2 1 2 0 0 1 0 1 0 2 1 1 1
1 1 0 0 1 0 1 0 1 2 2 1 1 1 0 0 2 0 1 2 2 1
1 2 1 0 2 0 0 2 1 2 2 2 1 0 1 0 1 0 2 1 2 2
1 1 0 1 1 0 0 0 1 0 2 2 1 0 0 0 1 0 0 2 2 1
1 0 0 0 2 0 1 0 1 2 2 2 2 0 1 0 2 0 2 1 1 1
2 2 0 0 0 0 2 1 1 2 2 2 2 1 0 0 2 0 2 2 1 2
1 1 1 0 2 0 1 0 0 2 2 2 1 2 0 0 1 0 1 2 2 1
0 2 0 0 2 0 2 1 2 1 2 2 1 1 0 0 2 0 2 1 1 1
1 2 0 0 1 1 1 1 1 2 2 2 0 1 0 0 2 1 1 1 2 2
1 2 0 0 1 0 2 2 1 2 2 2 1 0 0 0 2 0 2 2 2 1
0 1 0 0 1 0 1 1 1 2 2 2 1 1 0 0 2 0 2 2 2 2
0 1 0 0 2 0 2 1 1 2 2 2 0 1 0 0 2 0 0 2 2 2
1 2 0 0 1 0 1 0 1 1 2 2 0 1 0 0 2 0 0 2 2 0
0 2 1 0 2 0 1 1 1 2 1 2 1 0 0 0 2 0 1 2 0 1
0 1 2 0 1 2 2 1 1 2 2 2 0 0 0 0 1 0 1 2 2 2
0 2 0 0 2 1 1 0 2 2 2 2 0 0 1 0 2 0 2 1 2 2
0 2 1 0 2 0 1 1 0 2 2 2 1 2 0 0 1 0 2 2 2 1
1 1 1 0 2 0 0 2 1 1 2 2 1 0 0 0 2 0 1 1 2 1
1 1 1 0 1 1 2 1 0 2 1 2 1 0 0 0 1 0 2 2 0 2
0 1 2 0 2 1 1 0 2 2 2 2 1 0 1 0 2 0 1 1 2 2
0 1 0 1 2 1 2 2 1 2 2 1 0 2 0 0 2 1 2 2 2 1
0 2 1 0 0 0 1 0 1 2 2 2 2 0 0 0 2 1 2 1 2 2
0 2 0 0 1 0 2 1 0 2 2 2 2 0 0 0 2 0 1 2 2 1
0 1 0 0 2 1 1 0 2 2 2 2 1 2 1 0 2 0 1 2 2 1
1 1 0 0 0 1 2 1 0 2 2 2 2 0 0 0 1 0 2 1 2 1
0 0 0 0 2 0 1 0 0 2 2 1 1 2 0 0 1 0 2 0 2 2
0 2 1 1 1 0 1 2 1 2 1 2 1 0 0 0 2 0 2 1 1 2
1 2 1 0 2 1 1 1 2 1 2 2 1 2 0 1 2 1 1 1 2 0
0 2 1 0 0 0 2 2 1 2 2 2 0 0 1 1 2 1 1 2 2 1
0 2 0 0 2 0 2 0 1 2 2 2 1 2 0 0 2 0 1 2 2 2
0 2 1 0 2 1 2 0 1 2 2 2 1 1 0 2 1 0 2 2 2 2
0 2 1 0 1 1 1 1 0 2 2 2 1 2 0 0 1 0 1 2 2 2
1 1 0 0 2 0 2 0 1 2 2 2 0 0 1 0 2 0 2 2 2 1
1 2 1 0 2 0 1 0 1 2 2 2 1 0 0 0 2 0 1 1 1 2
0 2 0 0 1 1 2 1 1 2 2 2 1 1 1 0 2 0 2 2 1 2
1 0 1 0 1 1 1 0 0 2 2 2 0 0 0 1 2 0 2 2 2 1
1 1 1 0 2 0 2 1 1 2 2 1 1 1 1 0 2 0 1 1 1 1
0 2 0 0 2 0 2 1 0 2 2 2 0 1 0 0 2 0 2 2 2 2
2 2 1 0 1 0 2 2 0 2 2 1 2 1 0 0 2 0 1 2 2 1
0 2 0 0 2 1 2 0 0 2 2 2 1 0 1 0 2 0 1 2 2 0
0 2 1 0 1 1 1 1 1 2 1 1 1 0 0 0 1 0 2 1 2 2
1 2 0 0 1 0 2 1 2 2 2 2 1 2 1 0 2 0 2 2 2 2
1 1 1 0 2 0 2 1 2 2 2 2 0 2 1 1 2 0 1 1 2 2
0 1 0 0 2 2 1 0 1 2 1 2 1 1 1 0 1 1 1 1 2 1
0 2 0 0 2 1 2 0 1 2 1 2 0 2 1 0 1 0 1 1 2 2
1 2 0 0 1 1 1 1 1 2 2 2 1 0 1 0 2 1 2 2 1 2
1 2 0 0 2 0 1 0 1 2 1 2 1 0 0 0 2 0 2 0 2 2
1 2 0 0 2 1 1 0 1 2 2 2 1 0 0 0 2 1 1 2 2 0
1 2 0 0 1 1 1 0 1 2 2 2 2 1 0 0 2 0 1 0 2 2
0 2 1 0 1 0 1 1 0 1 2 2 2 1 0 0 2 0 1 2 2 1
1 2 0 0 2 0 0 0 1 2 2 2 1 1 0 0 2 0 1 1 2 2
0 2 1 0 2 1 2 2 0 2 2 2 0 1 0 0 2 0 1 1 2 2
1 2 0 0 2 0 2 1 1 1 2 2 2 0 0 0 2 0 2 2 2 1
1 1 0 1 1 1 1 1 0 2 2 2 0 2 0 0 2 0 0 1 2 2
0 1 0 0 2 0 2 1 1 2 2 1 0 1 0 0 2 1 2 1 1 2
0 1 1 0 1 0 2 1 1 2 2 2 1 1 0 0 2 0 2 2 1 1
1 2 0 0 1 0 1 1 1 2 2 2 1 2 0 0 2 0 2 2 2 1
1 2 0 0 1 0 1 0 2 2 2 2 1 1 0 0 2 0 2 1 2 1
0 2 1 0 2 0 1 2 0 2 2 2 0 1 0 0 2 0 1 0 1 1
0 1 1 0 2 1 2 0 1 2 2 2 2 1 1 0 2 1 1 1 2 0
1 1 1 0 0 0 1 1 1 2 2 1 0 0 0 0 2 0 1 2 2 2
0 1 1 0 2 0 1 1 2 2 2 2 1 2 0 0 1 1 2 1 1 2
0 0 1 0 0 1 0 2 1 1 2 1 2 2 0 0 2 0 2 2 2 1
0 2 1 0 2 1 1 1 2 2 2 2 1 0 0 0 2 1 2 1 2 0
1 1 0 0 1 0 2 1 1 2 2 2 0 0 0 0 1 0 2 1 2 0
1 1 0 0 2 0 2 0 2 1 2 2 0 1 0 0 2 0 1 1 2 2
0 1 1 0 2 0 1 2 0 1 2 2 2 1 0 0 1 0 1 1 1 1
0 2 0 0 1 1 2 1 1 2 2 2 1 1 0 0 2 0 1 1 1 2
0 2 0 0 2 0 2 1 1 2 2 2 1 1 0 0 2 0 1 1 2 2
1 2 0 0 1 0 1 0 1 2 1 2 2 1 0 0 2 0 1 2 2 1
2 2 1 0 1 0 1 1 2 2 2 2 1 0 1 0 1 0 1 1 2 1
0 2 0 0 2 0 1 0 2 2 2 2 1 1 0 0 2 0 1 0 2 1
1 2 0 1 1 0 2 1 1 2 2 1 1 1 0 0 2 0 1 1 2 2
1 2 0 0 2 1 2 1 1 2 2 2 1 2 0 0 2 0 1 0 2 1
1 2 1 0 1 1 1 0 0 2 2 2 1 1 0 0 2 0 2 1 2 1
0 1 0 0 1 0 1 0 1 2 2 2 0 1 0 0 2 0 2 2 2 1
1 2 0 0 0 0 2 1 1 1 2 2 0 1 0 0 1 0 2 2 2 2
0 2 0 0 2 0 2 2 2 2 2 2 2 1 0 0 2 0 2 2 2 2
0 2 1 0 2 1 2 0 1 2 2 2 0 2 0 1 2 1 1 2 2 2
0 2 1 0 2 0 1 1 1 2 2 2 0 2 0 0 2 0 1 2 2 2
1 1 0 0 1 1 2 1 2 2 2 2 2 1 1 0 2 0 1 2 2 1
0 2 0 0 2 0 1 2 1 2 2 2 1 1 1 0 2 0 1 2 2 2
0 2 0 0 1 0 2 2 1 2 1 1 2 2 0 0 2 1 2 1 1 2
2 2 0 0 1 0 0 0 0 2 2 1 0 1 0 0 2 0 0 1 1 2
0 1 0 0 2 0 2 1 2 2 2 2 0 1 0 0 2 0 1 2 2 1
0 1 0 0 2 0 2 1 0 2 1 2 1 1 0 1 2 0 2 1 2 2
1 2 0 0 1 0 1 0 1 2 2 2 1 0 1 0 1 0 0 0 2 1
1 2 0 2 1 0 0 0 1 2 2 2 0 1 0 0 2 0 2 1 2 2
0 1 0 0 2 0 2 0 2 2 2 2 2 2 0 0 2 1 1 2 2 0
1 0 0 0 2 0 2 0 2 0 2 2 2 1 0 0 2 0 2 1 2 1
1 1 2 0 2 1 2 0 2 2 2 2 1 2 0 0 2 0 1 1 2 1
0 2 0 0 2 0 1 1 2 2 2 2 2 1 0 0 2 1 1 0 2 2
1 2 0 0 1 1 2 1 2 2 2 2 2 0 0 0 2 1 2 2 1 1
1 1 0 0 2 0 2 1 2 2 2 2 0 2 0 0 2 0 0 1 2 1
0 2 1 0 1 1 0 1 1 2 2 2 0 1 0 0 1 0 2 2 2 1
0 2 0 0 1 0 2 0 1 2 2 2 2 1 0 0 2 0 1 0 2 2
0 1 0 0 2 0 1 0 2 2 2 2 2 2 1 0 2 0 2 2 2 2
0 1 0 0 2 0 1 1 1 2 1 2 2 2 0 0 2 0 1 2 2 1
0 2 1 0 2 1 1 1 1 2 1 2 1 1 0 0 2 0 1 2 2 1
0 1 0 0 1 1 2 2 2 2 2 2 0 1 0 0 2 0 2 1 2 2
0 0 0 0 2 0 0 0 2 2 2 2 1 1 0 0 2 0 1 2 2 1
0 2 0 0 1 0 2 1 1 2 2 2 0 2 1 0 1 0 1 2 2 1
0 2 2 0 1 2 2 0 2 2 2 2 1 1 0 0 1 0 1 1 2 2
0 1 1 0 2 0 1 1 2 2 2 2 1 0 1 0 2 0 2 1 2 2
1 2 0 0 2 0 2 0 2 2 2 2 0 1 0 0 2 0 2 2 1 1
1 1 0 0 2 0 2 1 2 2 2 2 0 1 0 0 2 0 2 2 2 2
1 0 0 0 0 1 1 1 1 2 2 2 2 0 0 0 1 0 1 1 2 2
0 2 1 0 2 0 1 0 1 2 2 2 2 1 0 0 1 0 2 2 2 0
0 2 1 1 2 0 2 1 1 1 1 2 1 0 0 0 2 0 2 0 2 2
2 2 1 1 1 1 1 0 2 2 2 2 1 2 0 0 2 0 1 1 2 1
0 2 0 0 2 0 0 0 1 2 2 1 0 1 0 0 2 0 1 2 0 2
1 0 0 0 2 0 1 1 1 2 2 1 1 1 0 0 2 1 2 2 2 2
0 2 1 0 1 2 1 1 0 2 2 2 2 0 1 0 1 0 1 2 1 2
0 1 0 0 2 0 2 1 0 2 2 2 0 1 0 0 1 0 2 2 1 2
0 2 1 0 0 0 1 0 1 0 2 0 2 0 2 0 2 1 2 1 2 1
1 2 0 0 2 0 1 1 1 2 2 1 1 2 0 0 2 0 1 2 2 1
2 1 0 0 2 1 1 1 1 2 2 2 2 1 0 0 1 0 1 2 2 0
0 2 1 0 2 0 0 0 2 2 2 2 1 1 0 0 2 0 2 2 1 2
2 2 0 0 2 0 1 2 1 2 2 2 2 0 0 0 2 1 1 2 2 1
1 1 0 0 2 1 1 1 1 2 2 2 0 0 0 0 2 0 2 2 0 1
0 2 0 0 2 0 2 1 1 2 2 2 1 1 0 0 2 1 1 2 2 1
0 2 0 0 2 0 2 0 2 2 2 2 0 1 0 0 2 0 2 2 2 1
0 2 1 0 2 0 2 0 1 1 2 2 1 0 0 0 2 0 2 2 1 1
1 1 0 0 2 0 1 1 0 2 2 2 0 2 0 0 2 0 2 1 2 1
0 1 0 0 2 1 1 1 2 2 2 2 0 1 1 0 2 0 2 1 2 1
0 2 0 0 2 0 0 1 0 2 2 0 1 0 0 0 2 0 2 2 1 1
0 2 1 0 2 0 1 0 0 2 2 2 1 2 0 0 2 1 2 2 1 1
1 1 1 0 1 0 2 1 1 2 2 1 1 1 0 0 2 0 1 1 2 2
2 2 0 1 1 0 1 0 2 1 2 2 1 1 0 0 0 1 2 0 2 2
1 0 1 0 2 0 2 0 1 2 2 1 1 1 0 0 2 0 2 1 1 1
0 2 0 0 1 0 2 1 1 2 2 2 2 1 0 0 2 0 2 2 1 1
0 1 1 0 2 0 1 1 2 1 1 2 1 2 0 0 2 0 0 2 1 0
2 1 0 0 2 1 2 1 1 1 2 2 0 0 0 1 2 0 1 2 2 2
1 2 0 0 2 0 1 0 1 2 2 1 1 1 0 0 2 1 1 0 1 1
0 2 0 0 1 1 2 2 2 2 2 2 2 2 0 0 1 0 2 2 2 1
1 1 0 0 1 1 1 0 1 2 2 2 0 0 0 0 1 2 2 2 2 2
0 2 0 0 1 0 1 1 1 2 2 2 0 0 0 0 2 0 2 1 1 1
1 2 1 0 2 0 1 1 2 2 2 2 1 1 0 0 2 0 2 1 1 1
0 1 1 0 2 2 2 0 2 2 2 2 0 1 0 0 2 0 2 0 2 2
1 1 1 0 1 0 1 0 0 2 2 2 0 1 0 0 1 1 2 1 2 1
2 2 0 0 2 0 0 1 0 2 1 1 1 1 0 0 2 0 1 1 2 1
0 2 0 0 2 1 2 0 2 2 2 2 2 1 0 0 2 0 1 1 2 1
0 2 0 1 2 0 1 1 1 2 2 1 1 0 0 0 2 0 2 2 1 2
2 2 0 0 1 0 1 0 2 0 2 2 2 1 0 0 1 0 2 2 2 2
0 1 0 1 2 1 1 1 0 2 2 2 2 1 0 0 2 0 1 2 2 2
1 0 1 0 1 0 1 0 1 2 2 2 1 0 0 0 2 0 2 1 1 1
1 2 1 0 2 1 1 2 1 1 1 2 1 0 0 1 0 1 2 1 1 2
0 1 1 0 1 0 2 1 0 2 2 2 1 0 0 0 2 0 2 2 2 1
0 2 0 0 2 0 2 0 1 2 2 2 1 0 0 0 2 0 2 0 2 2
0 2 1 0 2 1 0 0 1 2 2 2 1 1 2 0 2 0 1 2 2 2
0 0 2 0 2 0 2 1 2 2 2 1 2 0 1 0 1 0 1 1 2 1
1 2 0 0 2 0 2 1 1 2 2 2 1 0 0 0 1 0 2 1 2 2
1 1 0 0 1 0 2 0 2 2 2 2 1 0 1 0 1 0 1 2 2 1
1 0 0 0 1 0 2 1 2 2 2 0 2 0 0 0 1 0 2 2 2 2
1 1 0 0 2 0 2 2 2 2 1 2 2 0 0 0 2 0 2 2 1 1
2 2 1 0 2 0 2 0 2 2 2 2 0 0 0 0 2 0 2 2 2 2
1 1 1 0 2 1 1 1 2 2 1 2 2 1 0 0 1 0 2 1 2 1
0 2 1 1 2 0 2 1 1 2 2 2 1 0 0 0 2 0 1 1 2 1
0 1 2 0 0 0 1 1 2 2 2 2 0 1 0 0 2 0 2 1 2 1
0 1 0 0 1 1 1 1 2 2 2 2 2 0 2 0 2 1 1 1 2 2
1 1 0 0 2 0 2 1 1 2 2 1 1 1 0 0 2 0 2 2 1 2
0 2 0 0 2 0 2 1 1 2 2 2 0 0 0 0 2 0 2 2 1 1
0 1 1 0 2 0 1 1 2 2 2 1 1 0 1 0 2 0 2 1 2 2
0 2 0 0 1 0 1 2 0 2 2 1 0 1 1 0 2 0 2 0 1 1
1 2 0 1 1 0 2 1 2 2 2 2 0 1 0 0 1 0 2 2 2 2
0 1 2 0 1 0 1 0 1 2 1 2 1 2 0 0 2 0 1 2 1 2
0 1 0 0 2 0 0 1 0 1 2 2 0 0 0 0 2 0 1 1 2 2
2 1 1 0 0 0 2 0 1 2 2 2 0 1 1 0 1 0 2 2 2 1
1 1 0 0 2 1 2 1 2 2 2 2 1 0 0 0 2 0 1 2 2 1
0 2 1 0 1 0 1 0 2 2 2 2 2 1 0 0 1 1 1 1 2 1
0 2 0 0 2 0 0 2 1 2 2 2 2 0 1 0 2 0 1 2 2 2
0 2 1 0 2 0 2 1 0 2 2 0 1 0 0 0 2 0 2 1 2 1
1 2 1 1 2 1 2 1 2 2 2 2 2 2 1 0 2 0 1 1 2 0
2 1 1 0 1 1 1 2 2 2 2 1 0 1 0 0 2 0 2 1 2 1
1 1 0 0 1 1 1 1 2 2 2 2 1 1 1 0 2 0 1 2 2 1
0 2 0 0 2 1 2 0 0 1 2 1 2 1 0 0 1 1 2 0 2 2
0 1 1 0 0 0 2 1 2 2 2 1 1 2 0 0 2 0 1 1 2 1
1 2 1 0 2 0 2 1 0 2 2 2 1 1 0 0 2 0 2 1 1 2
0 2 0 0 2 0 2 0 1 2 2 2 2 1 0 0 1 0 2 1 2 2
0 1 0 0 1 0 1 1 0 1 2 2 1 1 1 0 2 0 2 1 2 1
1 2 0 0 1 0 1 0 1 1 1 1 1 1 0 0 1 0 2 2 2 0
2 1 1 0 2 0 1 0 1 2 1 2 0 0 0 0 2 0 1 0 1 0
1 2 0 1 1 0 0 0 0 1 2 1 1 1 0 0 1 0 2 2 2 2
0 2 1 0 2 0 1 0 2 2 2 1 0 1 0 0 2 0 1 1 2 1
0 2 0 0 2 0 2 1 1 2 2 0 1 0 0 0 2 0 1 0 2 1
2 1 0 1 2 0 2 1 1 2 2 2 1 0 0 1 2 0 2 2 2 1
1 2 0 0 2 1 2 1 2 1 2 2 1 0 0 0 2 0 2 2 2 2
2 1 0 1 2 1 0 1 1 2 2 2 1 2 1 0 2 0 1 1 2 2
0 0 0 0 2 0 1 0 1 1 2 2 1 1 0 0 1 0 1 2 2 0
1 2 0 0 1 0 2 1 1 2 2 2 1 0 0 0 2 0 2 1 2 2
0 2 1 0 2 0 0 2 1 2 2 1 0 0 0 0 2 0 1 2 2 1
1 2 1 0 2 0 1 0 1 2 2 1 0 2 0 0 1 1 2 2 1 1
0 2 0 0 1 1 1 1 1 2 2 2 0 1 0 0 2 0 1 0 2 1
1 2 1 1 2 0 1 1 0 2 2 2 1 1 2 0 2 0 2 1 2 2
0 1 0 0 2 0 1 0 2 2 2 2 0 1 1 0 2 0 2 2 2 2
1 1 0 0 2 0 2 1 1 2 2 2 1 0 1 0 1 0 0 0 2 1
0 1 1 1 2 0 1 1 0 2 2 2 0 1 0 0 2 0 2 2 2 0
0 2 0 0 2 0 2 1 1 1 2 2 1 1 0 1 2 0 2 1 2 1
0 1 0 0 2 0 1 0 1 2 2 1 2 0 0 0 2 0 2 1 2 2
0 1 0 0 2 0 1 1 2 2 2 2 0 0 0 0 2 0 1 1 1 2
0 2 0 0 1 0 1 0 1 1 2 2 0 2 0 0 2 0 2 2 1 1
0 2 1 0 2 0 0 1 1 2 2 2 0 0 0 0 2 0 2 1 2 2
0 2 1 0 2 1 2 0 2 1 2 2 1 1 1 0 2 0 2 2 2 1
0 1 0 0 1 0 2 1 1 2 2 2 1 1 0 0 1 1 1 2 1 2
0 0 0 0 1 1 2 1 1 1 1 2 1 1 0 0 2 0 1 1 2 1
1 1 1 0 2 0 1 0 2 2 2 2 2 0 0 0 2 1 1 2 2 1
2 2 0 0 2 0 1 1 2 2 2 2 1 0 1 0 2 0 1 2 1 0
1 1 0 0 1 1 1 1 1 2 2 1 1 0 0 0 2 0 1 2 1 2
1 1 0 0 1 0 1 1 2 2 2 2 1 1 0 0 2 0 1 1 2 1
1 2 0 0 2 0 1 1 1 1 2 2 1 0 0 0 2 0 2 1 1 1
0 1 1 0 1 0 2 0 0 2 2 2 0 1 0 0 2 0 2 0 2 1
0 2 0 0 2 0 0 0 2 2 2 2 2 0 0 0 2 0 0 1 2 0
0 2 1 0 2 2 1 1 2 2 2 2 0 1 0 0 2 1 2 1 2 1
0 2 0 0 1 0 1 0 1 2 2 2 1 0 0 0 2 0 2 1 2 1
0 2 2 0 1 0 2 1 0 2 2 2 1 0 0 0 2 1 2 2 1 2
0 1 1 0 1 0 1 0 1 1 2 2 1 0 0 0 2 0 2 2 2 2
0 1 1 0 2 1 2 1 2 2 1 2 1 0 0 0 1 0 0 2 1 2
0 2 2 0 2 1 1 1 2 2 2 2 1 0 1 1 2 0 2 0 2 2
1 2 0 0 2 0 2 0 2 2 2 1 0 1 0 0 1 0 1 2 2 2
1 1 0 0 2 0 1 1 1 2 2 1 0 1 0 0 2 0 2 1 2 1
0 2 0 0 2 0 2 1 1 2 2 2 1 0 1 0 1 1 2 1 2 1
0 2 1 0 1 0 2 0 0 2 2 2 0 1 0 0 2 0 2 2 1 1
2 1 0 0 2 0 2 0 1 2 2 0 1 0 0 0 2 0 1 2 2 2
1 2 1 0 2 0 2 1 1 1 2 2 1 0 0 0 2 0 2 2 2 1
1 1 0 0 2 0 2 1 0 1 2 0 1 1 0 0 2 0 1 1 2 1
0 2 1 0 0 0 1 0 2 2 2 1 1 0 0 0 2 0 1 2 2 2
2 2 0 0 2 0 1 0 1 2 2 2 1 1 0 0 1 0 2 0 2 2
1 0 1 0 2 0 1 2 2 2 2 2 0 0 0 1 1 1 2 1 2 0
0 2 0 0 2 1 2 0 1 2 2 2 0 0 0 0 2 0 1 2 2 2
0 2 1 0 1 0 2 1 1 2 2 2 1 0 0 0 2 0 2 1 2 0
1 1 0 0 2 0 1 0 1 2 1 2 2 1 1 1 2 0 2 1 2 1
1 2 0 0 2 0 1 0 1 2 2 2 1 0 0 0 2 1 2 1 2 1
1 2 0 0 2 0 1 1 1 2 2 1 2 1 0 0 2 1 2 1 2 0
2 2 0 0 2 0 2 1 1 1 2 2 1 2 0 0 1 0 2 0 2 1
0 2 1 0 1 1 1 1 1 2 2 2 0 1 0 0 2 0 2 2 2 1
0 1 0 0 2 0 1 0 1 2 2 2 1 0 0 0 2 1 2 0 2 1
1 1 0 0 2 1 1 1 1 2 2 2 1 1 0 0 1 0 1 2 2 2
0 1 1 0 2 0 1 1 2 2 1 2 1 2 1 0 2 0 2 0 2 0
0 1 1 0 2 1 0 0 0 2 2 2 1 1 0 0 2 0 2 1 2 2
0 1 2 0 2 0 2 1 2 2 2 1 1 1 0 0 1 0 2 2 2 2
1 2 1 0 1 0 2 1 2 2 2 2 1 1 0 0 2 0 1 2 2 1
0 2 0 0 1 0 0 0 2 2 2 2 1 0 0 0 2 1 2 2 2 1
0 1 0 0 2 1 1 1 1 2 2 2 1 1 1 0 2 1 2 1 2 2
1 2 0 0 1 0 1 1 2 1 2 2 1 0 1 0 2 0 2 1 2 2
0 2 2 0 2 1 2 1 0 1 1 2 0 2 1 1 1 0 2 2 2 1
1 2 0 0 2 0 1 1 0 2 2 2 2 0 0 0 1 0 1 1 2 2
0 2 0 0 2 0 1 2 2 2 2 1 1 1 0 0 1 0 1 1 2 1
0 2 1 0 1 0 1 2 1 2 2 2 0 1 1 0 2 0 1 1 2 1
1 0 0 0 2 0 1 2 1 2 2 2 1 0 1 1 2 0 2 1 2 0
1 1 0 0 2 0 1 1 0 2 2 2 1 0 0 0 0 0 1 1 2 2
0 2 0 0 1 0 1 1 2 2 2 2 1 1 0 0 2 0 1 2 2 2
1 2 1 0 2 1 2 1 1 2 2 2 0 1 0 0 2 1 1 1 2 2
2 2 0 0 2 0 0 1 1 2 2 2 1 0 1 1 2 0 1 2 2 2
0 2 1 0 2 1 1 0 0 2 2 2 0 1 0 0 2 1 2 1 2 1
1 1 0 0 2 0 2 0 1 2 0 2 1 0 0 0 2 0 0 1 2 1
1 2 0 0 1 0 1 1 1 2 1 2 1 1 0 1 1 0 1 1 1 1
0 2 0 0 1 0 2 0 1 2 2 2 0 0 0 0 2 2 2 1 2 2
1 1 1 0 2 0 2 1 1 2 2 2 2 0 0 1 2 0 1 2 1 2
1 2 1 1 2 0 2 1 1 2 2 2 2 1 0 0 2 0 2 1 2 0
0 1 0 0 2 0 1 0 1 2 2 2 1 2 1 0 2 1 2 2 2 1
1 2 1 0 2 1 1 1 1 2 2 2 1 2 0 0 2 1 1 1 2 2
0 1 0 0 1 1 2 0 1 2 2 2 2 1 0 0 2 1 1 2 1 1
1 2 0 0 2 0 1 1 1 2 2 2 1 1 0 0 2 0 2 1 2 1
1 1 1 0 1 0 1 0 1 2 0 2 2 0 0 0 2 0 1 2 2 2
0 2 0 0 1 0 1 0 2 2 1 2 2 0 0 0 2 0 2 2 2 1
1 2 0 0 1 1 1 1 1 2 2 2 0 0 1 1 1 0 1 2 2 1
0 2 0 0 1 0 1 1 2 1 2 1 0 0 0 0 2 0 2 2 2 1
0 2 1 0 1 1 0 0 1 2 2 2 1 0 0 0 2 0 1 2 2 1
0 1 1 1 1 1 2 1 1 2 2 2 1 1 0 0 2 0 1 0 2 1
0 2 0 1 2 0 2 0 2 2 2 2 0 1 0 0 1 0 2 1 1 2
0 2 1 0 2 0 1 2 2 2 2 2 1 1 0 0 2 0 2 1 2 1
1 2 1 0 2 0 1 1 2 2 2 1 2 1 0 0 1 0 1 1 2 2
1 2 1 0 2 0 2 1 0 2 2 2 0 0 0 0 1 0 1 1 2 0
2 2 0 0 1 0 2 2 1 2 1 2 2 2 0 0 2 0 1 2 2 2
0 1 0 0 2 1 2 1 1 1 0 1 0 0 0 0 2 0 1 2 2 1
1 2 0 0 2 0 1 0 2 2 2 2 1 1 0 0 2 0 1 1 1 1
0 2 0 0 2 0 2 1 1 2 2 2 1 0 0 0 2 1 2 1 0 2
1 2 0 0 1 0 2 1 2 2 2 2 2 1 0 0 2 1 2 2 1 2
1 2 0 1 2 0 1 1 1 2 2 2 0 1 0 0 2 1 1 2 2 1
1 2 0 0 2 1 2 0 1 2 2 2 0 0 0 0 2 0 1 2 2 1
0 2 0 0 1 0 2 0 1 2 2 2 2 2 0 0 2 0 2 2 2 1
2 0 0 0 1 0 1 1 1 2 2 2 0 1 0 0 2 0 1 1 2 2
1 2 0 0 2 0 2 1 0 2 1 2 1 1 1 0 2 0 2 1 2 1
0 2 0 0 2 1 1 0 1 2 2 2 1 2 1 0 2 0 1 1 1 2
0 1 1 0 1 0 1 1 1 2 2 2 0 0 0 0 2 0 1 2 1 1
1 2 0 0 1 0 1 0 1 2 2 2 1 1 0 0 2 0 1 1 2 1
1 2 0 0 1 0 1 0 1 2 1 2 1 1 0 0 2 0 0 2 2 2
1 2 0 0 1 0 0 0 0 2 1 2 2 0 1 0 2 0 2 1 1 1
0 1 0 0 1 0 1 0 1 2 2 2 0 1 0 0 2 0 1 1 0 0
0 0 1 0 2 0 1 0 2 2 2 2 0 0 0 0 0 0 1 1 2 1
0 2 1 0 1 0 0 0 1 2 2 1 1 0 0 0 1 0 0 2 0 0
2 2 1 0 0 1 2 1 0 2 2 2 1 1 0 0 2 0 2 1 2 2
2 2 1 0 2 0 1 1 2 2 2 2 2 1 0 1 1 0 1 1 1 2
1 2 0 0 1 0 2 1 0 2 2 2 1 0 1 0 2 0 2 2 2 1
1 2 1 0 1 0 1 0 1 2 2 2 1 0 0 0 2 0 1 1 1 2
1 2 0 0 1 0 2 0 0 2 2 2 2 1 0 0 1 1 2 2 1 1
1 1 0 0 1 0 1 1 2 2 2 2 0 0 0 0 1 0 2 1 2 0
1 1 0 0 2 1 1 1 1 2 2 2 0 1 0 1 2 0 0 1 1 2
0 1 0 1 2 0 1 2 1 2 1 2 1 0 0 0 2 0 2 2 2 2
1 2 1 0 1 0 2 0 2 2 2 2 0 1 0 0 2 0 1 1 2 1
0 1 0 0 1 0 1 0 2 2 2 2 1 1 0 0 2 1 2 2 2 1
0 2 0 0 1 2 2 1 1 2 2 2 2 0 0 0 2 2 2 2 2 1
0 2 1 0 1 1 2 1 2 1 2 2 0 2 0 0 1 0 2 2 2 2
1 1 1 1 2 0 2 1 1 2 2 2 1 1 0 0 1 0 2 2 2 1
0 2 0 0 2 1 1 1 1 2 2 2 0 2 1 0 1 0 1 1 2 2
1 2 1 0 1 0 2 0 2 2 2 2 1 1 0 0 2 0 2 0 1 1
2 1 0 1 2 0 1 2 1 1 2 2 0 1 0 0 2 0 2 1 1 2
1 1 0 0 1 1 1 0 2 2 2 2 0 1 0 0 2 1 2 1 1 2
0 1 0 0 1 0 1 1 1 1 1 1 0 2 0 1 1 0 1 0 1 1
0 2 0 0 1 0 1 1 0 1 2 2 1 1 0 0 2 0 2 1 1 1
0 2 2 0 1 0 2 0 1 2 2 1 0 0 0 0 2 0 2 2 2 2
1 2 0 0 2 1 2 0 0 2 2 2 1 1 0 0 2 1 2 1 2 1
0 1 1 0 2 0 2 1 1 2 2 2 2 0 1 0 2 0 2 1 2 2
1 1 0 0 1 0 1 0 2 2 1 1 1 0 0 0 2 0 2 0 2 1
0 2 1 0 2 1 2 1 0 2 2 2 1 1 0 0 2 0 2 1 2 2
2 2 0 0 2 0 2 0 2 1 2 2 1 1 0 1 2 0 2 1 1 2
0 2 0 0 1 0 2 1 0 2 2 2 1 1 0 0 2 0 2 1 2 1
0 1 0 0 2 0 0 1 1 2 2 2 2 0 0 0 2 0 2 1 2 2
0 2 1 0 1 1 0 1 1 2 2 2 0 1 1 0 2 0 2 1 2 2
0 2 0 0 2 1 1 0 1 1 2 2 2 0 0 0 2 0 1 1 2 1
1 2 0 0 2 0 0 1 1 2 2 2 1 0 1 0 2 0 2 2 2 0
0 1 0 0 1 0 1 0 1 2 2 2 1 1 0 0 2 0 0 2 2 2
1 2 0 0 2 0 1 0 0 1 2 2 0 0 1 0 2 0 2 0 2 1
0 1 1 0 1 0 1 2 0 2 2 2 1 0 0 1 2 0 1 0 2 2
1 2 0 0 2 0 1 1 1 2 1 2 2 0 1 0 2 0 2 1 2 2
1 2 1 0 2 1 2 1 2 2 2 1 0 1 0 0 1 0 2 1 2 2
1 2 0 0 1 1 0 0 1 2 2 1 1 0 0 1 2 0 1 1 1 2
0 2 0 0 1 1 2 2 1 2 2 2 0 0 0 0 2 0 0 1 1 1
0 2 1 0 1 0 0 1 1 2 2 2 0 1 0 0 2 0 1 2 2 1
1 2 1 1 2 1 1 1 1 2 2 2 0 2 0 0 2 0 1 2 0 2
0 2 2 1 1 0 2 1 1 0 2 1 1 0 0 0 2 0 1 1 1 1
0 1 0 0 0 0 1 0 2 2 1 1 1 0 0 0 2 0 1 1 2 1
0 2 0 0 2 0 1 0 2 2 2 2 1 1 0 0 2 1 2 2 2 2
1 2 1 0 2 0 1 0 2 2 2 2 2 1 0 1 2 0 1 1 2 1
0 1 0 0 2 0 1 0 1 1 2 2 1 0 0 0 2 0 2 2 2 1
1 1 0 0 2 0 1 0 2 2 2 2 2 1 0 0 1 1 2 2 2 2
0 2 1 0 2 0 1 1 0 2 2 2 0 1 1 0 2 0 2 1 2 1
0 1 1 0 2 1 1 0 0 2 2 2 1 1 1 0 2 0 2 2 2 1
1 1 1 0 1 2 2 0 2 2 2 2 0 1 0 0 1 0 1 1 2 1
1 2 0 0 1 1 0 0 2 2 2 2 1 1 0 0 2 0 1 1 1 1
1 0 0 0 1 0 0 1 1 2 2 1 2 1 1 0 2 0 2 2 2 1
1 2 0 0 1 0 0 1 1 2 2 1 1 0 0 0 1 0 1 1 2 1
0 1 2 0 2 1 2 1 2 2 2 2 0 0 0 0 2 0 1 2 1 1
1 1 0 0 2 0 1 1 1 2 2 2 0 1 0 0 2 0 2 1 2 1
1 2 1 0 1 0 2 2 2 2 2 1 1 2 0 0 2 0 0 2 1 2
0 1 0 0 2 0 1 2 1 2 2 2 1 1 0 0 1 1 2 1 2 1
1 2 0 0 2 0 1 1 1 2 2 2 1 0 0 0 2 0 1 2 1 1
0 0 0 0 2 0 1 0 1 0 2 2 2 1 0 0 1 0 2 2 2 2
1 1 0 0 2 0 1 1 1 2 2 2 2 2 1 0 2 0 1 2 2 1
0 2 0 0 1 1 2 1 2 2 1 2 0 1 0 0 2 0 1 1 2 1
0 2 0 0 1 0 0 1 1 2 2 1 1 0 0 0 2 0 1 1 2 2
1 0 1 0 1 1 0 1 1 1 2 2 1 0 0 0 2 0 2 2 1 1
0 2 0 0 1 1 2 1 2 2 2 2 2 2 0 0 1 0 2 2 2 0
0 1 0 0 2 2 1 2 2 2 2 0 1 0 0 0 2 0 1 2 2 0
1 1 1 1 2 0 0 1 2 2 2 2 2 0 0 0 2 0 1 1 2 1
1 2 1 0 2 0 2 1 0 2 1 2 0 1 0 0 2 0 1 1 2 1
1 2 0 0 1 0 2 1 1 2 2 2 1 0 1 0 1 0 1 2 2 0
1 2 1 1 1 0 0 0 1 2 2 2 2 0 0 0 2 0 2 1 2 2
1 2 0 0 1 2 1 0 1 2 1 1 1 1 1 0 2 1 2 1 2 1
1 2 1 0 1 0 1 2 1 2 2 2 2 0 0 0 1 1 2 1 2 1
0 1 0 0 1 0 1 1 0 2 2 2 1 0 1 0 2 0 2 2 1 1
0 2 1 0 2 1 0 2 1 2 2 2 2 2 0 0 2 0 1 0 2 0
0 2 0 1 1 1 1 1 2 2 2 1 1 0 0 0 1 0 2 1 1 1
0 1 0 0 2 1 2 0 1 2 2 2 2 1 0 1 2 0 2 2 2 2
2 2 1 0 2 1 0 0 1 2 2 2 1 1 0 0 2 1 0 2 0 0
1 2 0 0 2 1 2 1 2 2 2 2 2 0 0 0 1 0 2 1 2 1
1 1 1 0 2 0 1 0 0 2 1 2 1 1 0 0 1 1 2 2 2 2
1 1 0 0 2 0 0 0 1 2 2 2 2 1 0 0 2 1 1 1 2 0
1 1 0 0 1 0 1 0 1 2 2 2 1 0 0 0 2 0 1 2 2 1
0 2 0 0 2 0 2 0 1 1 2 2 0 1 1 0 2 0 1 1 2 2
0 2 1 0 2 0 1 0 2 2 2 2 2 0 0 0 2 1 0 1 2 2
0 2 0 0 2 0 0 1 1 2 2 2 0 1 0 0 2 0 1 2 2 1
1 2 0 0 2 0 2 0 2 2 2 1 1 0 0 0 2 0 1 2 2 1
1 1 0 0 2 0 2 0 1 2 2 2 1 0 0 0 2 0 2 2 2 1
0 1 1 0 2 0 1 0 1 2 2 2 1 0 0 0 2 0 0 1 1 2
0 2 1 0 2 1 1 0 1 2 2 2 1 1 0 0 2 1 2 1 2 0
2 2 0 1 2 0 2 0 1 1 2 2 2 2 0 0 2 0 2 2 1 0
0 2 0 0 1 0 2 0 1 1 2 2 1 0 0 0 1 0 0 2 1 1
0 2 1 0 2 1 1 0 2 2 2 2 1 0 0 0 2 0 2 2 2 2
1 2 1 0 1 0 1 0 1 2 2 2 2 0 0 0 2 0 1 2 1 1
0 2 1 0 2 2 0 0 2 2 2 2 1 1 0 0 2 0 2 2 2 1
0 2 0 0 1 0 1 1 2 2 2 2 1 1 0 0 1 0 2 0 2 0
1 2 0 0 2 0 1 0 1 2 2 2 1 1 1 0 2 0 2 1 2 2
1 2 1 0 1 1 2 0 1 2 2 1 0 1 1 0 2 0 1 1 2 2
2 2 1 0 0 0 2 1 1 2 2 1 1 2 0 0 2 1 2 2 2 2
0 2 0 0 2 1 1 0 1 2 2 2 1 1 0 0 2 0 1 0 1 1
0 2 1 0 2 1 1 0 1 1 2 2 1 1 1 0 2 0 1 1 1 1
0 1 1 0 2 0 2 1 1 2 2 2 1 1 0 0 2 0 1 2 1 0
0 1 0 0 2 0 2 1 1 2 2 2 1 2 0 0 2 1 1 2 2 1
0 1 1 1 1 1 0 1 1 2 2 2 1 0 2 0 2 0 2 1 2 2
1 2 0 0 2 0 1 2 2 2 2 1 1 1 0 1 2 1 1 2 2 1
0 2 0 0 1 0 1 0 1 2 2 2 1 2 0 0 2 0 0 1 2 2
1 2 0 0 1 0 2 1 0 1 2 2 0 2 1 0 2 0 2 1 1 1
1 1 1 0 2 0 2 2 1 1 2 2 2 1 0 0 2 0 1 2 2 1
1 0 1 0 2 0 1 0 0 2 2 2 2 1 0 0 2 1 2 0 1 0
1 0 0 0 2 0 2 0 1 2 2 2 1 0 0 0 2 0 2 1 2 2
1 1 0 0 2 0 1 0 2 1 2 1 2 0 0 0 2 0 2 2 2 1
0 2 1 0 1 0 1 0 2 1 2 1 0 0 1 0 2 2 1 2 2 2
1 2 1 0 2 0 1 1 1 2 2 2 1 0 0 1 2 0 2 1 2 1
1 1 0 0 1 1 2 0 2 2 2 2 1 2 0 0 2 0 1 2 2 0
0 1 0 0 2 2 2 2 0 2 2 2 1 1 0 0 2 0 2 2 2 1
0 2 0 1 1 0 2 2 2 2 1 2 0 0 0 0 2 0 1 1 2 2
0 0 0 0 2 1 1 0 0 2 2 2 1 1 0 1 2 0 2 1 2 2
0 2 0 0 2 0 1 2 2 2 2 2 1 0 1 0 2 0 1 1 1 1
1 2 0 0 2 1 2 0 1 1 2 2 1 1 0 0 2 0 2 1 2 0
2 2 0 0 1 0 2 0 1 1 2 2 0 0 0 0 2 0 1 1 1 0
1 2 1 0 2 0 1 2 1 2 2 2 1 1 0 0 2 0 1 2 2 2
1 0 1 0 2 1 2 1 0 2 2 2 2 1 0 0 2 0 1 1 2 2
1 1 0 0 1 0 0 0 2 1 2 2 2 1 0 0 1 0 2 0 1 2
0 2 1 0 1 1 2 1 1 2 2 2 0 0 0 0 2 0 2 2 2 1
1 2 1 0 2 1 2 2 2 1 2 2 1 0 0 1 2 0 2 2 1 2
1 1 1 0 2 1 2 1 2 2 1 2 1 1 0 0 2 0 2 2 2 1
0 2 2 1 1 0 1 2 1 2 2 1 0 2 0 0 2 0 1 2 1 0
1 1 0 0 2 0 2 1 1 2 2 2 2 1 0 0 2 1 1 2 2 2
0 2 0 0 1 1 2 0 1 2 2 2 0 0 1 0 2 0 1 2 1 1
0 1 0 0 2 1 2 2 1 1 2 2 1 1 1 0 2 1 1 2 2 1
1 1 1 0 1 0 2 1 1 2 1 2 1 0 0 0 2 0 2 1 2 2
