rs1006265 rs1777833 rs1050146 rs11893218 rs1990816 rs1435704 rs17282579 rs6533343 rs8192592 rs1024552 rs1529747 rs505537 rs2394202 rs3818444 rs6584510 rs17102089 rs12429309 rs11622409 rs16944424 rs7501662 rs8089398 rs6093081 rs3827412 rs16827741 rs1380770 rs836475 rs4646623
1 2 1 0 2 1 1 1 0 2 0 2 0 1 1 0 0 2 2 2 0 0 0 0 0 0 1
1 1 0 0 2 2 1 1 0 1 0 1 0 1 1 0 0 2 1 2 0 0 0 0 0 0 0
2 2 0 2 2 2 1 0 0 0 0 1 0 1 1 0 0 1 2 2 0 1 1 0 0 0 1
1 1 0 0 2 2 1 0 0 1 0 1 2 0 1 0 0 0 2 2 0 0 1 0 0 0 1
1 2 1 1 2 2 1 0 0 2 0 1 0 2 0 0 0 1 0 1 0 1 1 0 0 0 0
2 2 1 0 1 2 1 1 0 1 0 1 1 1 1 0 0 1 2 2 1 0 0 0 0 0 1
1 2 0 0 2 2 1 0 0 2 0 1 0 1 1 0 0 2 2 1 0 0 1 0 0 0 1
0 1 1 0 2 1 0 0 0 1 0 2 0 1 1 0 0 1 1 0 0 0 0 0 0 0 0
0 2 1 1 2 2 1 0 0 0 0 0 2 1 0 0 0 2 2 1 0 0 1 0 0 0 1
1 1 0 0 2 2 0 0 0 2 0 1 0 1 0 0 0 1 2 2 0 0 1 0 0 0 1
1 2 0 0 1 2 2 1 0 1 1 1 0 1 2 1 0 2 2 2 0 0 1 0 0 0 1
1 2 0 0 2 2 1 0 0 2 0 0 0 2 1 0 0 0 2 1 1 0 0 0 0 0 1
1 1 0 0 2 2 0 0 0 2 0 2 0 2 0 0 0 1 2 2 1 1 0 0 0 0 0
2 2 2 0 2 2 1 0 0 0 0 1 0 1 0 1 0 0 2 2 1 0 1 0 0 0 0
1 2 0 0 2 1 1 0 0 0 0 0 0 1 1 1 1 1 2 2 0 0 0 0 0 0 1
1 2 0 0 2 2 2 0 0 0 0 1 1 1 0 0 0 1 2 2 0 0 2 0 0 0 1
2 2 1 0 2 2 0 1 0 2 0 1 0 1 0 0 1 1 2 2 0 0 2 0 0 0 1
1 2 0 0 2 2 2 1 0 1 0 1 0 0 1 0 1 1 2 2 0 0 0 0 0 0 2
2 1 0 1 2 1 1 0 0 1 0 2 0 2 0 0 1 2 2 1 0 0 0 0 0 0 1
1 2 0 0 2 2 1 0 0 2 0 2 0 1 0 0 0 2 1 2 0 0 1 0 0 0 1
0 1 0 0 2 2 2 0 0 1 0 2 0 1 1 0 0 2 2 2 0 0 0 0 0 0 0
1 2 0 0 2 2 0 0 0 2 0 1 0 0 1 0 0 2 1 2 0 0 1 0 0 0 0
1 2 1 0 2 2 1 0 0 1 0 0 0 1 2 0 0 2 2 2 0 0 1 0 0 0 0
1 2 0 1 2 2 2 0 1 0 0 1 0 1 2 0 1 1 2 2 0 0 2 0 0 0 1
1 2 1 1 2 2 0 0 0 1 1 2 1 1 0 0 0 2 2 1 0 1 0 0 0 0 1
2 2 0 0 2 1 0 0 0 1 0 0 0 0 1 0 0 1 2 2 0 1 1 0 0 0 1
0 2 0 0 2 2 2 1 0 2 0 1 0 1 1 0 0 1 2 1 0 1 1 0 0 0 0
1 1 0 0 2 2 1 0 0 2 0 2 0 2 0 0 0 1 2 1 0 0 0 0 0 0 0
1 2 1 1 2 2 0 1 0 2 0 0 0 0 2 0 1 2 0 2 0 0 0 0 0 0 0
0 1 0 0 2 2 0 0 0 0 0 1 0 0 1 0 0 1 1 2 0 0 1 0 0 0 1
0 2 0 0 1 2 0 2 0 1 0 1 0 0 0 1 0 1 2 1 0 0 1 0 0 0 1
1 2 0 0 2 2 2 0 0 1 0 2 0 1 0 0 0 1 1 2 0 1 0 0 0 0 2
1 1 1 0 2 1 2 0 0 2 0 0 0 2 1 0 0 2 2 2 0 0 2 0 0 0 0
1 2 0 0 2 2 1 0 0 1 0 1 0 2 1 0 1 2 2 1 0 0 1 0 0 0 0
2 2 0 0 1 2 1 0 0 0 0 2 0 1 0 1 0 1 1 2 0 0 1 0 0 0 1
2 2 1 0 2 2 1 0 0 1 0 0 0 0 1 0 0 1 1 2 0 0 0 0 0 0 1
1 2 1 1 2 1 1 0 0 0 0 0 0 0 0 0 1 0 1 1 0 0 2 0 0 0 1
2 1 2 0 2 1 1 0 0 1 0 2 1 1 1 0 0 1 1 2 0 0 2 0 0 0 1
2 2 0 0 2 2 1 1 0 2 0 1 0 1 2 0 1 1 0 0 0 0 1 0 0 0 2
0 2 0 2 1 2 1 1 0 2 0 1 0 1 2 0 0 1 2 1 0 0 1 0 0 0 1
2 2 0 0 2 1 2 0 0 1 0 1 0 1 1 1 0 1 2 2 0 0 2 0 0 0 0
1 2 0 0 1 2 0 1 0 2 0 2 0 1 1 0 1 1 2 2 0 1 1 0 0 0 0
0 1 0 1 2 2 1 0 0 1 0 2 0 1 0 1 1 0 2 2 0 0 1 0 0 0 2
1 2 1 0 2 1 1 0 0 0 0 2 0 0 1 1 0 2 2 1 0 0 0 0 0 0 1
2 2 1 0 2 2 2 0 0 0 0 0 0 2 2 0 1 2 2 1 0 0 1 0 0 0 1
1 2 0 0 2 2 0 0 0 1 0 2 0 1 0 1 1 0 2 2 0 1 0 0 0 0 1
1 2 0 0 2 2 2 0 0 1 0 1 0 1 0 0 0 1 1 1 0 0 0 0 0 0 1
2 2 1 0 2 1 1 0 0 1 0 2 0 1 1 1 0 2 2 1 0 1 1 0 0 0 2
1 2 0 0 2 2 0 0 0 1 0 2 1 0 1 1 0 2 1 1 0 0 2 0 0 0 2
2 2 1 0 2 2 1 1 0 1 0 0 0 2 1 0 1 2 2 2 0 0 1 0 0 0 0
1 2 1 0 2 2 2 0 0 1 0 1 0 2 2 0 0 2 1 2 0 0 1 0 0 0 2
2 2 0 1 2 2 1 0 0 2 0 0 0 2 1 0 1 1 2 2 0 0 1 0 0 0 1
2 2 1 0 2 2 0 0 0 1 0 2 0 1 2 1 0 1 1 2 0 0 0 0 0 0 2
1 1 0 0 2 2 1 2 0 1 0 1 0 1 1 0 0 1 1 2 0 1 1 0 0 0 0
1 1 0 0 2 2 1 0 0 2 0 2 0 0 0 0 0 2 2 2 0 0 0 0 0 0 0
1 2 0 0 2 2 1 0 0 1 0 0 0 2 0 0 1 1 2 1 1 1 0 0 0 0 0
0 2 0 0 2 1 2 0 0 0 0 1 0 1 0 0 0 2 2 1 0 0 1 0 0 1 0
2 2 0 0 1 2 0 0 0 1 1 1 0 0 1 0 0 1 1 1 0 1 2 0 0 0 0
0 2 1 1 2 2 2 0 0 1 0 1 0 1 1 0 0 2 2 0 1 0 0 0 0 0 1
0 2 0 0 2 1 0 0 0 2 0 0 0 1 1 0 0 1 2 0 0 0 0 0 0 0 1
0 2 0 0 2 2 0 0 0 2 0 1 0 1 0 0 0 1 1 2 0 0 0 0 0 0 1
0 2 1 0 1 2 1 0 0 1 0 2 0 1 1 0 0 1 2 2 0 0 0 0 0 0 0
1 2 0 0 2 2 2 0 0 1 0 2 0 2 0 0 0 1 2 2 0 0 1 0 0 0 1
1 2 1 0 2 1 1 0 0 2 0 2 0 0 2 0 0 1 2 2 1 0 1 0 0 0 1
1 2 1 0 2 1 1 1 0 2 0 2 0 2 1 1 0 1 2 2 0 0 1 0 0 0 2
2 2 0 0 2 2 1 1 0 2 0 2 1 1 2 0 1 2 2 2 0 0 0 0 0 0 0
1 2 1 0 1 2 0 0 0 1 0 0 0 1 2 0 0 1 1 2 0 0 1 0 0 0 2
2 1 0 1 2 2 1 0 0 1 0 1 0 1 0 0 1 1 2 2 0 0 1 0 0 0 0
0 2 1 0 2 2 2 0 0 0 0 0 0 1 1 0 1 1 2 1 0 0 0 0 0 0 1
2 2 1 1 2 2 1 1 0 1 0 0 0 0 1 0 0 1 2 2 0 0 2 0 0 0 1
1 2 0 0 2 2 2 0 0 1 1 0 0 2 1 0 0 0 2 2 0 0 1 0 0 0 2
2 2 0 0 1 2 0 0 0 2 0 2 0 2 1 0 0 2 2 1 1 1 2 0 0 0 2
0 2 0 0 2 2 1 0 0 0 0 2 0 2 1 0 1 1 2 1 1 0 0 0 0 0 1
0 2 0 0 2 2 0 0 0 1 0 0 0 1 1 0 1 2 2 2 0 0 1 0 0 0 1
1 2 0 0 2 2 1 0 0 0 0 1 0 2 2 0 0 1 1 2 1 0 1 0 0 0 0
1 2 0 0 2 2 1 0 0 1 0 2 0 1 0 0 0 2 2 1 0 1 1 0 0 0 1
1 2 0 0 2 2 1 0 0 1 1 1 0 2 2 0 0 0 2 2 0 0 1 0 0 0 1
1 2 2 1 2 2 1 0 0 1 1 2 0 1 0 0 1 1 1 2 0 1 0 0 0 0 1
2 2 1 0 2 2 1 0 0 0 0 2 0 1 1 1 1 2 2 2 0 0 1 0 0 0 1
0 2 0 0 1 1 1 0 1 1 0 0 0 2 0 0 1 1 2 1 0 1 0 0 0 0 0
1 2 0 0 2 2 0 0 0 0 0 1 0 2 1 0 0 1 2 2 0 0 1 0 0 0 2
1 2 0 0 1 2 2 2 0 1 0 0 0 2 0 0 0 2 1 2 0 0 0 0 0 0 1
2 2 0 0 2 1 0 0 0 1 0 2 0 1 2 0 0 2 2 2 1 1 2 0 0 0 2
1 2 0 0 2 2 0 0 0 1 1 1 0 2 0 0 0 1 0 1 1 0 1 0 0 0 1
1 2 0 1 2 2 1 1 0 2 0 2 0 2 0 0 1 2 2 2 0 0 0 0 0 0 1
2 2 0 0 2 2 1 0 0 2 1 1 0 1 1 0 0 2 1 2 1 0 0 0 0 0 0
1 2 2 0 2 2 1 0 0 1 1 1 0 0 2 0 0 1 1 2 1 1 0 0 0 0 2
0 2 0 0 2 2 2 0 0 2 0 1 0 1 0 0 0 0 2 2 0 0 1 0 0 0 0
1 2 1 1 2 2 2 1 0 0 0 2 0 2 0 1 1 1 1 1 0 0 1 0 0 0 2
0 2 0 0 2 2 1 0 0 2 0 1 1 0 1 0 0 2 1 2 0 0 0 0 0 0 1
2 1 0 0 2 2 1 0 0 2 0 1 1 0 0 0 0 1 2 1 0 0 1 0 0 0 2
1 2 1 1 2 2 1 0 0 2 0 1 0 1 0 0 0 2 1 1 1 0 2 0 0 0 1
2 2 0 1 2 2 0 0 0 1 0 2 1 1 1 0 0 1 2 2 1 0 0 0 0 0 0
0 2 1 0 2 2 1 0 0 2 0 2 0 1 0 0 0 1 2 2 0 1 0 0 0 0 0
2 2 1 0 2 2 1 0 0 0 0 0 1 1 1 0 0 1 2 1 1 1 0 0 0 0 0
0 0 0 0 2 2 2 0 0 0 0 2 0 2 0 0 1 1 1 1 0 0 1 0 0 0 0
0 2 1 0 0 2 2 0 0 1 0 2 0 2 0 0 0 1 2 2 0 0 0 0 0 0 0
1 2 0 0 2 2 0 0 0 0 0 1 0 2 0 0 2 1 2 2 0 0 0 0 0 0 2
1 2 1 0 2 2 1 0 1 1 0 2 0 1 0 0 1 1 1 0 0 1 0 0 0 0 1
1 2 0 0 2 2 2 1 0 1 0 0 0 1 1 1 1 2 2 2 0 0 0 0 0 0 1
0 2 1 0 2 2 1 0 0 1 0 1 0 1 1 0 0 1 2 2 0 0 0 0 0 0 1
2 2 1 1 2 2 1 0 0 1 0 1 0 1 1 0 1 2 1 1 0 0 0 0 0 0 0
1 2 0 0 2 2 0 0 0 1 0 0 0 0 2 0 0 1 2 1 0 0 0 0 0 0 1
1 2 0 0 2 2 1 0 0 1 0 0 0 0 1 0 0 2 2 0 0 1 1 0 0 0 1
1 2 0 1 2 2 1 0 0 0 0 1 0 1 1 1 0 1 1 2 0 0 1 0 0 0 1
0 2 1 0 2 1 2 1 0 2 0 0 0 2 2 0 0 0 2 1 1 0 1 0 0 0 0
0 2 0 0 2 2 2 0 0 2 0 2 0 2 0 1 0 1 2 2 0 1 1 0 0 0 2
2 2 0 0 2 2 1 0 0 1 0 1 0 1 0 0 0 1 2 2 0 0 2 0 0 0 1
2 2 0 0 1 2 0 0 0 1 0 0 0 1 2 0 1 1 2 1 0 0 0 0 0 0 0
0 2 0 0 1 2 1 0 0 1 0 2 0 2 1 0 0 1 2 1 0 0 1 0 0 0 1
1 2 1 0 1 2 1 0 0 0 1 1 0 1 0 0 1 1 2 1 0 0 1 0 0 0 0
0 2 0 1 2 2 1 0 0 2 0 1 0 1 0 0 1 1 1 1 1 0 1 0 0 0 0
2 2 0 0 2 2 1 0 0 2 0 2 0 0 1 0 0 1 2 1 0 0 2 0 0 0 1
1 2 0 0 2 2 1 0 0 0 0 1 0 1 1 0 0 1 1 1 0 0 0 0 0 0 2
0 2 0 0 2 2 1 0 0 1 0 1 0 1 2 0 0 1 2 2 0 0 2 0 0 0 0
1 2 0 0 2 1 1 0 0 1 0 2 0 1 1 0 0 0 2 2 0 0 0 0 0 0 0
2 2 0 0 2 2 0 0 0 1 0 1 0 1 1 2 1 2 1 2 0 0 1 0 0 0 2
0 2 0 1 2 2 1 1 0 1 0 0 0 1 2 0 0 1 2 2 0 0 1 0 0 0 0
0 2 0 0 1 2 1 0 0 1 0 2 0 2 0 0 0 1 2 2 0 0 1 0 0 0 1
2 2 0 0 1 1 2 1 0 1 0 1 0 1 0 0 0 2 2 2 0 0 0 0 0 0 1
2 2 0 0 2 2 1 0 1 2 0 1 0 2 0 0 1 2 2 2 0 0 1 0 0 0 0
1 2 0 0 2 2 0 0 0 1 0 1 0 2 0 0 0 2 2 1 1 0 0 0 0 0 0
1 2 0 1 2 2 1 0 0 0 0 0 0 1 0 0 0 0 1 1 0 0 0 0 0 0 0
1 2 0 0 2 2 2 0 0 1 1 2 0 2 1 0 0 1 2 2 0 1 1 0 0 0 2
1 2 1 0 2 2 0 0 0 2 0 1 0 2 1 0 0 1 2 1 0 0 2 0 0 0 1
0 1 2 0 2 2 1 0 0 0 0 1 0 1 0 0 0 1 1 1 0 0 0 0 0 0 0
1 2 0 1 2 2 1 0 0 0 0 2 0 2 0 0 0 1 2 2 0 0 1 0 0 0 1
0 2 0 0 2 1 1 0 0 1 0 2 0 1 1 0 0 1 2 2 0 0 1 0 0 0 1
0 2 1 0 1 2 1 1 0 1 0 2 0 1 2 0 1 0 2 1 0 0 1 0 0 0 2
1 2 0 0 2 2 1 0 0 1 0 1 0 1 2 0 0 2 2 2 0 1 1 0 0 0 1
0 2 0 1 2 1 0 1 0 1 0 1 1 2 0 0 0 0 1 1 0 0 0 0 0 0 0
1 2 1 0 2 2 1 1 0 2 0 2 0 1 1 0 0 2 2 2 0 1 1 0 0 0 1
2 2 2 1 2 2 1 0 0 1 0 0 1 1 0 0 0 2 2 2 0 1 0 0 0 0 2
2 2 1 0 2 2 2 0 0 1 0 1 0 2 0 0 1 2 2 2 0 0 1 0 0 0 1
1 1 0 0 2 2 1 0 0 2 0 2 1 0 0 0 0 2 1 2 0 0 1 0 0 0 1
2 1 0 0 1 2 1 0 0 0 0 2 0 2 0 0 0 0 1 1 1 0 0 0 0 0 1
2 2 0 0 2 2 2 0 0 2 0 1 0 1 1 0 0 1 2 2 1 0 0 0 0 0 1
2 2 0 0 2 2 2 0 0 1 0 1 0 1 2 0 0 0 2 2 0 1 2 0 0 0 2
0 2 1 0 2 2 1 0 0 1 1 1 0 1 1 0 0 1 2 1 0 0 0 0 0 0 0
1 2 1 1 2 1 1 0 0 1 0 2 0 1 0 0 0 1 2 2 0 1 0 0 0 0 2
2 2 0 1 1 2 1 0 0 1 0 2 0 2 0 0 1 0 2 2 1 0 0 0 0 0 0
1 2 1 0 1 2 2 0 0 0 1 0 1 0 0 0 0 2 1 1 0 1 0 0 0 0 0
2 2 0 0 2 1 1 0 0 0 0 1 0 0 0 0 1 0 2 2 1 0 1 0 0 0 1
1 2 0 1 2 2 1 1 0 1 0 2 0 1 1 0 0 0 2 2 0 0 0 0 0 0 0
2 2 0 1 2 2 1 1 0 2 1 1 1 1 1 0 1 2 2 2 0 0 0 0 0 0 2
1 2 0 0 1 2 2 0 0 2 0 2 0 2 1 0 1 2 1 2 1 1 0 0 0 0 2
1 2 0 0 2 2 1 0 0 1 0 1 0 1 1 0 2 1 1 2 0 0 1 0 0 0 0
1 2 1 0 1 2 1 0 0 1 0 1 0 1 1 0 1 0 1 1 0 0 1 0 0 0 1
2 2 1 0 2 2 1 0 0 0 0 1 0 0 1 1 0 1 2 2 1 1 1 0 0 0 1
2 2 1 1 2 2 2 0 0 1 0 2 0 1 2 0 0 1 2 2 0 1 0 0 0 0 0
1 2 0 1 2 2 0 0 0 1 0 2 1 2 1 0 1 0 2 2 0 0 0 0 0 0 1
2 2 0 0 2 1 0 0 0 2 0 1 0 0 0 0 0 0 1 0 0 0 0 0 0 0 1
0 2 0 0 2 2 1 0 0 1 0 0 0 0 0 0 0 1 2 2 0 0 0 0 0 0 2
0 2 1 0 2 2 0 0 0 1 0 2 0 2 1 1 0 1 2 2 1 0 1 0 0 0 1
0 2 0 0 1 2 1 0 0 1 0 2 0 1 2 0 0 1 2 2 0 0 0 0 0 0 0
1 2 1 0 2 2 1 0 0 1 1 1 0 1 0 0 0 2 1 1 0 1 2 0 0 0 0
2 2 1 0 2 2 1 1 0 1 0 1 0 1 1 1 1 2 1 2 0 0 1 0 0 0 0
0 2 1 0 2 1 1 1 0 1 1 1 0 1 2 1 0 1 2 2 0 0 1 0 0 0 1
0 2 0 0 2 2 1 0 0 2 0 1 1 2 0 1 1 1 1 1 0 1 0 0 0 0 0
1 1 0 0 1 2 1 2 0 1 0 0 0 2 0 0 0 2 2 2 0 0 0 0 0 0 1
0 1 0 0 1 2 0 1 0 0 0 0 0 2 0 0 0 1 2 2 0 1 1 0 0 0 0
0 2 0 0 2 1 2 0 0 1 0 0 0 2 1 0 0 1 1 2 0 0 1 0 0 0 2
0 1 1 0 2 2 1 0 0 1 1 1 0 1 2 1 0 2 1 2 0 0 0 0 0 0 1
1 2 0 0 2 1 2 0 0 2 1 1 0 1 1 0 1 1 2 2 0 0 0 0 0 0 2
0 2 1 1 2 2 2 0 0 2 0 1 0 1 1 0 0 1 2 2 0 1 1 0 0 0 0
1 2 1 1 2 2 2 0 0 1 0 1 0 2 1 0 1 1 1 2 0 0 1 0 0 0 0
0 2 0 1 2 2 1 0 0 0 0 2 0 2 1 0 1 1 2 1 0 0 1 0 0 0 1
2 2 0 0 1 2 0 0 0 2 0 2 0 1 1 0 1 1 1 1 1 1 1 0 0 0 2
0 2 0 2 2 2 1 0 0 1 0 1 1 2 0 0 0 1 2 2 0 0 0 0 0 0 1
0 1 0 0 2 2 0 0 0 0 0 2 0 0 2 0 0 2 2 2 1 0 1 0 0 0 0
1 2 0 1 2 2 1 0 0 2 0 2 0 1 1 0 1 1 1 2 1 0 0 0 0 0 2
1 2 1 1 2 2 2 0 0 2 0 0 0 2 1 0 1 2 1 1 0 0 2 0 0 0 1
2 1 0 1 2 2 0 0 0 2 0 2 0 2 0 0 1 1 1 2 0 0 1 0 0 0 0
1 2 0 0 2 2 0 0 0 1 0 1 0 1 0 0 1 2 1 2 0 0 0 0 0 0 2
1 2 0 0 2 2 1 0 0 1 0 1 0 1 1 0 1 1 2 2 0 0 1 0 0 0 0
2 2 0 0 2 2 0 1 0 0 0 2 0 2 2 1 1 2 2 0 0 0 2 1 0 0 1
1 2 0 0 2 2 1 0 0 1 0 1 0 2 1 0 0 2 1 2 0 0 0 0 0 0 0
1 2 1 0 2 2 2 0 0 1 0 0 0 0 0 0 1 1 2 2 0 0 0 0 0 0 1
1 2 1 0 1 2 1 0 0 1 0 0 0 2 2 0 1 1 2 2 0 0 2 0 0 0 0
1 2 1 0 2 2 0 0 0 2 0 1 0 2 1 0 0 2 2 1 0 0 0 0 0 0 1
2 2 1 1 2 2 1 0 0 2 0 2 0 1 2 0 1 1 1 2 0 0 0 0 0 0 0
2 2 0 0 2 2 0 0 0 1 0 1 1 2 0 0 1 1 1 2 0 0 1 0 0 0 0
2 2 0 0 2 2 2 0 0 1 0 2 0 1 0 0 0 1 2 2 0 0 0 0 0 0 1
2 2 0 0 2 2 2 1 0 0 0 1 0 1 0 0 0 1 1 2 1 0 1 0 0 0 0
2 2 0 0 2 2 0 0 0 1 0 1 0 0 1 0 0 2 1 2 1 0 0 0 0 0 1
0 2 1 0 2 2 2 0 0 1 1 1 0 2 0 0 1 1 2 2 0 0 1 0 0 0 0
1 1 1 1 2 2 0 0 0 2 0 2 0 0 0 0 1 1 2 2 1 1 2 0 0 0 1
1 2 0 0 1 2 1 0 0 1 0 0 0 2 1 1 0 1 2 2 0 0 2 0 0 0 0
1 2 1 0 2 2 1 0 0 0 0 1 0 2 0 0 0 1 2 2 0 0 2 0 0 0 2
1 2 1 0 2 2 1 0 0 2 0 0 2 1 1 0 1 2 2 2 0 0 1 0 0 0 2
1 2 0 0 2 2 1 0 0 2 0 0 0 1 0 0 0 0 2 1 0 0 1 0 0 0 2
1 2 1 0 2 2 0 0 0 2 0 1 0 2 0 0 0 0 2 2 1 1 1 0 0 0 2
2 2 0 0 2 2 0 1 0 1 0 2 0 2 0 1 1 2 2 2 0 1 0 0 0 0 1
2 2 0 0 2 2 1 0 0 1 0 2 0 2 1 0 1 1 1 2 0 1 0 0 0 0 0
0 2 0 0 2 2 1 0 0 1 0 2 0 1 2 0 0 2 2 2 0 1 1 0 0 0 1
2 2 1 0 2 2 1 0 0 1 0 2 0 1 2 0 0 1 2 2 0 0 1 0 0 0 1
1 2 0 0 2 2 0 0 0 2 0 2 0 0 1 0 0 1 2 1 0 0 1 0 0 0 0
2 2 1 0 2 1 1 1 0 0 0 1 0 1 1 0 0 2 1 2 0 0 1 0 0 0 1
1 1 0 0 2 2 1 0 0 1 0 1 0 2 2 1 0 0 1 2 0 0 1 0 0 0 1
1 2 1 0 2 2 0 0 0 2 0 2 0 2 2 0 0 1 1 2 0 0 1 0 0 0 1
1 2 0 2 1 2 1 0 0 1 0 1 0 2 0 0 0 1 2 2 0 1 0 0 0 0 0
2 1 0 0 2 2 1 0 0 1 0 1 0 2 0 0 0 2 1 2 2 0 1 0 0 0 0
0 2 1 0 1 2 1 0 0 1 0 1 0 1 1 0 1 2 2 1 2 2 1 0 0 0 0
0 2 0 0 2 2 0 0 0 1 0 0 0 0 0 0 0 2 1 2 1 1 0 0 0 0 1
1 1 0 0 2 2 1 0 0 1 0 2 0 2 1 0 1 1 2 2 0 0 0 0 0 0 1
2 0 1 0 2 2 0 0 0 0 0 2 0 0 0 0 1 1 2 2 0 0 1 0 0 0 1
0 2 0 0 2 2 0 0 0 1 0 0 0 1 1 0 1 2 2 2 1 0 1 0 0 0 0
2 2 0 0 2 1 1 0 0 1 0 0 0 1 1 0 0 2 2 1 0 2 0 0 0 0 1
1 2 1 0 2 2 0 0 0 1 0 1 0 0 0 0 0 1 2 1 0 0 2 0 0 0 0
1 1 1 0 2 2 1 0 0 0 0 1 0 0 1 0 0 2 2 1 0 0 0 0 0 0 0
1 2 0 0 1 2 0 0 0 1 0 1 0 1 1 0 1 2 2 2 0 0 0 0 0 0 2
2 2 1 0 2 2 1 0 0 1 0 2 0 1 1 1 0 2 2 2 0 0 0 0 0 0 1
2 2 1 0 2 2 0 0 0 1 0 1 0 0 0 1 1 1 2 2 0 0 1 0 0 0 2
1 1 0 0 2 2 2 0 0 1 0 1 0 1 0 0 1 2 1 2 0 0 2 0 0 0 0
1 2 0 1 2 2 1 0 0 2 0 1 0 0 1 0 0 2 2 2 1 0 0 0 0 0 0
1 2 1 0 2 2 1 0 0 2 0 0 0 1 1 0 0 2 2 2 0 0 0 0 0 0 1
0 2 0 1 2 2 1 0 0 1 0 1 0 1 1 0 0 2 1 2 1 0 0 0 0 0 1
2 2 1 0 2 2 0 0 0 1 0 2 0 0 2 0 1 2 1 1 1 0 1 0 0 0 1
2 2 0 0 2 2 1 0 0 2 1 0 0 0 1 0 0 0 2 1 0 0 2 0 0 0 0
1 2 0 0 2 2 0 0 0 2 0 2 1 1 0 0 1 2 2 2 0 0 0 0 0 0 1
1 2 0 0 2 2 1 1 0 1 0 2 0 0 0 1 1 1 2 2 0 0 1 0 0 0 1
1 1 1 0 2 2 1 0 0 0 0 1 0 2 1 1 0 2 1 2 0 0 1 0 0 0 1
0 2 0 0 2 2 2 0 0 2 0 1 0 2 1 0 1 1 1 2 0 0 2 0 0 0 0
1 2 1 0 2 2 1 1 0 0 0 1 0 2 1 0 0 1 2 2 0 1 0 0 0 0 1
2 2 1 0 1 2 1 0 0 1 1 0 0 2 2 0 0 2 1 1 0 0 0 0 0 0 0
1 2 0 0 2 2 1 1 0 1 0 2 0 1 1 0 0 2 2 2 1 0 1 0 0 0 1
0 1 0 0 1 2 2 0 0 2 0 1 0 1 1 0 0 1 0 2 0 0 0 0 0 0 0
1 2 1 0 2 2 1 0 0 0 0 1 0 1 0 1 1 2 2 2 0 1 1 0 0 0 2
1 1 1 0 2 2 0 0 0 1 1 2 0 2 0 0 1 2 2 1 0 2 1 0 0 0 0
1 2 1 1 2 2 0 0 0 1 0 0 0 2 0 0 0 1 1 2 0 0 1 0 0 0 1
2 2 0 0 1 2 2 0 0 1 0 2 0 0 1 0 0 1 1 2 0 0 1 0 0 0 0
1 2 0 0 2 1 1 0 0 2 0 2 0 0 1 0 0 2 2 1 0 1 0 0 0 0 0
1 1 1 0 2 2 1 0 0 0 0 1 0 1 1 0 0 2 1 2 0 0 1 0 0 0 2
1 2 0 0 1 2 0 0 0 1 0 0 0 1 0 0 0 2 2 2 0 0 1 0 0 0 2
1 2 1 0 2 2 1 0 0 1 0 0 0 1 0 0 0 2 2 2 0 2 0 0 0 0 1
2 2 1 0 2 2 0 0 0 2 0 2 0 2 0 0 1 1 2 2 0 0 0 0 0 0 1
2 2 0 0 2 2 1 0 0 2 0 1 0 0 0 1 1 2 2 2 0 2 1 0 0 0 1
2 2 0 0 2 2 1 0 0 0 0 1 0 0 1 0 0 1 1 2 0 0 0 0 0 0 1
1 2 0 0 2 2 0 0 0 1 0 1 0 0 0 0 0 1 2 1 0 0 0 0 0 0 0
1 2 1 1 2 2 0 1 0 2 0 0 0 1 1 0 0 2 2 2 0 0 0 0 0 0 1
0 2 0 0 2 2 1 0 0 2 0 0 0 2 0 0 0 2 1 1 1 0 1 0 0 0 1
1 2 0 0 2 2 1 0 0 1 0 1 0 0 1 0 1 2 1 2 1 1 1 0 0 0 2
2 2 0 0 2 2 2 0 0 2 0 1 1 2 2 0 1 0 2 1 0 0 0 0 0 0 1
1 2 0 0 2 1 1 0 0 2 0 2 1 1 0 0 1 1 2 2 0 0 1 0 0 0 0
1 2 1 1 2 2 1 2 0 0 0 2 0 0 1 0 0 0 2 2 0 0 1 0 0 0 2
2 2 1 0 2 1 2 0 0 1 0 2 0 1 1 1 0 0 2 2 0 0 0 0 0 0 1
1 2 0 1 1 2 0 0 0 1 0 2 0 2 0 0 0 2 2 2 0 0 0 0 0 0 2
1 2 0 0 2 2 1 0 0 1 0 1 0 1 1 0 0 1 1 1 1 1 0 0 0 0 1
1 2 0 1 2 1 0 0 0 2 0 2 0 2 0 0 0 1 2 1 0 0 0 0 0 0 2
1 2 2 0 2 2 2 0 0 0 0 1 0 2 0 0 1 2 0 2 0 1 1 0 0 0 2
0 2 0 0 1 2 1 0 0 1 0 1 0 2 0 0 1 1 2 2 0 0 0 0 0 0 1
1 2 0 0 2 1 1 0 0 0 0 0 0 2 1 0 1 1 1 1 0 0 0 0 0 0 1
1 1 1 0 2 2 0 0 0 1 1 1 0 1 1 0 0 2 1 2 0 1 1 0 0 0 1
0 2 0 1 2 2 1 0 0 0 0 2 0 1 1 1 0 2 2 1 1 0 1 0 0 0 1
0 1 0 0 2 2 0 1 0 1 0 2 0 1 1 0 0 0 2 1 1 0 1 0 0 0 0
1 2 1 0 2 2 0 0 0 2 0 2 0 1 1 1 1 0 2 2 0 0 1 0 0 0 0
2 2 0 0 1 2 1 0 0 0 0 2 0 2 0 1 0 0 2 2 1 0 2 0 0 0 0
2 2 1 0 2 2 1 0 0 2 0 0 0 0 1 0 0 2 2 2 0 0 0 0 0 0 0
0 2 0 0 2 1 0 1 0 1 0 1 0 1 2 0 1 2 2 1 1 0 0 0 0 0 1
1 2 1 0 2 2 1 1 0 0 1 0 0 0 2 0 0 1 2 2 2 1 1 0 0 0 0
2 2 1 0 1 2 2 0 0 1 0 0 1 2 2 0 1 2 2 2 0 0 0 0 0 0 0
0 2 0 0 2 2 0 0 0 1 1 1 0 1 1 0 1 1 2 2 1 1 0 0 0 0 0
2 2 1 0 2 2 1 0 0 1 0 1 0 2 1 0 1 2 2 1 1 0 1 0 0 0 2
1 2 0 0 1 2 1 1 0 0 0 2 0 1 1 0 0 2 2 2 0 1 0 0 0 0 1
0 2 1 0 2 2 2 0 0 1 0 1 0 0 0 0 1 2 1 2 1 0 0 0 0 0 1
2 2 0 0 2 2 1 0 0 1 1 2 0 0 0 0 0 1 1 2 0 1 2 0 0 0 1
2 2 0 0 2 2 1 0 0 1 0 2 0 2 0 0 0 1 2 2 1 0 0 0 0 0 0
2 2 0 1 2 2 1 0 0 1 0 1 0 1 0 1 1 1 1 2 0 0 2 0 0 0 1
1 2 2 1 2 2 1 0 0 2 0 1 0 2 2 1 0 2 1 2 0 0 1 0 0 0 1
0 2 0 0 2 2 1 0 0 1 0 2 0 2 0 0 1 2 2 2 0 1 1 0 0 0 1
1 2 1 0 2 2 0 0 0 2 0 2 0 2 0 0 0 1 2 0 0 0 1 0 0 0 2
2 2 1 0 2 2 1 0 0 0 0 0 0 1 2 1 0 1 2 2 0 1 1 0 0 0 0
2 2 1 1 2 2 1 0 0 2 0 1 1 0 1 0 0 1 2 1 1 0 1 0 0 0 1
1 1 1 0 2 2 1 0 0 1 0 1 0 0 1 1 0 1 2 1 0 1 1 0 0 0 0
2 2 0 0 2 1 1 0 0 2 0 0 0 0 0 0 1 1 1 1 0 1 1 0 0 0 1
1 2 0 0 2 2 1 0 0 1 0 1 0 2 1 0 0 0 2 2 0 0 1 0 0 0 0
1 2 0 0 2 2 1 0 0 2 0 2 0 1 0 0 0 2 2 2 1 0 0 0 0 0 1
0 2 1 0 1 2 1 1 0 1 0 0 0 1 1 0 0 1 1 1 1 1 0 0 0 0 1
1 2 1 0 2 2 0 0 0 1 0 2 1 1 1 0 1 0 2 1 1 0 0 0 0 0 1
1 2 0 0 2 1 1 0 0 2 0 1 0 2 1 0 0 2 1 1 0 0 1 0 0 0 1
1 2 0 0 1 2 1 0 0 2 0 2 0 1 1 0 1 1 1 1 1 0 1 0 0 0 1
2 2 0 1 2 2 2 0 0 1 0 1 0 2 0 0 1 1 1 2 0 0 1 0 0 0 0
2 2 0 0 2 2 1 0 0 1 0 2 0 1 2 0 0 1 2 1 1 0 1 0 0 0 0
1 2 1 0 2 1 1 0 0 2 0 0 1 1 1 0 0 2 1 1 0 0 0 0 0 0 1
1 2 0 0 2 2 0 0 0 0 0 0 0 2 0 1 0 1 2 1 1 1 1 0 0 0 1
0 2 1 0 2 2 1 0 0 2 0 1 0 1 0 0 1 1 1 2 0 0 0 0 0 0 2
2 1 1 0 2 2 2 0 0 2 0 1 0 2 0 0 1 1 2 2 0 0 2 0 0 0 1
2 2 0 1 2 2 2 0 0 2 0 1 0 1 1 0 0 1 1 2 0 1 1 0 0 0 2
1 2 1 1 2 2 1 0 0 1 0 1 0 2 1 0 0 2 2 1 0 0 2 0 0 0 1
1 2 0 0 1 2 1 0 0 0 0 1 0 1 0 1 0 0 2 2 0 0 0 0 0 0 2
1 2 0 0 2 2 0 0 0 0 0 1 0 0 1 0 0 2 2 2 0 1 0 0 0 0 1
1 2 1 0 2 1 1 0 0 0 1 2 0 0 0 0 0 2 1 2 0 0 1 0 0 0 1
1 2 1 0 2 2 2 0 0 1 1 2 0 0 0 0 1 1 2 2 0 0 0 0 0 0 1
2 2 0 0 2 2 1 0 0 1 0 0 0 0 0 0 0 2 2 1 0 0 0 0 0 0 2
1 2 1 0 1 2 1 1 0 2 0 0 0 1 0 0 0 2 1 2 0 0 1 0 0 0 0
2 2 1 2 2 2 1 0 0 1 0 2 0 1 0 0 1 2 1 2 0 0 0 0 0 0 1
2 2 0 1 2 2 1 0 0 0 0 1 0 2 2 0 0 2 2 1 0 0 1 0 0 0 0
1 1 1 0 2 1 1 0 0 1 0 2 0 1 2 0 0 2 2 2 0 0 0 0 0 0 0
1 2 0 0 1 2 0 0 0 1 0 1 0 2 0 0 0 2 2 2 0 0 0 0 0 0 1
2 2 0 0 1 2 1 0 0 2 0 0 0 0 2 1 1 2 1 2 0 0 1 0 0 0 1
2 2 1 0 2 2 0 0 0 2 0 2 0 0 0 0 0 1 2 2 0 0 0 0 0 0 0
1 2 0 1 2 2 1 0 0 1 0 1 0 1 1 1 1 2 1 2 0 1 1 0 0 0 2
1 2 2 1 2 2 0 0 0 2 0 0 0 1 1 0 0 1 2 2 0 0 1 0 0 0 1
1 2 0 0 2 2 0 0 0 1 1 2 0 0 1 0 1 2 1 2 1 0 0 0 0 0 1
1 2 0 0 2 2 1 0 0 2 0 1 0 1 0 1 0 0 2 1 0 0 2 0 0 0 0
0 2 1 0 2 2 0 0 0 2 0 1 0 1 1 0 0 1 0 2 0 0 0 0 0 0 0
2 1 1 0 2 2 1 0 0 1 0 0 0 2 1 0 2 1 2 2 0 0 0 0 0 0 1
0 2 1 1 1 2 0 0 0 2 0 1 0 1 0 0 0 0 2 2 0 0 1 0 0 0 0
2 2 1 0 2 2 1 0 0 0 1 2 0 1 0 1 1 1 2 1 1 0 2 0 0 0 1
2 2 1 1 2 2 1 0 0 1 0 1 0 1 1 0 1 2 2 2 0 0 1 0 0 0 1
1 1 0 0 0 2 1 1 0 1 0 2 0 0 2 0 0 1 2 2 0 0 1 0 0 0 2
1 2 0 1 2 2 0 0 0 1 0 2 0 1 1 2 0 2 2 1 1 0 2 0 0 0 0
1 2 0 1 2 2 1 1 0 1 0 1 1 1 1 1 0 0 2 1 0 0 0 0 0 0 1
1 2 1 0 2 2 1 1 0 2 0 1 0 1 0 1 0 1 2 1 0 0 1 1 0 0 1
1 2 0 0 2 2 0 0 0 1 0 2 0 2 0 1 0 1 1 1 0 0 2 0 0 0 1
2 1 1 0 1 2 0 0 0 0 1 0 1 1 2 0 0 2 1 2 0 0 1 0 0 0 0
1 2 0 0 2 2 1 0 0 2 0 2 0 1 0 0 0 2 2 2 1 1 1 0 0 0 2
2 2 1 0 2 2 1 0 0 1 0 2 0 1 1 0 0 0 1 2 0 0 1 0 0 0 1
1 2 0 0 2 2 1 0 0 2 0 1 0 1 2 0 1 2 2 2 1 0 1 0 0 0 1
1 2 0 0 2 2 2 0 0 2 0 2 0 2 0 0 0 0 1 2 0 0 0 0 0 0 0
0 2 2 0 2 2 2 0 0 1 0 1 1 0 1 1 1 1 2 2 0 0 0 0 0 0 0
1 1 0 0 2 2 1 0 0 0 0 2 0 0 0 0 0 2 2 2 1 0 0 0 0 0 1
1 2 0 0 2 2 1 0 0 1 0 1 1 1 0 2 0 0 2 2 0 0 1 0 0 0 0
1 2 1 0 2 2 1 0 0 2 0 1 0 1 0 0 0 1 2 2 0 0 1 0 0 0 1
2 2 1 1 2 1 0 1 0 1 0 0 0 2 1 0 0 2 2 2 0 0 1 0 0 0 1
1 2 1 1 2 2 0 0 0 2 0 1 0 2 0 1 0 2 2 1 0 0 2 0 0 0 0
2 2 1 0 2 2 1 0 0 1 1 0 0 1 0 0 1 0 1 2 0 0 0 0 0 0 2
2 2 1 0 2 2 0 0 0 1 0 0 1 0 2 1 1 2 2 2 0 0 0 0 0 0 0
2 2 0 0 2 2 1 0 0 1 0 1 0 2 0 0 1 2 2 2 1 0 1 0 0 0 0
2 1 0 1 2 2 0 0 0 2 0 0 0 0 1 0 0 1 2 2 0 0 0 0 0 0 1
0 2 1 1 2 2 1 0 0 1 0 1 0 0 0 0 0 2 2 1 0 0 1 0 0 0 2
1 2 1 0 2 2 2 1 0 2 0 1 0 1 0 0 0 2 1 1 0 0 1 0 0 0 0
2 2 0 0 2 2 0 0 0 1 0 2 0 1 1 0 1 1 1 1 0 0 0 0 0 0 2
1 2 2 1 2 2 1 0 0 2 0 2 0 1 0 0 0 1 2 1 2 1 1 0 0 0 0
1 2 1 2 2 2 1 1 0 1 0 2 0 2 1 1 0 1 1 1 1 0 1 0 0 0 1
2 2 0 0 2 2 1 0 0 2 0 1 0 1 0 0 0 2 2 1 0 0 0 0 0 0 0
0 2 0 0 2 2 1 0 0 2 0 1 0 2 0 0 1 1 1 2 0 0 0 0 0 0 0
2 1 0 0 2 2 1 0 0 1 0 0 0 1 0 1 0 1 2 2 0 0 1 0 0 0 0
2 2 0 0 2 2 1 0 0 1 0 1 1 2 1 0 0 1 2 2 0 0 1 0 0 0 1
1 1 1 0 1 2 1 0 0 1 0 0 0 0 1 0 1 1 2 2 0 1 0 0 0 0 0
0 2 0 0 2 2 2 0 0 1 0 2 0 2 0 0 1 2 2 2 1 1 1 0 0 0 0
0 2 0 0 2 2 1 0 0 2 1 1 0 2 1 0 1 2 1 2 0 1 0 0 0 0 1
1 2 0 0 2 2 1 0 0 1 0 2 0 1 1 0 1 1 2 2 0 0 1 0 0 0 0
1 2 1 0 2 1 1 0 0 0 0 2 0 1 1 0 0 2 2 2 1 0 1 0 0 0 1
2 2 0 0 2 2 1 0 0 1 0 1 0 1 0 0 0 2 2 2 0 0 1 0 0 0 0
1 2 0 0 2 2 1 0 0 1 0 1 0 2 1 1 1 2 2 2 0 0 0 0 0 0 0
0 2 0 1 2 2 1 0 0 1 0 1 0 2 0 1 0 2 2 2 0 0 1 0 0 0 1
2 2 0 0 2 2 0 0 0 1 0 1 0 0 0 0 0 1 1 2 1 0 0 0 0 0 0
1 1 1 1 2 2 0 0 0 1 0 2 0 0 0 0 0 2 2 2 0 0 0 0 0 0 0
2 2 0 1 2 2 1 0 0 1 0 0 1 1 0 1 0 1 1 2 0 0 0 0 0 0 0
0 1 0 1 2 2 1 0 0 1 0 1 0 2 1 0 1 1 2 2 0 0 0 0 0 0 0
0 1 2 0 2 2 0 0 0 1 0 0 0 2 1 1 1 2 2 1 0 0 1 0 0 0 1
2 2 1 1 2 2 0 0 0 2 0 2 0 0 0 0 1 1 2 2 0 0 1 0 0 0 0
1 1 1 0 2 2 1 0 0 0 0 2 0 1 1 0 1 2 2 1 0 0 0 0 0 0 0
0 2 0 1 2 2 1 1 0 2 0 2 0 0 2 0 2 1 2 1 0 1 0 0 0 0 0
2 2 2 0 2 2 1 0 0 2 0 1 0 1 1 1 0 1 2 2 0 0 0 0 0 0 0
1 2 1 0 2 2 1 0 0 2 0 2 0 1 2 1 1 2 2 2 0 0 2 0 0 0 1
1 2 1 1 2 2 0 0 0 2 0 2 0 0 0 0 1 2 2 2 0 0 0 0 0 0 1
0 1 1 0 2 2 0 0 0 0 0 1 0 1 1 0 0 0 1 2 0 0 2 0 0 0 2
0 2 1 0 2 2 1 0 0 0 0 1 0 1 1 0 1 1 1 2 0 0 0 0 0 0 1
1 1 1 1 1 2 1 0 0 1 0 1 0 1 1 0 0 2 2 2 0 1 1 0 0 0 0
1 2 1 2 2 2 1 0 0 1 0 1 0 1 2 0 1 0 2 2 0 0 1 0 0 0 1
2 2 0 0 2 2 0 0 0 1 0 1 0 0 2 1 1 2 2 2 0 0 1 0 0 0 1
1 2 2 1 2 2 2 0 0 1 0 1 0 1 1 0 1 2 2 2 0 0 1 0 0 0 0
2 2 1 1 2 2 2 1 0 0 0 2 0 2 1 1 0 2 2 2 0 1 1 0 0 0 0
0 2 1 1 1 2 0 0 0 2 0 0 0 2 1 0 0 1 2 1 0 0 0 0 0 0 2
2 2 1 1 2 1 0 0 0 1 0 2 0 2 1 1 1 1 1 2 0 1 1 0 0 0 1
1 2 1 0 2 2 0 0 0 2 0 1 1 0 1 1 1 1 2 2 0 0 1 0 0 0 1
2 2 0 1 2 2 2 0 0 2 0 2 0 1 2 0 1 2 2 2 0 0 1 0 0 0 1
1 2 1 0 2 2 0 1 0 2 0 2 1 1 1 0 0 0 2 1 0 1 1 0 0 0 2
1 2 1 0 2 2 1 0 0 1 0 1 0 1 0 1 0 1 2 1 2 0 0 0 0 0 2
1 2 0 0 2 2 1 1 0 2 0 2 0 1 0 1 0 2 2 2 0 1 0 0 0 0 2
2 2 1 0 1 2 0 0 0 1 0 1 0 2 0 0 1 0 1 2 0 0 0 0 0 0 1
0 2 0 0 2 2 2 0 0 2 0 2 0 0 0 0 1 1 0 1 0 0 0 0 0 0 0
1 2 0 0 2 2 1 0 0 2 0 2 0 1 0 0 0 1 2 2 0 0 0 0 0 0 1
1 2 0 0 2 2 1 0 0 1 0 2 0 2 0 0 0 1 2 1 0 0 1 0 0 0 1
0 2 1 1 0 2 2 1 0 2 0 1 0 2 2 0 0 0 2 2 0 0 1 0 0 0 1
1 2 0 1 2 2 0 0 0 1 0 2 0 1 1 0 1 2 1 2 0 1 0 0 0 0 1
1 2 0 1 2 2 0 0 0 1 0 0 0 2 1 1 0 2 2 0 1 0 1 0 0 0 0
1 2 0 1 2 2 1 0 0 0 0 0 0 0 1 0 0 2 2 1 0 1 0 0 0 0 1
1 2 1 0 2 2 2 0 0 0 0 1 0 1 1 0 0 2 2 2 1 0 1 0 0 0 0
1 2 1 1 2 2 2 0 1 2 0 2 0 1 1 0 1 0 2 2 0 0 0 0 0 0 1
0 2 0 0 2 2 0 1 0 2 0 0 0 2 2 1 0 2 1 1 0 0 0 0 0 0 0
0 2 1 0 2 2 2 0 0 1 1 1 0 1 1 1 1 1 2 2 1 0 0 0 0 0 1
1 2 0 0 2 2 1 0 0 1 0 1 0 0 0 0 0 1 2 2 0 0 1 0 0 0 0
1 2 0 0 2 2 0 0 0 1 0 1 0 0 1 0 1 2 1 1 0 1 0 0 0 0 1
1 2 0 0 2 2 1 0 0 0 0 2 0 0 2 0 1 2 1 2 0 1 1 0 0 0 0
1 2 1 0 1 2 1 0 0 1 0 1 1 1 1 0 0 2 2 1 0 0 1 0 0 0 0
1 2 0 0 2 1 1 0 0 1 0 1 0 2 1 1 0 0 2 1 0 0 1 0 0 0 2
1 2 1 0 2 2 1 0 0 2 0 2 0 2 0 0 1 1 2 2 0 0 0 0 0 0 0
1 2 0 0 2 2 0 1 0 1 0 2 0 1 1 0 1 2 2 2 1 0 0 0 0 0 2
1 2 0 0 2 2 1 0 0 0 0 0 0 1 0 0 0 0 1 2 1 1 1 0 0 0 1
1 2 0 0 2 2 1 0 0 0 1 2 0 1 1 0 1 1 1 2 0 0 0 0 0 0 1
1 2 0 0 2 2 1 0 0 1 0 2 0 1 1 1 0 2 1 2 0 0 0 0 0 0 1
2 2 1 0 2 2 2 0 0 2 0 2 0 1 0 0 0 2 2 2 0 0 1 0 0 0 0
0 2 0 0 1 2 0 0 0 2 0 1 0 0 1 0 0 2 1 2 1 1 0 0 0 0 0
1 2 0 0 2 2 1 0 0 2 0 2 0 1 0 0 0 1 2 1 0 1 2 0 0 0 0
2 2 0 0 1 2 1 0 0 1 0 1 0 1 1 0 1 0 2 2 1 0 0 0 0 0 1
0 1 0 0 2 2 0 0 0 1 0 1 0 0 0 0 1 2 1 2 1 0 0 0 0 0 0
2 2 0 0 2 2 0 0 0 2 0 1 0 1 1 0 1 0 2 1 1 0 0 0 0 0 2
0 2 0 0 0 2 0 1 0 1 0 2 0 1 2 0 0 1 2 1 0 0 0 0 0 0 2
2 2 0 0 2 1 1 0 0 1 0 1 0 2 0 0 1 1 2 2 0 0 2 0 0 0 0
2 2 0 0 2 2 0 0 0 1 0 2 0 1 0 0 1 2 2 2 1 0 0 0 0 0 1
2 2 0 1 2 2 1 0 0 1 0 1 0 0 1 0 0 1 2 1 0 0 1 0 0 0 1
1 2 1 0 2 2 1 0 0 1 0 1 0 0 1 0 0 0 2 2 0 0 0 0 0 0 0
1 2 0 1 2 2 0 0 0 2 0 1 0 0 2 0 0 1 2 1 0 0 1 0 0 0 1
0 2 0 1 2 2 1 1 0 1 1 1 0 2 0 0 2 1 2 0 0 1 1 0 0 0 1
2 2 0 0 2 2 0 1 0 1 0 1 0 1 1 0 1 1 0 2 0 0 1 0 0 0 2
2 2 0 1 2 2 1 0 0 2 0 2 0 2 1 1 0 1 2 2 0 0 1 0 0 0 1
1 2 0 1 2 2 0 0 0 2 0 1 0 0 0 0 0 1 2 2 0 1 0 0 0 0 1
0 2 0 0 2 2 1 0 0 1 0 2 0 2 1 1 0 0 1 1 0 0 1 0 0 0 1
1 1 0 0 2 2 1 0 0 0 0 1 0 2 1 0 0 1 0 2 0 0 1 0 0 0 2
1 1 0 0 2 2 1 0 0 2 0 2 0 1 0 0 1 1 1 1 0 1 0 0 0 0 1
2 2 0 0 2 2 0 0 0 1 0 2 0 2 1 0 0 2 1 2 1 0 1 0 0 0 1
2 2 0 0 1 2 0 0 0 1 0 2 1 0 2 0 1 2 2 2 0 0 2 0 0 0 2
1 2 0 0 1 2 2 0 0 1 0 2 0 1 2 0 0 2 2 2 0 0 0 0 0 0 2
1 2 0 1 2 2 2 0 0 1 0 2 0 1 1 0 1 0 2 2 1 0 1 0 0 0 2
0 2 0 0 2 2 2 1 0 2 0 2 0 1 0 0 1 2 2 1 1 0 0 0 0 0 1
1 2 0 0 1 2 1 0 0 0 0 0 0 0 2 0 0 1 1 2 0 0 1 0 0 0 1
2 2 0 0 2 2 1 0 0 2 0 2 0 2 1 0 0 2 1 2 0 1 2 0 0 0 1
1 2 0 0 2 2 1 0 0 2 0 2 0 0 0 0 0 2 2 1 0 0 0 0 0 0 0
1 2 0 1 2 2 1 0 0 1 0 1 0 2 2 0 0 1 2 2 0 0 0 0 0 0 2
1 2 0 0 2 2 1 1 0 1 0 0 0 1 2 0 0 2 2 2 1 0 0 0 0 0 2
1 2 1 0 2 2 0 0 0 1 0 0 0 2 2 0 0 1 2 2 0 0 1 0 0 0 0
0 2 0 0 2 2 1 0 0 1 0 2 0 1 1 1 0 2 2 2 1 0 1 0 0 0 1
1 2 1 0 2 2 0 0 0 1 1 2 0 2 2 0 0 1 2 1 2 0 1 0 0 0 0
2 2 0 0 2 2 0 1 0 2 0 1 0 1 2 0 1 2 1 2 0 0 1 0 0 0 0
1 2 2 0 2 2 0 0 0 1 0 1 0 1 1 1 1 1 2 1 0 0 1 0 0 0 2
0 1 0 0 2 2 0 0 0 1 0 0 0 1 2 0 0 0 2 1 1 0 1 0 0 0 1
0 2 0 0 2 2 2 0 0 1 0 1 0 1 2 0 0 1 1 1 0 0 0 0 0 0 1
2 2 0 0 2 2 0 0 0 2 0 2 0 2 1 0 0 2 2 2 1 0 1 0 0 0 0
1 2 1 0 2 1 1 0 0 2 0 1 0 1 1 0 0 2 2 2 0 0 1 0 0 0 0
2 2 1 0 2 2 1 1 0 1 0 0 0 1 0 0 0 1 0 2 1 1 2 0 0 0 0
2 2 0 0 2 2 0 0 0 1 0 2 0 1 2 0 0 2 2 1 0 0 1 0 0 1 1
1 2 1 0 2 2 1 0 0 2 0 0 0 1 1 0 0 0 2 1 0 0 1 0 0 0 0
2 1 0 0 2 2 1 0 0 0 0 2 0 2 0 0 0 1 1 2 2 0 1 0 0 0 0
0 2 0 0 2 2 1 0 0 1 0 0 0 1 0 0 0 1 2 2 0 0 1 0 0 0 1
1 2 0 0 2 2 1 0 0 0 0 1 0 1 1 0 0 1 2 2 1 0 0 0 0 0 1
1 2 0 0 2 2 0 0 0 1 0 2 0 2 0 0 0 2 1 2 0 1 1 0 0 0 0
1 2 0 0 1 2 0 0 0 2 0 1 0 2 0 1 1 0 2 2 0 0 0 0 0 0 0
1 2 0 0 2 2 1 0 0 1 0 2 0 1 1 0 0 2 1 2 0 0 0 0 0 0 2
2 2 0 0 2 2 1 0 0 1 0 1 0 1 1 0 1 2 2 2 0 0 1 0 0 0 1
2 2 0 0 2 2 0 0 0 2 0 1 0 1 0 0 0 2 1 1 0 0 0 0 0 0 0
1 2 0 0 2 1 0 0 0 1 0 2 0 2 0 0 0 1 1 2 0 1 2 0 0 0 1
1 2 0 0 2 2 1 0 0 1 0 2 0 0 1 0 1 0 2 2 1 0 0 0 0 0 0
1 2 0 0 1 2 1 0 0 1 0 2 0 1 0 0 0 1 1 2 0 0 0 0 0 0 0
2 2 0 0 1 2 1 0 0 2 0 1 0 1 0 0 0 2 2 2 0 0 1 0 0 0 0
2 2 1 0 1 2 2 0 0 1 0 1 0 1 0 0 0 1 2 2 0 0 1 0 0 0 0
1 2 1 0 2 2 0 0 0 1 0 2 0 0 2 1 1 1 2 2 1 0 1 0 0 0 2
1 2 0 0 2 2 0 0 0 0 1 2 0 1 0 0 0 1 2 2 1 0 2 0 0 0 1
1 2 0 0 2 2 1 0 0 1 0 2 0 2 0 0 0 0 1 2 0 0 2 0 0 0 1
1 2 1 0 2 2 0 0 0 2 0 1 0 0 1 1 0 1 2 2 1 0 1 0 0 0 0
1 2 0 0 2 1 1 0 0 1 0 1 0 1 1 0 1 2 2 2 0 0 2 0 0 0 0
2 2 1 0 2 2 2 1 0 1 0 1 0 0 0 0 0 2 2 2 1 1 1 0 0 0 1
2 2 1 0 2 2 1 0 0 2 0 0 0 0 0 0 0 1 2 1 0 0 0 0 0 0 0
1 2 0 0 2 2 2 0 0 1 0 2 0 1 1 1 0 1 1 2 0 0 0 0 0 0 2
0 2 1 0 2 2 0 0 0 1 0 1 1 1 2 0 0 2 2 2 1 0 1 0 0 0 1
1 2 0 0 2 2 2 1 0 1 1 2 0 2 0 0 1 0 1 2 0 0 2 0 0 0 1
1 2 0 0 2 2 1 0 0 2 0 0 0 1 0 0 1 1 2 2 0 0 0 0 0 0 0
2 1 1 0 2 2 2 0 0 2 0 1 0 1 2 0 1 2 2 2 1 1 0 0 0 0 1
2 2 0 0 2 2 1 0 0 1 0 2 0 1 0 0 0 2 1 0 0 0 1 0 0 0 2
1 2 0 0 2 2 0 0 0 1 0 2 0 0 0 0 0 2 2 2 0 0 1 0 0 0 2
1 2 1 0 1 2 1 0 0 2 0 1 0 1 2 0 0 2 1 2 0 0 0 0 0 0 1
1 2 1 0 2 2 1 0 0 1 0 1 0 1 1 0 1 2 2 1 0 0 1 0 0 0 2
2 2 0 0 2 2 2 1 0 0 0 2 0 0 0 0 1 1 2 1 0 0 1 0 0 0 1
2 2 0 0 2 2 0 0 0 2 0 1 0 2 1 0 1 1 2 1 0 0 2 0 0 0 0
1 2 1 0 2 2 1 0 0 1 0 0 0 1 0 0 1 2 1 1 0 0 1 0 0 0 1
1 2 0 0 2 2 2 0 0 0 0 0 0 1 0 0 0 2 2 2 0 0 0 0 0 0 0
2 2 0 0 2 2 0 0 0 2 0 0 0 1 0 1 2 1 2 2 2 0 0 0 0 0 0
1 2 0 0 2 2 1 0 0 1 0 1 0 2 1 0 1 0 2 1 0 1 1 0 0 0 1
1 1 0 0 2 2 0 0 0 0 1 2 0 1 1 0 0 2 2 2 1 0 0 0 0 0 1
1 2 0 0 2 2 0 0 0 1 0 2 1 2 1 1 1 2 2 2 0 0 1 0 0 0 0
1 2 0 0 2 2 0 0 0 2 0 2 0 1 0 0 1 2 1 1 0 1 1 0 0 0 1
0 1 0 0 2 2 0 0 0 2 0 2 0 0 1 0 0 1 2 2 0 1 1 0 0 0 0
0 2 1 0 2 2 1 0 0 1 0 2 0 0 2 0 0 1 2 2 0 0 0 0 0 0 1
1 2 1 0 2 2 1 0 0 2 0 1 0 0 2 0 0 1 1 2 1 0 1 0 0 0 1
1 2 0 0 1 2 1 0 0 2 0 0 0 0 0 0 1 1 2 2 1 1 2 0 0 0 1
0 2 0 0 2 2 0 0 0 1 0 1 1 1 1 0 0 2 0 2 0 0 1 0 0 0 0
2 2 0 0 2 2 0 0 0 1 0 1 0 1 1 1 1 1 0 2 0 0 0 0 0 0 1
1 2 1 0 2 2 0 0 0 1 0 0 0 0 1 2 0 2 2 1 0 0 1 0 0 0 1
1 2 1 0 2 1 0 1 0 0 0 1 0 2 0 0 1 0 1 2 1 0 1 0 0 0 1
0 2 0 0 2 1 1 0 0 1 0 0 0 2 1 0 1 1 2 2 0 0 1 0 0 0 1
1 2 1 0 2 2 0 0 0 1 0 2 0 1 1 0 1 1 2 2 0 1 1 0 0 0 0
1 2 1 0 2 2 0 0 0 0 0 1 0 1 1 0 1 2 2 1 0 1 0 0 0 0 0
0 2 0 0 2 2 1 0 0 1 0 1 0 2 1 0 0 2 2 2 0 0 1 0 0 0 1
0 2 1 0 2 1 1 0 0 1 0 1 1 1 0 0 0 1 2 2 1 0 1 0 0 0 1
1 1 1 1 2 2 0 1 0 2 0 2 0 1 1 0 0 1 2 2 0 0 0 0 0 0 1
1 2 0 0 2 2 1 0 0 1 0 1 0 1 1 0 1 2 1 1 0 0 1 0 0 0 1
2 2 0 0 1 2 0 0 0 1 0 2 1 0 1 0 0 1 1 2 0 0 0 0 0 0 0
1 2 0 0 2 2 1 0 0 1 0 1 0 2 1 0 0 0 2 1 0 0 0 0 0 0 0
1 2 0 0 2 2 1 0 0 1 0 1 0 1 1 1 0 2 2 2 0 0 1 0 0 0 1
1 2 0 1 2 2 2 1 0 1 0 2 0 0 1 0 0 1 1 2 0 0 0 0 0 0 2
1 2 1 0 1 2 1 1 0 1 0 1 0 1 0 0 0 2 1 1 0 0 1 0 0 0 1
2 2 2 0 2 2 1 1 0 1 0 1 0 0 1 0 0 2 2 1 1 1 0 0 0 0 2
0 1 0 0 2 2 0 2 0 1 0 2 0 0 0 0 0 2 1 2 0 1 1 0 0 0 1
1 1 1 0 2 2 0 0 0 0 0 2 0 1 0 1 1 1 2 1 0 0 1 0 0 0 0
0 2 0 0 2 2 1 0 0 1 0 2 0 0 0 1 0 2 2 2 0 2 1 0 0 0 0
2 2 1 1 2 2 0 0 0 2 0 1 0 0 2 0 2 2 1 2 0 1 0 0 0 0 2
2 2 0 0 1 2 1 0 0 1 0 1 0 2 0 1 1 0 2 2 0 0 1 0 0 0 1
1 2 1 1 2 2 1 0 0 1 0 2 0 1 0 1 0 2 2 2 1 0 0 0 0 0 0
1 2 0 0 2 2 0 1 0 1 0 1 0 2 1 0 1 1 2 2 0 0 1 0 0 0 2
2 2 0 0 2 2 0 0 0 0 0 1 0 2 0 0 1 2 1 1 0 0 0 0 0 0 1
1 2 0 0 2 2 0 0 0 1 0 2 0 2 0 1 1 1 2 2 0 0 2 0 0 0 0
0 2 0 0 2 2 1 0 0 2 0 2 0 1 1 0 1 1 1 2 0 0 2 0 0 1 1
1 2 0 0 2 2 1 0 0 1 0 2 0 1 0 0 1 1 1 2 0 1 1 0 0 0 1
2 1 2 0 2 2 1 0 0 0 0 2 0 1 0 1 1 2 2 1 0 0 0 0 0 0 1
0 2 0 0 2 2 1 0 0 2 0 1 0 1 1 1 0 1 2 2 1 0 2 0 0 0 0
2 2 1 0 2 2 1 0 0 0 0 2 0 1 2 0 0 2 2 2 1 0 1 0 0 0 0
0 1 0 0 2 2 1 0 0 2 0 1 1 0 1 0 0 1 2 1 1 0 1 0 0 0 1
1 2 1 0 1 2 1 0 0 0 0 0 0 2 1 0 0 2 2 2 0 0 2 0 0 0 2
1 1 1 0 2 2 1 1 0 1 0 1 0 2 1 0 0 2 1 1 0 0 1 0 0 0 0
1 1 1 1 1 2 1 0 0 0 0 2 0 1 2 1 1 2 1 1 0 1 0 0 0 0 1
0 2 1 0 2 2 0 0 0 1 0 0 0 1 1 1 0 2 1 2 1 0 1 0 0 0 1
2 2 1 0 2 2 1 0 0 1 0 1 0 2 0 1 0 1 2 1 0 0 1 0 0 0 0
1 2 2 1 2 1 0 0 0 0 0 1 0 1 2 0 0 1 2 2 0 1 2 0 0 0 0
1 2 0 0 2 2 2 1 0 1 0 2 1 1 1 0 0 2 2 2 0 0 0 0 0 0 0
0 2 0 0 2 2 0 0 0 0 0 2 0 1 1 0 0 2 2 1 1 1 0 0 0 0 1
2 2 0 0 1 2 0 0 0 0 0 1 0 0 0 0 0 2 2 2 0 0 1 0 0 0 0
1 2 1 0 2 2 0 0 0 2 0 0 1 1 0 0 0 2 2 1 0 0 1 0 0 0 1
1 2 0 0 2 2 1 0 0 2 0 1 0 2 1 0 0 2 1 2 0 0 0 0 0 0 2
0 2 0 0 2 2 0 0 0 2 0 1 1 0 0 0 0 2 1 2 1 0 1 0 0 0 0
1 2 0 0 2 2 1 0 0 0 0 0 0 1 1 0 0 2 1 2 1 0 0 0 0 0 1
2 2 0 2 2 2 1 0 0 2 0 0 0 1 0 0 0 1 1 2 1 1 1 0 0 0 0
1 0 1 1 2 2 1 0 0 2 1 2 0 2 1 0 0 1 2 2 0 0 1 0 0 0 2
2 2 2 0 2 2 0 0 0 1 0 2 0 1 0 0 0 2 2 1 1 1 0 0 0 0 0
2 2 0 0 1 2 1 0 0 1 0 1 0 0 1 0 1 0 2 2 0 0 0 0 0 0 2
0 2 0 1 1 2 1 0 0 1 0 1 0 0 1 0 0 1 2 2 0 0 1 0 0 0 0
1 2 1 0 2 2 1 0 0 1 0 1 0 0 0 0 0 2 2 2 0 0 1 0 0 0 0
1 2 1 1 2 2 1 0 0 1 0 0 0 1 0 0 1 1 2 2 1 0 1 0 0 0 0
2 2 0 0 2 2 1 0 0 1 0 2 0 1 0 0 1 1 2 2 1 1 0 0 0 0 0
1 2 0 0 1 2 2 0 0 2 0 1 0 1 1 0 0 2 2 2 2 0 0 0 0 0 0
2 1 1 0 1 2 1 0 0 0 0 2 1 0 2 0 1 2 1 2 0 0 2 0 0 0 1
1 2 1 1 2 1 1 1 0 1 0 2 0 2 0 0 2 2 2 1 0 0 1 0 0 0 2
2 2 0 1 2 2 0 0 0 1 0 2 0 1 0 0 0 2 2 2 0 1 1 0 0 0 1
2 2 0 0 2 2 1 0 0 1 0 2 0 1 0 0 1 0 2 2 0 0 1 0 0 0 1
1 2 1 0 2 2 2 0 0 1 0 2 0 1 0 1 0 1 1 2 0 0 0 0 0 0 1
2 2 1 0 2 2 1 0 0 2 0 2 1 2 1 0 0 2 1 1 0 0 0 0 0 0 1
1 2 0 0 2 2 1 0 0 1 0 0 0 2 0 1 0 2 1 2 0 0 0 0 0 0 1
1 2 0 0 2 2 1 0 0 1 0 2 0 1 1 0 0 1 2 2 0 0 1 0 0 0 1
0 2 1 0 1 2 0 0 0 0 1 0 0 1 0 0 1 2 2 2 0 0 2 0 0 0 1
2 2 0 1 2 2 1 0 0 0 0 2 0 1 0 0 0 1 1 1 0 0 1 0 0 0 1
2 2 1 0 2 1 1 0 0 2 0 2 0 1 0 1 1 2 1 2 0 1 0 0 0 0 1
2 1 0 0 1 2 0 0 0 1 0 2 0 1 0 0 0 1 2 2 0 2 0 0 0 0 2
2 2 1 1 2 2 2 0 0 2 0 2 0 2 0 0 0 1 1 2 0 0 0 0 0 0 1
0 2 0 0 2 2 2 0 0 2 0 1 0 1 0 0 1 2 2 1 1 1 0 0 0 0 0
2 2 0 0 2 2 1 1 0 2 0 1 0 2 0 1 1 1 1 1 0 0 1 0 0 0 1
1 2 0 0 2 2 2 0 0 2 0 1 0 2 1 2 1 2 2 2 0 0 1 0 0 0 2
1 2 1 0 2 2 1 0 0 1 0 2 0 1 1 0 0 1 2 1 1 0 1 0 0 0 1
2 2 0 0 2 2 0 0 0 2 0 1 0 0 1 0 1 1 1 2 0 0 1 0 0 0 1
2 2 1 1 2 2 2 1 0 2 0 1 0 1 0 0 0 1 2 2 1 0 0 0 0 0 1
1 1 1 0 2 2 2 0 0 1 0 1 0 0 1 0 0 1 2 1 0 1 0 0 0 0 1
0 2 0 0 2 2 1 0 0 1 0 1 0 1 0 1 2 1 2 1 0 0 1 0 0 0 0
1 2 0 0 2 2 2 0 0 2 0 0 0 1 1 0 0 2 2 2 0 0 1 0 0 0 0
1 2 0 1 2 2 1 0 0 1 0 2 0 1 1 0 0 2 2 2 0 0 1 0 0 0 0
1 2 0 0 2 2 0 0 0 1 0 2 0 1 1 0 0 2 2 2 0 0 0 0 0 0 1
2 2 0 0 1 1 2 0 0 1 1 2 0 1 0 0 0 1 1 1 1 0 0 0 0 0 2
1 2 0 0 2 2 0 0 0 0 0 2 0 2 0 0 0 1 1 1 0 0 1 0 0 0 2
1 1 0 0 2 2 2 0 1 2 0 1 0 2 2 2 0 0 2 2 1 0 0 0 0 0 1
1 2 0 1 2 2 0 1 0 2 0 1 0 1 0 0 1 1 2 1 0 0 0 0 0 0 1
1 2 0 1 2 2 0 0 0 1 0 1 0 0 0 0 1 2 1 1 0 1 0 0 0 0 2
2 2 0 0 1 2 1 0 0 1 0 2 0 2 2 0 1 2 2 2 0 0 1 0 0 0 2
2 2 0 0 2 2 0 0 0 1 0 0 0 1 0 1 0 2 1 2 0 0 0 0 0 0 1
1 2 0 0 2 2 1 0 0 2 1 2 0 2 1 0 0 2 1 2 0 0 0 0 0 0 1
2 2 0 0 1 2 2 0 0 2 0 1 0 0 1 0 1 1 2 2 1 1 1 0 0 0 1
1 1 0 0 2 2 2 0 0 2 0 1 1 1 2 0 0 2 1 2 0 0 0 0 0 0 0
2 2 1 0 2 2 1 0 0 2 0 2 0 1 0 0 0 2 1 2 0 0 1 0 0 0 2
0 2 1 0 2 1 0 0 0 1 0 0 0 1 0 0 0 1 1 1 0 0 1 0 0 0 1
2 1 0 0 1 2 1 0 0 1 1 1 0 0 2 2 0 2 1 2 0 0 0 0 0 0 1
0 2 0 0 2 2 0 0 0 0 0 1 0 0 2 0 0 2 1 2 1 1 0 0 0 0 1
1 2 0 0 2 2 1 0 0 1 0 2 0 2 0 0 0 2 1 2 0 0 0 0 0 0 0
2 1 1 0 2 2 1 0 0 0 0 2 0 1 0 0 0 0 1 2 0 0 1 0 0 0 1
1 1 0 0 2 2 1 0 0 0 0 0 0 0 1 0 0 2 1 2 0 0 0 0 0 0 1
1 2 0 0 1 2 1 0 0 1 0 0 0 1 1 1 0 1 2 1 0 0 1 0 0 0 1
0 2 1 0 2 2 0 0 0 0 2 2 0 1 1 0 0 2 2 2 0 0 1 0 0 0 1
1 0 0 1 2 2 2 0 0 2 0 1 0 0 0 0 0 1 2 1 0 0 1 0 0 0 1
1 2 0 0 2 2 0 0 0 0 0 1 0 0 1 0 1 2 1 1 0 0 2 0 0 0 1
1 2 1 0 2 2 0 0 0 2 0 0 0 1 1 1 0 1 2 2 0 0 0 0 0 0 1
2 2 1 0 2 0 0 0 0 2 0 1 0 0 1 0 0 2 1 1 1 1 0 0 0 0 1
1 2 0 1 2 2 1 1 0 0 0 1 0 1 1 0 0 1 2 2 0 0 1 0 0 0 1
0 2 1 0 2 2 2 0 0 1 0 2 1 1 1 0 1 2 1 2 0 0 0 0 0 0 0
2 0 0 0 2 2 0 0 0 2 0 0 1 2 0 0 0 1 1 1 0 0 1 0 0 0 1
2 2 1 0 2 2 1 1 0 1 0 1 0 2 1 1 1 2 2 1 0 1 0 0 0 0 1
1 2 1 0 2 2 0 1 0 1 1 1 0 1 0 0 0 1 2 2 1 0 1 0 0 0 1
2 2 0 0 2 2 1 0 0 2 0 0 0 0 1 0 0 2 1 1 0 0 0 0 0 0 0
2 2 0 0 2 2 2 0 0 2 0 0 0 0 1 0 1 1 2 2 0 1 2 0 0 0 1
2 2 1 0 2 2 1 0 0 1 0 1 0 0 1 0 1 1 2 2 0 0 0 0 0 0 0
1 2 0 0 1 2 1 0 0 1 0 2 0 0 1 0 0 1 1 2 0 0 1 0 0 0 2
0 2 0 0 2 2 1 0 0 1 0 1 0 0 1 2 1 2 2 1 0 0 0 0 0 0 1
2 2 1 0 2 2 0 0 0 1 0 1 0 2 2 0 1 0 1 1 1 0 0 0 0 0 0
1 2 0 0 2 2 1 0 0 2 0 1 0 1 1 0 0 0 1 1 1 0 0 0 0 0 1
0 2 0 0 2 2 1 0 0 2 0 2 0 1 0 0 1 2 2 0 0 0 1 0 0 0 1
1 2 1 0 1 1 1 0 0 1 0 2 0 1 1 0 0 1 2 1 1 0 1 0 0 0 0
1 2 1 0 2 2 1 1 0 1 0 1 0 2 1 0 0 2 2 2 0 1 1 0 0 0 2
0 2 0 0 2 2 2 0 0 2 0 1 0 1 0 0 0 2 2 2 1 0 0 0 0 0 0
1 2 0 0 2 2 0 0 0 1 0 1 0 1 1 0 1 0 2 2 1 0 1 0 0 0 0
1 2 0 0 2 1 1 0 0 1 0 1 1 1 0 0 0 1 2 2 0 1 1 0 0 0 1
1 2 0 0 1 2 1 0 0 1 0 2 0 0 0 0 0 2 1 2 0 1 0 0 0 0 1
1 2 0 0 2 2 0 0 0 1 0 2 0 2 0 0 1 1 1 2 0 0 0 0 0 0 0
2 2 2 1 2 2 0 0 0 2 0 2 0 1 1 0 1 1 1 2 1 0 1 0 0 0 0
1 2 0 0 2 2 1 0 0 2 0 1 0 1 1 0 0 2 2 2 0 0 2 0 0 0 1
1 2 0 0 2 2 1 0 0 1 0 2 0 1 0 0 0 2 2 2 0 1 0 0 0 0 0
2 2 0 1 2 2 0 0 0 1 0 1 1 1 1 0 0 2 1 1 0 0 2 0 0 0 0
2 2 1 0 2 2 0 0 0 2 0 0 0 0 1 0 0 2 1 1 0 0 1 0 0 0 0
2 2 0 0 2 2 0 0 0 2 0 0 0 1 0 0 1 2 1 2 0 0 1 0 0 0 1
1 2 1 0 2 2 0 0 0 0 0 1 1 1 0 0 0 1 2 2 0 0 1 0 0 0 1
2 2 0 1 2 2 0 0 0 2 0 1 0 1 0 0 0 0 2 2 0 0 0 0 0 0 1
2 1 0 0 2 2 0 0 0 2 0 1 0 2 0 0 0 1 1 2 1 0 0 0 0 0 1
1 2 2 0 2 1 1 0 0 1 0 1 0 1 1 0 0 2 2 2 0 1 0 0 0 0 0
1 2 1 0 2 2 0 0 0 1 0 0 0 1 1 0 0 2 2 1 0 0 0 0 0 0 1
0 2 0 0 2 2 1 0 0 2 0 0 0 1 1 0 0 2 2 1 0 0 1 0 0 0 0
2 2 1 0 2 2 2 0 1 1 0 1 0 2 1 0 0 1 2 2 0 0 0 0 0 0 1
0 2 1 0 1 2 0 0 0 1 0 2 0 1 0 0 1 2 2 2 0 0 1 0 0 0 0
1 2 1 1 2 2 2 0 0 2 0 0 0 2 2 0 1 2 1 2 0 0 1 0 0 0 2
0 2 0 0 2 2 2 0 0 1 0 2 1 2 1 0 0 1 1 0 0 1 1 0 0 0 1
0 2 1 1 2 2 0 0 0 0 0 2 1 1 0 0 1 1 1 2 1 0 0 0 0 0 1
1 2 0 0 2 2 1 0 0 2 0 2 0 2 0 0 1 1 1 2 0 0 1 0 0 0 1
0 2 0 1 2 2 1 0 0 1 0 1 0 2 1 0 1 1 1 0 0 0 0 0 0 0 0
1 2 1 0 2 2 1 1 0 1 0 1 0 2 0 1 0 2 2 1 0 0 1 0 0 0 1
2 2 0 1 2 2 1 0 0 1 0 0 0 2 0 0 0 2 0 2 1 1 0 0 0 0 1
1 2 2 0 2 2 1 0 0 2 0 1 0 1 1 0 1 1 2 1 1 0 1 0 0 0 1
1 2 0 0 2 2 1 0 0 0 0 2 0 1 0 0 0 1 0 2 0 0 1 0 0 0 1
1 2 0 0 2 2 0 0 0 2 0 2 0 1 0 0 0 2 2 2 0 2 0 0 0 0 2
1 1 0 0 2 2 0 0 0 1 0 2 0 2 0 1 0 1 2 2 0 0 1 0 0 0 1
1 2 1 0 2 2 1 0 0 2 0 1 0 1 0 0 0 2 2 2 0 1 0 0 0 0 2
2 2 0 0 2 2 0 1 0 2 0 0 1 1 0 1 1 2 2 2 0 0 0 0 0 0 1
1 2 1 0 2 2 2 0 0 2 0 1 0 1 0 0 0 1 2 2 0 0 0 0 0 0 1
2 2 1 1 2 2 2 0 0 0 0 1 0 1 1 0 0 2 2 1 0 0 1 0 0 0 1
2 2 0 0 2 2 0 0 0 2 0 2 1 1 1 0 0 1 2 1 0 0 0 0 0 0 0
0 2 0 0 2 2 1 0 0 1 0 2 0 2 0 0 0 0 1 2 0 0 0 0 0 0 0
1 2 0 0 2 1 2 0 0 1 0 1 0 2 0 2 1 2 1 1 0 0 0 0 0 0 2
2 1 0 1 2 2 0 1 0 0 0 2 0 0 1 0 0 2 1 2 0 0 1 0 0 0 1
0 2 0 0 2 2 1 0 0 2 0 2 0 2 0 0 1 0 2 1 0 0 1 0 0 0 1
1 2 1 0 2 2 1 1 0 1 0 1 0 1 0 0 0 1 2 1 0 0 1 0 0 0 2
2 2 0 0 2 2 0 0 0 1 0 1 0 1 0 0 0 1 2 2 0 0 0 0 0 0 1
1 2 0 0 2 1 0 0 0 1 0 1 0 2 2 1 0 1 2 2 0 0 0 0 0 0 0
2 2 1 0 1 2 1 0 0 1 0 1 1 1 1 1 0 1 2 2 1 0 0 0 0 0 1
0 2 0 0 2 2 2 0 0 1 0 1 0 2 1 1 1 1 2 2 0 0 2 0 0 0 1
1 2 0 0 2 2 1 0 0 1 0 2 0 0 1 0 0 0 1 0 2 0 1 0 0 0 1
2 2 0 1 2 2 0 0 0 0 0 2 0 1 2 0 0 2 1 2 2 0 0 0 0 0 1
0 2 0 1 2 2 1 0 0 2 0 2 0 0 0 0 0 1 1 1 0 0 1 0 0 0 1
0 2 1 0 2 2 1 0 0 2 1 2 0 1 0 1 1 2 2 2 0 0 0 0 0 0 0
1 1 1 0 1 2 0 0 0 1 0 0 0 1 0 2 0 1 2 2 1 0 0 0 0 0 2
2 2 0 1 2 2 1 0 0 0 0 2 0 0 0 0 0 1 2 2 0 1 0 0 0 0 0
2 1 0 0 2 2 1 0 1 2 0 1 0 0 0 0 1 1 2 2 0 1 0 0 0 0 0
2 2 0 0 2 2 0 0 0 1 0 1 0 1 0 0 0 2 1 1 0 0 1 0 0 0 1
1 2 0 0 2 2 0 0 0 1 0 2 1 1 1 0 0 1 2 2 1 0 1 0 0 0 2
1 1 0 0 2 2 0 0 0 1 0 2 0 2 1 0 0 2 2 1 0 0 0 0 0 0 0
1 2 0 0 2 2 1 1 1 1 0 2 0 1 1 0 1 1 2 2 0 0 1 0 0 0 1
2 2 0 0 2 2 1 0 0 0 0 2 0 0 0 0 1 1 2 2 1 0 2 0 0 0 1
2 2 0 0 2 2 1 0 0 1 0 2 0 2 0 1 0 1 2 1 0 0 2 0 0 0 1
1 2 0 0 2 2 1 1 0 2 0 2 1 1 1 0 1 2 2 2 0 1 1 0 0 0 1
1 2 1 0 2 2 1 0 0 0 0 1 0 2 1 0 0 1 2 1 0 0 1 0 0 0 1
0 2 0 0 2 2 1 0 0 2 0 1 0 0 1 0 0 0 2 2 1 0 1 0 0 0 1
2 2 1 1 2 2 1 0 0 0 1 2 0 1 1 0 0 2 2 2 0 0 0 0 0 0 0
1 1 0 0 2 2 1 1 0 1 0 0 0 2 2 0 0 2 1 2 1 0 0 0 0 0 2
1 2 1 0 2 2 1 1 0 2 0 0 0 2 0 0 1 2 2 1 0 0 0 0 0 0 1
1 2 1 0 2 2 1 0 0 2 0 2 0 1 1 0 0 1 2 2 1 1 0 0 0 0 1
0 2 0 1 2 2 2 1 0 0 0 2 0 2 0 0 0 2 1 2 0 0 1 0 0 0 0
0 2 0 0 2 1 2 0 0 0 1 1 0 0 0 0 1 2 2 2 0 1 0 0 0 0 1
2 2 0 0 2 2 2 0 0 0 0 1 0 2 0 0 1 2 1 1 0 0 0 0 0 0 2
0 2 0 0 2 2 1 0 0 1 0 2 0 1 0 0 0 2 1 2 1 0 0 0 0 0 1
1 2 0 0 2 2 1 1 0 2 0 1 0 2 0 0 0 2 2 1 0 0 0 0 0 0 1
0 2 0 0 2 2 0 0 0 2 0 1 0 2 2 1 1 2 2 1 1 0 0 0 0 0 2
0 2 1 0 2 2 0 0 0 1 0 0 0 0 2 0 1 2 2 2 0 1 1 0 0 0 2
0 2 0 0 2 2 0 0 0 0 0 1 0 0 0 0 1 2 1 0 1 0 0 0 0 0 0
1 2 0 0 2 2 2 0 0 2 0 1 0 2 2 0 0 2 2 2 1 0 0 0 0 0 1
0 2 0 0 2 2 1 1 0 2 0 1 1 2 0 1 0 2 1 1 1 0 0 0 0 0 1
0 2 0 0 1 2 2 1 0 1 0 0 0 2 0 0 1 0 2 1 0 0 1 0 0 0 1
1 2 1 0 2 2 2 0 0 2 0 1 0 1 0 1 0 1 1 1 0 1 0 0 0 0 2
1 2 0 0 2 2 2 0 0 1 0 1 0 1 0 0 0 1 1 2 0 1 1 0 0 0 2
0 1 1 1 2 2 2 1 0 1 0 1 0 2 0 1 1 1 1 2 0 0 0 0 0 0 0
2 2 0 1 2 2 2 0 0 2 0 0 0 1 0 0 0 1 2 1 0 1 1 0 0 0 0
2 2 1 0 2 2 0 0 0 0 0 1 0 1 2 0 0 0 1 1 0 0 1 0 0 0 2
0 2 1 0 2 2 1 0 0 1 0 0 0 2 2 0 0 2 1 2 0 0 2 0 0 0 0
1 2 1 0 1 2 1 0 0 2 0 2 0 2 1 0 0 1 2 2 0 0 0 0 0 0 0
1 2 0 0 2 2 0 1 0 2 0 1 0 2 0 0 1 2 2 2 1 0 2 0 0 0 0
0 2 0 0 2 2 2 0 0 1 1 1 0 2 0 0 0 2 1 2 0 0 1 0 0 0 2
1 1 0 0 2 2 2 0 0 0 0 2 0 0 1 0 1 1 2 2 0 0 1 0 0 0 1
1 1 0 0 2 2 1 0 0 0 0 2 0 1 0 0 0 0 2 1 0 0 1 0 0 0 1
0 2 0 0 2 1 2 0 0 2 0 2 0 1 1 0 0 2 1 1 0 0 1 0 0 0 1
1 2 0 1 2 2 1 0 0 1 0 1 0 1 0 0 1 1 1 2 0 0 1 0 0 0 1
0 2 0 1 2 2 1 0 0 1 0 1 0 2 0 0 0 1 2 2 1 0 0 0 0 0 0
0 2 0 0 2 2 1 2 0 1 0 0 0 2 1 0 1 1 2 1 1 0 1 0 0 0 0
0 2 0 2 2 1 1 0 0 0 0 2 0 0 1 0 0 2 2 1 1 0 1 0 0 0 2
1 2 1 0 2 2 1 1 0 0 0 1 0 1 1 0 1 1 2 2 0 0 1 0 0 0 2
1 1 1 1 1 2 2 0 0 2 0 1 0 2 0 1 0 1 1 2 0 0 1 0 0 0 1
2 2 0 0 2 2 1 1 0 2 1 2 0 1 1 0 1 1 1 2 2 0 0 0 0 0 0
1 2 1 0 2 2 2 0 0 0 0 2 0 2 0 0 1 2 2 2 0 1 0 0 0 0 1
0 1 1 0 2 2 1 1 0 1 0 2 0 1 0 0 0 2 2 1 0 1 0 0 0 0 1
2 1 0 1 1 2 2 0 0 1 0 1 0 1 0 1 0 1 2 2 0 0 0 0 0 0 1
1 2 1 1 2 2 1 0 0 1 0 1 0 0 1 0 1 1 2 2 0 0 1 0 0 0 1
1 1 0 0 1 2 1 0 0 0 0 1 0 1 1 0 0 1 2 2 0 1 1 0 0 0 1
1 1 1 1 2 2 1 0 0 2 0 0 1 1 0 0 0 1 2 1 0 0 0 0 0 0 0
1 2 0 0 2 2 1 0 0 1 0 1 0 1 0 0 0 1 2 2 0 0 1 0 0 0 2
1 2 1 0 2 2 1 0 0 0 0 1 1 2 1 0 1 2 2 1 0 0 0 0 0 0 0
1 2 2 1 2 1 0 0 0 0 0 2 0 1 0 0 0 1 1 1 1 1 1 0 0 0 1
2 2 0 0 2 2 2 0 0 1 1 1 0 1 0 0 1 1 2 2 0 1 0 0 0 0 2
1 1 0 2 2 1 2 0 0 1 0 1 0 1 1 0 0 2 1 2 0 0 1 0 0 0 0
1 2 1 1 2 2 1 0 0 1 0 0 0 1 0 0 0 1 2 2 0 0 0 0 0 0 2
2 2 1 0 2 2 0 0 0 2 0 0 0 0 2 0 0 0 1 2 0 0 2 0 0 0 2
0 2 0 0 2 2 1 1 0 1 0 0 0 1 1 0 0 0 0 2 0 1 1 0 0 0 0
2 2 1 1 2 2 0 0 0 1 0 1 1 1 0 0 1 2 1 2 0 0 2 0 0 0 0
2 2 0 1 2 2 1 0 0 0 0 2 0 1 0 0 1 0 1 1 0 0 1 0 0 0 2
1 2 1 0 2 2 1 0 0 1 0 0 0 1 1 1 0 1 2 2 1 0 1 0 0 0 1
0 2 0 0 2 2 0 0 0 1 1 0 0 1 1 1 1 1 2 2 0 0 1 0 0 0 0
2 1 1 1 2 2 2 0 0 2 0 1 1 2 0 1 0 2 2 2 0 0 0 0 0 0 2
1 2 1 0 2 2 2 0 0 0 1 1 0 0 0 0 0 1 1 2 0 0 1 0 0 0 1
2 2 0 1 2 2 0 0 0 1 0 0 0 0 1 0 0 1 1 2 1 0 0 0 0 0 0
0 1 0 1 2 2 2 0 0 1 0 1 0 2 0 0 1 1 1 2 0 0 1 0 0 0 1
0 2 0 0 2 2 1 1 0 1 0 0 0 2 1 1 1 1 1 2 0 1 1 0 0 0 0
1 2 1 0 2 1 0 0 0 0 0 1 0 0 0 0 0 2 2 1 0 0 0 0 0 0 0
1 2 0 0 2 2 0 1 0 1 0 2 0 2 0 1 0 1 2 2 0 0 1 0 0 0 1
1 2 0 0 2 2 1 0 0 1 0 1 0 0 0 0 0 2 2 2 0 0 1 0 0 0 1
2 2 0 0 2 2 2 1 0 1 0 2 0 0 0 0 1 2 1 2 0 0 1 0 0 0 0
1 1 0 0 2 2 1 0 0 2 0 1 0 1 0 0 1 2 2 2 0 0 1 0 0 0 1
2 2 0 0 2 2 1 0 0 0 0 2 0 1 1 0 0 2 2 2 1 0 0 0 0 0 1
1 2 0 0 2 2 2 1 0 1 0 1 0 1 0 0 1 0 2 2 0 0 0 0 0 0 1
1 2 2 0 2 1 1 0 0 1 0 2 0 0 2 0 0 0 2 1 0 0 1 0 0 0 1
0 2 2 0 2 2 0 0 0 1 0 1 1 1 0 0 0 1 2 2 0 0 0 0 0 0 0
1 2 0 0 1 2 2 0 0 1 0 2 0 1 0 1 0 2 1 2 0 1 1 0 0 0 1
1 2 0 0 2 2 0 0 0 0 0 2 1 2 1 0 0 1 1 2 0 0 1 0 0 0 1
0 1 0 0 2 1 1 0 0 1 0 1 0 2 1 0 0 1 2 2 0 0 0 0 0 0 1
1 2 0 0 2 1 1 0 0 2 0 2 0 2 1 0 0 2 2 2 0 0 0 0 0 0 1
1 2 0 0 2 2 1 0 0 2 0 2 0 1 0 0 0 2 2 1 1 0 1 0 0 0 1
0 2 1 0 2 2 0 1 0 0 0 1 0 2 1 0 0 2 1 1 0 0 1 0 0 0 1
0 2 0 0 2 2 2 0 0 1 0 1 0 0 1 0 0 1 1 2 0 0 0 0 0 0 0
1 2 1 0 2 2 0 0 0 1 0 0 0 1 1 1 1 1 2 1 0 0 1 0 0 0 2
1 2 0 0 2 2 1 0 0 0 0 2 0 1 0 0 0 1 1 1 0 1 0 0 0 0 1
1 2 2 0 2 1 1 0 0 1 0 2 0 2 0 0 1 2 2 1 0 0 0 0 0 0 0
1 1 0 0 2 2 1 0 0 1 0 2 0 1 2 0 0 2 2 2 0 0 0 0 0 0 1
1 1 0 1 2 2 1 0 0 1 0 2 0 1 0 1 0 1 2 1 0 1 0 0 0 0 2
0 2 2 1 2 2 2 0 0 0 1 0 0 2 1 0 0 2 1 2 0 1 1 0 0 0 2
0 2 0 1 2 2 0 0 0 2 0 0 0 1 0 0 0 1 2 1 0 0 0 0 0 0 0
1 2 0 0 2 1 2 0 0 1 0 2 0 0 1 0 0 1 1 2 0 0 0 0 0 0 1
1 2 0 0 1 1 1 0 0 1 0 1 0 0 1 0 0 1 1 1 0 0 0 0 0 0 1
1 2 0 0 2 2 2 0 0 2 0 2 0 1 2 0 0 2 2 2 1 1 1 0 0 0 1
0 2 0 1 2 2 1 0 0 2 0 0 0 0 1 0 0 1 0 2 0 1 0 0 0 0 2
0 2 1 0 2 2 1 0 0 2 0 0 1 0 1 0 0 0 2 2 0 0 1 0 0 0 0
2 2 0 1 2 2 1 0 0 0 0 2 0 0 2 0 0 2 2 2 0 0 1 0 0 0 1
2 2 0 0 2 2 2 0 0 0 0 2 1 2 0 0 0 1 1 2 0 0 1 0 0 0 0
1 2 1 0 1 2 0 1 0 2 1 2 0 0 1 0 1 1 2 2 1 0 1 0 0 0 0
0 2 0 1 2 2 2 0 0 2 0 1 0 1 0 0 0 1 1 2 0 1 0 0 0 0 1
0 2 1 1 2 1 1 0 1 1 1 2 0 1 1 0 0 1 2 2 0 0 0 0 0 0 0
1 2 1 1 1 2 1 0 0 1 0 2 0 1 1 0 0 1 1 2 1 0 0 0 0 0 1
2 2 0 0 1 2 2 0 1 1 0 0 0 2 1 0 0 0 1 2 0 0 0 0 0 0 1
1 1 0 0 2 1 2 0 1 2 0 1 0 1 0 0 2 1 2 1 0 0 2 0 0 0 2
0 2 1 0 1 2 1 0 0 2 0 2 1 0 1 0 1 2 2 2 1 0 1 0 0 0 0
0 2 1 0 2 2 1 0 0 0 0 0 0 1 1 0 0 1 2 1 0 1 1 0 0 0 0
2 1 0 0 1 2 1 0 0 0 0 1 0 2 0 0 1 2 2 1 0 0 2 0 0 0 0
2 2 0 0 2 2 2 0 0 2 0 0 0 0 1 0 1 1 1 2 0 0 0 0 0 0 1
1 2 1 0 2 2 2 0 0 1 0 2 0 1 1 0 1 2 1 1 0 0 0 0 0 0 1
1 2 1 1 2 2 1 0 0 2 0 2 0 1 0 0 0 0 1 1 1 0 0 0 0 0 1
1 1 0 1 2 2 1 1 0 2 0 1 0 0 1 1 1 1 1 2 0 0 1 0 0 0 1
1 2 0 1 2 2 2 0 0 1 1 0 0 1 2 0 1 2 2 2 0 1 0 0 0 0 1
0 2 0 0 2 1 0 0 0 2 0 2 0 1 1 0 0 1 2 2 0 0 0 0 0 0 1
0 2 0 0 2 2 1 0 0 0 0 1 0 0 1 0 0 2 2 2 0 0 1 0 0 0 2
1 2 0 0 2 2 1 0 0 2 0 0 0 2 2 0 1 2 0 2 0 0 1 0 0 0 1
2 2 0 0 2 2 1 0 0 2 0 1 0 1 0 0 0 1 2 1 0 0 2 0 0 0 0
1 2 0 1 1 1 0 0 0 0 0 1 0 1 0 0 1 2 2 1 0 0 0 0 0 0 1
1 2 0 0 2 2 1 0 0 1 0 1 0 2 1 0 1 0 2 1 1 1 2 0 0 0 0
1 2 0 0 2 2 1 0 0 1 0 0 0 1 0 0 1 1 1 2 0 0 0 0 0 0 1
1 2 0 0 2 2 1 2 0 1 0 1 0 1 0 1 0 0 2 2 0 1 1 0 0 0 0
0 2 0 1 2 2 0 0 0 0 0 1 0 1 0 0 0 1 1 1 0 1 1 0 0 0 1
1 2 0 0 2 1 0 0 0 1 0 1 0 0 2 0 0 1 2 2 1 0 1 0 0 0 1
1 2 0 0 2 2 1 0 0 1 0 2 0 2 1 0 0 1 2 2 0 0 0 0 0 0 2
1 2 0 0 2 2 0 0 0 1 0 2 0 1 2 0 0 1 2 2 0 2 1 0 0 0 1
1 2 0 1 2 2 1 0 0 0 0 1 0 2 0 0 0 2 1 2 0 1 2 0 0 0 1
1 2 1 0 2 2 1 0 0 0 0 1 0 1 0 0 1 1 2 1 0 0 0 0 0 0 1
0 2 0 0 2 2 1 0 0 0 0 1 1 1 0 0 1 1 2 1 1 1 1 0 0 0 1
1 1 1 0 2 2 0 0 0 1 0 1 0 0 1 0 1 1 1 2 0 1 1 0 0 0 0
1 2 0 0 2 2 2 0 0 1 0 2 0 2 2 0 1 2 1 1 0 0 1 0 0 0 0
1 2 1 0 2 1 1 0 0 0 0 2 0 1 2 1 1 1 1 2 0 0 0 0 0 0 0
1 2 0 0 2 2 1 0 0 1 0 2 0 1 1 0 1 2 1 1 0 0 0 0 0 0 0
1 1 2 0 2 2 1 0 0 0 0 1 0 0 1 0 1 2 2 2 0 1 0 0 0 0 2
1 2 1 0 2 2 0 1 1 1 0 0 0 1 2 1 0 1 2 1 0 0 2 0 0 0 2
1 1 0 1 2 2 1 0 0 1 0 2 0 2 0 0 1 0 2 1 1 0 1 0 0 0 1
1 2 0 0 2 2 2 1 0 2 0 0 0 1 1 0 0 1 2 2 0 0 2 0 0 0 1
1 1 0 0 2 2 0 0 0 2 0 1 0 2 2 0 0 1 0 2 0 0 1 0 0 0 1
1 2 1 0 1 2 0 0 0 0 0 1 0 1 0 0 1 1 2 2 0 0 2 0 0 0 1
1 2 1 0 2 1 1 0 0 2 0 1 0 1 1 0 0 2 1 1 0 0 1 0 0 0 2
1 2 1 0 2 2 1 0 0 1 0 0 1 1 2 0 0 2 2 1 0 0 2 0 0 0 1
2 2 0 1 2 2 0 0 0 2 0 1 0 0 0 0 0 1 2 2 1 0 0 0 0 0 0
1 2 0 0 1 1 0 0 0 1 1 1 0 1 0 0 0 1 2 2 0 0 1 0 0 0 1
2 1 0 0 1 2 1 0 0 0 0 2 0 2 0 0 1 2 2 2 0 0 1 0 0 0 1
0 2 0 0 2 2 2 0 0 2 1 0 1 0 0 0 1 2 1 1 0 0 0 0 0 0 1
0 2 0 0 2 2 2 0 0 1 0 2 0 1 1 1 0 1 2 1 0 0 1 0 0 0 1
2 2 0 0 2 2 2 0 0 1 0 2 1 1 0 0 1 2 2 2 0 1 0 0 0 0 1
2 2 1 0 2 2 0 0 0 0 0 2 0 0 0 1 0 2 1 2 0 0 1 0 0 0 0
0 2 2 0 2 2 1 0 0 1 0 1 0 0 1 0 0 1 1 1 0 0 1 0 0 0 1
2 1 0 1 2 2 0 0 0 2 0 1 0 0 1 0 1 1 0 2 0 0 1 0 0 0 1
0 2 1 0 1 2 1 0 0 1 0 2 0 1 1 0 0 1 1 2 0 1 1 0 0 0 1
0 2 0 1 2 2 0 0 0 0 0 1 0 1 1 0 0 2 2 1 0 0 1 0 0 0 1
2 2 0 2 2 2 1 0 0 0 0 0 0 1 0 0 0 2 2 2 0 0 1 0 0 0 1
0 2 1 0 2 2 1 1 0 1 0 2 0 1 1 0 0 2 1 2 0 1 0 0 0 0 1
2 2 2 0 2 2 2 0 0 2 0 1 0 2 0 0 0 2 1 2 0 0 0 0 0 0 1
2 1 0 0 2 2 0 0 0 2 0 2 1 1 1 0 0 1 2 2 0 0 0 0 0 0 2
2 2 1 0 2 2 1 0 0 0 0 1 0 1 0 0 1 2 1 2 0 1 0 0 0 0 1
1 2 0 0 2 2 1 0 0 2 0 0 0 1 0 0 0 0 2 1 1 0 1 0 0 0 1
2 2 0 0 2 2 1 0 0 1 0 2 0 2 1 0 0 1 2 1 0 0 0 0 0 0 1
1 2 0 0 2 2 1 0 0 2 0 0 0 1 1 1 1 1 2 2 1 0 2 0 0 0 2
0 2 1 1 2 2 2 0 0 2 0 2 0 2 1 0 0 0 0 2 0 0 0 0 0 0 2
1 2 0 0 2 2 2 0 0 0 0 2 0 1 1 0 1 2 1 2 1 1 0 0 0 0 2
1 1 1 1 2 2 1 1 0 1 0 1 0 0 0 0 0 0 2 2 2 0 0 0 0 0 2
1 2 1 0 2 2 1 1 0 0 1 2 1 1 0 0 0 0 2 1 0 0 1 0 0 0 1
0 2 0 0 2 2 0 0 0 0 0 1 0 2 0 1 0 0 2 1 0 0 1 0 0 0 2
1 2 0 0 2 2 0 0 0 1 0 2 0 1 1 0 0 1 1 2 0 0 1 0 0 0 1
0 2 0 0 1 2 1 1 0 0 1 1 0 1 0 0 0 2 1 2 0 0 0 0 0 0 0
0 2 0 0 2 2 1 1 0 1 0 2 0 2 1 0 0 2 2 2 0 0 0 0 0 0 0
0 2 0 0 1 1 1 0 0 2 0 1 0 1 2 0 0 1 1 2 1 0 2 0 0 0 1
1 2 0 0 2 2 1 0 0 2 0 1 0 1 0 0 1 0 1 2 0 1 0 0 0 0 0
1 2 1 0 2 2 1 0 0 2 0 1 0 2 0 0 0 1 1 2 0 1 0 0 0 0 1
0 2 0 0 2 2 1 1 0 2 0 2 0 1 0 0 0 1 1 2 0 0 1 0 0 0 2
0 2 0 0 2 2 2 0 0 1 0 2 0 1 0 1 0 1 2 0 0 0 1 0 0 0 1
1 2 0 0 2 2 1 0 0 0 0 2 0 1 1 0 1 1 2 1 1 0 1 0 0 0 1
1 2 0 1 2 2 0 0 0 1 0 2 0 2 1 0 1 0 2 2 0 0 0 0 0 0 2
1 2 1 0 2 1 2 1 0 1 0 2 0 1 0 0 0 0 1 2 0 0 0 0 0 0 1
1 1 0 1 1 2 1 0 0 2 0 1 0 2 0 0 1 0 2 2 0 0 0 0 0 0 1
2 2 1 0 2 1 0 0 0 0 0 0 0 1 1 0 0 2 2 2 0 1 1 0 0 0 0
0 2 1 0 2 2 1 0 0 1 0 1 0 1 0 0 1 2 2 1 0 1 1 0 0 0 1
1 2 1 0 2 2 1 0 0 1 0 1 1 1 0 0 1 2 1 1 0 0 1 0 0 0 1
1 2 1 0 2 2 1 0 0 1 0 1 0 2 0 0 0 2 1 2 0 0 0 0 0 0 0
1 2 1 0 2 2 1 1 0 1 0 1 0 1 0 0 0 2 2 1 1 1 1 0 0 0 1
2 2 0 0 2 2 1 0 0 0 0 2 0 2 0 0 0 2 2 2 0 1 1 0 0 0 0
1 2 0 0 2 2 1 0 0 0 1 2 0 1 1 0 0 2 2 1 0 0 1 0 0 0 0
1 2 0 0 2 2 1 0 0 2 0 1 0 0 1 1 1 2 2 1 1 2 0 0 0 0 2
0 2 0 0 2 2 1 0 0 0 0 1 1 0 1 0 0 2 2 2 0 0 0 0 0 0 1
1 2 0 2 2 2 1 0 0 2 0 1 0 1 1 0 1 1 1 2 0 0 1 0 0 0 2
0 2 0 0 2 2 1 0 0 1 0 2 0 1 0 0 1 1 1 2 0 0 0 0 0 0 0
2 2 0 0 2 2 2 0 0 1 0 0 0 1 0 0 0 2 2 2 0 0 1 0 0 0 1
1 1 1 1 2 2 1 1 0 2 0 2 0 1 0 0 0 1 2 1 0 1 0 0 0 0 2
1 2 1 0 2 2 0 0 0 1 1 0 0 2 0 0 0 2 2 2 0 1 2 0 0 0 2
2 2 0 0 1 2 2 0 0 2 0 2 0 2 0 0 0 1 2 2 0 1 1 0 0 0 0
1 2 0 0 2 2 0 0 0 1 0 1 0 1 0 0 0 2 2 1 0 1 1 0 0 0 2
0 2 1 1 2 2 1 1 0 1 0 1 0 1 0 0 0 1 1 2 0 0 1 0 0 0 0
1 2 0 1 2 2 2 0 0 1 0 2 1 2 2 0 1 2 2 2 0 0 0 0 0 0 0
1 2 0 0 2 2 1 0 0 2 0 1 0 1 0 0 0 2 2 1 0 0 0 0 0 0 1
0 2 0 0 2 2 1 0 0 1 0 1 0 1 0 0 0 2 2 1 1 0 0 0 0 0 1
1 2 0 0 1 2 0 0 0 1 0 1 0 0 1 0 1 1 1 2 0 1 1 0 0 0 1
1 1 0 0 2 2 2 2 0 2 0 1 0 0 1 0 1 0 1 1 0 1 0 0 0 0 0
1 2 1 0 2 2 0 1 0 2 0 1 0 1 1 0 1 0 2 2 0 0 0 0 0 0 0
1 2 0 0 2 2 1 0 0 0 0 1 0 2 1 0 1 1 2 2 0 0 0 0 0 0 0
2 2 0 0 2 2 0 0 0 2 0 0 0 1 0 0 0 2 2 2 1 0 1 0 0 0 0
2 2 0 1 2 2 0 0 0 1 0 1 1 0 0 0 1 2 0 2 1 0 1 0 0 0 2
1 2 1 0 1 2 1 1 0 2 1 2 0 2 1 0 0 2 1 2 0 1 0 0 0 0 0
1 2 1 0 2 2 1 0 0 1 0 1 0 2 1 1 0 2 1 2 0 0 0 0 0 0 0
1 2 0 0 2 2 2 1 0 1 0 0 0 1 0 0 0 2 2 2 0 0 0 0 0 0 0
1 2 0 0 2 2 2 0 0 1 1 1 0 2 0 1 0 1 2 2 0 0 0 0 0 0 2
2 2 0 0 1 2 1 0 0 1 0 2 0 1 1 0 0 2 2 1 0 0 0 0 0 0 1
1 2 1 0 2 2 2 0 0 0 0 1 0 2 2 0 1 1 1 2 2 0 1 0 0 0 1
1 2 0 0 2 2 1 0 0 1 0 0 0 2 0 0 0 2 2 1 0 0 1 0 0 0 0
2 2 1 0 2 2 0 0 0 2 0 0 0 1 1 0 1 1 2 2 0 0 1 0 0 0 2
0 1 0 0 2 1 1 0 0 2 0 2 0 2 1 0 1 2 1 2 0 0 1 0 0 0 1
1 2 0 0 2 1 0 0 0 0 0 0 0 2 2 1 0 2 2 1 0 1 0 0 0 0 0
2 2 2 0 2 2 1 0 0 1 0 0 0 1 0 0 0 2 2 1 0 0 0 0 0 0 2
0 2 0 0 2 2 0 0 0 1 0 1 0 1 0 1 1 2 2 2 0 1 0 0 0 0 1
0 2 1 1 1 2 1 0 0 1 0 1 0 2 1 0 0 2 2 2 0 0 0 0 0 0 1
2 2 1 0 2 2 0 0 0 2 1 1 0 2 0 0 0 1 2 2 0 1 1 0 0 0 2
1 2 0 0 2 2 0 0 0 2 0 2 0 0 0 0 1 2 2 2 0 0 0 0 0 0 0
1 2 1 0 2 2 2 0 0 1 0 0 0 0 1 1 0 0 2 2 0 0 0 0 0 0 1
0 2 1 0 2 2 0 1 0 0 0 1 1 1 0 0 0 2 1 2 1 1 1 0 0 0 1
1 2 1 0 2 2 1 0 0 0 0 2 0 1 0 0 1 1 2 2 0 0 1 0 0 0 1
1 2 0 0 1 2 0 0 0 2 0 1 0 0 0 0 0 1 2 2 0 0 1 0 0 0 0
1 1 0 0 2 2 1 0 0 2 0 1 0 2 0 0 0 1 1 1 0 1 0 0 0 0 1
0 2 1 0 2 2 1 0 0 2 1 1 0 2 0 0 0 2 2 1 0 0 1 0 0 0 0
2 2 0 0 1 2 0 0 0 2 0 2 0 0 0 0 1 2 2 2 0 0 1 0 0 0 1
0 2 0 0 2 2 1 1 0 2 0 1 0 1 1 0 0 2 0 1 0 0 1 0 0 0 0
1 2 0 0 2 2 2 0 0 2 0 2 0 0 1 1 0 2 1 2 0 0 2 0 0 0 0
1 2 1 0 2 2 0 0 0 1 0 1 0 1 0 1 0 2 1 2 0 0 2 0 0 0 1
1 2 1 0 2 2 1 0 0 1 0 2 0 1 1 0 0 1 2 2 0 0 1 0 0 0 1
0 2 1 1 1 2 1 0 0 1 0 1 0 2 1 0 1 0 2 2 0 1 1 0 0 0 2
1 2 0 0 2 2 1 0 0 2 0 2 1 0 0 0 0 2 2 1 0 0 1 0 0 0 0
0 2 0 0 2 2 1 0 0 0 0 0 0 1 0 0 1 1 2 1 0 1 0 0 0 0 1
0 2 0 0 2 2 0 0 0 1 1 1 0 1 0 0 0 2 2 2 0 2 0 0 0 0 0
0 2 1 0 2 2 1 0 0 2 0 2 0 1 1 1 0 1 2 0 0 0 2 0 0 0 0
2 1 0 1 2 2 0 1 0 0 0 1 0 2 1 0 0 2 1 1 1 1 1 0 0 0 2
1 2 0 0 2 1 1 0 0 1 0 1 1 1 0 0 1 1 2 2 0 0 1 0 0 0 0
2 1 1 0 2 2 1 0 0 1 0 1 0 0 1 0 0 1 2 2 0 2 2 0 0 0 2
1 2 2 0 2 2 2 0 0 1 0 2 0 1 0 0 0 2 2 2 0 0 2 0 0 0 1
1 2 1 1 2 2 0 0 0 1 0 1 0 2 1 0 0 2 2 2 0 0 2 0 0 0 2
1 2 0 0 2 2 0 0 0 0 0 2 0 1 1 1 0 1 2 1 0 0 0 0 0 0 2
0 2 0 0 2 2 2 1 0 1 0 1 0 2 1 0 1 2 2 2 0 1 0 0 0 0 0
0 2 1 0 2 2 2 0 0 1 0 0 0 1 0 0 1 2 2 2 0 1 1 0 0 0 2
2 2 0 0 2 2 2 0 0 0 0 2 0 2 2 0 0 1 2 1 0 1 0 0 0 0 0
2 2 0 1 2 2 0 0 0 1 0 2 0 1 0 0 0 1 1 2 0 0 1 0 0 0 0
2 1 1 0 2 2 1 0 0 2 0 1 0 2 1 0 0 1 2 1 1 1 1 0 0 0 1
1 2 1 0 1 1 0 1 0 0 0 0 0 1 2 0 0 2 2 1 0 1 0 0 0 0 1
2 2 1 0 2 2 2 0 0 2 0 2 0 0 0 0 0 2 2 2 0 0 0 0 0 0 2
2 2 1 0 1 2 1 0 0 1 0 2 0 1 0 0 0 1 2 1 0 0 0 0 0 0 1
0 2 0 0 2 2 2 0 0 0 0 1 0 2 2 1 1 1 2 2 0 0 0 0 0 0 2
0 2 1 0 2 2 1 0 0 1 0 1 0 0 1 0 0 1 2 2 0 1 1 0 0 0 2
2 2 1 0 2 2 0 1 0 1 0 0 0 2 0 0 1 2 2 2 0 0 1 0 0 0 2
1 2 0 1 2 2 2 0 0 2 0 1 0 2 1 0 0 1 2 1 0 0 1 0 0 0 0
0 2 0 0 2 2 0 0 0 0 0 2 0 2 2 0 0 0 2 2 0 0 1 0 0 0 1
1 2 1 0 2 2 1 0 0 1 1 1 0 1 1 0 1 1 2 2 0 0 1 0 0 0 2
0 1 0 1 2 2 1 1 0 1 0 1 1 1 2 0 1 1 1 2 0 1 0 0 0 0 0
2 2 0 1 2 2 1 1 0 1 0 2 0 1 1 0 0 1 1 1 0 0 1 0 0 0 0
1 2 1 0 2 2 0 1 0 0 0 1 0 1 1 0 1 1 2 2 1 0 1 0 0 0 1
1 2 0 0 2 2 2 0 0 1 0 2 0 2 1 0 0 1 0 2 0 0 0 0 0 0 2
1 2 1 0 2 2 1 0 0 1 0 1 1 0 2 0 0 2 2 1 0 1 1 0 0 0 2
2 2 0 0 2 2 1 0 0 1 0 1 0 0 0 0 0 1 2 2 0 0 0 0 0 0 0
1 2 0 0 2 2 0 0 0 0 0 0 0 1 1 0 0 2 2 0 0 0 0 0 0 0 2
0 1 0 0 2 2 2 0 0 1 1 2 0 1 0 0 0 1 2 2 0 1 2 0 0 0 1
1 2 0 0 2 2 0 1 0 0 1 2 0 1 0 1 1 0 1 2 1 1 1 0 0 0 0
0 2 0 1 2 2 1 0 0 0 0 1 0 1 0 0 1 1 0 1 0 0 0 0 0 0 1
2 2 0 0 1 2 2 0 0 1 0 0 0 1 1 1 1 1 1 2 0 0 1 0 0 0 0
2 2 0 0 2 2 2 0 0 1 1 1 0 2 0 1 0 2 2 2 0 0 2 0 0 0 1
1 2 0 0 1 2 1 0 0 1 0 0 0 2 0 0 0 2 2 1 0 0 1 0 0 0 0
1 2 0 1 2 2 0 1 0 0 0 2 0 1 0 0 0 1 1 2 1 0 1 0 0 0 1
1 2 0 0 2 2 2 0 0 0 0 0 0 2 0 0 0 1 2 1 0 0 0 0 0 0 0
2 2 0 0 2 2 0 1 0 0 0 1 0 1 0 1 0 1 2 2 0 0 1 0 0 0 1
1 2 0 1 2 2 0 0 0 1 0 2 0 1 1 0 0 1 1 2 1 1 0 0 0 0 0
1 2 1 0 2 2 1 0 0 2 0 1 1 1 2 0 0 1 2 2 1 0 1 0 0 0 1
1 1 0 0 2 2 0 0 0 1 0 1 0 1 0 0 0 2 2 2 0 1 1 0 0 0 1
0 2 1 0 2 2 1 1 0 1 0 1 0 1 0 0 0 2 2 1 0 0 2 0 0 0 2
0 2 1 1 2 2 0 1 0 1 0 1 0 0 0 1 0 2 2 2 0 0 0 0 0 0 1
1 2 0 0 2 2 1 0 0 1 0 0 0 2 2 0 1 2 0 1 0 2 0 0 0 0 0
2 2 0 0 1 2 0 0 0 1 0 2 0 1 0 0 0 2 2 1 0 0 0 0 0 0 1
0 2 0 0 2 2 0 1 0 1 1 1 0 1 0 0 1 1 1 1 0 0 2 0 0 0 0
1 2 1 0 2 2 0 0 0 1 0 0 1 1 0 1 0 1 2 2 0 0 0 0 0 0 2
2 2 1 0 2 2 0 0 0 2 0 1 0 2 1 0 1 2 2 1 1 1 0 0 0 0 1
1 2 0 1 2 2 1 0 0 2 0 1 0 2 0 0 0 1 2 1 0 0 1 0 0 0 1
1 2 0 1 2 2 1 0 0 1 0 1 0 1 1 0 1 2 2 1 1 0 1 0 0 0 1
2 2 1 1 2 1 2 0 0 1 0 1 0 1 0 0 0 1 2 1 0 0 2 0 0 0 1
1 2 0 0 1 2 1 0 0 2 1 2 0 0 0 0 0 1 2 1 0 1 0 0 0 0 1
0 2 0 0 1 2 1 0 0 2 0 2 0 1 0 0 0 1 2 1 0 0 1 0 0 0 1
0 2 1 0 2 1 2 0 0 2 0 1 0 1 0 0 1 0 2 2 0 0 1 0 0 0 0
0 2 1 0 2 2 0 0 0 1 0 1 1 1 0 0 0 1 2 1 1 0 1 0 0 0 2
2 2 1 0 2 2 1 0 0 0 0 0 0 2 1 0 0 1 2 2 0 0 1 0 0 0 1
1 2 0 0 2 2 2 0 0 1 1 2 0 1 0 0 1 2 2 2 1 0 0 0 0 0 1
2 2 1 0 1 2 1 0 0 2 0 0 0 0 0 0 1 2 1 1 0 0 1 0 0 0 1
1 2 0 1 2 2 2 0 0 2 0 0 0 1 0 1 0 2 2 1 0 0 2 0 0 0 1
1 2 0 0 2 2 1 0 0 0 1 1 0 1 0 0 1 1 2 1 2 0 0 0 0 0 2
1 2 0 0 1 2 1 0 0 1 0 0 0 1 1 0 1 2 1 2 0 0 1 0 0 0 1
1 2 0 0 2 1 2 1 0 1 0 2 1 2 0 1 0 2 1 1 0 1 0 0 0 0 2
1 2 0 1 2 2 0 0 0 1 0 1 0 0 0 0 0 0 1 2 0 1 2 0 0 0 1
1 2 0 0 2 2 2 0 0 2 0 1 0 2 1 0 1 1 2 2 0 0 0 0 0 0 2
0 2 0 0 2 2 0 0 0 1 0 2 0 2 0 1 0 1 2 1 0 0 1 0 0 0 0
1 2 0 0 2 2 1 1 0 1 1 1 0 0 2 0 0 2 2 2 0 0 0 0 0 0 1
2 2 0 0 2 2 2 0 0 0 0 1 0 0 1 0 1 0 2 1 0 0 0 0 0 0 0
1 2 1 0 2 2 1 0 0 2 0 0 0 1 0 0 0 2 1 2 0 0 0 0 0 0 2
2 2 0 0 2 2 0 0 0 1 0 0 0 0 0 1 0 1 2 2 0 0 0 0 0 0 1
2 1 1 0 2 2 2 0 0 2 0 0 0 1 0 0 1 2 2 1 0 0 0 0 0 0 1
0 2 2 0 2 2 1 0 0 1 0 0 0 2 1 0 1 2 2 2 0 1 0 0 0 0 0
1 2 0 0 2 2 0 0 0 0 0 0 0 1 0 0 0 1 1 0 0 0 1 0 0 0 1
1 2 1 0 2 1 1 0 0 1 0 1 0 2 1 0 1 2 2 2 0 0 0 0 0 0 0
2 2 0 0 2 1 1 0 0 2 0 0 0 1 1 0 1 1 2 2 0 0 1 0 0 0 0
1 2 0 0 2 2 1 0 0 1 1 0 0 2 2 0 0 1 0 2 0 0 1 0 0 0 1
1 2 1 0 2 2 1 0 0 0 0 1 0 1 0 0 0 2 1 0 0 0 1 0 0 0 1
0 2 0 0 2 2 1 0 0 1 0 1 1 2 2 0 0 2 2 1 0 0 0 0 0 0 1
2 2 0 0 2 2 1 0 0 1 0 1 0 0 0 0 0 2 2 2 0 1 0 0 0 0 1
0 2 0 0 2 2 2 0 0 2 0 2 0 2 0 0 0 0 2 2 1 0 1 0 0 0 0
2 2 0 0 1 2 1 0 0 2 0 1 0 1 1 0 0 0 2 2 0 1 0 0 0 0 0
0 2 2 0 1 2 1 1 0 0 0 2 0 1 0 1 1 1 2 2 0 2 0 0 0 0 1
2 2 0 0 2 2 2 0 0 1 0 2 0 1 2 0 0 2 2 1 0 1 1 0 0 0 1
0 2 0 1 2 2 1 0 0 1 0 0 0 2 1 0 1 1 2 2 0 0 1 0 0 0 0
1 2 1 0 2 2 0 0 0 1 0 1 0 1 2 0 1 1 2 1 0 0 1 0 0 0 2
2 2 1 1 2 2 0 0 1 0 0 1 0 0 1 0 1 1 2 1 0 1 1 0 0 0 1
1 1 0 0 2 2 1 0 0 1 0 1 0 2 1 1 0 1 2 1 0 0 1 0 0 0 0
1 2 0 0 2 1 2 0 0 1 0 0 0 1 0 1 0 1 1 2 1 0 0 0 0 0 1
0 2 0 0 2 2 1 0 0 2 0 0 0 0 0 0 0 2 2 2 0 0 1 0 0 0 2
0 2 0 1 2 2 1 0 0 2 0 1 0 1 1 1 1 2 2 1 0 0 1 0 0 0 0
1 2 0 1 2 2 1 0 0 1 0 1 0 2 0 0 0 1 2 2 0 0 0 0 0 0 1
1 2 0 1 1 2 0 0 0 2 0 1 0 2 1 0 1 1 2 1 1 0 1 0 0 0 0
1 2 0 0 2 2 1 0 0 1 0 1 0 2 0 0 0 0 2 2 1 0 1 0 0 0 1
1 2 0 0 2 2 0 0 0 1 0 2 0 1 1 0 0 0 1 2 0 0 0 0 0 0 1
0 2 1 1 2 2 1 0 0 1 0 1 0 1 0 0 1 2 1 1 0 1 0 0 0 0 2
2 2 0 0 2 2 1 0 0 1 0 0 0 2 0 0 1 0 2 1 0 0 2 0 0 0 2
1 2 0 0 2 2 1 1 0 1 0 1 0 1 0 0 0 2 2 1 1 1 0 0 0 0 2
2 1 0 0 2 2 0 0 0 2 0 0 0 0 0 1 0 1 1 2 0 0 2 0 0 0 1
1 1 1 1 2 2 0 1 0 1 0 1 0 2 0 0 0 0 2 1 1 0 1 0 0 0 1
0 2 2 0 2 2 2 0 0 0 0 0 0 2 0 0 0 1 2 2 0 1 0 0 0 0 1
2 2 0 0 2 2 0 0 0 1 0 0 0 1 1 1 0 0 2 1 1 0 1 0 0 0 0
1 2 1 0 2 2 2 0 0 1 0 0 0 1 1 0 1 2 1 1 0 1 0 0 0 0 0
1 1 0 0 1 2 1 0 0 1 0 1 0 1 1 0 0 0 2 2 0 0 1 0 0 0 1
2 2 1 0 2 2 0 1 0 0 1 0 0 2 2 1 0 2 2 0 0 0 0 0 0 0 1
1 2 0 0 2 2 2 0 0 2 0 2 0 1 1 0 0 2 2 1 1 0 0 0 0 0 1
0 2 0 0 2 2 2 2 0 1 0 2 0 2 0 0 0 1 2 2 0 0 2 0 0 0 2
1 2 0 0 2 2 0 0 0 1 0 2 0 1 0 0 0 0 2 0 1 1 1 0 0 0 0
1 2 0 0 2 2 0 0 0 1 0 2 0 1 0 0 0 2 2 2 0 0 0 0 0 0 2
1 1 1 0 2 2 1 0 0 0 0 1 1 1 0 0 1 1 2 2 1 0 1 0 0 0 0
2 2 0 0 2 2 0 0 0 1 0 2 0 0 1 1 1 1 2 2 0 1 1 0 0 0 0
2 2 1 1 2 1 2 1 0 1 0 1 1 1 0 0 1 1 2 2 0 0 1 0 0 0 1
1 2 0 1 1 2 2 0 0 0 0 1 0 0 1 0 0 2 0 2 0 0 1 0 0 0 1
1 2 1 0 1 2 1 1 0 1 0 0 0 0 2 0 0 1 2 2 0 0 0 0 0 0 0
1 2 1 0 2 2 0 0 0 1 0 1 0 0 0 0 1 1 2 2 0 0 0 0 0 0 1
2 1 1 0 1 2 2 0 0 1 0 1 0 2 0 0 0 0 0 1 0 0 0 0 0 0 2
1 2 1 0 2 2 2 0 0 1 1 2 0 0 1 0 1 2 2 2 0 0 1 0 0 0 1
1 1 0 0 2 1 2 0 0 1 0 1 0 2 0 0 1 2 2 2 1 0 2 0 0 0 1
0 2 0 2 2 2 2 0 0 1 0 0 0 1 0 0 1 2 2 2 0 0 1 0 0 0 2
2 2 0 0 2 2 2 0 0 1 0 1 0 2 0 0 0 0 1 1 0 0 0 0 0 0 0
2 2 0 0 1 2 1 1 0 1 0 2 0 1 0 0 0 0 1 1 0 0 1 0 0 0 1
1 1 1 0 2 2 1 0 0 0 0 2 0 1 0 0 0 2 2 2 1 1 1 0 0 0 0
2 2 0 0 2 2 2 0 0 2 0 0 1 1 1 0 1 2 1 2 0 1 1 0 0 0 2
2 2 0 1 2 2 1 0 0 1 0 1 0 2 0 0 0 1 2 1 0 0 2 0 0 0 2
2 2 0 0 2 2 1 0 0 1 0 1 0 2 0 0 1 1 2 2 0 0 2 0 0 0 1
0 2 0 0 2 2 1 0 0 2 0 1 0 0 0 0 1 1 1 2 0 0 0 0 0 0 2
2 2 0 0 2 2 1 0 0 1 0 1 0 2 1 0 0 0 2 1 1 0 1 0 0 0 2
1 2 1 0 2 2 0 0 0 2 0 1 0 2 0 0 0 2 1 1 0 0 1 0 0 0 1
1 2 0 0 2 2 1 0 0 1 0 2 0 1 2 0 0 2 2 1 0 0 1 0 0 0 0
2 2 0 0 2 2 0 0 0 0 0 1 0 1 1 0 0 1 1 2 1 0 1 0 0 0 0
0 2 0 0 2 2 1 0 0 2 0 1 0 0 1 0 1 2 1 2 0 1 1 0 0 0 0
1 2 0 0 2 1 2 0 0 0 1 1 0 1 1 1 1 1 2 2 0 0 0 0 0 0 2
0 2 1 0 2 2 1 0 0 2 0 0 0 1 0 0 0 2 1 2 1 0 1 0 0 0 2
0 2 0 0 2 2 1 0 0 2 0 1 1 1 0 0 1 1 1 2 0 0 0 0 0 0 0
1 2 0 0 1 1 0 0 0 2 0 0 0 1 1 0 0 2 2 2 0 0 1 0 0 0 0
1 2 0 1 2 2 1 1 0 1 0 1 0 0 0 0 0 0 1 2 0 0 1 0 0 0 1
1 2 0 0 2 2 1 0 0 2 0 1 0 1 0 0 1 0 1 2 0 0 0 0 0 0 1
0 2 1 0 2 2 0 0 0 1 0 1 1 1 2 0 0 2 2 1 0 1 1 0 0 0 2
2 1 0 0 2 2 1 0 1 0 0 2 0 0 2 0 1 2 1 2 0 0 0 0 0 0 1
1 2 0 0 2 2 0 0 0 0 0 1 0 1 0 0 0 2 2 1 0 1 0 0 0 0 1
1 1 0 2 1 1 2 0 0 1 0 0 0 1 0 0 0 0 1 2 1 0 0 0 0 0 2
2 1 2 0 2 2 1 0 0 0 0 2 0 1 1 1 0 2 1 2 0 1 0 0 0 0 1
1 2 1 0 2 2 1 0 0 2 0 2 1 0 1 0 0 2 2 2 0 0 0 0 0 0 0
0 2 0 0 2 2 0 0 0 1 0 1 0 1 0 0 0 2 2 2 0 0 1 0 0 0 0
1 2 2 1 2 2 2 0 0 2 0 1 1 2 0 0 0 0 2 1 0 0 2 0 0 0 0
1 2 0 0 2 2 1 0 0 1 0 1 0 2 1 0 0 1 2 1 0 0 0 0 0 0 0
1 2 1 0 2 2 2 0 0 0 0 2 0 0 1 1 2 2 2 2 0 0 0 0 0 0 1
1 2 0 0 2 2 2 1 0 1 0 1 0 2 0 1 1 1 1 2 0 0 0 0 0 0 0
0 2 2 0 2 2 1 0 0 2 0 1 0 0 0 0 1 1 2 2 0 0 2 0 0 0 0
0 2 0 1 2 2 0 0 0 1 0 1 0 1 0 0 0 2 2 2 0 0 2 0 0 0 2
1 2 1 0 2 2 1 0 0 2 2 1 1 1 2 1 1 1 2 2 1 0 1 0 0 0 0
1 2 0 0 2 2 2 1 0 1 0 1 1 1 0 0 0 1 2 2 0 0 2 0 0 0 1
1 2 0 0 2 2 2 0 0 2 0 2 0 0 2 0 0 1 2 2 1 1 0 0 0 0 0
2 1 1 0 2 2 1 1 0 2 0 2 1 1 1 0 1 2 2 1 1 0 0 0 0 0 2
1 2 0 0 2 2 2 0 0 1 0 2 1 1 1 0 0 1 2 2 0 0 0 0 0 0 1
2 2 0 0 2 2 1 0 0 1 0 2 0 1 0 1 0 2 2 2 0 0 1 0 0 0 0
2 1 0 0 2 2 0 0 0 1 0 1 0 1 1 0 1 1 1 2 1 0 1 0 0 0 0
1 2 0 0 2 2 0 0 0 2 0 1 1 1 1 0 0 0 1 2 1 0 0 0 0 0 2
0 2 1 0 2 2 2 1 0 1 1 2 0 1 1 0 0 1 2 2 0 1 0 0 0 0 2
2 2 0 1 2 2 1 0 0 0 0 1 0 1 1 1 0 2 2 2 1 0 1 0 0 0 1
2 2 1 1 2 1 2 0 0 2 0 1 0 1 1 0 1 1 2 1 0 0 1 0 0 0 1
1 2 0 1 2 2 1 0 0 2 0 2 0 2 0 0 1 0 2 1 1 0 0 0 0 0 0
0 2 0 0 2 1 1 0 0 2 0 1 1 2 0 0 0 1 1 1 0 1 0 0 0 0 0
1 2 0 0 2 2 1 0 0 0 0 2 0 1 0 0 0 1 2 2 0 0 2 0 0 0 0
1 2 1 0 2 1 0 0 0 0 0 1 1 2 1 0 1 2 2 2 0 1 0 0 0 0 1
0 2 1 0 2 2 1 0 0 2 0 0 0 2 0 0 0 1 2 1 0 0 0 0 0 0 0
1 2 1 1 2 2 1 2 0 1 0 0 1 0 0 0 0 0 2 1 0 1 0 0 0 0 1
1 1 0 1 2 2 1 0 0 0 0 0 0 2 1 0 0 1 2 2 0 0 1 0 0 0 1
2 2 1 0 2 2 2 0 0 0 0 2 1 1 0 0 0 2 1 2 0 0 0 0 0 0 2
1 2 1 0 2 2 1 1 0 0 1 2 0 0 0 0 0 1 1 2 0 1 0 0 0 0 0
1 2 0 0 2 2 1 0 0 1 0 2 0 1 0 1 1 1 2 2 0 1 0 0 0 0 1
2 2 0 0 2 2 1 0 0 2 0 1 1 0 0 1 0 0 1 2 0 0 0 0 0 0 0
2 0 0 1 2 2 0 1 0 1 0 2 1 2 0 0 0 1 0 2 0 0 0 0 0 0 0
1 1 1 0 2 2 1 0 0 1 0 0 0 1 1 0 0 2 2 1 0 0 1 0 0 0 2
1 2 0 0 2 1 2 0 0 2 0 2 1 2 0 1 0 2 2 0 0 0 0 0 0 0 1
0 2 1 0 2 2 0 0 0 1 0 0 0 1 1 0 0 0 2 2 0 1 2 0 0 0 1
1 2 1 1 1 2 1 0 0 2 0 1 0 1 0 0 1 1 1 2 0 0 0 0 0 0 1
2 2 1 0 2 2 0 0 0 1 1 1 0 2 0 1 1 2 2 2 0 0 2 0 0 0 0
0 2 1 0 2 2 1 1 0 1 0 2 0 2 1 0 1 0 2 2 0 0 1 0 0 0 0
1 2 0 1 2 2 0 1 0 2 0 0 0 2 1 0 1 1 2 1 0 0 0 0 0 0 2
0 2 1 0 2 2 2 0 0 2 0 0 0 1 0 0 0 1 2 2 0 0 0 0 0 0 1
1 2 0 0 2 2 1 0 0 1 0 2 0 2 2 0 0 2 1 2 0 0 0 0 0 0 1
0 2 0 1 1 2 1 0 0 1 0 0 0 0 1 0 0 1 2 2 0 0 0 0 0 0 1
1 2 0 0 2 2 2 0 0 0 0 2 1 1 0 0 0 2 2 2 0 1 1 0 0 0 0
1 2 1 0 2 2 0 0 0 1 0 1 0 1 1 0 1 2 2 1 0 0 1 0 0 0 1
1 2 0 0 2 2 0 0 0 1 0 1 0 1 1 0 0 2 2 1 1 0 0 0 0 0 1
0 2 0 1 2 2 1 0 0 0 1 2 0 1 1 0 0 1 2 1 0 0 0 0 0 0 1
1 1 0 0 2 2 1 0 0 0 0 2 0 0 2 1 1 2 2 1 0 0 1 0 0 0 1
1 1 1 0 1 1 0 0 0 2 0 2 1 1 1 1 0 1 2 2 0 0 1 0 1 0 1
1 1 0 0 1 1 1 0 0 0 0 1 0 0 1 0 0 2 2 2 0 1 0 0 0 0 1
1 1 2 0 2 2 1 0 0 2 1 1 0 2 0 0 0 2 2 1 0 0 0 0 0 0 1
0 2 0 0 2 2 0 0 0 1 0 2 0 0 0 0 1 1 1 2 0 0 0 0 0 0 0
1 2 0 1 2 2 1 0 0 2 1 2 0 1 0 1 0 1 2 2 0 0 1 0 0 0 2
1 2 0 0 2 2 1 0 0 1 0 1 0 1 1 0 0 1 2 1 0 0 2 0 0 0 0
0 2 0 0 2 2 0 0 0 2 0 2 0 1 1 0 0 2 2 2 0 0 0 0 0 0 2
1 2 0 1 2 2 1 0 0 1 0 2 0 1 1 0 1 2 2 1 0 1 2 0 0 0 2
2 2 0 0 2 2 1 0 0 2 0 2 0 1 1 0 0 2 2 1 0 0 0 0 0 0 0
0 2 0 0 1 2 1 0 0 2 0 2 0 1 0 0 1 0 1 2 0 0 2 0 0 0 0
1 1 0 0 2 2 0 0 0 2 0 2 0 2 0 0 0 2 2 2 0 0 1 0 0 0 1
2 1 0 1 1 2 2 1 0 0 0 1 0 1 1 1 1 2 2 1 0 0 0 0 0 0 1
1 2 1 0 2 2 0 0 0 0 0 1 0 1 0 1 2 0 2 2 0 0 0 0 0 0 2
0 2 0 0 2 2 2 0 0 2 0 0 0 2 2 1 0 2 2 2 0 0 0 0 0 0 1
0 2 1 0 2 2 2 0 0 2 0 2 0 0 1 0 1 0 1 2 0 0 0 0 0 0 1
1 2 0 0 2 1 2 0 0 0 0 2 0 2 0 0 1 1 2 1 1 0 1 0 0 0 1
0 2 2 0 2 2 1 0 0 2 0 2 0 0 0 0 1 1 2 2 0 0 0 0 0 0 0
0 2 0 0 2 1 1 0 0 2 1 2 0 1 0 0 0 2 2 1 0 0 1 0 0 0 1
1 2 1 0 2 2 1 1 0 2 0 1 0 2 0 0 0 1 2 2 0 0 0 0 0 0 1
1 2 0 0 2 2 0 0 0 2 0 1 0 2 0 0 1 2 1 2 1 0 1 0 0 0 2
1 2 1 0 1 1 1 0 0 1 0 1 0 2 0 0 0 1 1 2 0 1 1 0 0 0 1
0 1 1 1 2 2 1 0 0 1 0 1 0 0 2 0 1 0 2 2 0 0 0 0 0 0 1
1 2 0 0 2 2 1 0 0 2 1 1 1 2 0 1 1 1 2 1 0 0 1 0 0 0 2
2 2 1 1 2 2 1 0 0 0 0 2 0 1 1 0 0 1 1 1 0 0 0 0 0 0 1
1 2 0 0 2 2 1 0 0 2 0 1 0 1 2 0 1 1 2 2 0 0 1 0 0 0 1
0 1 1 0 2 2 1 1 0 0 0 2 0 1 0 0 0 1 2 2 0 0 1 0 0 0 2
0 2 0 1 2 1 1 0 0 1 0 1 0 1 0 0 0 2 2 2 0 1 0 0 0 0 2
1 1 0 0 2 2 0 0 0 1 0 1 0 0 1 0 0 2 2 2 0 0 1 0 0 0 2
0 1 0 0 2 2 2 0 0 1 1 1 0 1 1 0 1 0 2 2 0 0 0 0 0 0 2
1 2 0 0 1 1 1 0 0 0 0 1 0 2 1 0 1 0 2 2 0 0 0 0 0 0 0
0 2 1 1 2 2 0 1 0 1 0 1 0 0 1 0 1 1 2 2 0 0 2 0 0 0 1
1 2 1 0 2 2 1 0 0 0 0 1 0 1 1 0 0 0 1 2 0 1 1 0 0 0 2
0 2 0 0 2 1 1 1 0 2 0 1 0 0 0 0 1 0 2 0 0 0 0 0 0 0 1
0 1 0 0 2 2 1 0 0 2 0 1 0 2 0 0 0 2 1 2 0 0 1 0 0 0 1
1 2 0 2 2 2 0 0 0 1 0 2 0 1 0 0 0 2 1 1 0 1 0 0 0 0 0
0 2 0 0 2 2 1 0 0 0 0 2 1 2 1 0 0 0 2 1 0 0 1 0 0 0 1
2 2 1 0 1 2 0 0 0 1 0 2 0 1 1 0 0 1 1 1 0 0 1 0 0 0 2
0 2 1 0 2 1 1 0 0 0 0 1 1 1 0 1 0 2 2 2 0 0 0 0 0 0 2
2 2 0 0 2 2 1 0 0 1 0 1 0 2 1 0 0 2 2 2 0 0 0 0 0 0 1
0 2 1 0 2 2 0 0 0 2 0 2 0 1 1 0 0 2 2 1 0 0 1 0 0 0 2
1 2 0 0 2 2 2 0 0 2 0 1 1 0 0 0 0 1 1 1 0 0 1 0 0 0 1
2 2 0 0 2 2 1 0 0 0 0 2 0 2 0 1 0 2 1 2 0 0 1 0 0 0 0
1 2 0 0 2 1 0 0 0 1 1 1 0 2 1 0 0 1 1 1 0 0 0 0 0 0 1
2 2 0 1 2 1 1 0 0 1 0 0 0 1 0 0 0 2 2 2 0 0 1 0 0 0 1
2 1 0 0 2 2 1 0 0 1 0 2 1 1 1 0 1 1 2 2 0 0 0 0 0 0 1
1 2 0 0 2 2 0 0 0 0 0 2 0 2 0 0 1 0 2 2 0 0 1 0 0 0 1
1 2 2 0 1 2 2 0 0 1 0 1 0 0 0 0 0 1 2 2 1 1 2 0 0 0 1
1 2 0 0 2 2 0 1 0 1 1 1 0 1 0 0 0 0 2 2 0 1 1 0 0 0 1
1 2 0 1 1 2 1 0 0 0 0 1 0 2 0 0 1 1 2 2 0 1 0 0 0 0 2
2 2 0 1 2 2 0 0 0 1 0 2 0 2 1 0 1 2 1 1 1 0 1 0 0 0 1
0 2 0 0 2 2 1 0 0 2 0 1 0 1 2 0 1 1 1 1 0 0 0 0 0 0 1
1 2 0 1 2 1 2 0 0 0 0 0 0 0 0 0 1 1 0 1 0 0 1 0 0 0 1
2 2 0 0 2 2 1 0 0 1 0 1 0 2 1 0 1 1 2 1 0 0 0 0 0 0 1
0 2 0 0 2 2 2 0 0 1 0 2 0 2 0 0 0 1 2 1 0 0 0 0 0 0 1
2 1 1 0 2 2 1 0 0 2 0 2 1 1 0 0 1 1 1 2 0 0 0 0 0 0 1
1 2 0 0 1 2 0 0 0 1 0 2 1 2 0 0 0 1 2 1 0 0 0 0 0 0 1
0 1 0 1 2 2 0 0 0 2 1 2 1 2 0 0 0 1 2 2 0 0 2 0 0 0 1
0 1 0 0 2 2 2 0 0 1 0 1 1 0 0 1 1 2 1 2 0 0 1 0 0 1 1
1 2 0 0 2 1 2 0 0 2 0 2 0 2 1 0 1 0 2 1 0 0 1 0 0 0 0
2 2 0 0 2 2 2 0 0 1 0 1 0 1 2 0 1 2 2 2 0 0 0 0 0 0 0
0 2 0 1 2 2 2 0 0 1 0 1 0 2 0 0 0 1 2 2 0 0 1 0 0 0 1
1 2 0 0 1 2 1 1 0 2 0 2 0 1 1 0 0 1 2 2 1 0 1 0 0 0 1
0 1 0 1 1 2 0 0 0 2 0 1 0 1 0 0 0 2 2 1 0 0 1 0 0 0 0
1 2 1 0 2 2 2 0 0 1 0 0 0 2 0 0 0 1 1 2 0 0 0 0 0 0 1
0 1 1 0 2 2 0 0 0 1 0 2 1 2 1 0 1 2 1 1 0 0 0 0 0 0 1
2 2 0 0 2 2 1 0 0 1 0 2 0 2 0 1 0 1 2 1 0 0 2 0 0 0 1
1 2 0 1 2 2 1 0 0 2 1 2 0 2 1 0 0 1 2 2 1 0 2 0 0 0 1
0 2 0 0 2 2 1 0 0 2 0 1 0 0 0 0 0 0 2 2 0 0 0 0 0 0 1
1 2 0 0 2 2 1 0 0 0 1 1 0 0 0 0 2 1 2 2 0 0 0 0 0 0 1
1 2 1 0 2 2 0 0 0 1 0 1 0 2 0 1 0 0 2 2 0 0 1 0 0 0 0
0 2 0 0 1 1 0 0 0 0 0 0 0 1 0 0 0 1 2 2 0 0 1 0 0 0 1
1 2 0 1 2 1 1 0 0 1 0 1 0 1 0 0 0 1 2 2 0 1 1 0 0 0 1
0 1 1 0 2 2 1 0 0 2 0 0 1 2 0 0 0 2 1 2 0 0 0 0 0 0 1
0 2 1 0 2 2 1 0 0 2 0 2 0 1 1 1 0 2 2 2 0 0 1 0 0 0 1
1 2 0 0 1 2 1 0 0 1 0 2 1 1 1 0 0 1 2 1 0 0 1 0 0 0 1
1 2 0 0 2 2 1 0 0 1 0 1 0 2 0 0 0 2 2 2 1 1 0 0 0 0 1
2 1 2 0 2 1 0 0 0 1 0 2 1 1 2 0 0 2 2 2 0 1 1 0 0 0 0
1 1 1 0 2 2 2 1 0 2 0 1 0 2 0 0 0 2 2 2 0 1 1 0 0 0 0
0 2 1 0 2 2 2 0 0 1 1 0 0 2 1 0 0 2 1 2 0 0 0 0 0 0 1
0 2 1 0 2 2 0 1 0 1 0 0 0 2 2 0 1 2 2 2 0 0 2 0 0 0 2
0 0 0 0 2 2 1 0 0 1 0 2 0 2 1 0 0 2 2 2 0 0 0 0 0 0 1
1 2 0 0 2 2 1 0 0 1 0 1 0 2 0 0 0 0 2 1 0 0 1 0 0 0 1
1 1 0 0 2 2 2 0 0 2 0 2 1 2 1 0 0 1 2 2 0 0 1 0 0 0 0
0 2 1 1 2 2 0 0 0 0 0 1 0 1 0 0 0 1 2 2 0 0 0 0 0 0 1
1 2 0 0 2 2 0 0 0 1 0 1 1 1 0 0 0 2 2 1 0 0 0 0 0 0 1
0 2 0 1 2 2 1 0 0 1 0 1 0 1 1 1 0 0 2 2 0 0 0 0 0 0 0
0 2 0 0 1 2 1 0 0 0 0 0 0 1 1 0 1 1 1 2 0 0 1 0 0 0 1
0 2 1 1 2 2 0 0 0 1 0 1 0 2 0 0 0 0 2 2 0 0 1 0 0 0 2
1 2 1 0 2 2 0 0 0 1 0 2 0 2 0 0 0 1 1 1 0 1 1 0 0 0 1
2 2 0 0 2 2 2 1 0 2 0 0 0 1 0 0 0 2 1 2 0 0 0 0 0 0 2
0 2 0 0 2 1 1 0 0 1 0 1 1 0 0 1 0 2 2 1 0 0 1 0 0 0 0
1 1 1 0 2 2 2 0 0 0 0 1 0 1 1 0 0 0 2 1 0 0 1 0 0 0 0
1 2 0 0 2 2 1 0 0 1 0 2 1 2 0 0 0 1 2 2 0 0 2 0 0 0 1
1 1 0 1 2 2 2 1 1 0 0 1 0 0 2 0 0 1 2 1 0 0 0 0 0 0 0
1 2 1 0 2 2 2 0 0 2 0 2 0 1 1 0 0 0 1 2 0 0 0 0 0 0 2
1 2 2 1 2 2 1 0 0 2 0 2 0 2 0 0 0 1 2 2 1 0 0 0 0 0 0
2 2 0 0 2 2 1 0 0 2 0 2 0 1 0 0 1 1 2 2 0 0 1 0 0 0 2
2 2 1 0 2 2 0 0 0 1 0 0 0 2 1 0 0 1 2 2 0 0 1 0 0 0 1
1 1 0 0 2 2 2 0 0 2 0 2 0 0 0 0 0 1 1 1 0 0 0 0 0 0 0
0 2 0 0 2 2 1 0 0 1 0 1 0 1 0 0 0 0 1 2 0 0 2 0 0 0 1
1 1 0 1 2 2 1 0 0 0 0 0 0 1 1 1 0 1 2 2 0 0 0 0 0 0 1
0 1 1 0 2 2 1 0 0 1 0 2 0 1 0 0 1 2 2 1 0 0 0 0 0 0 1
1 2 0 0 2 1 1 0 0 2 0 2 0 2 0 0 0 1 1 1 1 2 1 0 1 0 1
0 2 1 0 2 2 0 0 0 1 0 2 0 1 0 0 0 2 1 2 0 0 1 0 0 0 0
1 2 1 0 2 2 1 0 0 2 1 2 0 1 0 0 1 1 1 1 0 0 2 0 0 0 1
2 2 1 0 2 2 1 0 0 1 0 2 0 2 0 0 1 1 2 2 0 2 1 0 0 0 0
1 2 0 0 2 2 0 0 0 1 1 2 0 1 1 1 0 0 2 2 1 0 1 0 0 0 2
0 1 0 0 2 2 0 1 0 1 0 2 0 2 0 0 0 1 2 2 0 0 1 0 0 0 1
2 2 2 1 2 2 0 0 0 1 0 1 0 1 0 0 0 0 0 1 0 1 0 0 0 0 1
2 2 0 0 2 2 1 0 0 1 1 2 0 1 1 0 0 1 2 1 0 1 1 0 0 0 1
1 1 0 0 2 2 0 0 0 1 0 1 0 2 1 0 1 1 2 2 0 1 1 0 0 0 1
2 2 0 0 1 1 1 0 0 1 0 2 0 1 0 0 0 0 1 1 0 0 1 0 0 0 1
1 2 1 1 2 2 1 0 0 1 0 1 0 2 0 0 1 1 2 2 0 0 1 0 0 0 0
0 1 1 0 2 2 1 1 0 0 0 0 0 1 1 0 1 1 2 1 0 0 2 0 0 0 1
1 2 0 0 2 2 2 0 0 2 0 2 0 1 0 0 0 0 2 2 0 0 1 0 0 0 2
0 1 1 0 1 2 1 0 0 2 0 1 0 2 0 1 1 2 2 1 1 0 1 0 0 0 1
2 1 1 1 2 2 2 0 0 2 0 1 0 2 1 0 1 1 1 1 0 0 1 0 0 0 1
0 2 0 1 2 2 1 0 0 1 0 0 1 2 1 0 0 1 2 1 0 1 0 0 0 0 0
1 2 0 0 1 2 1 0 0 1 0 1 0 1 0 0 0 1 1 1 0 0 0 0 0 0 0
0 1 0 1 2 2 1 0 0 2 0 2 1 2 0 1 1 0 2 2 0 0 1 0 0 0 1
1 2 0 0 2 2 1 0 0 1 2 2 0 1 0 0 0 1 2 1 0 0 1 0 0 0 2
1 2 0 1 2 2 1 1 0 2 0 1 0 1 1 0 0 1 2 2 0 0 1 0 0 0 0
0 1 1 1 2 2 2 1 0 2 0 0 0 1 1 0 1 1 2 2 0 1 1 0 0 0 2
2 2 0 0 1 1 0 0 0 2 0 2 0 1 1 0 0 2 2 1 0 0 0 0 0 0 0
1 1 0 0 2 2 1 0 0 1 1 1 0 2 2 0 1 1 2 2 0 0 0 0 0 0 1
1 2 1 0 1 2 1 0 0 1 0 2 0 0 0 0 0 1 2 2 0 0 0 0 0 1 2
0 2 0 0 2 2 1 0 0 0 0 2 1 0 0 0 0 1 2 1 0 0 0 0 0 0 1
0 2 0 1 1 1 1 0 0 2 0 1 0 0 0 0 0 1 1 2 0 0 1 0 0 0 1
1 1 0 0 2 2 2 0 0 1 0 0 0 1 1 0 0 1 2 1 0 0 0 0 0 0 2
1 2 0 0 2 2 2 0 0 1 0 2 0 2 0 0 1 0 2 2 0 0 2 0 0 0 1
1 2 0 0 2 2 0 0 0 0 0 2 0 1 0 0 0 1 2 2 1 0 0 0 0 0 1
1 2 0 0 2 2 2 0 0 1 0 0 0 1 2 1 0 1 2 1 0 0 0 0 0 0 1
1 1 0 0 2 1 2 0 0 1 0 2 0 1 1 0 1 2 2 0 0 0 1 0 0 0 2
1 2 0 1 2 2 2 0 0 0 0 2 0 1 0 0 1 1 2 2 0 0 1 0 0 0 2
2 1 1 0 2 1 2 0 0 1 0 0 0 2 1 0 0 2 1 1 0 0 1 0 0 0 1
1 2 1 0 2 2 2 0 0 2 0 1 0 2 1 0 1 1 2 1 0 0 1 0 0 0 1
0 2 0 0 2 2 2 1 0 0 0 1 1 0 0 0 0 0 2 2 0 0 0 0 0 0 1
0 1 0 0 2 2 0 0 0 1 0 1 0 2 1 0 0 0 2 1 0 0 0 0 0 0 2
2 2 0 0 2 2 0 0 0 1 0 2 0 1 1 1 0 0 2 1 0 0 1 0 0 0 1
0 2 1 0 2 2 1 0 0 1 0 1 0 2 1 1 0 1 2 1 2 0 1 0 0 0 1
0 2 0 0 2 2 1 0 0 1 0 2 0 0 1 0 0 0 1 2 1 0 1 0 0 0 2
0 2 0 0 2 2 1 1 0 0 1 2 0 2 1 1 1 2 2 2 0 0 1 0 0 0 2
0 2 0 0 2 2 1 0 0 2 0 2 0 2 0 0 0 2 2 1 0 1 1 0 0 0 1
1 2 0 0 2 2 1 0 0 0 0 1 0 0 0 0 0 1 2 1 0 0 0 0 0 0 0
0 1 0 0 2 1 2 0 0 2 1 1 0 2 1 0 0 2 2 1 0 0 0 0 0 0 0
0 2 1 0 2 2 0 0 0 2 0 2 0 2 0 0 0 1 2 2 0 0 0 0 0 0 1
2 2 0 0 2 2 1 0 0 1 0 0 0 0 0 1 0 2 2 2 0 1 1 0 0 0 0
0 2 1 0 2 1 2 1 0 2 0 1 0 1 0 0 1 2 2 2 0 0 0 0 0 0 2
0 2 0 0 2 1 1 0 0 2 0 1 0 0 1 0 0 2 1 2 1 0 1 0 0 0 2
1 2 0 0 2 2 2 1 0 1 0 1 0 1 0 0 0 2 2 1 0 1 0 0 0 0 0
0 2 0 0 2 2 1 0 0 0 0 0 0 2 0 0 1 1 2 1 0 0 1 0 0 0 1
0 2 1 1 2 1 2 0 0 2 1 0 0 0 0 0 0 2 2 2 0 0 2 0 0 0 2
1 1 0 0 2 1 1 0 0 2 0 2 0 1 1 0 1 1 2 1 0 1 1 0 0 0 1
0 1 1 1 2 1 0 0 0 0 0 1 0 0 1 0 0 2 2 2 0 0 2 0 0 0 2
1 2 1 0 2 2 1 1 0 1 0 1 0 0 0 0 1 0 2 2 0 0 0 0 0 0 2
1 1 2 0 2 1 1 0 0 0 0 2 1 1 0 0 0 0 1 2 1 0 2 0 0 0 2
0 2 1 0 2 2 2 0 0 1 1 1 0 2 0 0 1 1 2 2 0 0 0 0 0 0 0
0 1 1 0 2 1 1 0 0 1 1 1 1 1 0 0 1 1 1 2 0 0 1 0 1 1 2
1 2 0 0 2 2 1 0 0 1 0 1 1 0 0 1 0 1 2 1 0 0 0 0 0 0 1
0 2 0 0 2 2 0 0 0 1 0 1 1 1 0 1 1 1 2 2 0 0 0 0 0 0 0
1 2 1 1 2 2 0 0 0 2 0 2 0 0 1 0 0 1 2 2 1 0 1 0 0 0 1
1 1 0 0 2 2 1 0 0 0 0 1 0 2 0 0 1 1 2 1 0 1 0 0 0 0 1
0 2 1 0 1 2 1 0 0 1 0 1 0 1 0 0 1 0 2 2 1 0 1 0 0 0 1
1 2 0 1 2 2 0 0 0 1 0 1 0 1 0 0 0 2 2 1 0 0 1 0 0 0 0
1 2 1 0 2 2 1 0 0 1 0 0 0 1 0 1 0 1 2 1 0 0 0 0 0 0 1
0 2 1 0 2 2 1 0 0 1 0 2 0 2 0 0 0 2 1 1 0 0 1 0 0 0 0
1 2 0 0 2 2 2 0 0 2 0 2 0 2 0 0 0 1 2 2 0 1 1 0 0 0 0
1 2 1 1 2 2 1 0 0 1 0 2 0 2 1 0 0 2 2 2 0 0 1 0 0 0 1
2 2 0 0 2 1 0 0 0 0 0 2 0 1 1 0 0 1 2 2 0 0 0 0 0 0 1
1 1 0 0 2 1 1 0 0 2 0 2 0 2 0 1 0 1 1 1 0 1 2 0 0 0 1
1 2 0 0 1 2 0 0 0 2 0 1 0 0 0 0 0 2 1 1 0 0 0 0 0 0 0
1 1 0 0 2 2 2 0 0 0 1 1 2 2 1 0 0 1 1 2 0 0 0 0 0 0 1
2 1 0 1 2 2 1 0 0 1 0 1 0 0 0 0 0 2 2 2 0 0 0 0 0 0 2
1 2 0 0 2 2 0 0 0 1 0 1 0 2 1 0 1 1 2 2 0 0 0 0 0 0 1
2 1 0 0 2 2 2 0 0 1 1 1 0 2 0 1 1 2 2 1 0 0 1 0 0 0 0
1 2 0 0 2 2 0 0 0 2 0 0 0 2 0 1 0 2 2 2 0 0 2 0 0 0 0
1 2 0 0 2 2 1 0 0 1 0 2 0 1 0 0 0 2 1 2 0 0 0 0 0 0 1
1 2 0 0 1 2 1 0 0 1 0 2 0 2 0 0 0 0 2 2 0 1 0 0 0 0 0
2 2 0 0 2 2 0 0 0 0 0 2 0 0 0 0 1 2 2 2 0 1 0 0 0 0 1
1 2 0 0 2 1 0 0 0 1 0 2 0 2 0 0 1 0 2 1 0 0 1 0 0 0 1
1 2 0 0 2 1 1 0 0 0 0 0 1 1 0 1 1 2 2 1 0 0 1 0 1 0 1
1 1 0 0 2 2 2 1 0 1 0 2 0 0 1 0 0 1 2 2 0 0 2 0 0 0 0
0 2 0 0 2 2 1 0 0 2 0 2 0 1 0 1 1 1 2 2 0 0 0 0 0 0 0
0 2 0 0 2 2 1 0 0 1 0 1 0 0 0 0 1 2 2 2 0 1 1 0 0 0 1
0 1 0 0 2 2 1 0 0 1 0 1 0 2 0 0 0 1 1 0 1 0 1 0 0 0 2
2 2 0 0 1 1 1 0 0 2 0 2 0 1 1 0 1 0 2 1 0 0 0 0 0 0 1
2 2 0 0 2 2 1 0 0 1 0 2 0 1 0 0 0 0 2 2 0 0 1 0 0 0 1
1 2 0 0 1 2 1 0 0 1 0 1 0 1 2 0 0 2 2 2 0 1 1 0 0 0 0
1 2 0 0 2 2 0 0 0 2 0 1 1 1 0 0 1 1 2 2 1 0 1 0 0 0 0
1 2 0 1 2 1 0 0 0 2 0 1 0 2 1 0 0 2 2 2 0 0 1 0 0 0 1
0 2 0 0 2 2 1 0 0 1 0 0 0 2 1 0 0 1 0 2 0 0 1 0 0 0 1
0 2 0 0 2 2 1 0 0 1 0 2 0 1 1 0 1 1 2 1 0 2 1 0 0 0 2
1 2 0 0 2 1 1 0 0 0 0 1 0 1 0 0 0 1 2 2 0 0 1 0 0 0 1
2 2 0 0 2 2 0 0 0 1 0 1 1 2 1 0 0 1 2 2 0 0 1 0 0 0 1
1 2 0 0 2 2 2 0 0 1 0 2 0 2 0 0 0 1 1 2 1 0 1 0 0 0 1
2 2 1 0 2 2 0 0 1 2 0 2 0 2 0 1 0 0 1 1 0 0 0 0 0 0 0
0 1 0 0 2 1 1 0 0 1 0 2 1 2 0 0 0 2 2 2 0 0 1 0 0 0 0
1 2 0 0 2 2 2 0 0 0 0 0 0 1 0 0 1 1 2 2 0 0 0 0 0 0 1
1 2 0 1 2 2 2 0 0 1 0 0 1 2 0 0 0 1 2 2 0 0 1 0 0 0 0
1 2 0 0 2 2 2 0 0 2 0 2 0 1 0 0 1 2 2 2 0 0 0 0 0 1 2
0 2 1 0 2 2 2 0 0 1 0 2 0 1 0 0 0 1 2 2 0 0 1 0 0 0 2
1 2 0 0 2 2 1 0 0 1 0 2 2 1 2 0 0 1 2 1 0 1 0 0 0 0 1
1 1 1 0 2 1 1 0 0 2 0 2 1 1 1 0 1 2 1 1 0 0 1 0 0 0 1
1 2 0 0 2 1 1 0 0 2 0 2 0 1 0 1 0 1 2 2 0 1 1 0 0 0 1
1 2 0 0 2 2 2 0 0 1 0 1 0 2 0 0 0 2 2 1 1 0 1 0 0 0 1
1 2 2 0 2 2 1 0 0 1 1 2 0 1 1 0 0 2 1 1 0 0 0 0 0 0 1
0 2 1 0 2 2 2 0 0 1 0 0 0 2 1 0 0 1 2 2 0 0 1 0 0 0 1
0 2 1 0 2 2 1 0 0 2 0 1 0 2 2 0 1 0 2 1 0 0 1 0 0 0 2
0 2 1 0 2 2 1 0 0 0 1 1 0 1 0 0 0 0 2 2 0 0 1 0 0 0 2
1 0 1 0 2 2 0 1 0 1 0 0 0 2 0 1 0 0 2 2 0 2 0 0 0 0 1
1 2 1 0 1 2 1 1 0 0 0 1 0 1 0 0 0 1 1 2 0 0 2 0 0 0 1
2 2 1 0 2 2 1 0 0 1 0 2 0 2 1 0 1 2 2 1 0 1 1 0 0 0 0
2 2 0 0 2 2 1 0 0 0 0 2 0 1 0 0 1 0 2 1 0 1 0 0 0 0 0
1 2 0 0 2 2 0 0 0 1 0 1 0 1 0 0 1 1 2 1 0 1 2 0 0 0 1
1 2 1 0 2 2 1 0 0 1 1 2 0 1 0 1 0 0 0 1 0 1 0 0 0 0 1
0 2 1 0 2 2 2 0 0 2 0 1 0 2 1 0 0 0 1 1 0 0 2 0 0 0 0
2 2 1 0 2 2 1 0 0 0 0 1 0 1 0 1 1 2 2 1 0 1 0 0 0 0 0
1 1 0 0 2 2 1 0 0 2 0 2 1 1 1 0 0 2 1 1 0 0 0 0 0 0 2
2 2 0 0 2 0 1 0 0 0 0 2 0 1 1 0 0 2 2 2 0 0 0 0 0 0 1
1 2 0 0 2 1 2 0 0 2 0 0 0 1 1 0 0 1 2 2 0 0 0 0 0 0 0
1 2 0 0 2 2 2 0 0 2 0 2 1 0 0 0 0 2 2 1 0 0 1 0 0 0 0
1 2 1 0 2 2 0 0 0 1 1 1 0 0 1 0 0 0 1 1 0 1 0 0 0 0 1
0 2 0 0 2 2 1 0 0 1 0 0 0 1 0 0 0 1 2 1 0 1 0 0 0 0 0
2 2 0 0 2 1 0 0 0 0 1 2 0 0 1 0 0 2 1 2 0 0 1 0 0 0 1
0 2 0 0 2 2 0 0 0 2 0 0 0 2 0 0 1 1 2 2 0 0 1 0 0 0 1
0 1 1 0 2 2 2 0 0 2 0 1 0 2 0 0 1 1 2 1 0 0 1 0 0 0 1
2 1 0 0 2 2 0 0 0 0 0 1 0 2 1 0 0 2 1 2 0 0 0 0 0 0 2
2 2 0 0 2 2 1 1 0 1 0 1 0 1 1 0 0 1 2 1 0 1 0 0 0 0 1
1 2 1 0 2 2 1 0 0 1 0 2 0 2 0 0 0 2 1 1 0 0 2 0 0 0 1
1 2 0 0 2 1 2 1 0 2 1 1 0 1 1 0 0 1 0 2 0 0 1 0 0 0 0
2 1 0 0 2 2 1 0 0 1 0 2 0 2 0 0 0 2 1 2 1 1 1 0 0 0 1
1 2 0 0 1 2 2 0 0 2 0 1 0 2 0 0 0 1 2 1 0 0 0 0 0 0 2
0 1 0 0 2 1 0 0 0 2 0 2 0 1 0 0 0 1 2 2 0 0 1 0 0 0 1
1 2 1 0 2 2 2 0 0 1 0 0 0 1 2 0 0 1 1 2 0 0 1 0 0 0 2
1 2 1 0 2 2 1 0 0 2 0 0 0 2 0 1 0 0 2 2 0 0 0 0 0 0 1
1 2 0 0 2 2 2 0 0 1 0 1 0 2 0 0 1 1 2 1 0 0 0 0 0 0 0
1 2 0 0 2 2 0 1 0 2 0 1 0 1 0 0 1 1 1 1 0 0 0 0 0 0 2
0 1 0 0 2 2 1 0 0 2 0 0 0 2 1 0 1 2 2 2 0 0 0 0 0 0 2
2 2 0 0 2 2 0 0 0 0 0 0 0 1 0 0 1 2 2 1 0 0 1 0 0 0 0
1 2 1 1 2 2 1 1 0 2 0 2 0 1 1 1 0 1 2 1 0 0 0 0 0 0 0
0 2 0 1 2 2 1 0 0 2 0 1 0 1 0 0 1 1 2 1 0 0 1 0 0 0 1
0 2 0 0 2 2 1 0 0 1 0 1 0 2 1 0 0 0 2 2 0 0 0 0 0 0 2
1 2 0 0 2 2 2 0 0 1 0 1 0 1 1 0 0 1 1 2 0 0 1 0 0 1 1
0 2 1 0 2 1 1 0 0 1 0 0 1 2 0 0 0 0 2 2 0 0 1 0 0 0 1
0 2 0 0 2 2 1 0 0 1 0 2 0 2 0 1 1 1 2 2 1 0 0 0 0 0 1
2 2 0 0 2 2 2 0 0 1 0 2 0 1 1 0 1 1 2 2 0 0 0 0 0 0 2
1 2 0 0 2 2 1 0 0 2 0 1 0 1 1 0 0 1 1 1 0 1 0 0 1 0 1
1 2 0 0 2 2 2 1 0 1 1 1 0 2 0 1 0 1 2 1 0 0 0 0 0 0 0
1 2 0 0 2 2 0 0 0 2 0 0 0 0 0 0 1 0 2 2 0 0 0 0 0 0 0
2 1 0 0 2 2 2 0 0 0 0 0 0 2 1 0 0 2 2 2 0 1 0 0 0 0 1
1 2 0 0 2 2 1 0 0 0 0 2 0 1 2 0 0 1 2 1 1 0 1 0 0 0 2
1 1 0 0 2 1 2 0 0 1 0 2 0 2 0 0 1 1 2 1 0 0 2 0 0 0 1
0 2 0 1 2 2 2 0 0 2 0 1 0 1 1 0 0 0 0 1 0 0 0 0 0 0 0
1 2 0 2 2 2 2 0 0 2 0 1 0 1 0 0 1 1 2 2 0 0 0 0 0 0 2
1 2 0 0 1 2 1 0 0 1 0 1 0 1 0 1 0 1 1 2 0 1 0 0 0 0 1
2 2 1 1 2 2 1 0 0 1 0 1 0 1 1 1 0 2 2 1 0 0 2 0 0 0 0
1 2 0 0 2 2 1 0 0 1 0 1 1 2 0 0 0 1 2 1 0 0 1 0 0 0 0
1 2 0 0 2 2 1 0 0 1 0 2 1 1 1 0 0 1 1 1 0 0 1 0 0 0 1
2 2 0 0 1 2 1 0 0 2 0 1 0 2 0 0 1 2 2 2 0 0 0 0 0 0 1
1 2 0 0 2 1 1 0 0 2 0 1 0 2 0 0 1 2 2 1 0 1 0 0 0 0 1
1 2 2 0 2 2 1 0 0 0 0 1 0 2 1 0 0 1 2 2 0 0 2 0 0 0 1
1 2 1 0 2 2 1 0 0 2 0 1 0 2 1 1 0 1 2 1 0 2 1 0 0 0 2
1 2 0 0 2 2 1 0 0 2 0 1 0 0 1 0 0 1 2 2 0 0 0 0 0 0 1
2 2 0 1 2 2 2 1 0 2 0 1 0 2 0 0 0 2 2 2 0 0 1 0 0 0 1
0 1 0 0 2 2 1 0 0 1 0 0 1 0 0 0 0 1 2 2 0 0 1 0 0 0 2
0 2 2 0 2 1 1 0 0 0 0 0 0 1 0 0 0 0 2 1 0 1 1 0 0 0 1
2 2 0 1 1 2 1 0 0 1 1 1 0 2 1 0 0 1 2 2 0 2 1 0 0 0 0
0 2 1 0 2 2 1 0 0 1 0 2 0 1 0 0 1 0 2 1 0 0 1 0 0 0 2
1 1 2 1 2 2 1 1 0 0 0 2 1 1 0 0 0 1 2 2 0 0 1 0 0 0 1
2 2 1 0 2 2 0 0 0 1 0 1 0 2 1 0 0 1 1 0 0 0 1 0 0 0 0
1 2 0 0 1 2 0 1 0 1 0 2 0 2 0 0 1 2 2 2 0 0 0 0 0 0 1
1 2 1 0 2 2 1 0 0 1 0 1 1 1 1 0 0 2 1 2 0 1 0 0 0 0 2
0 2 0 0 2 2 0 0 0 2 0 1 0 1 0 0 0 1 2 2 0 1 1 0 1 0 0
0 1 0 1 2 2 1 0 0 2 0 2 0 1 0 0 0 2 2 2 1 0 0 0 0 0 1
1 2 0 0 2 2 0 0 0 1 0 1 0 1 0 0 1 1 2 1 0 0 0 0 0 0 1
1 2 0 0 2 2 2 0 0 0 1 2 0 2 0 0 0 0 2 1 0 0 0 0 0 0 2
1 1 0 0 2 2 1 0 0 2 0 0 0 1 1 0 1 2 2 1 0 0 1 0 0 0 2
1 2 1 0 2 2 0 0 0 1 0 0 0 1 1 0 1 1 2 1 0 0 1 0 0 0 1
0 2 1 1 2 2 0 0 0 2 0 1 0 2 0 1 1 1 1 2 0 0 1 0 0 0 0
0 2 1 1 2 2 0 0 0 1 0 1 0 1 0 0 0 0 2 2 0 0 0 0 0 0 1
0 1 0 0 2 2 0 0 0 2 0 2 0 0 0 1 0 0 1 1 0 1 1 0 0 0 1
2 2 0 0 2 1 0 0 0 0 0 2 0 1 0 0 1 2 1 2 1 0 0 0 0 0 2
1 2 1 0 2 2 1 0 0 1 1 1 0 2 0 1 1 1 1 1 0 0 2 0 0 0 1
2 1 0 0 2 2 1 0 0 1 0 2 0 1 1 1 1 1 1 2 0 0 1 0 0 0 1
0 2 0 1 2 2 2 0 0 2 0 1 1 2 0 0 0 1 2 0 0 0 0 0 0 0 0
1 2 1 0 2 1 0 0 0 1 1 2 0 1 1 0 0 0 2 2 0 0 1 0 1 0 2
1 2 1 0 2 2 0 0 0 1 1 0 0 1 1 0 0 1 2 2 0 0 1 0 0 0 1
1 2 0 0 2 2 1 0 0 0 0 1 1 2 0 0 1 1 2 1 1 0 1 0 0 0 1
1 2 0 0 2 2 2 0 0 1 0 1 0 1 1 1 1 1 1 2 0 0 1 0 0 0 0
1 2 0 0 2 2 1 1 0 1 0 1 0 0 1 0 1 2 2 0 0 0 2 0 0 0 2
1 2 0 1 2 2 0 0 0 1 1 2 0 2 0 0 0 2 1 2 0 1 1 0 0 0 1
0 2 0 0 2 2 0 0 0 2 0 2 0 2 0 0 0 1 2 2 0 0 0 0 0 0 1
2 2 0 0 2 2 1 0 0 0 0 2 1 2 0 1 0 0 2 1 0 1 0 0 0 0 0
2 2 0 0 2 2 1 0 0 1 0 1 1 1 0 0 1 0 1 2 0 0 0 0 0 0 2
0 1 0 0 2 2 0 0 0 1 0 2 0 2 1 0 0 2 1 2 0 1 0 0 0 0 2
1 2 0 0 2 2 0 1 0 1 0 1 0 0 0 0 0 2 2 2 0 1 1 0 0 0 1
0 2 0 1 2 2 0 0 0 0 0 0 1 2 0 1 0 1 1 1 0 1 1 0 0 0 2
0 1 1 0 2 2 2 0 0 0 0 1 1 1 1 0 0 2 1 2 0 0 0 0 0 0 1
2 1 1 0 2 1 1 0 0 1 0 1 0 2 2 0 1 2 2 2 0 0 1 0 0 0 1
1 1 0 0 2 2 1 0 0 2 0 1 0 0 0 0 0 0 2 2 1 1 0 0 0 0 0
1 2 1 0 2 2 1 0 0 0 0 2 0 2 1 0 0 1 2 1 1 0 0 0 0 0 2
0 2 0 0 2 2 1 1 0 0 1 2 0 2 1 0 1 2 2 1 0 0 0 0 0 0 1
2 2 1 1 2 2 0 0 0 2 0 1 0 1 0 0 0 2 2 2 0 0 1 0 0 0 1
0 2 0 0 2 2 1 0 0 1 0 2 0 1 1 0 0 1 1 2 0 0 0 0 0 0 2
1 2 1 0 2 2 0 0 0 2 0 2 0 2 0 0 1 1 2 2 0 0 1 0 0 0 1
1 1 0 0 2 2 1 0 0 1 0 0 0 1 0 0 0 1 0 0 0 0 1 0 0 0 1
1 2 1 0 1 2 1 0 0 1 0 1 0 1 0 0 0 1 1 1 0 0 1 0 0 0 0
2 2 0 0 2 2 0 0 0 1 0 0 0 0 0 2 0 1 2 2 0 1 0 0 0 0 0
1 2 1 1 2 2 0 0 0 2 1 1 0 0 1 0 1 0 2 2 0 0 1 0 0 0 0
1 2 0 0 1 1 2 0 0 1 0 0 0 1 0 1 1 2 1 1 0 0 2 0 0 0 1
1 1 2 1 2 2 1 0 0 0 0 2 0 1 1 0 1 0 1 1 0 0 1 0 0 0 1
1 2 1 1 2 2 0 1 0 1 0 2 1 2 0 0 0 0 2 2 1 0 0 0 0 0 2
0 2 0 0 2 2 1 0 0 1 0 1 0 2 1 0 0 2 2 2 0 0 0 0 0 0 1
1 2 0 0 2 1 0 0 0 0 0 2 0 1 0 0 1 1 2 2 0 0 1 0 0 0 1
2 2 1 0 2 2 1 0 0 2 0 2 0 1 1 0 1 1 2 2 1 0 1 0 0 0 0
0 2 0 0 2 2 0 0 0 1 0 1 0 1 1 0 0 2 1 2 1 0 1 0 1 0 1
0 2 0 0 2 2 2 0 0 2 0 1 0 0 1 0 0 2 2 2 0 0 2 0 0 0 2
1 2 1 0 2 2 1 0 0 1 0 1 0 0 0 0 0 1 2 1 0 0 0 0 0 0 1
1 2 2 0 2 2 1 0 0 1 0 2 0 0 0 0 1 1 2 1 1 0 0 0 0 0 0
1 2 1 0 2 2 1 0 0 2 0 0 0 1 1 0 0 1 2 1 0 0 0 0 0 0 2
0 2 1 0 2 2 2 0 0 1 0 2 0 2 1 1 0 2 1 1 1 0 1 0 0 0 1
0 2 1 0 2 2 0 2 0 2 0 2 0 1 0 1 0 1 2 1 0 0 0 0 0 0 1
2 2 1 0 2 2 1 0 0 2 0 0 0 2 1 0 0 2 2 2 0 0 1 0 0 0 1
1 2 1 0 2 2 2 0 0 2 0 1 0 1 1 1 0 1 1 2 0 0 0 0 0 0 1
1 2 1 0 2 1 0 1 0 2 0 1 0 0 0 0 0 0 1 2 1 0 0 0 0 0 0
0 2 0 0 2 2 0 1 0 1 0 1 1 1 1 0 1 2 2 0 0 0 2 0 0 0 2
2 2 0 0 2 2 1 0 0 2 0 1 0 1 1 0 1 0 0 2 0 0 0 0 0 0 2
1 2 0 0 2 2 0 0 0 2 0 1 0 1 2 0 1 0 1 2 0 0 2 0 0 0 1
2 2 0 1 2 2 1 0 0 0 0 1 0 2 1 0 0 1 2 1 0 1 0 0 0 0 2
2 2 0 0 2 2 1 0 0 2 0 2 0 1 1 1 0 0 2 2 0 1 0 0 0 0 0
1 2 0 0 2 2 0 0 0 0 1 2 0 2 0 0 1 0 1 2 0 1 0 0 0 0 0
1 2 0 1 2 2 0 0 0 1 0 1 0 2 2 0 0 2 2 2 0 0 0 0 0 0 1
2 1 1 0 2 2 0 0 0 0 0 1 0 2 0 0 0 1 1 1 0 0 1 0 0 0 1
2 2 2 0 2 2 2 0 0 1 1 1 0 2 0 0 0 1 1 1 0 1 1 0 0 0 1
1 1 0 0 2 2 1 0 0 1 0 2 1 1 1 0 1 2 1 1 0 0 1 0 0 0 2
1 2 0 0 2 2 0 0 0 1 0 2 2 2 1 1 1 1 1 2 0 0 2 0 0 0 1
2 2 0 1 1 2 1 0 0 2 0 2 0 1 0 0 0 0 2 2 0 0 0 0 0 0 1
0 2 1 0 2 1 1 0 0 0 0 1 0 1 1 0 1 1 2 2 0 0 1 0 0 0 1
0 2 1 0 2 2 1 1 0 2 0 2 0 2 0 0 0 1 1 1 0 0 0 0 0 0 1
1 2 0 0 1 2 1 1 0 1 0 2 0 2 1 0 0 2 2 0 0 0 0 0 0 0 1
2 2 0 0 2 2 2 0 0 1 0 1 0 1 0 0 1 1 2 2 0 0 0 0 0 0 2
2 2 0 0 2 2 1 0 0 1 0 2 0 2 0 0 1 2 2 1 0 0 2 0 0 0 0
0 2 0 0 2 1 0 0 0 1 0 1 0 1 1 1 0 2 2 1 0 0 1 0 0 0 0
1 2 0 0 2 1 0 0 0 2 0 2 0 2 0 0 0 1 2 2 0 0 0 0 0 0 2
0 2 0 0 2 1 1 0 0 1 0 0 0 2 0 0 0 1 1 2 0 0 0 0 0 1 2
1 2 0 1 2 2 0 0 0 1 0 0 0 0 0 1 0 2 2 1 0 0 0 0 0 0 1
1 2 1 0 2 1 1 0 0 2 0 1 0 2 1 0 0 2 2 1 1 0 2 0 0 0 1
2 2 0 0 2 2 1 0 0 0 0 1 0 1 0 0 0 1 1 2 0 0 1 0 0 0 0
0 1 1 0 2 2 0 0 0 1 1 1 0 0 1 0 0 2 1 2 1 0 0 0 0 0 1
0 2 0 0 2 2 1 0 0 1 0 0 0 1 1 0 0 1 1 1 1 0 0 0 0 0 1
1 1 0 1 2 2 0 0 0 1 0 1 0 2 0 0 0 1 2 1 0 0 0 0 0 0 2
1 2 0 0 2 2 2 1 0 0 0 1 0 0 1 0 0 1 1 1 0 1 0 0 0 0 0
2 2 1 0 2 2 2 2 0 1 0 2 0 1 0 0 1 0 2 2 0 1 1 0 0 0 0
1 2 0 0 2 2 0 0 0 1 0 1 1 0 0 0 1 1 2 2 0 0 1 0 0 0 0
0 1 0 0 1 2 0 0 0 2 0 1 0 0 0 0 0 1 2 2 0 0 1 0 0 0 2
1 2 2 0 2 2 2 0 0 1 0 1 0 0 2 0 0 1 2 1 0 0 0 0 0 0 1
2 2 0 0 2 2 2 0 0 2 0 2 0 2 1 0 0 2 2 2 0 1 1 0 0 0 2
2 2 0 0 1 1 0 0 0 0 0 0 0 0 0 1 0 0 2 1 0 0 1 0 0 0 2
1 2 0 0 2 2 2 0 0 1 0 2 0 1 1 0 0 1 1 2 0 0 0 0 0 0 0
1 2 0 0 2 2 2 0 0 1 0 2 0 1 1 0 0 1 2 2 0 0 1 0 0 0 1
1 2 0 0 2 2 0 0 0 2 0 1 0 1 0 0 1 2 2 1 1 0 2 0 0 0 2
0 2 2 1 2 2 0 0 0 1 0 1 1 2 2 0 1 0 1 1 0 0 1 0 0 0 2
0 1 0 0 2 2 2 0 0 0 0 0 0 2 0 0 0 1 1 1 0 0 0 0 0 0 0
2 2 0 0 1 2 1 0 0 1 0 1 0 0 1 0 1 1 2 2 0 0 1 0 0 0 1
0 2 1 0 1 2 0 0 0 2 0 1 0 1 1 0 1 1 2 1 0 0 2 0 0 0 1
2 2 0 0 2 2 0 0 0 1 0 1 0 2 1 1 0 2 2 1 0 0 0 0 0 0 1
1 2 2 0 2 2 1 1 0 0 0 2 0 0 1 0 1 1 0 2 0 0 0 0 0 0 2
1 2 0 0 2 2 1 0 0 0 0 2 0 0 0 1 0 0 2 2 0 1 0 0 0 0 0
1 2 0 0 1 2 0 0 0 1 0 1 0 1 1 0 1 1 2 2 0 0 0 0 0 0 1
2 2 0 0 2 1 1 0 0 2 1 1 0 2 0 0 1 1 1 2 1 1 1 0 0 0 1
1 1 0 0 2 2 0 0 0 2 0 1 0 1 0 0 0 2 2 2 0 2 0 0 0 0 2
1 2 0 0 2 2 1 0 0 0 0 1 0 0 1 0 0 1 1 0 0 0 0 0 0 0 2
1 2 0 0 1 2 1 0 0 1 0 1 0 0 1 0 1 1 2 2 0 0 1 0 0 0 1
0 2 1 0 2 2 2 0 0 2 0 1 1 1 1 0 1 1 2 1 0 0 0 0 0 0 2
1 2 0 0 1 2 2 0 0 1 1 2 0 2 0 0 0 1 2 1 0 0 1 0 0 0 0
1 2 0 0 2 2 1 2 0 2 1 2 0 2 1 0 1 1 2 1 0 1 1 0 0 0 1
1 2 0 1 2 2 2 0 0 0 0 0 0 1 0 0 0 0 2 1 0 0 1 0 0 0 1
0 2 0 0 2 2 1 0 1 1 0 0 0 2 0 0 0 2 2 1 0 0 1 0 0 1 1
1 2 0 0 2 2 1 0 0 1 0 1 0 1 0 0 1 1 1 2 0 0 1 0 0 0 1
1 2 1 0 2 2 0 0 0 1 1 1 0 1 1 0 0 2 1 1 0 0 0 0 0 0 1
1 2 1 2 1 2 1 0 0 1 0 1 0 1 0 0 0 1 1 1 0 0 2 0 0 0 0
1 2 1 0 2 2 1 0 0 2 0 1 0 1 0 0 0 1 2 1 0 0 1 0 0 0 0
1 2 1 0 1 2 2 0 0 2 0 1 0 0 0 0 1 1 1 1 0 0 0 0 0 0 1
2 2 0 0 2 2 2 0 0 1 0 1 0 1 2 0 0 1 2 2 0 0 0 0 0 0 1
2 2 0 0 2 2 1 0 0 0 0 2 0 2 1 0 1 1 2 2 1 0 1 0 0 0 0
0 2 0 0 2 2 2 0 0 1 0 2 0 2 0 0 0 0 2 2 1 0 0 0 0 0 1
2 1 0 1 2 2 2 0 0 1 0 1 0 2 1 0 0 2 0 2 0 0 0 0 0 0 1
2 2 0 0 2 2 1 0 0 2 0 1 0 1 1 0 0 1 2 1 0 0 2 0 0 0 1
0 2 0 0 2 2 1 0 0 1 0 1 0 2 0 0 0 2 2 1 0 0 1 0 0 0 2
1 2 0 0 2 2 2 0 0 1 0 2 1 2 0 0 1 1 1 0 0 0 1 0 0 0 2
2 2 0 0 2 2 1 0 0 1 0 2 0 1 1 1 0 1 2 2 0 1 0 0 0 0 1
1 2 0 0 2 2 1 0 0 2 0 2 0 1 0 0 0 1 2 2 0 1 0 0 0 0 1
1 2 0 0 2 2 1 0 0 2 0 2 0 1 1 0 0 1 0 2 0 0 0 0 0 0 0
0 2 0 0 1 2 1 0 0 1 0 1 0 2 0 0 1 0 2 2 0 0 0 0 0 0 0
0 2 0 0 2 2 1 0 0 1 0 2 0 2 2 0 0 1 1 2 0 1 1 0 0 0 1
0 1 0 1 1 2 0 0 0 0 1 1 0 2 1 0 1 1 1 2 0 1 1 0 0 0 0
1 2 0 0 2 2 2 0 0 2 0 1 0 0 0 0 0 1 1 1 0 0 1 0 0 0 1
0 2 1 0 2 2 2 0 0 1 0 1 0 1 0 1 0 1 2 2 1 0 1 0 0 0 1
0 2 1 0 1 1 1 0 0 0 0 0 0 2 0 0 0 2 2 1 0 0 0 0 0 0 1
0 2 0 0 2 2 1 1 0 2 0 1 0 1 1 0 0 0 2 2 0 0 2 0 0 0 1
0 2 1 1 2 2 1 0 0 1 0 2 0 2 0 0 1 2 1 1 1 0 0 0 0 0 0
2 2 0 0 2 2 2 0 0 1 0 0 1 1 0 0 1 1 2 2 1 0 0 0 0 0 1
1 2 1 0 2 2 2 0 0 1 0 2 0 1 1 0 1 2 2 2 0 0 1 0 0 0 0
1 2 0 0 2 2 1 0 0 1 0 1 0 2 0 0 0 1 2 1 0 0 1 0 0 0 0
2 2 1 0 2 2 1 0 0 1 0 1 0 1 0 0 0 1 1 1 0 0 0 0 0 0 1
1 2 0 0 2 2 1 0 0 1 0 0 0 2 1 0 1 1 2 1 0 0 0 0 0 0 2
2 2 1 0 2 1 1 0 0 2 0 0 0 2 1 0 0 2 2 1 0 0 1 0 0 0 0
2 2 2 0 2 2 1 1 0 1 0 1 0 0 0 0 0 1 1 1 1 1 0 0 0 0 0
1 1 0 1 2 2 2 0 0 1 0 1 1 1 0 1 0 1 2 2 1 0 2 0 0 0 0
2 2 0 0 2 1 0 2 0 2 0 2 0 1 0 0 0 0 2 2 0 0 1 0 0 0 2
2 2 1 0 1 2 1 0 0 2 1 1 0 1 0 0 0 2 2 2 0 0 1 0 0 0 0
1 2 0 0 2 2 1 0 0 2 0 0 0 2 1 0 1 0 1 1 0 0 1 0 0 0 0
0 2 0 0 2 2 1 0 1 1 0 0 1 0 1 0 0 2 0 1 0 0 0 0 0 0 2
0 2 1 0 1 2 2 1 0 2 1 2 0 1 1 0 0 1 2 2 0 0 2 0 0 0 0
1 2 0 0 2 2 1 0 0 1 0 1 1 2 0 0 0 2 2 2 0 0 0 0 0 0 1
0 2 0 0 2 2 1 0 0 0 0 1 0 2 1 0 1 1 2 1 0 0 2 0 0 0 0
1 2 1 0 2 1 1 0 0 2 0 2 1 2 1 0 0 1 2 2 0 0 0 0 0 0 0
1 2 0 0 2 2 1 0 0 1 0 2 0 1 1 0 0 1 2 1 0 0 0 0 0 0 1
0 1 0 0 1 2 1 0 0 1 0 1 0 0 1 0 0 2 2 1 1 0 1 0 0 0 1
1 2 2 0 2 2 0 0 0 0 0 0 1 1 2 0 0 2 1 2 1 0 1 0 0 0 2
1 2 0 2 1 2 1 1 0 0 0 1 0 2 1 0 1 1 2 1 0 1 1 0 0 0 2
1 2 1 0 2 2 1 0 1 1 0 1 0 1 0 0 1 2 2 2 0 0 0 0 0 0 1
0 2 0 0 2 1 1 0 0 2 0 2 0 1 0 0 0 1 2 2 0 0 0 0 0 0 1
1 2 1 0 2 2 0 0 0 0 0 1 0 0 1 0 1 1 1 1 0 0 1 0 0 0 0
1 2 0 0 2 2 1 0 0 1 0 2 0 1 0 1 1 1 2 2 0 0 1 0 0 0 0
2 2 1 0 2 2 0 0 0 1 0 1 0 2 1 0 2 1 1 2 0 0 2 0 0 0 1
1 2 0 0 2 2 1 0 0 1 0 0 0 1 1 0 1 1 2 1 0 0 1 0 0 0 2
1 2 0 0 1 2 1 0 0 1 0 1 0 1 0 0 0 2 2 2 0 0 2 0 0 0 1
2 2 0 0 2 1 1 0 0 2 0 1 0 0 0 0 0 2 1 2 0 1 0 0 0 0 1
0 2 0 0 1 2 0 0 0 1 0 2 0 0 1 1 1 2 1 2 0 0 0 0 0 0 0
0 2 0 0 2 2 2 0 0 1 0 0 0 2 0 0 0 1 1 2 0 0 1 0 0 0 0
1 2 1 0 2 1 1 0 0 1 0 1 0 2 0 0 0 1 2 1 1 0 1 0 1 0 0
2 2 1 0 2 2 2 0 0 0 0 1 2 2 0 0 0 2 2 1 0 0 0 0 0 0 0
1 2 0 0 2 2 1 0 0 1 0 1 0 1 1 0 1 1 2 1 1 0 0 0 0 0 1
2 2 0 0 2 2 0 0 0 1 0 1 0 1 0 0 0 1 1 2 0 0 0 0 0 0 0
2 2 0 0 2 2 0 0 0 2 0 1 0 2 0 0 0 2 2 1 0 0 1 0 0 0 1
1 2 0 0 2 1 1 0 0 0 0 2 0 1 1 0 0 1 1 2 0 0 0 0 0 0 1
1 2 0 1 1 2 1 0 0 0 0 2 0 2 0 0 2 0 2 1 0 0 1 0 0 0 1
1 2 0 0 2 2 1 0 0 0 0 0 0 2 0 0 0 1 2 2 1 0 1 0 0 0 0
2 2 0 0 2 2 1 0 0 0 0 1 1 1 0 0 0 2 2 2 0 1 1 0 0 0 0
1 1 1 0 2 2 0 0 0 1 1 0 0 1 1 0 1 1 2 2 0 0 0 0 0 0 1
1 1 0 0 2 1 1 0 0 1 1 1 0 2 0 0 1 0 2 2 0 0 1 0 0 0 1
0 2 0 0 2 2 2 0 0 2 0 2 0 2 0 0 1 1 1 2 0 0 1 0 0 0 1
1 2 1 0 2 1 1 0 0 1 0 2 0 2 2 0 1 1 0 2 0 0 1 0 0 0 2
1 2 1 0 1 2 1 0 0 1 0 1 2 2 1 0 0 2 2 2 0 0 1 0 0 0 0
1 2 1 0 2 2 2 0 0 1 0 2 0 1 0 1 1 1 2 1 0 0 0 0 0 0 1
0 2 0 0 2 2 0 1 0 1 0 1 0 1 0 0 1 2 1 2 0 0 1 0 0 0 2
0 2 0 0 2 2 1 0 0 0 0 0 0 1 0 0 0 2 2 2 0 0 0 0 0 0 1
1 2 2 0 2 2 1 0 0 2 0 2 0 1 0 0 1 2 2 2 1 0 1 0 0 0 2
1 1 0 2 2 2 1 0 0 0 0 2 2 2 1 1 0 0 2 2 0 0 1 0 0 0 2
2 2 0 0 1 2 2 0 0 0 0 2 0 1 0 0 0 0 2 1 0 1 1 0 0 0 1
0 2 1 0 2 2 1 0 0 2 0 2 2 1 1 0 0 1 1 2 0 0 0 0 0 0 0
1 2 1 1 2 2 1 0 0 1 0 2 1 2 2 0 1 1 2 1 0 0 2 0 0 0 2
1 2 0 1 2 2 1 0 0 2 0 0 0 0 1 0 1 1 2 1 0 1 0 0 0 0 1
0 2 1 0 2 2 0 1 0 1 0 0 0 2 0 0 1 1 2 1 0 0 0 0 0 0 1
1 2 0 0 2 2 0 1 0 2 0 2 1 2 1 1 0 2 1 2 0 0 0 0 0 0 1
1 2 0 1 1 2 1 1 0 0 0 2 0 0 0 0 0 1 2 2 0 1 0 0 0 0 1
1 2 2 0 2 2 1 0 0 2 0 0 0 1 1 0 0 2 2 2 0 0 1 0 0 0 1
1 1 1 0 2 2 0 1 0 2 0 2 0 2 0 0 1 1 1 2 0 0 0 0 0 0 1
2 1 2 0 2 1 1 0 0 1 0 2 0 1 1 0 1 1 1 1 1 0 1 0 0 0 1
0 2 0 0 2 2 1 0 0 2 0 2 0 0 1 1 0 1 1 1 1 0 0 0 0 0 1
0 1 0 0 2 1 0 0 0 1 0 2 0 2 0 1 0 1 2 2 0 0 1 0 0 0 0
1 2 1 0 2 2 1 0 0 1 0 1 0 0 1 0 1 1 2 2 0 0 1 0 0 0 2
0 2 2 0 2 2 0 0 0 1 0 2 0 0 1 0 1 0 1 2 0 0 1 0 0 0 1
0 2 0 0 2 2 0 0 0 1 0 1 0 1 1 0 0 2 2 1 0 1 1 0 0 0 1
0 2 0 0 2 2 0 0 0 0 0 2 1 1 1 0 0 2 2 2 1 0 1 0 0 0 1
0 2 0 0 2 2 0 0 0 1 0 2 0 2 0 1 0 1 2 2 0 1 1 0 0 0 2
1 2 0 0 1 1 0 0 0 2 0 1 0 2 2 0 0 1 1 2 0 2 1 0 0 0 1
2 2 1 1 2 2 1 0 0 0 0 1 0 1 1 0 1 1 1 2 0 0 1 0 0 0 1
0 2 0 0 2 2 1 1 0 2 0 2 0 0 2 0 0 1 1 2 0 0 0 0 0 0 1
2 1 1 0 2 1 1 0 0 2 0 0 0 1 0 0 0 1 2 2 0 1 0 0 0 0 0
1 2 1 0 2 2 0 0 0 1 1 0 0 0 0 0 1 2 1 2 0 1 0 0 0 0 1
0 2 0 0 1 2 1 0 0 0 0 1 0 0 0 0 0 1 2 2 0 0 0 0 0 0 2
1 1 0 0 2 2 1 1 0 1 0 1 0 1 1 0 0 1 1 2 2 0 2 0 0 0 1
1 2 0 0 1 2 1 0 0 2 0 2 0 1 1 1 1 2 1 1 1 1 0 0 0 0 2
1 2 0 0 2 2 1 0 0 1 0 1 0 1 0 0 1 0 2 2 1 0 0 0 0 0 2
2 2 0 1 2 1 1 0 0 0 0 1 0 1 1 0 0 1 2 2 0 1 1 0 0 0 2
0 2 2 0 2 2 2 0 0 1 0 1 0 1 0 0 1 0 2 2 0 1 1 0 0 0 0
0 2 0 0 2 2 2 0 0 1 1 2 0 2 0 0 0 2 2 1 0 0 0 0 0 0 1
1 2 0 0 1 2 2 1 0 1 0 2 0 2 1 0 0 1 2 1 0 1 2 0 0 0 1
0 1 0 0 1 2 1 0 0 1 0 0 0 2 0 0 0 1 2 2 0 0 1 0 0 0 1
0 2 0 0 2 1 2 0 0 0 0 1 0 1 1 0 1 1 2 2 0 0 0 0 0 0 1
1 2 0 0 1 2 2 0 0 1 1 1 1 1 0 0 0 2 2 2 0 0 0 0 0 0 1
1 2 0 0 2 2 1 0 0 0 0 2 0 1 1 0 0 1 2 2 1 0 1 0 0 0 1
0 2 1 0 2 2 1 0 0 1 0 1 0 1 0 0 0 1 2 2 1 0 0 0 0 0 0
1 2 0 1 2 2 1 0 0 1 0 2 0 2 1 0 1 1 1 1 1 0 1 0 0 0 0
1 1 1 0 2 2 1 1 0 2 0 0 0 0 1 0 1 2 1 2 0 2 0 0 0 0 1
2 2 1 0 2 2 2 0 0 1 0 0 0 1 0 0 0 1 2 2 0 0 2 0 0 0 0
1 2 0 0 2 2 2 0 0 1 0 2 0 1 1 0 0 1 2 1 0 0 0 0 0 0 2
1 2 0 0 2 2 1 0 0 2 0 2 0 1 0 0 0 1 1 1 0 0 1 0 0 0 2
1 2 0 0 2 2 1 0 0 1 0 1 0 2 0 0 1 0 2 1 0 0 1 0 0 0 2
1 2 1 0 2 1 2 0 0 1 0 1 1 1 0 0 0 2 0 2 0 1 0 0 0 0 1
2 2 1 0 1 2 1 0 0 2 0 1 0 2 1 1 0 1 2 2 0 0 0 0 0 0 1
1 1 0 0 2 2 1 0 0 0 0 1 1 1 0 0 0 1 2 2 0 0 0 0 0 0 0
1 1 2 0 2 2 2 0 0 2 0 1 0 0 0 0 0 1 1 2 0 0 2 0 0 0 1
1 2 1 0 2 2 0 0 0 1 0 1 0 0 1 1 0 1 2 2 0 1 0 0 0 0 2
2 2 0 0 2 1 2 0 0 1 0 0 0 2 0 0 1 2 2 2 1 0 0 0 0 0 1
2 2 1 1 2 2 1 0 0 1 0 1 0 1 0 2 0 2 1 2 0 0 0 0 0 0 0
1 1 0 1 2 2 1 0 0 0 0 0 0 1 0 1 0 1 2 2 0 0 1 0 0 0 1
1 2 0 0 2 2 0 0 0 1 1 2 0 2 1 0 0 1 2 1 0 0 0 0 0 0 0
0 2 0 0 2 2 1 0 0 0 0 2 0 1 1 1 0 0 2 2 0 0 1 0 0 0 0
1 2 1 0 2 2 1 0 0 0 0 0 1 1 1 0 0 2 0 2 0 0 1 0 0 0 0
1 1 0 0 2 2 2 0 0 0 0 1 0 0 1 0 1 1 2 2 0 0 0 0 0 0 1
1 2 1 0 2 2 0 0 0 1 0 0 0 0 1 0 0 0 1 2 0 0 1 0 0 0 2
1 1 0 0 2 2 0 0 0 1 0 0 0 1 1 1 1 2 2 1 0 0 1 0 0 0 0
2 2 0 1 2 2 1 0 0 2 0 1 0 2 1 1 0 1 1 2 0 1 0 0 0 0 1
2 2 1 0 2 1 2 0 0 2 0 1 1 1 0 0 1 0 1 2 0 2 0 0 0 0 0
1 2 0 0 2 2 1 1 0 1 0 1 0 2 2 1 1 1 2 2 0 0 0 0 0 0 1
1 2 0 0 2 2 0 0 0 1 0 2 0 1 0 0 0 0 1 1 0 0 0 0 0 0 0
0 2 0 0 2 2 1 1 0 2 0 2 0 1 1 0 0 2 2 1 0 0 0 0 0 0 2
1 2 0 0 2 2 0 0 0 2 0 2 0 2 0 1 0 2 2 2 0 0 0 0 0 0 0
2 2 0 1 2 2 1 0 0 2 0 1 0 1 1 0 0 1 2 2 0 1 0 0 0 0 1
2 1 0 0 2 2 2 0 0 1 0 2 0 0 0 0 1 1 2 2 0 0 0 0 0 0 1
2 2 1 0 2 2 1 1 0 1 0 1 0 2 1 1 0 1 2 1 0 0 0 0 0 0 1
0 2 0 0 2 2 1 0 0 1 0 1 0 2 1 1 0 0 2 1 0 0 0 0 0 0 0
2 2 0 0 1 2 1 1 0 1 0 0 0 2 1 0 0 1 1 2 0 0 0 0 0 0 1
0 2 0 1 2 2 1 1 0 2 0 2 0 2 0 0 0 1 1 2 0 0 1 0 0 0 1
0 2 0 0 2 1 0 0 0 2 0 0 0 1 1 0 0 1 2 2 1 0 0 0 0 0 1
1 2 0 0 2 1 1 0 0 0 0 1 0 0 1 0 2 1 1 1 0 1 0 0 0 0 1
0 1 0 0 2 2 1 0 0 1 0 2 0 2 0 0 0 0 1 2 0 1 1 0 0 0 1
1 1 0 0 1 2 1 0 0 1 0 2 0 1 0 0 0 0 2 2 0 0 1 0 0 0 1
1 2 0 0 2 2 1 0 0 2 0 0 0 1 1 0 0 2 2 1 1 0 1 0 0 0 0
1 1 0 0 2 0 1 0 0 2 0 2 0 1 0 0 1 0 1 2 1 0 0 0 0 0 0
0 2 0 2 2 2 2 0 0 1 0 1 0 2 1 1 1 0 2 2 0 0 2 0 0 0 0
1 1 0 0 2 2 0 0 0 1 0 2 0 1 2 1 1 1 2 1 0 0 0 0 0 0 1
1 2 1 1 2 2 1 0 0 2 0 0 0 2 0 1 1 1 1 2 0 0 1 0 0 0 0
0 2 0 1 2 2 2 0 0 1 0 1 0 1 1 0 0 2 1 2 0 0 1 0 0 0 0
1 2 0 0 2 2 1 0 0 1 0 0 1 2 1 0 0 2 2 2 0 0 1 0 0 0 1
1 2 1 0 2 2 0 0 0 2 1 0 0 1 0 0 0 2 1 2 0 0 1 0 0 0 2
0 2 0 0 2 2 1 1 0 1 0 1 1 1 2 0 0 2 1 1 0 0 1 0 0 0 1
2 2 2 0 2 1 1 0 0 0 0 1 1 1 0 0 0 1 2 1 0 0 0 0 0 0 1
2 2 0 1 2 2 1 0 0 2 0 1 0 2 0 0 0 0 1 1 1 0 0 0 0 0 2
0 2 0 1 2 2 2 0 0 1 1 0 0 2 1 0 1 0 2 1 0 0 0 0 0 0 0
2 1 1 0 2 2 2 0 0 2 0 2 0 2 0 0 0 2 1 1 0 0 1 0 0 0 2
0 2 1 0 2 2 1 0 0 0 0 1 0 2 0 0 0 1 2 2 0 2 1 0 0 0 2
0 2 0 0 2 2 2 0 0 2 1 2 0 2 1 1 1 2 2 2 0 0 1 0 0 0 1
2 1 0 1 2 2 1 0 0 1 0 2 1 1 0 0 1 1 2 2 0 0 1 0 0 0 2
2 2 0 0 2 2 1 0 0 0 0 1 0 1 1 0 0 1 1 2 0 0 1 0 0 0 1
2 2 0 0 2 2 1 0 0 1 0 2 0 1 0 0 0 1 2 2 0 1 1 0 0 0 2
2 2 0 0 2 2 0 0 0 1 0 2 0 2 1 0 0 1 2 2 1 0 1 0 0 0 2
0 1 1 1 2 2 1 1 0 1 0 1 0 1 0 0 0 1 2 2 1 0 0 0 0 0 1
1 1 2 0 2 2 1 0 0 1 0 1 1 1 2 0 1 1 2 2 0 0 1 0 0 0 1
2 2 0 0 2 2 0 0 0 1 1 2 1 2 1 0 1 0 1 2 0 0 0 0 0 0 0
0 2 0 0 2 2 0 1 0 2 0 1 1 1 1 0 0 1 2 2 0 0 1 0 0 0 1
0 2 1 0 2 1 2 1 0 2 0 1 0 0 0 0 0 1 2 2 0 0 2 0 0 0 0
1 2 1 1 2 1 1 0 1 2 0 1 0 1 0 0 1 2 2 1 0 0 0 0 0 0 1
1 2 0 0 1 2 1 0 0 0 0 2 0 0 0 0 0 2 1 2 0 0 0 0 0 0 1
2 2 0 0 2 1 1 0 0 1 0 1 1 2 1 0 1 1 2 2 0 2 0 0 0 0 2
1 2 0 0 2 2 0 0 0 0 1 1 0 2 1 0 0 2 1 1 0 0 0 0 0 0 1
0 2 1 0 2 2 1 0 0 2 0 2 0 1 1 0 2 0 1 2 0 0 2 0 0 0 0
1 2 0 0 2 2 1 0 0 1 1 0 0 0 1 0 1 1 1 1 0 0 0 0 0 0 2
1 2 0 1 2 2 0 0 0 1 0 2 0 2 0 0 0 1 1 1 0 0 0 0 0 0 1
0 2 0 0 2 2 1 0 0 2 0 2 0 1 2 1 0 1 2 2 0 0 0 0 0 0 2
1 2 0 0 2 2 1 0 0 1 0 1 1 2 0 0 0 2 2 2 0 0 0 0 0 0 1
2 1 0 0 2 2 1 0 0 1 0 2 0 1 1 0 1 1 2 2 0 0 1 0 0 0 0
1 2 0 0 2 2 1 1 0 0 0 2 0 0 0 0 1 2 1 2 0 0 0 0 0 0 0
0 2 0 0 2 2 1 1 0 2 0 2 0 2 1 0 0 2 2 1 0 0 1 0 0 0 1
0 2 0 0 2 2 2 0 0 1 0 1 0 1 1 0 0 1 2 2 0 1 0 0 0 0 1
1 1 0 0 2 2 1 0 0 1 0 2 0 2 0 1 0 0 1 1 0 2 0 0 0 0 1
1 2 0 0 2 2 1 1 0 1 0 1 0 1 0 1 0 1 2 2 0 0 2 0 0 0 2
1 2 0 0 2 2 2 1 0 0 0 1 0 2 1 1 0 1 1 2 0 1 0 0 0 0 1
0 2 0 0 2 2 2 0 0 1 0 0 1 0 0 0 1 1 2 2 1 1 0 0 0 0 1
1 2 1 1 2 2 1 0 0 0 0 1 0 2 1 0 0 1 2 2 0 0 1 0 0 0 1
1 2 1 2 2 2 0 0 0 1 0 2 0 1 2 1 0 1 1 2 0 0 0 0 0 0 2
1 2 0 0 2 2 1 0 0 2 0 0 0 2 0 0 0 1 1 1 0 0 1 0 0 1 1
1 2 0 0 1 2 1 0 0 2 0 2 0 2 0 1 1 1 2 2 0 1 1 0 0 0 1
1 2 1 0 2 2 1 0 0 0 0 2 0 1 0 0 1 2 1 1 0 0 1 0 0 0 1
1 1 1 0 2 2 1 0 0 0 0 1 1 2 1 0 0 1 2 1 0 0 0 0 0 0 1
1 2 1 0 2 2 1 0 0 1 0 1 0 1 1 0 1 1 2 2 0 1 1 0 0 0 0
0 2 0 0 2 2 1 1 0 1 0 1 0 1 0 1 0 2 1 2 1 0 0 0 0 0 1
0 2 1 1 2 2 2 0 0 1 0 1 0 1 0 0 0 1 2 2 0 0 1 0 0 0 0
2 2 1 1 2 2 0 1 0 0 1 2 0 2 0 0 0 2 0 2 0 0 0 0 0 0 1
1 2 0 0 2 2 0 1 0 2 0 2 0 0 2 1 1 1 2 2 0 0 0 0 0 0 1
2 2 0 0 2 2 2 0 0 1 1 1 0 2 1 0 1 2 1 2 0 0 1 0 0 0 1
1 2 1 0 2 2 1 0 0 1 0 1 1 2 1 0 0 0 2 2 0 0 1 0 0 0 2
1 2 0 1 2 2 0 0 0 1 0 1 1 2 2 0 1 0 1 2 1 0 0 0 0 0 1
2 2 0 0 2 1 1 0 0 1 0 2 0 1 1 1 0 1 0 2 0 1 2 0 0 0 1
2 1 1 0 2 2 0 0 0 2 0 2 0 1 0 0 0 1 1 2 0 0 0 0 0 0 1
2 2 0 0 2 2 1 0 0 1 0 0 0 1 1 0 0 1 1 0 0 0 1 0 0 0 2
2 1 0 0 2 1 2 1 0 1 0 1 0 0 1 1 1 1 2 0 0 1 2 0 0 0 2
2 2 0 0 2 2 1 0 0 2 0 2 0 1 0 0 1 1 1 1 0 1 2 0 0 0 0
2 2 0 0 2 2 2 0 0 0 0 2 0 0 1 0 0 2 1 1 0 1 0 0 0 0 0
1 1 1 0 2 2 0 0 0 1 0 1 0 2 1 0 1 0 2 2 0 1 1 0 0 0 0
0 2 0 0 2 2 1 0 0 1 0 1 0 0 0 0 0 2 1 2 0 0 1 0 0 0 2
1 2 1 0 2 2 1 0 0 1 1 1 0 2 1 1 0 2 1 2 0 1 1 0 0 0 1
1 1 0 0 2 1 1 0 0 1 0 1 0 1 0 0 0 1 1 1 0 0 1 0 0 0 1
1 1 0 0 2 2 1 0 0 2 0 2 0 2 0 0 0 1 1 2 0 0 2 0 0 0 0
2 2 0 1 2 2 2 0 0 2 0 1 0 1 0 0 0 2 2 1 0 1 0 0 0 0 0
0 2 1 0 2 2 1 0 0 2 0 1 0 2 1 1 0 1 2 1 0 1 1 0 0 0 2
0 2 0 0 2 2 1 0 0 1 0 1 0 1 0 0 0 2 0 1 0 0 0 0 0 0 2
1 2 1 1 2 2 0 1 0 1 0 1 0 1 1 0 1 2 2 2 0 0 1 0 0 0 1
2 2 0 0 2 2 0 0 0 1 0 2 0 2 1 1 0 2 2 2 0 0 0 0 0 0 1
2 1 1 0 2 2 2 0 0 2 0 0 1 2 0 0 0 2 2 2 0 0 0 0 0 0 1
0 1 0 0 2 2 1 0 0 2 0 1 1 2 1 0 1 0 1 1 0 0 1 0 0 0 2
0 2 0 0 2 2 1 0 0 2 0 2 0 1 1 0 0 0 1 1 0 0 1 0 0 0 1
0 2 0 0 2 2 1 0 0 1 0 2 0 1 0 0 1 1 2 2 1 1 1 0 0 0 1
0 2 1 0 2 2 2 0 0 1 0 0 1 1 0 0 0 2 1 2 0 0 1 0 0 0 1
1 2 0 0 2 1 2 0 0 0 0 0 0 1 0 0 0 1 2 0 0 0 0 0 0 0 2
1 2 1 0 2 2 1 0 0 1 0 1 0 2 0 0 0 2 1 1 1 1 1 0 0 0 1
1 2 2 0 2 2 1 0 0 1 1 2 0 1 0 0 0 2 1 2 0 0 1 0 0 0 2
1 2 0 0 2 1 1 0 0 1 0 2 0 2 1 0 1 2 2 2 0 1 0 0 0 0 1
1 2 0 0 1 2 1 0 0 1 0 1 0 0 1 0 1 2 2 2 0 0 0 0 0 0 2
2 2 0 0 2 2 1 0 0 0 1 2 1 2 2 0 0 2 2 2 0 0 1 0 0 0 1
1 2 1 0 2 2 0 0 0 1 0 1 0 2 1 0 0 1 2 2 0 0 0 0 0 0 2
