rs685458 rs2485320 rs1726025 rs876362 rs3771608 rs1286765 rs6772185 rs3796993 rs429853 rs3801201 rs13261909 rs2985301 rs7084947 rs1925570 rs10883735 rs10895593 rs2296187 rs944460 rs2074583 rs17445763 rs12969375 rs8124696
2 1 1 0 1 2 1 1 1 2 0 0 0 1 2 2 0 2 0 2 1 0
2 2 1 0 1 1 1 1 1 2 0 1 1 1 1 2 0 2 2 2 2 0
1 2 2 2 1 1 0 1 2 2 0 0 1 1 2 2 0 2 0 2 2 1
2 1 1 0 1 0 0 0 2 2 0 1 2 0 2 2 0 2 0 2 1 0
2 1 1 1 1 0 1 0 1 2 0 2 0 2 1 2 2 2 2 2 2 1
1 1 1 0 2 0 0 1 1 2 0 2 1 0 1 2 0 2 0 2 2 0
1 0 1 0 1 1 0 0 1 2 0 1 1 1 2 1 0 2 1 2 1 0
2 1 1 0 1 2 0 0 2 2 0 1 0 1 2 2 0 2 1 2 2 0
2 2 0 1 0 2 0 0 0 2 0 2 2 1 2 1 0 2 2 2 2 0
1 1 1 0 1 0 0 0 1 2 0 2 0 1 2 2 0 2 1 2 2 0
2 0 1 0 2 2 0 1 1 2 0 2 2 0 2 1 0 2 0 2 2 0
2 1 2 0 0 0 0 0 1 2 0 2 0 1 2 2 0 2 1 2 2 0
1 1 2 0 2 1 0 0 1 2 0 1 1 2 2 1 0 2 1 2 2 1
2 0 0 0 1 0 0 0 0 2 0 2 1 1 1 1 0 2 0 2 2 0
1 2 2 0 0 2 0 0 1 2 0 1 2 1 2 2 1 2 1 2 2 0
2 0 1 0 0 1 1 0 0 2 0 0 1 1 2 1 0 2 0 2 2 0
1 0 1 0 0 1 0 2 1 2 1 2 1 1 2 2 0 2 1 2 2 0
2 0 0 0 0 1 0 1 1 2 0 0 1 0 2 1 0 2 0 2 2 0
2 1 2 1 1 1 1 0 0 2 0 0 0 2 2 1 0 2 1 2 2 0
2 0 2 0 0 0 0 0 1 2 1 2 0 0 1 2 0 2 2 2 1 0
2 2 1 0 2 2 0 0 2 2 0 2 1 0 1 1 0 1 1 2 2 0
2 0 1 0 2 1 0 1 1 2 0 2 0 0 2 2 0 2 1 2 2 0
1 1 1 0 1 0 0 1 1 2 0 1 0 1 2 1 0 2 0 2 2 0
1 1 2 1 0 2 0 0 0 1 0 1 1 0 2 2 0 2 0 2 2 0
1 1 0 1 2 1 0 0 1 2 0 1 1 1 1 1 0 2 1 2 1 1
2 0 1 0 2 1 0 0 2 2 0 1 2 0 2 2 0 1 1 2 2 0
2 0 2 0 1 0 0 1 2 2 0 1 2 1 2 2 0 2 0 2 2 1
1 1 2 0 1 1 1 0 1 2 0 0 1 2 2 1 0 2 0 2 2 0
2 1 1 1 1 1 1 1 1 2 0 2 0 0 2 0 0 2 2 2 1 1
1 1 2 0 1 1 0 0 0 2 1 1 0 0 2 1 0 2 1 2 2 0
1 1 2 0 2 2 0 1 0 2 1 2 1 0 2 1 0 2 0 2 1 0
1 0 2 0 1 0 1 0 1 2 0 1 2 0 1 2 0 2 1 2 1 1
2 1 0 0 1 1 0 0 0 2 0 2 1 2 2 1 0 2 0 2 2 0
2 1 1 0 0 1 0 0 2 2 0 1 1 2 2 2 0 2 0 2 2 0
2 1 0 0 1 1 0 0 2 2 0 0 1 1 2 2 0 2 1 2 1 0
2 0 0 0 1 0 0 0 0 2 1 2 2 0 2 2 1 2 1 2 1 0
1 1 0 1 1 1 0 0 0 2 0 1 1 0 2 2 0 2 1 2 2 0
2 1 0 0 1 2 0 1 0 2 0 2 1 0 2 2 0 2 1 2 2 0
2 2 1 0 1 0 0 1 0 2 0 1 1 0 2 1 0 2 2 2 2 0
0 1 0 2 1 1 0 1 2 2 0 0 1 0 2 0 0 2 0 2 1 0
1 1 1 0 1 2 1 0 1 2 0 0 0 0 2 2 0 1 0 2 1 1
2 0 2 0 1 0 0 1 0 2 1 1 2 0 2 1 0 2 0 2 2 1
2 2 2 1 2 0 0 0 1 2 0 0 1 1 2 2 0 2 0 2 2 0
2 0 1 0 1 2 1 0 1 2 0 1 1 0 2 2 0 2 0 2 1 0
2 0 1 0 0 0 0 0 1 2 0 2 2 1 2 0 0 2 1 2 1 0
2 0 2 0 1 0 0 0 2 2 0 1 1 1 2 2 0 2 0 2 2 0
1 1 1 0 1 1 0 0 1 2 1 2 2 1 2 2 0 2 1 2 2 0
2 0 1 0 1 2 0 0 2 2 0 0 0 1 2 2 0 2 2 2 2 0
0 2 1 0 2 1 0 0 2 2 0 1 2 0 2 2 0 2 1 2 2 0
2 0 1 0 1 1 0 1 0 2 0 2 2 2 2 2 0 2 0 2 2 0
2 2 0 0 1 2 0 0 2 2 0 1 1 2 2 1 0 2 1 2 1 0
2 0 0 1 0 1 0 0 1 2 0 1 2 1 2 0 0 2 0 2 2 0
2 1 0 0 2 1 0 1 1 2 0 2 0 1 2 2 0 2 1 2 1 0
2 2 2 0 0 0 0 2 1 2 1 2 2 0 2 2 0 1 1 2 2 0
1 1 0 0 0 0 0 1 1 2 1 1 1 0 2 2 1 2 0 2 2 0
2 0 2 0 1 1 0 0 1 2 1 2 1 2 2 2 0 2 0 2 2 1
1 1 1 0 2 1 0 1 1 2 0 2 1 0 1 2 0 2 0 2 1 0
1 1 2 0 2 2 0 0 1 2 0 1 2 0 1 1 0 2 1 2 2 1
1 2 1 1 1 2 1 0 1 2 0 2 1 0 2 2 0 2 0 2 1 0
2 1 2 0 1 2 0 0 1 2 1 1 1 1 2 1 0 2 1 2 1 0
1 0 1 0 1 1 1 0 0 2 0 2 1 0 2 2 0 2 1 2 2 0
2 0 1 0 1 2 0 0 1 2 0 2 0 1 1 2 0 2 0 2 2 0
2 1 1 0 1 1 0 0 1 2 0 1 2 1 2 1 0 2 1 2 1 0
1 1 1 0 0 2 0 0 0 2 0 1 1 0 2 1 0 2 1 2 2 0
1 1 1 0 2 1 0 1 1 2 0 2 0 1 2 1 0 2 1 2 2 1
0 1 2 0 1 2 0 1 2 2 0 1 2 1 2 1 0 2 0 2 1 0
1 0 1 0 2 1 0 0 2 2 0 2 2 0 2 2 0 2 1 2 1 0
1 1 1 1 2 0 0 0 0 2 0 2 1 0 1 2 0 2 0 2 2 0
2 0 0 0 1 1 0 0 0 2 0 2 1 0 2 1 0 2 0 2 2 0
0 2 1 1 1 1 0 1 2 2 1 1 2 0 2 1 0 2 0 2 2 0
2 0 2 0 1 0 0 0 2 2 0 2 0 1 2 1 0 2 0 1 2 0
2 1 2 0 2 1 0 1 1 2 1 1 1 1 2 1 0 2 1 2 2 0
0 1 2 0 0 2 0 0 1 2 0 1 1 1 2 1 0 2 0 2 2 0
2 1 1 0 2 1 0 0 1 2 0 2 0 1 2 0 0 2 1 2 2 0
2 1 2 0 2 1 0 0 1 2 0 1 0 2 2 1 0 2 1 2 2 0
2 1 2 0 2 1 0 0 1 2 0 1 1 1 1 2 0 2 1 2 2 1
2 0 1 0 0 2 0 1 0 2 0 2 0 0 2 2 0 2 0 2 1 0
2 1 0 1 1 1 0 0 0 2 0 1 0 0 2 2 0 2 1 2 2 0
2 0 0 0 0 1 1 0 0 2 1 1 2 1 2 2 0 2 0 2 2 0
2 1 2 0 2 2 0 0 1 2 0 2 0 2 2 0 0 2 1 2 2 1
1 0 1 0 1 1 0 0 2 2 0 1 0 2 2 1 0 2 0 2 1 0
1 0 2 0 1 1 1 2 1 2 0 2 1 1 2 2 0 2 1 2 2 0
2 1 1 0 0 1 0 1 1 2 0 2 2 1 2 2 0 2 0 2 2 1
1 1 2 0 1 1 0 0 2 2 0 1 1 2 2 1 0 2 2 2 2 0
1 2 2 1 1 2 1 2 1 2 0 1 2 2 1 2 0 2 0 2 1 0
2 2 1 0 1 1 0 0 1 2 0 1 2 1 2 1 0 2 1 2 1 0
2 1 0 0 0 0 0 0 2 2 1 1 1 0 2 2 0 2 1 2 2 0
2 1 2 0 1 1 1 0 1 2 0 2 1 0 2 2 0 1 1 2 1 0
2 0 0 1 0 1 0 1 2 2 0 1 0 2 2 2 0 2 1 2 2 0
2 2 2 0 1 2 1 0 1 2 0 2 1 0 2 2 0 2 1 2 2 0
2 1 2 0 2 1 0 0 1 2 0 2 2 0 2 2 0 2 1 2 1 0
1 1 1 1 1 2 0 0 0 2 0 1 1 0 2 1 0 1 2 2 1 0
0 0 1 1 1 0 0 1 1 2 0 2 1 1 2 1 1 2 0 2 1 0
2 1 1 0 0 1 0 1 2 2 0 1 1 1 2 2 0 2 0 2 1 0
2 2 1 0 1 0 0 0 1 2 0 2 2 1 2 2 0 2 0 2 1 1
2 2 2 0 1 1 0 0 1 2 1 2 2 2 1 1 1 2 1 2 2 0
0 1 0 0 2 0 1 0 1 2 0 0 0 2 1 2 0 2 0 2 1 0
1 0 2 0 1 1 0 0 2 2 0 2 1 1 2 1 0 2 0 2 1 0
0 1 1 0 1 1 0 0 1 2 0 0 1 1 2 1 0 2 1 2 2 0
2 2 1 0 1 0 0 1 1 2 0 2 2 1 2 2 0 2 0 2 2 0
2 1 1 0 0 0 0 0 2 2 1 1 1 0 2 0 0 2 0 2 1 0
2 1 1 1 0 1 0 0 2 2 0 2 0 0 2 1 0 2 1 2 1 0
2 2 2 0 1 1 0 0 1 2 0 1 1 0 2 1 0 2 0 2 1 0
1 2 2 0 2 2 0 0 1 2 1 2 1 0 2 1 0 2 1 2 2 1
1 0 2 1 1 1 0 1 1 2 0 1 2 1 2 2 0 2 1 2 2 0
2 0 1 0 2 2 0 1 2 2 0 2 1 2 2 2 0 2 1 2 2 0
1 1 1 0 1 2 1 1 0 2 0 1 0 2 2 2 0 2 0 2 0 0
2 1 1 0 2 2 0 0 1 2 0 1 1 0 2 2 0 2 0 2 2 0
1 1 2 0 2 0 0 0 1 2 0 2 1 1 2 2 0 2 0 2 1 0
1 0 1 0 1 0 0 0 1 2 0 1 1 2 2 2 1 2 1 2 2 0
2 1 1 0 1 1 0 0 2 2 0 2 1 0 2 2 0 2 0 2 1 0
2 0 1 1 2 2 0 0 1 2 0 2 2 1 2 1 0 1 1 2 2 0
1 1 2 0 2 1 1 0 1 2 0 2 2 0 2 2 0 2 0 2 2 0
1 0 1 0 0 2 0 0 2 2 0 1 2 0 2 2 1 2 2 2 2 0
2 1 2 0 0 1 0 0 1 2 0 1 2 0 2 2 0 2 0 2 2 0
2 0 1 0 1 1 0 0 1 2 0 2 1 1 2 0 0 2 0 2 2 0
2 0 1 0 1 2 1 1 0 1 0 2 1 0 2 2 0 2 1 2 1 0
2 0 1 1 0 2 0 1 0 2 0 2 1 1 2 2 0 2 0 2 1 0
1 1 1 0 1 0 1 0 1 2 0 2 1 2 1 1 0 2 0 2 1 0
1 2 2 0 2 1 0 1 1 2 0 1 1 1 2 0 0 2 0 2 1 0
1 1 0 0 1 1 0 0 0 2 0 1 2 2 2 2 0 2 0 2 1 0
2 2 1 0 1 2 0 0 0 2 2 2 1 2 2 1 0 2 0 2 2 0
1 1 1 1 0 1 0 0 1 2 0 2 1 0 2 2 0 2 1 2 1 0
1 2 2 0 2 1 0 0 0 2 0 0 2 2 2 2 0 2 0 2 1 1
1 2 1 0 1 1 1 0 0 2 0 0 2 2 1 2 0 2 0 2 2 0
0 2 0 0 0 1 0 0 0 2 0 1 2 1 2 2 0 2 1 2 2 0
0 0 2 1 2 2 1 1 0 2 0 1 0 1 2 2 0 2 0 2 1 0
2 1 2 0 2 2 0 0 0 2 0 1 1 1 2 1 0 2 1 2 1 0
2 0 1 0 1 1 0 1 1 2 0 2 1 1 2 2 0 0 0 2 1 0
2 0 2 0 1 2 1 1 1 2 1 1 2 1 2 2 0 2 0 2 2 1
0 1 1 1 1 1 0 1 1 2 0 2 1 2 1 1 0 2 2 2 2 0
2 0 1 0 2 1 1 1 2 2 0 1 0 0 2 1 0 2 0 2 2 0
1 0 0 1 2 1 1 0 1 2 0 2 2 0 2 0 0 2 0 2 2 0
1 1 1 0 2 1 0 0 1 2 0 0 2 2 2 2 0 2 1 2 2 0
2 1 2 0 0 1 0 0 0 2 0 2 2 0 2 2 1 2 1 2 1 0
1 2 1 0 2 1 0 0 1 2 0 0 0 2 2 0 0 2 1 2 1 0
2 1 2 0 0 2 0 0 0 2 0 2 0 1 2 2 0 2 0 2 2 0
2 0 1 0 1 0 0 0 1 2 1 2 2 1 2 2 0 2 0 2 2 1
0 1 1 0 2 0 0 0 1 2 0 1 0 1 2 0 0 2 1 2 2 0
0 2 1 1 1 1 1 0 0 2 0 1 1 1 2 2 0 2 0 2 0 0
2 0 2 1 2 1 0 0 0 2 0 1 1 1 2 2 0 1 0 2 1 0
2 1 1 0 2 2 1 0 0 2 1 2 1 0 2 2 0 2 1 2 2 1
1 1 1 0 0 1 1 0 0 2 0 2 1 0 1 1 0 2 0 2 1 0
2 0 2 1 1 2 0 1 2 2 0 0 0 1 1 2 0 2 1 2 1 0
2 1 0 1 2 0 0 1 0 2 1 2 2 1 1 2 0 2 0 1 1 0
2 0 2 0 1 1 1 0 0 2 0 0 1 2 2 1 0 2 1 2 2 1
1 0 2 0 1 1 0 0 1 2 0 2 1 1 2 0 0 2 1 2 2 0
2 1 2 0 1 1 0 0 1 2 0 1 2 0 2 1 0 2 2 2 2 0
2 1 1 0 1 2 0 0 1 2 0 1 1 0 2 2 0 2 0 2 1 1
1 0 0 1 0 0 0 0 1 2 0 1 0 1 2 2 0 2 0 2 1 1
1 0 2 1 0 1 0 0 2 2 0 1 1 1 2 2 0 2 0 2 2 0
2 1 1 0 0 2 0 0 2 2 0 0 2 0 2 1 0 2 1 2 2 0
2 1 0 0 1 1 0 0 1 2 0 1 0 0 2 1 0 2 0 2 2 0
1 1 0 0 2 2 0 0 1 2 0 2 0 2 2 2 0 2 0 2 2 0
2 0 2 0 1 1 0 0 0 2 0 1 0 1 2 2 0 2 0 2 2 0
2 0 1 0 2 2 0 0 0 2 0 1 1 1 2 2 0 2 1 2 2 1
1 0 0 0 2 1 0 2 1 2 0 2 1 1 2 2 0 2 1 2 2 0
2 1 1 0 1 2 0 2 1 2 0 2 1 1 2 2 0 2 0 2 2 0
1 2 2 0 1 2 0 0 1 2 0 1 1 2 2 2 0 2 1 2 2 0
0 1 2 0 1 0 0 2 2 2 0 2 2 1 2 1 0 2 0 2 2 0
2 1 1 0 1 1 0 1 1 2 0 2 1 2 1 2 0 2 1 2 2 0
2 1 2 0 0 2 0 0 1 2 0 1 1 2 2 1 0 1 1 2 2 0
1 2 1 0 1 1 1 0 2 2 0 2 2 1 2 2 1 2 2 2 1 0
1 1 2 0 1 1 0 0 1 2 0 1 1 1 2 2 0 2 0 2 1 0
1 0 1 1 0 2 0 0 1 2 0 1 0 1 2 2 0 2 0 2 1 0
2 2 1 1 1 2 0 0 1 2 0 2 0 2 2 2 0 2 1 2 1 0
1 0 2 1 1 1 1 0 0 2 0 1 1 2 2 2 0 2 1 2 1 1
2 1 1 0 1 1 0 1 1 2 0 1 1 1 2 2 0 2 1 2 2 1
2 0 2 2 0 1 0 0 2 2 0 1 1 2 2 1 0 2 0 2 2 0
2 1 1 0 0 0 0 0 1 2 1 1 1 0 2 2 0 2 0 2 2 0
2 1 2 1 0 1 0 0 1 2 0 1 1 0 2 2 0 2 1 2 2 0
1 0 1 1 0 1 1 0 2 2 0 2 0 1 2 1 0 2 1 2 2 0
1 2 2 1 1 1 0 0 2 2 1 2 1 1 2 2 0 2 2 2 0 0
1 1 2 0 1 1 0 0 1 2 0 1 1 1 2 2 0 2 1 2 1 0
1 1 2 0 1 2 0 0 0 2 0 0 2 1 2 2 0 2 0 2 2 0
0 1 2 0 2 1 0 1 0 2 0 2 1 1 2 2 0 2 1 2 1 0
2 1 2 0 0 1 0 0 1 2 0 1 2 0 2 1 0 2 1 2 2 0
2 2 0 0 1 2 0 0 1 2 0 2 1 0 2 2 0 2 0 2 2 0
0 0 1 0 1 1 0 0 0 2 0 2 1 2 2 1 0 2 0 2 2 0
1 1 1 0 1 1 0 0 1 2 0 1 0 1 2 2 0 2 0 2 1 0
2 0 0 1 0 1 0 2 1 2 0 2 2 0 2 2 0 2 1 2 2 0
2 1 2 0 1 1 0 0 1 2 1 1 2 1 2 2 0 2 2 2 2 0
2 1 1 0 1 0 0 0 1 2 1 1 0 1 2 2 0 2 0 2 2 0
2 1 2 0 1 0 0 1 2 2 1 0 1 1 2 0 0 2 1 2 2 0
1 0 1 0 1 0 1 0 2 2 0 2 1 0 2 1 0 2 1 2 2 0
1 1 1 0 1 1 0 0 1 2 0 2 1 1 1 2 0 2 0 2 1 0
2 2 1 1 0 1 0 0 2 2 1 2 2 0 1 1 0 2 0 2 2 1
2 0 0 0 1 0 0 0 1 2 0 1 0 1 2 2 0 2 0 2 1 0
1 0 1 0 0 1 0 0 1 2 0 1 0 0 1 2 0 2 0 2 2 0
2 2 0 0 1 0 2 0 0 2 0 1 2 0 2 2 0 1 0 2 2 0
2 2 0 0 1 2 0 0 1 2 0 2 1 1 2 2 0 2 0 2 1 0
2 0 1 0 1 1 0 0 1 2 1 1 1 2 2 1 0 2 0 2 2 1
2 0 2 0 1 1 0 1 1 2 0 2 2 1 1 2 0 2 0 2 2 1
2 2 1 0 1 0 0 0 1 2 0 2 0 2 2 2 0 2 1 2 1 1
2 0 2 0 1 0 0 0 0 2 0 2 1 0 2 2 0 2 0 2 1 1
1 1 1 0 2 1 1 0 1 2 0 2 2 0 2 1 0 2 1 2 1 0
2 1 1 0 0 1 0 0 0 2 1 1 1 0 2 2 0 1 1 2 1 0
2 2 1 0 2 2 0 1 1 2 0 2 2 0 2 1 0 2 2 2 2 0
1 1 2 0 0 1 1 0 2 2 1 1 1 2 2 2 0 2 2 2 2 0
1 1 1 0 1 0 1 1 0 2 0 1 2 1 2 1 0 2 1 2 2 0
2 1 2 2 2 0 1 0 0 2 0 1 0 1 2 2 0 2 0 2 2 1
1 2 2 0 2 2 0 0 1 2 0 2 0 1 0 2 0 2 1 2 2 0
2 1 0 0 2 1 0 0 2 2 0 1 0 1 2 2 0 2 0 2 2 1
2 2 2 0 0 0 1 0 0 2 0 2 0 0 2 1 1 2 1 2 2 0
1 2 1 0 1 0 0 0 2 2 0 1 0 2 2 2 0 1 1 2 2 0
1 2 1 0 1 2 0 2 1 2 0 2 0 0 1 1 0 2 1 2 1 0
2 0 1 0 0 1 0 0 1 2 0 2 0 1 2 2 0 2 0 2 2 0
2 1 2 0 0 2 0 0 1 2 0 1 1 0 2 2 0 2 0 2 1 1
1 0 1 0 0 0 0 0 2 2 0 1 1 0 2 2 0 2 1 2 2 0
2 1 0 0 0 0 0 0 1 2 0 2 0 0 2 2 0 2 1 2 2 0
0 0 1 0 2 2 0 2 1 2 0 2 1 1 2 1 0 1 0 2 2 0
0 0 1 0 1 1 0 0 0 2 0 0 2 0 2 1 0 2 0 2 1 0
1 2 1 0 0 1 0 0 1 2 0 2 1 0 2 2 0 2 0 2 1 0
2 1 1 0 1 1 1 0 1 2 0 0 2 1 2 2 0 2 2 2 2 0
2 0 2 1 1 1 0 0 1 2 0 2 1 0 2 2 0 2 1 2 2 0
1 0 1 0 0 2 0 0 1 2 0 1 0 1 2 1 0 1 0 2 2 0
2 0 1 1 1 0 1 0 2 2 0 1 1 0 2 1 0 2 1 2 1 0
1 1 1 0 1 1 0 1 2 2 0 1 0 0 2 2 0 2 1 2 2 0
1 0 2 0 1 1 1 0 1 2 0 1 2 0 2 1 1 2 1 2 1 0
1 0 2 0 0 0 0 0 0 2 0 1 2 0 2 2 0 2 1 2 1 0
2 0 2 0 0 0 0 1 0 2 0 1 2 0 2 1 0 2 1 2 1 0
2 1 1 0 0 1 0 0 1 2 0 2 0 2 2 1 0 2 1 2 2 0
1 2 2 0 2 1 0 0 1 2 0 2 0 2 2 2 0 2 1 2 0 0
1 0 1 0 1 1 1 1 0 2 0 0 1 2 2 1 0 2 1 1 2 0
2 0 1 0 2 1 0 0 1 2 0 1 2 2 2 2 0 2 2 2 2 0
1 0 0 0 0 1 0 1 2 1 0 2 1 0 2 0 0 2 2 2 1 0
2 2 2 0 1 1 1 0 1 2 0 2 1 0 2 1 0 2 2 2 1 0
2 0 1 0 0 2 0 0 1 2 0 1 0 1 2 2 0 2 0 2 2 1
1 2 0 0 1 0 1 0 1 2 0 0 0 1 2 2 0 2 0 2 2 1
1 2 1 1 0 0 1 0 1 2 0 1 0 1 2 1 0 1 1 2 2 0
1 1 2 0 2 1 0 0 1 2 0 1 2 0 2 2 0 2 1 2 1 0
2 0 2 0 1 2 1 0 0 2 0 2 1 0 2 0 0 2 0 2 2 1
2 1 1 0 1 1 1 0 0 2 0 2 1 1 2 2 0 2 1 2 2 0
2 0 1 0 2 1 0 0 2 2 0 1 1 1 2 1 0 2 1 2 2 0
2 1 1 0 0 1 0 0 2 2 0 2 2 1 1 1 0 2 0 2 1 1
1 1 0 0 1 1 1 0 1 2 0 1 2 2 2 2 0 2 0 2 2 0
1 1 1 0 1 0 0 0 0 2 0 1 0 0 2 2 0 2 0 2 2 2
1 1 2 0 1 1 1 0 2 2 0 2 1 0 2 2 0 2 1 2 1 0
2 1 1 0 0 0 1 1 1 2 0 1 0 0 1 1 0 2 0 2 2 0
1 1 1 1 0 0 0 1 0 2 1 2 0 1 2 2 0 2 1 2 2 0
2 1 2 0 1 1 0 0 0 2 0 1 0 1 2 1 0 2 1 2 2 0
2 0 1 0 1 1 0 0 1 2 0 2 1 0 1 1 0 1 1 2 2 1
2 0 1 0 1 1 0 0 1 2 0 2 2 2 2 2 0 2 1 2 2 0
2 0 2 0 1 1 0 0 1 2 0 0 1 0 1 2 0 2 0 2 2 1
2 1 1 1 0 1 0 2 1 2 0 1 1 0 1 1 0 2 1 2 2 0
1 1 1 0 1 2 0 0 0 2 1 1 0 1 2 2 1 2 0 2 2 0
2 0 2 1 2 1 0 1 1 2 0 2 1 2 2 2 0 2 1 2 2 0
1 1 1 0 1 1 1 0 2 2 0 2 2 0 1 2 0 2 1 2 2 0
0 1 1 1 0 1 1 0 1 2 0 1 2 1 2 1 0 2 1 2 2 0
2 0 0 0 2 0 0 0 1 2 0 2 1 0 2 2 1 1 2 2 1 1
1 1 1 0 2 1 0 0 0 2 1 1 0 1 1 2 0 2 1 2 2 0
2 2 2 1 0 2 0 0 0 2 0 2 0 1 2 1 0 2 1 2 2 0
2 2 1 0 1 1 0 0 2 2 0 1 1 0 2 1 0 2 2 2 1 1
2 1 2 1 1 1 1 0 0 2 1 1 1 1 2 2 0 2 0 2 2 0
2 1 1 0 0 1 0 1 1 2 0 2 0 1 2 2 0 2 0 2 2 0
0 1 1 0 0 1 0 0 0 2 1 2 1 0 1 2 0 2 2 2 2 0
0 1 1 0 2 1 1 0 2 2 0 1 1 2 2 2 1 2 1 2 1 0
2 0 1 0 1 0 0 0 1 2 0 1 2 0 2 2 0 2 0 2 1 0
2 0 2 0 1 0 0 1 2 2 0 2 1 1 2 2 0 2 0 2 2 0
2 1 1 0 0 0 0 1 1 2 0 2 2 0 2 2 0 2 0 2 2 1
2 0 0 0 1 1 0 0 0 2 0 2 1 2 2 0 0 2 1 2 2 1
1 1 2 0 0 2 1 0 1 2 0 2 0 1 2 1 0 2 0 2 2 1
0 1 0 0 1 1 0 0 0 2 0 2 1 1 2 2 0 2 0 2 2 0
2 1 1 0 1 1 0 1 1 2 0 2 0 0 1 2 0 2 1 2 1 1
2 0 1 0 1 1 0 1 0 2 0 1 2 0 2 1 0 2 2 2 1 1
1 0 2 0 2 1 0 0 1 2 0 2 1 0 2 1 0 2 1 2 2 1
2 0 1 0 0 1 0 0 1 2 0 1 2 2 2 2 0 2 1 2 2 0
2 2 2 1 1 0 0 0 2 2 1 2 2 1 1 2 0 2 1 2 2 0
2 0 0 1 1 0 0 0 0 2 0 2 0 2 2 2 0 2 2 2 2 0
2 0 2 0 1 2 0 0 1 2 0 1 0 0 2 2 0 2 0 2 2 1
1 0 1 0 1 0 0 0 1 2 1 1 0 1 2 1 0 2 0 2 2 0
1 1 0 0 1 1 1 0 1 2 0 2 2 1 2 1 0 2 1 2 2 0
2 1 1 1 1 0 1 0 0 2 0 1 1 0 2 2 0 2 0 2 1 0
2 1 0 0 1 0 0 0 0 2 0 2 2 0 2 2 0 2 0 2 2 1
1 0 2 0 0 1 0 0 2 2 0 1 1 0 1 2 0 2 1 2 2 1
2 1 2 0 1 2 0 1 1 2 0 1 2 1 2 1 0 1 0 2 2 0
1 1 0 0 1 1 0 0 1 2 0 2 2 0 1 2 0 2 0 2 2 0
2 0 1 0 2 1 0 1 1 2 0 2 1 1 1 2 0 2 1 2 1 1
2 1 1 0 1 1 0 0 1 2 0 0 2 1 2 1 0 2 1 2 2 0
2 0 1 0 0 2 0 0 1 2 0 2 1 1 2 2 0 2 1 2 2 0
1 0 2 0 2 2 0 0 0 2 0 2 0 1 2 1 0 2 1 2 2 0
2 0 2 1 1 0 0 0 2 2 0 2 2 0 2 2 0 2 1 2 2 0
2 1 2 0 1 0 0 0 0 2 0 1 1 0 2 2 0 2 1 2 2 0
1 2 1 0 1 2 0 0 1 2 0 2 1 1 2 1 0 2 1 2 2 0
1 0 2 0 1 0 0 0 0 2 0 2 1 1 2 1 0 2 0 2 2 1
2 1 0 0 2 2 0 0 0 2 1 2 2 1 1 2 0 2 1 2 2 0
2 2 1 0 1 1 0 0 1 2 0 1 1 2 2 2 0 2 1 2 0 0
2 1 2 1 2 0 1 0 1 2 0 1 1 1 2 2 0 2 1 2 1 1
1 2 1 1 0 1 1 0 0 2 0 1 0 1 1 2 0 2 1 2 1 0
2 0 2 0 1 2 0 0 0 2 0 0 0 0 2 2 0 2 1 2 1 0
1 1 1 0 1 2 0 1 1 2 0 0 2 0 2 1 0 2 1 2 1 1
2 1 1 0 2 2 1 0 0 2 0 0 1 0 2 2 0 2 1 2 2 0
2 1 1 0 2 0 0 0 1 2 0 1 1 0 2 0 0 2 0 2 1 0
2 0 1 0 0 0 1 1 1 2 0 1 0 0 1 2 0 2 0 2 2 0
2 1 0 0 2 0 0 1 1 2 0 2 1 1 1 2 0 2 1 2 2 0
2 0 1 2 2 2 0 0 1 2 0 2 1 1 2 1 0 2 2 2 2 0
1 1 2 1 2 0 1 0 0 2 0 2 1 1 2 2 0 2 0 2 1 0
2 1 1 0 1 1 1 0 2 2 0 1 1 0 2 2 0 2 1 2 1 0
2 0 2 0 2 2 0 0 0 2 1 2 1 1 1 2 0 2 0 2 2 0
2 1 1 0 2 1 0 0 1 2 0 2 2 0 2 2 1 2 1 2 2 0
2 1 1 0 0 1 0 0 0 2 0 1 2 0 2 2 0 2 0 2 2 0
2 0 1 1 2 0 0 0 1 2 0 2 1 1 2 2 0 2 1 2 2 0
1 2 0 1 1 1 0 0 0 2 0 0 1 0 2 1 0 2 0 2 2 0
2 0 2 0 1 1 0 0 1 2 0 2 0 0 2 2 0 2 1 2 2 0
1 0 2 0 1 0 0 0 0 2 0 1 0 1 2 2 0 2 0 2 2 0
2 0 0 0 1 1 0 1 1 2 0 1 2 1 1 1 0 2 2 2 2 0
1 1 1 0 1 1 0 0 0 2 0 2 1 1 1 2 0 2 0 2 1 0
1 0 1 1 1 1 0 1 1 2 1 1 0 0 1 2 0 2 0 2 2 0
1 0 1 0 0 0 1 1 0 2 0 2 0 0 2 2 0 2 0 2 2 0
2 1 1 1 0 1 0 0 0 2 0 1 2 0 2 1 0 2 1 2 2 0
2 1 2 0 2 0 0 1 1 2 0 1 0 0 2 2 0 2 0 2 2 0
2 0 2 1 2 2 0 1 1 2 0 1 0 1 2 2 0 2 1 2 2 0
1 0 1 1 0 1 0 1 1 2 0 1 1 0 2 2 0 2 0 2 1 0
2 0 1 0 0 0 0 1 1 2 1 1 2 1 2 2 1 2 1 2 2 0
2 0 2 0 0 1 1 0 1 2 0 0 0 0 2 2 0 2 2 2 2 0
0 2 1 0 2 2 0 0 0 2 0 2 1 0 2 1 1 2 1 2 1 0
1 0 0 0 0 2 0 0 2 2 0 2 1 0 2 2 0 2 0 2 2 1
2 1 1 0 0 2 0 0 2 2 0 1 1 0 2 1 0 2 1 2 2 0
1 0 2 0 2 0 0 1 0 2 0 1 0 1 2 2 0 2 0 2 2 0
1 0 2 0 1 1 0 0 0 2 1 0 1 1 1 2 1 1 1 2 2 0
1 1 0 0 0 2 0 0 0 2 0 1 1 0 1 2 0 2 0 2 2 0
2 2 1 0 1 2 0 1 1 2 0 0 0 0 2 2 0 2 0 2 2 0
0 0 1 0 2 0 0 0 1 2 0 2 1 1 2 2 0 2 0 2 1 0
2 1 0 0 1 2 0 0 2 2 0 0 1 1 2 2 0 2 0 2 2 0
2 0 1 1 1 1 0 1 0 2 0 1 2 1 2 2 0 2 1 2 1 0
2 0 0 1 0 1 1 0 1 2 0 1 2 2 2 2 0 2 1 2 0 0
1 1 0 0 1 2 0 0 2 2 0 2 1 0 2 2 0 2 1 2 2 0
2 1 0 0 1 1 0 0 0 1 0 2 1 0 2 1 0 2 0 2 2 0
1 1 1 0 1 2 0 0 1 2 0 1 1 1 2 2 0 2 0 1 2 0
2 1 2 1 2 0 0 1 1 2 0 1 2 0 2 2 0 2 0 2 2 0
2 0 1 1 1 1 0 0 0 2 0 2 1 1 0 1 0 2 1 2 2 0
1 0 1 0 2 0 0 1 1 2 0 2 1 1 2 2 1 2 1 2 1 0
1 0 2 0 1 1 0 0 2 2 0 2 0 1 2 2 0 2 1 2 2 0
1 1 0 1 2 1 1 1 1 2 0 2 0 0 2 2 0 2 0 2 2 0
1 2 1 2 1 1 1 1 0 2 0 2 1 1 2 2 0 2 2 2 2 0
2 1 2 0 2 2 1 0 0 2 1 2 2 2 2 2 0 2 1 2 2 0
1 0 1 0 1 0 0 0 1 2 0 2 1 1 2 1 0 2 1 2 1 0
2 2 1 0 0 0 0 0 2 2 0 2 1 1 2 1 0 1 1 2 1 0
2 0 2 0 0 2 0 0 1 2 0 1 2 2 2 0 0 2 0 2 2 0
1 2 1 0 1 1 0 0 1 2 0 2 0 0 2 0 0 2 1 2 2 1
2 0 2 0 0 2 0 0 1 2 0 1 0 1 2 2 0 2 0 2 1 1
2 0 2 0 0 1 1 0 1 2 0 0 2 2 2 1 0 2 2 2 1 1
1 0 2 0 0 2 0 1 0 2 0 1 2 0 2 2 0 2 0 2 2 0
2 0 1 0 1 1 1 0 0 2 1 1 1 1 2 1 0 2 0 2 2 0
2 0 2 0 0 0 0 0 2 2 0 2 1 1 2 1 0 2 0 2 1 0
2 0 2 0 2 0 0 0 2 2 0 1 1 1 2 2 0 1 0 2 2 0
2 0 1 1 1 0 0 0 1 2 0 1 1 2 2 1 0 2 1 2 2 0
1 0 1 0 0 1 0 0 0 2 0 2 1 0 2 0 0 2 1 2 2 0
2 1 1 1 0 2 0 0 2 2 1 0 1 0 2 2 0 2 0 2 2 0
2 2 2 1 0 0 0 0 1 2 0 2 2 0 2 2 0 2 2 2 0 0
1 1 2 1 2 1 0 0 2 2 0 2 0 1 2 2 0 2 1 2 2 0
0 2 0 0 0 2 0 0 2 2 0 2 0 1 2 2 0 2 0 2 2 0
2 1 1 1 0 0 1 1 1 2 0 1 0 0 1 1 0 2 0 2 2 0
2 2 1 0 0 2 0 0 1 2 0 1 1 1 2 1 0 2 0 2 1 0
1 0 2 1 0 0 0 1 1 2 0 2 2 0 2 2 0 2 2 2 2 0
2 0 0 0 1 1 0 0 1 2 0 2 0 0 2 2 1 2 0 2 2 0
2 2 1 1 2 1 0 0 0 2 0 1 1 0 2 2 0 2 0 2 2 0
2 1 1 1 0 1 1 0 1 2 0 2 2 0 1 2 0 2 0 2 1 0
2 1 1 0 2 2 0 1 1 2 0 1 1 1 2 2 1 2 1 2 1 0
2 0 0 0 0 1 0 0 2 2 0 2 2 1 2 2 0 2 1 2 1 0
2 1 1 1 2 2 0 0 1 2 0 1 1 0 2 1 0 2 0 2 2 1
1 1 1 2 0 2 0 0 1 2 0 1 1 1 2 2 0 2 0 2 2 0
2 2 2 0 1 0 0 1 1 2 1 1 0 0 2 1 0 2 0 2 2 0
1 1 1 1 0 1 1 0 0 2 0 2 1 1 2 2 0 2 0 2 2 0
2 1 0 1 1 1 1 1 1 2 0 0 0 1 2 2 0 2 0 2 1 1
1 1 1 1 1 1 0 0 0 2 0 2 2 2 2 2 0 2 0 2 2 0
2 1 1 1 1 1 0 0 1 2 0 1 1 1 2 2 0 2 2 2 2 1
1 0 1 0 0 0 0 0 1 2 0 2 2 0 2 2 0 2 0 2 0 0
1 1 2 1 1 0 0 0 0 2 0 1 0 1 2 2 0 2 0 2 2 0
2 0 1 0 0 2 0 1 1 2 0 1 2 1 2 2 0 2 1 2 2 1
1 0 1 0 1 1 0 0 1 2 0 1 1 1 0 2 1 2 0 2 2 0
2 1 1 0 0 1 0 1 2 2 1 1 0 1 2 2 0 2 1 2 2 1
2 2 1 0 1 2 0 0 0 2 0 2 2 1 2 2 0 2 2 2 1 0
2 0 1 0 1 0 1 0 2 2 0 2 2 0 2 0 0 2 2 2 2 0
1 0 1 0 2 1 1 0 1 2 0 1 2 1 2 2 0 2 1 2 2 0
2 2 2 0 2 0 0 0 2 2 0 0 1 2 2 2 0 2 0 2 2 0
1 1 0 1 2 1 0 1 1 2 0 2 1 2 2 1 0 2 0 2 2 0
2 2 2 1 1 1 0 0 1 2 0 2 1 1 2 2 0 2 2 2 1 1
2 1 1 1 0 0 0 0 1 2 0 1 0 2 2 2 0 2 1 2 2 0
1 1 1 1 0 2 0 1 1 2 0 1 1 0 2 2 0 2 0 2 1 2
2 1 1 0 0 1 1 0 0 2 0 1 2 0 2 2 0 2 1 2 2 0
1 0 1 1 0 2 0 0 1 2 0 0 1 1 2 1 0 2 0 2 2 0
0 1 2 0 1 2 1 1 0 2 0 1 1 1 2 2 0 2 1 2 2 0
1 1 1 0 0 1 0 0 2 2 0 1 0 1 2 2 1 2 1 2 2 0
2 0 2 0 1 0 0 1 0 2 0 1 2 0 2 2 0 2 0 2 1 1
2 0 2 0 1 2 1 0 2 2 0 2 0 0 2 2 0 1 1 2 2 1
2 1 2 0 1 1 0 0 1 2 0 1 2 0 2 1 1 2 1 2 2 0
1 0 0 0 1 1 1 0 1 2 0 1 1 1 1 1 0 2 0 2 2 0
1 1 2 0 1 1 0 1 1 2 0 1 1 1 2 2 0 2 0 2 2 0
1 1 1 0 1 1 0 0 0 2 0 0 2 1 2 2 0 2 0 2 2 0
1 1 1 0 1 1 0 1 0 2 0 1 1 0 2 1 0 2 0 2 2 0
2 1 1 0 1 1 0 0 0 2 1 2 1 1 2 2 0 1 1 2 1 1
2 0 2 0 1 0 0 0 1 2 0 2 1 1 2 2 0 2 1 2 2 0
1 1 1 0 0 1 0 0 0 2 0 0 1 0 2 2 0 2 2 2 2 0
2 1 1 0 1 1 1 0 0 2 1 1 2 1 2 2 0 2 0 2 1 0
2 2 1 0 2 1 0 0 0 2 0 2 0 0 2 2 0 2 1 2 2 0
2 0 2 0 1 1 0 1 1 2 0 1 1 0 2 2 0 2 0 2 2 0
2 1 1 0 2 1 0 0 1 2 0 2 0 1 2 2 0 2 0 2 2 0
2 2 1 1 0 0 0 0 1 2 0 1 0 0 2 1 0 2 1 1 2 0
1 2 1 0 2 0 0 0 1 2 0 2 1 1 2 2 0 2 0 2 2 0
2 0 2 0 2 0 0 1 0 2 0 1 1 0 2 2 0 2 0 2 2 0
2 0 2 0 1 2 0 0 1 2 0 2 0 1 1 2 0 2 1 2 1 0
2 0 2 0 0 1 0 0 0 2 1 1 1 0 1 2 0 2 1 2 2 0
1 1 2 1 0 0 0 0 1 2 0 2 1 0 1 2 0 2 0 2 2 0
2 0 1 0 0 1 1 0 2 2 1 2 2 0 2 1 0 2 0 2 1 0
1 0 2 1 0 2 0 0 0 2 0 1 1 0 2 2 0 2 0 2 2 0
1 1 2 1 1 2 0 1 1 2 0 1 2 2 2 1 0 2 0 2 2 0
2 0 2 0 2 1 0 1 0 2 1 2 2 1 1 2 0 2 2 2 1 0
1 1 2 1 1 1 2 0 1 2 0 2 0 2 1 2 0 2 0 2 2 0
2 0 1 1 2 2 1 0 1 2 0 2 1 0 1 0 0 2 1 2 2 0
0 0 2 0 2 1 0 0 1 2 1 2 0 2 2 1 0 2 1 2 0 0
1 2 1 0 1 1 0 0 1 2 0 0 1 2 2 2 0 2 2 2 2 0
2 1 2 0 2 1 0 0 0 2 0 0 1 1 1 1 0 2 1 2 2 1
1 1 2 0 2 1 0 0 1 2 1 2 0 0 2 2 0 2 1 2 2 0
2 0 1 0 1 2 1 1 0 2 0 0 2 0 2 1 0 2 0 2 2 0
1 1 2 0 2 1 1 0 2 2 1 1 1 1 2 2 0 1 0 2 1 0
2 0 2 1 1 2 1 1 1 2 0 1 1 0 2 2 0 2 0 2 2 0
2 1 2 0 1 1 1 1 0 2 0 2 0 0 1 2 0 1 0 2 2 0
2 1 2 0 2 0 1 0 1 2 0 2 1 0 2 1 0 2 1 2 2 0
2 1 2 0 2 1 0 1 0 2 0 2 2 1 2 2 0 2 1 2 1 0
2 1 2 0 0 2 0 0 0 2 0 2 1 0 2 2 0 1 0 2 1 0
1 1 2 1 2 2 0 0 1 2 0 1 1 1 2 2 0 2 0 2 1 0
2 1 2 0 0 2 0 1 1 2 0 2 2 1 2 0 0 2 0 2 1 0
2 2 1 0 1 1 0 1 1 2 0 2 1 1 2 2 0 2 0 2 2 0
0 0 0 0 0 1 0 0 1 2 0 1 1 0 2 1 0 2 0 2 2 0
2 0 1 0 1 1 0 0 1 2 0 1 1 2 2 2 0 2 1 2 2 0
1 1 2 0 1 1 0 1 1 2 0 1 1 1 2 1 0 2 2 2 1 0
1 1 0 0 0 1 0 0 0 2 0 1 1 1 2 2 0 2 0 2 2 0
1 1 0 0 1 1 0 1 0 2 0 0 0 0 2 1 0 2 1 2 2 0
1 1 2 0 0 0 0 0 1 2 0 1 1 0 2 2 0 2 1 2 2 0
2 2 2 0 0 1 0 1 1 2 0 2 1 2 2 2 0 2 1 2 2 0
1 2 0 0 2 1 1 1 2 2 0 2 2 1 2 2 0 2 0 2 1 0
2 1 1 0 0 1 0 1 1 2 0 2 1 1 2 2 0 2 2 2 2 1
1 1 2 0 1 2 1 0 0 2 0 0 2 0 2 2 0 2 0 2 2 0
2 0 1 0 1 1 0 0 1 2 0 2 2 0 2 1 0 2 1 2 2 0
2 1 1 0 1 0 0 0 1 2 1 2 2 1 2 2 0 1 1 2 2 0
1 1 2 0 1 1 0 0 1 2 0 2 1 0 2 2 2 1 0 2 2 0
2 2 2 0 1 2 0 0 2 2 0 2 0 1 2 1 0 2 0 2 1 0
2 1 2 0 1 2 0 0 2 2 0 2 1 2 2 2 0 2 2 2 2 1
2 1 1 0 2 0 0 0 0 2 0 1 1 1 1 2 0 2 0 2 1 0
1 1 2 0 0 2 0 0 1 2 0 1 0 1 2 1 0 2 1 2 2 0
2 2 2 0 0 2 0 0 0 2 0 2 0 0 2 1 0 2 0 2 0 0
2 0 1 0 1 2 0 0 0 2 0 1 1 1 2 1 1 1 1 2 2 0
2 1 2 0 0 1 1 0 0 2 0 1 0 2 1 1 0 2 1 2 2 1
1 1 1 0 1 1 1 0 1 2 0 2 1 0 1 1 0 2 0 2 1 0
1 0 2 0 2 0 0 0 1 2 2 1 0 1 2 1 1 2 2 2 2 0
2 2 2 0 2 2 1 0 0 2 0 2 1 1 2 2 0 2 0 2 1 0
1 0 0 0 1 2 0 0 1 2 0 2 0 0 1 0 0 2 2 2 1 0
2 1 1 0 0 1 0 0 0 2 0 1 0 0 2 1 0 2 0 2 2 0
2 1 1 0 1 1 0 0 1 2 0 2 1 0 2 1 0 2 2 2 1 0
1 1 1 0 0 2 0 1 0 2 0 2 1 2 1 1 0 2 2 2 1 0
1 1 1 0 1 2 0 0 1 2 0 2 0 0 2 2 0 2 1 2 2 0
2 2 2 0 1 2 0 1 1 2 0 1 0 1 2 2 0 2 0 2 2 0
0 1 1 0 0 0 0 1 0 2 0 1 0 0 2 2 0 2 1 2 2 1
2 1 1 0 0 0 0 0 2 2 0 2 0 0 2 2 0 2 0 2 2 1
1 0 2 0 1 0 0 1 0 2 0 2 1 1 2 2 0 2 1 2 2 1
2 1 1 0 2 0 1 0 2 2 0 2 1 1 2 2 0 2 1 2 2 0
1 1 1 0 1 0 0 1 2 2 0 1 1 1 2 1 0 2 1 2 2 0
2 1 2 0 1 2 1 1 1 2 0 1 0 0 2 0 0 2 0 2 2 0
2 1 1 0 0 1 0 2 0 2 1 1 1 0 2 2 0 2 1 2 2 1
2 1 2 0 1 1 0 0 1 2 0 1 1 1 2 1 0 2 2 2 2 0
1 0 0 0 1 1 0 0 2 2 0 1 0 0 1 1 0 2 0 2 1 0
1 1 0 0 1 1 0 0 1 2 0 1 1 1 2 2 0 1 1 2 2 0
2 1 0 0 2 2 0 1 1 2 0 1 1 1 2 1 0 2 1 2 2 0
2 2 2 0 2 0 0 1 2 2 0 0 1 0 2 2 0 2 0 2 2 0
1 1 1 0 2 2 0 0 0 2 1 2 0 0 2 1 0 2 0 2 2 0
2 1 1 0 1 2 0 0 0 2 0 1 1 1 2 2 0 2 1 2 1 0
2 2 2 0 0 2 0 0 1 2 0 2 1 1 2 2 0 2 0 2 2 0
2 0 2 0 1 2 1 0 1 2 1 2 2 1 2 1 0 2 0 2 2 0
2 1 2 0 1 2 0 1 0 2 0 1 0 1 2 1 0 2 1 2 2 0
2 0 2 0 1 2 0 0 1 2 0 2 2 1 1 2 0 2 0 2 2 0
0 2 1 0 0 0 0 0 0 2 0 1 1 2 2 2 0 2 0 2 2 0
1 2 2 0 1 0 0 0 1 2 0 2 1 1 1 2 0 2 2 2 2 0
1 2 2 0 2 1 0 0 1 2 0 1 1 0 2 1 0 2 1 2 2 0
1 1 0 0 1 1 1 0 0 2 0 2 0 0 2 2 0 1 1 2 1 0
1 0 1 0 0 0 0 0 1 2 0 2 0 1 2 2 0 2 2 2 2 0
0 1 2 0 1 1 0 0 0 2 0 2 2 0 2 2 0 2 1 2 2 0
2 1 2 0 1 2 1 0 0 2 0 2 2 0 2 0 0 2 2 2 2 0
2 0 2 0 0 1 0 0 1 2 0 1 1 1 2 1 0 2 2 2 2 0
2 1 1 0 1 1 1 1 1 2 1 2 1 0 2 2 1 1 1 2 2 0
2 0 0 0 0 2 0 2 0 2 0 2 2 1 1 1 0 2 1 2 2 0
2 1 2 0 0 2 0 0 1 2 1 2 1 1 2 2 0 2 0 2 2 0
2 0 1 0 2 1 0 0 0 2 0 1 1 1 1 2 0 1 1 2 1 0
1 0 1 0 2 0 0 0 0 2 0 1 1 1 2 1 0 1 1 2 2 0
1 2 1 0 1 2 0 1 1 2 1 2 0 2 2 2 0 2 0 2 1 0
1 1 1 0 1 2 0 0 0 2 0 0 2 1 2 2 0 2 0 2 2 0
0 1 1 1 1 1 0 1 2 2 1 2 0 1 2 2 0 2 0 2 2 0
1 1 2 0 1 0 0 0 1 2 0 2 1 1 2 2 0 2 1 2 2 0
1 1 2 0 1 0 0 0 1 2 0 1 1 0 2 1 0 2 1 2 1 0
0 2 2 0 1 1 0 0 0 2 0 1 2 0 2 1 0 2 0 2 2 0
2 0 1 0 1 1 1 0 1 2 0 1 0 1 2 2 1 2 0 2 1 0
2 0 1 1 1 1 0 1 1 2 0 1 0 0 2 2 0 2 1 2 1 0
2 1 0 0 2 0 0 1 2 2 0 2 2 1 2 1 1 2 1 2 2 0
2 1 0 0 1 1 0 1 1 2 0 0 2 0 2 2 0 2 0 2 2 1
2 1 2 0 1 1 1 2 0 2 0 1 1 0 1 2 0 2 1 2 1 1
1 1 1 0 1 1 1 0 1 2 2 2 0 1 2 1 0 2 1 2 2 0
2 0 2 0 1 1 0 1 1 2 0 0 1 0 1 1 0 2 0 2 1 0
2 1 1 1 1 1 0 0 1 2 0 2 0 0 2 1 0 2 1 2 2 1
2 0 1 0 2 0 0 0 2 2 0 1 0 1 2 2 0 2 1 2 1 0
2 0 1 1 1 2 0 1 1 2 0 1 1 0 1 2 0 2 1 2 2 0
2 2 2 0 1 1 0 1 2 2 0 2 1 1 2 1 0 2 0 2 1 0
1 1 1 0 0 0 0 0 2 2 0 1 0 1 2 2 0 2 1 2 1 0
2 0 2 0 2 1 1 0 1 2 0 1 1 2 2 2 0 2 0 2 1 0
2 2 2 0 1 1 0 0 1 2 0 2 0 0 1 1 0 2 1 2 2 0
2 2 1 0 2 1 0 0 1 2 0 1 1 1 1 2 0 2 2 2 1 1
2 1 0 0 1 0 1 1 1 2 0 1 2 1 1 2 0 2 1 2 2 0
1 0 2 0 1 2 0 0 1 2 0 1 1 1 1 2 0 2 0 2 2 0
1 1 1 0 0 2 0 0 1 2 0 1 1 0 2 2 1 2 1 2 1 0
1 2 1 0 2 1 0 2 1 2 0 2 2 0 2 1 0 2 0 2 1 0
2 0 0 0 1 0 0 0 1 2 0 2 1 2 2 2 0 2 0 2 2 0
2 2 1 0 2 0 1 1 1 2 0 1 2 1 2 1 0 2 1 2 2 0
2 2 1 1 1 1 0 0 0 2 0 1 2 1 2 2 0 2 1 2 2 1
1 1 0 0 0 1 0 0 0 2 0 2 2 1 2 2 0 2 1 2 2 0
1 1 1 0 0 0 0 0 1 2 0 2 0 2 2 2 0 2 0 2 2 0
1 2 0 1 1 1 0 0 1 2 0 2 2 1 2 2 0 1 0 2 2 1
2 0 1 0 2 2 1 1 1 2 0 1 2 1 2 2 0 1 0 2 2 0
2 1 2 0 0 1 0 0 2 2 0 0 1 1 2 1 0 2 0 2 2 0
2 1 2 0 2 2 0 0 0 2 0 2 1 0 1 2 0 2 0 2 0 0
0 0 1 0 0 2 0 0 1 2 0 2 1 1 1 2 0 2 1 2 2 0
1 1 2 0 0 2 0 0 2 2 0 2 2 1 2 2 0 2 1 2 2 0
1 0 2 0 2 1 0 1 2 2 0 2 1 0 2 2 1 2 1 2 1 0
1 0 2 0 1 1 1 0 1 2 0 2 1 1 2 2 0 2 1 2 2 0
2 1 2 2 1 1 1 0 2 2 1 1 1 1 2 1 0 2 1 2 2 1
2 2 0 1 1 2 0 0 1 2 1 1 1 0 2 2 0 2 0 2 1 0
0 1 0 0 1 2 0 0 0 2 1 1 1 1 2 2 0 1 0 2 2 0
2 1 1 0 1 1 0 0 2 2 0 0 2 0 2 2 0 2 0 2 1 0
1 2 2 1 1 2 0 0 2 2 0 0 1 0 2 2 0 1 0 2 2 0
2 1 1 0 1 1 0 1 1 2 0 1 1 0 2 2 0 2 0 2 2 0
1 2 0 1 2 1 0 0 0 2 0 1 1 1 1 0 1 2 1 2 2 0
2 0 2 0 1 1 0 1 0 2 0 1 1 1 2 2 0 2 1 2 1 1
1 2 2 0 2 1 0 1 1 2 1 1 1 0 2 0 0 2 1 2 2 0
2 1 1 0 2 1 0 0 1 2 0 1 2 0 2 1 0 2 1 2 1 0
2 1 1 1 1 2 0 1 2 2 0 2 1 2 2 2 0 2 0 2 2 0
0 1 2 1 0 0 0 0 1 2 0 1 1 1 2 1 0 2 0 2 2 1
2 1 1 0 2 2 0 0 2 2 0 2 0 1 2 1 0 1 0 2 2 0
1 1 1 0 0 1 1 0 1 2 0 1 2 0 2 2 0 2 1 2 1 0
2 1 1 0 1 1 0 0 2 2 0 1 2 2 1 2 0 2 1 2 2 0
2 1 2 0 1 0 0 1 1 2 0 1 1 0 1 2 1 2 1 2 2 0
2 1 1 0 2 1 0 1 1 2 0 2 1 1 2 2 0 2 0 2 2 0
2 2 1 0 2 0 0 2 1 2 0 2 1 1 2 2 0 2 1 2 2 0
1 0 2 1 1 0 0 0 1 2 0 1 1 1 2 1 0 2 2 2 2 0
2 1 1 0 1 1 0 0 0 2 1 1 1 1 1 2 0 2 1 2 2 0
1 1 1 0 1 1 0 0 1 2 0 0 1 0 2 1 0 2 2 2 1 1
2 2 0 1 0 1 0 0 1 2 0 1 0 1 2 2 0 2 2 2 1 1
2 1 2 0 0 2 1 0 1 2 0 2 1 1 2 1 0 2 1 2 1 1
1 1 1 0 2 1 0 1 1 2 0 1 2 1 2 2 0 2 1 2 1 0
2 2 1 0 1 2 0 0 2 2 0 2 0 2 2 2 0 2 0 2 2 0
0 1 1 0 1 0 0 0 2 2 0 0 2 2 2 1 0 2 0 2 2 0
1 0 2 0 0 0 0 0 1 2 0 2 0 0 2 2 0 2 1 2 2 0
2 2 0 1 1 1 0 1 2 2 0 1 2 0 2 1 0 2 0 2 1 0
1 1 1 0 2 2 0 1 2 2 0 1 2 0 2 1 0 2 0 2 2 1
2 0 1 0 1 2 0 0 2 1 0 1 0 1 1 2 0 2 0 2 1 0
2 0 1 0 1 1 1 1 2 2 0 0 2 1 2 2 0 2 1 2 2 0
2 0 2 1 2 1 0 0 1 2 0 1 0 1 2 1 0 2 0 2 1 0
1 2 2 0 1 2 0 0 2 2 0 1 0 1 2 2 0 2 0 2 2 0
2 1 1 0 2 1 0 0 1 2 0 1 0 1 2 2 0 2 2 2 2 0
2 0 0 0 1 2 1 0 1 2 0 2 1 1 2 1 0 2 1 2 1 0
2 2 2 0 2 0 0 0 1 2 0 0 0 2 2 2 0 2 0 2 1 0
2 1 2 1 0 2 0 1 1 2 0 1 1 0 2 2 0 2 0 2 1 0
2 2 1 1 1 1 0 0 0 2 0 0 1 0 2 1 0 2 1 2 2 0
2 0 2 0 2 2 0 0 1 2 0 1 1 1 2 0 0 2 0 2 2 0
1 2 1 0 1 1 0 0 0 2 0 2 0 0 1 2 0 2 1 2 2 0
2 0 2 0 1 1 0 0 0 2 0 1 2 1 2 1 0 2 2 2 2 0
2 2 1 0 1 1 1 0 1 2 0 2 1 0 2 2 0 2 0 2 1 1
0 2 2 0 1 1 0 0 0 2 0 1 1 1 2 1 0 2 2 2 2 1
2 1 1 0 2 2 1 0 1 2 0 1 0 0 2 2 0 2 1 2 2 0
2 2 1 0 2 1 1 0 2 2 0 2 1 0 2 2 0 2 1 2 1 1
1 2 2 0 1 1 0 0 0 2 0 1 1 1 2 2 0 2 2 2 2 0
2 0 2 0 1 0 0 0 2 2 0 1 0 0 2 1 0 2 1 2 2 0
2 0 2 0 0 2 0 0 1 2 0 1 2 1 2 2 0 2 1 2 2 0
1 2 1 0 2 2 1 1 1 2 1 0 1 1 2 2 0 2 1 2 1 0
1 1 2 0 1 2 0 0 0 2 0 1 0 0 2 1 0 2 1 2 2 0
1 2 1 0 1 1 0 0 1 2 0 2 1 0 2 2 1 2 1 2 1 0
1 2 1 0 1 2 1 0 0 2 0 1 2 1 2 2 0 2 0 2 2 0
2 2 1 1 0 1 1 1 1 2 0 2 0 0 2 2 0 2 0 2 0 0
2 1 2 0 1 1 0 0 1 2 0 1 0 0 2 1 0 2 1 2 2 0
2 1 1 0 1 1 0 0 0 2 0 1 1 1 2 2 0 2 0 2 2 0
1 0 1 0 2 2 0 0 0 2 1 1 0 0 2 1 0 2 1 2 1 1
2 0 1 1 1 2 1 1 0 2 0 2 1 1 2 1 0 2 1 2 2 0
1 1 1 0 1 2 1 0 1 2 1 0 2 1 1 2 1 2 2 2 2 0
0 2 1 0 2 1 1 0 0 2 1 1 2 1 2 1 0 1 1 2 2 0
1 0 1 0 0 1 1 1 1 2 0 1 0 2 2 1 0 2 0 2 2 1
2 2 1 0 0 2 0 1 0 2 1 1 1 0 2 2 0 2 0 2 2 0
1 0 2 0 1 0 0 1 1 2 0 2 1 0 2 1 0 2 2 2 0 0
2 0 2 0 0 2 1 0 1 2 0 2 2 0 1 1 0 2 0 2 2 1
1 1 1 0 2 2 0 1 1 2 0 1 1 0 2 1 0 1 0 2 2 0
2 2 2 0 1 2 0 0 1 2 0 2 1 0 1 2 0 2 1 2 0 0
2 1 2 0 1 1 1 0 0 2 0 2 1 0 2 2 0 2 1 2 2 0
1 0 1 0 2 1 0 1 0 2 0 2 0 1 2 1 0 2 1 2 1 0
1 1 2 0 0 0 0 0 0 2 0 2 1 1 2 1 0 2 1 2 2 0
2 1 2 0 1 2 0 0 1 2 1 2 1 1 2 2 0 1 1 2 2 0
2 2 1 0 1 2 0 0 1 2 0 2 0 1 2 2 0 2 0 2 2 0
2 0 1 0 1 1 0 1 1 2 0 1 2 2 2 1 0 2 1 2 2 1
1 0 2 0 1 1 0 0 0 2 0 0 0 1 2 1 0 2 1 2 2 0
1 1 2 0 1 0 0 1 1 2 1 2 2 1 1 2 0 2 0 2 2 0
2 1 2 0 1 2 0 1 2 2 1 2 1 0 2 2 1 2 1 2 1 1
2 1 1 0 1 1 0 0 2 2 0 0 2 0 2 1 0 2 1 2 2 1
2 1 2 0 1 0 0 0 1 2 0 1 1 1 2 1 0 1 1 2 1 0
2 1 0 1 1 0 0 0 0 2 0 1 0 0 2 2 0 2 1 2 2 0
1 0 0 0 2 0 1 0 0 2 0 1 2 0 2 2 0 2 1 2 2 0
1 1 2 0 0 1 0 0 1 2 0 2 2 0 2 2 0 2 0 2 2 0
1 1 2 1 1 0 0 0 1 2 0 2 2 1 2 1 0 2 1 2 2 0
0 0 0 0 2 0 0 0 1 1 0 2 0 0 1 2 0 2 1 2 1 0
1 1 2 0 1 0 0 0 1 2 0 1 1 1 2 1 0 2 1 2 1 0
1 0 0 0 2 2 1 0 0 2 0 0 2 1 2 1 1 2 1 2 2 0
2 2 2 1 2 1 0 0 0 2 0 2 2 1 2 1 0 2 0 2 2 0
2 2 2 0 0 0 0 0 0 2 0 2 2 2 2 2 0 2 1 2 2 0
2 0 0 0 1 1 0 0 1 2 0 2 1 1 2 1 0 2 1 2 1 1
2 1 1 0 1 2 0 0 1 2 0 2 1 0 1 2 0 2 1 2 2 0
2 0 2 0 2 0 1 0 1 2 0 2 1 1 2 0 1 2 0 2 2 0
2 1 1 0 0 1 0 1 0 2 1 2 1 2 2 2 0 2 0 2 2 0
2 0 0 0 2 0 0 0 1 2 1 1 2 0 2 2 0 1 0 2 2 0
2 0 0 1 1 1 0 0 1 2 0 1 1 2 2 2 0 2 1 2 1 0
1 0 2 0 0 2 0 0 0 2 0 1 1 2 2 1 0 2 1 2 2 1
2 1 1 1 1 1 0 0 2 2 0 1 2 1 2 2 0 2 1 2 2 0
2 0 0 0 1 0 0 1 2 2 0 1 0 2 2 1 0 2 1 2 1 0
2 1 2 1 1 2 0 0 1 2 0 1 0 2 2 1 1 2 1 2 2 0
2 0 1 0 1 1 0 1 1 2 0 0 2 1 1 1 0 2 0 2 1 0
1 2 2 1 2 2 0 0 1 2 1 1 1 2 1 2 0 1 2 2 2 1
2 2 0 0 1 1 0 0 1 2 0 2 1 1 2 2 0 2 0 2 2 0
1 0 1 0 2 1 0 0 1 2 0 0 2 1 2 2 1 2 2 2 2 0
2 1 2 0 1 1 1 0 1 2 0 0 2 0 1 2 0 2 0 2 0 1
2 2 1 0 1 1 0 1 1 2 1 1 1 2 2 2 0 2 0 2 1 0
1 1 1 0 1 2 0 1 1 2 0 2 0 1 2 2 0 2 1 2 2 1
1 0 1 0 2 2 0 1 1 2 1 2 2 0 1 1 0 2 0 2 1 0
2 1 0 0 0 1 0 0 0 2 0 1 1 0 2 2 0 2 0 2 2 0
2 2 0 1 2 0 0 0 2 2 0 1 1 0 2 2 0 1 0 2 1 0
1 0 2 0 1 1 1 1 0 2 0 0 2 1 2 2 0 2 1 2 2 0
1 0 0 0 1 0 1 0 0 2 1 2 1 1 2 2 0 2 1 2 2 0
1 1 1 0 2 2 0 0 1 2 0 2 2 0 1 2 0 2 2 2 2 0
2 1 2 1 1 1 1 1 0 2 0 1 2 0 2 2 0 2 1 2 2 0
0 1 1 0 1 0 1 0 1 2 0 2 1 1 2 2 0 2 0 2 2 0
2 0 0 0 2 0 0 1 2 2 0 2 1 0 2 1 0 2 0 2 2 0
2 2 2 0 2 1 0 0 1 2 0 2 1 1 2 1 1 2 1 2 2 0
1 0 2 0 0 1 0 0 1 2 1 1 1 1 2 1 0 2 0 2 1 0
2 1 1 0 1 1 1 0 0 2 0 2 2 1 2 2 0 2 1 2 1 0
2 1 2 0 1 0 0 1 1 2 0 1 2 1 2 2 0 2 1 2 2 0
2 0 2 0 0 1 1 1 2 2 0 0 0 0 2 2 2 2 1 2 1 0
2 1 2 1 1 1 0 0 2 2 0 1 1 1 2 1 0 2 1 2 2 0
2 1 2 1 0 1 1 0 1 2 0 1 1 0 0 1 0 2 1 2 1 0
1 2 1 0 2 2 1 0 2 2 0 1 1 1 1 1 0 2 0 2 2 0
2 2 1 0 2 1 0 1 0 2 0 1 1 0 2 2 0 2 1 2 2 0
1 2 2 1 2 1 0 0 2 2 0 1 0 0 2 2 1 2 1 2 2 1
2 1 2 1 0 2 0 0 0 2 0 2 1 0 2 1 1 2 1 2 2 0
1 1 2 0 1 1 0 1 0 2 2 1 1 1 2 2 0 2 1 2 1 0
2 0 2 0 1 2 0 0 1 2 0 1 2 0 2 1 0 2 1 1 2 0
2 2 2 0 1 0 1 0 1 2 0 1 1 0 2 2 0 2 2 2 2 0
2 1 0 0 1 1 0 1 1 2 0 2 2 0 2 1 0 2 1 2 1 0
2 0 1 0 0 1 0 1 1 2 0 2 0 0 1 2 0 2 0 2 2 1
2 0 2 0 2 0 1 1 2 2 0 1 2 1 2 2 0 2 0 2 1 0
2 0 2 0 1 2 0 1 1 2 0 0 2 1 2 1 0 2 1 2 1 1
2 0 0 0 2 1 0 0 0 2 0 2 1 1 2 0 1 2 1 2 2 0
2 0 1 0 1 0 0 0 0 2 1 2 1 0 2 1 0 2 1 2 1 0
1 2 1 1 2 0 0 0 0 2 1 1 1 1 2 1 0 2 1 2 2 0
1 1 1 0 1 1 0 1 2 2 0 1 1 1 2 2 0 2 1 2 1 0
1 2 1 0 1 1 0 1 0 2 0 1 1 1 2 2 0 2 0 2 1 0
1 2 1 0 2 2 0 0 2 2 1 1 1 1 1 2 0 2 1 2 1 1
2 1 1 1 1 0 0 1 1 2 0 1 0 1 2 1 0 2 1 2 2 0
2 1 0 0 1 1 0 1 1 2 0 1 1 0 2 1 0 2 0 2 2 0
2 0 1 0 1 1 0 0 2 2 0 2 1 2 2 2 0 2 1 2 2 0
1 1 0 0 0 1 1 0 0 2 0 1 0 1 2 2 0 2 1 2 0 0
2 1 2 0 0 0 1 1 1 2 0 0 1 0 2 2 0 2 1 2 2 0
2 1 2 0 2 1 1 0 1 2 0 1 0 2 2 2 0 2 0 2 2 0
2 0 1 0 0 0 0 0 1 2 0 1 0 0 2 2 0 2 1 2 2 1
2 2 2 0 0 1 0 0 1 2 0 2 0 0 2 2 0 2 2 2 2 0
1 0 1 0 1 1 0 0 1 2 0 2 0 2 2 2 0 2 0 2 2 0
2 0 1 0 2 0 0 1 1 2 0 1 2 2 2 2 0 2 2 2 2 0
1 0 2 0 2 1 1 1 0 2 0 2 0 1 1 2 0 2 0 2 0 0
0 1 1 0 1 0 0 0 0 2 1 1 1 1 1 2 0 2 1 2 2 1
2 1 2 0 2 2 0 1 1 2 0 1 1 0 2 1 0 2 1 2 2 0
2 2 1 1 1 0 0 1 1 2 0 1 2 2 2 2 0 2 1 2 1 0
2 1 2 1 0 1 0 0 0 2 0 0 1 1 2 2 0 2 0 2 2 0
2 1 1 0 2 0 0 0 0 2 1 1 0 0 2 2 0 1 1 2 2 0
1 1 1 0 2 1 0 0 1 2 0 1 1 1 2 2 0 1 1 2 1 1
0 2 1 0 1 0 0 0 2 2 0 2 1 1 1 2 0 2 0 2 2 0
2 2 0 0 0 1 0 2 0 2 1 2 2 1 2 1 0 2 0 2 2 0
2 0 2 0 0 2 1 0 1 2 0 1 1 2 1 2 0 2 1 2 1 0
2 1 0 0 0 1 0 0 1 2 0 1 2 0 2 2 0 2 0 2 2 0
2 2 1 0 0 0 1 0 1 2 0 1 0 1 2 1 0 2 0 2 2 0
2 1 0 0 1 1 0 0 1 2 1 1 2 0 2 2 0 2 1 2 1 0
2 0 1 1 0 1 1 0 0 2 0 1 1 1 2 2 0 2 1 2 1 0
2 0 0 1 1 0 0 0 0 2 0 2 1 2 1 2 0 2 0 2 2 0
0 0 1 0 1 1 0 2 0 2 0 2 0 2 2 2 0 2 0 2 2 0
2 0 1 2 1 2 0 0 0 2 0 1 2 0 2 1 0 2 1 2 2 0
2 1 1 0 2 2 0 1 2 2 1 1 1 1 2 2 0 2 1 2 2 0
1 2 1 1 2 0 1 0 2 2 0 1 1 1 2 2 0 2 1 2 1 0
2 0 2 0 1 1 0 2 0 2 1 2 0 1 2 1 0 2 2 2 2 0
2 0 1 0 0 0 0 0 0 2 0 2 2 1 2 1 0 2 0 2 2 1
1 2 1 0 1 0 0 1 0 2 0 1 0 1 2 1 0 2 0 2 1 1
1 1 2 2 2 0 0 1 1 2 0 1 2 1 1 2 0 1 0 2 1 0
1 0 1 1 1 1 0 0 1 2 0 1 2 0 1 2 0 2 0 2 2 0
2 1 1 0 2 0 0 0 1 2 0 1 2 1 2 2 0 2 0 2 2 1
2 1 1 1 2 1 0 0 2 2 1 2 1 1 2 1 0 2 0 2 1 0
2 1 2 0 1 0 0 0 1 2 0 0 1 1 1 2 0 2 1 2 1 1
1 1 1 0 2 2 0 0 2 2 0 1 2 1 2 2 0 2 0 2 2 0
1 1 1 1 2 1 0 0 1 2 0 1 1 1 1 2 0 2 1 2 1 1
2 1 2 0 0 2 1 0 1 2 0 1 1 1 0 0 0 2 0 2 1 1
2 1 2 2 1 2 0 1 1 2 0 0 0 1 1 1 0 2 1 2 2 0
1 2 1 1 1 0 0 0 1 2 1 0 2 1 2 0 0 2 0 2 1 0
1 0 0 0 2 1 1 0 0 2 0 1 1 0 2 1 0 2 1 2 2 0
1 1 2 0 1 2 0 1 1 2 0 2 0 1 2 2 0 2 2 2 2 1
2 1 0 1 2 1 0 0 1 2 0 1 2 1 2 2 0 2 1 2 2 0
2 0 2 1 2 1 1 0 2 2 0 1 0 1 1 2 0 2 1 2 2 0
2 2 1 0 1 2 0 0 0 2 0 2 0 1 2 1 1 2 1 2 2 0
2 0 2 0 1 1 0 0 2 2 0 1 1 0 1 2 0 2 0 2 1 0
2 1 1 1 0 0 0 0 0 2 1 2 1 2 1 1 0 1 0 2 2 0
1 1 0 0 1 1 0 1 1 2 0 1 1 0 1 2 0 2 1 2 2 0
2 0 1 1 1 2 1 0 0 2 1 2 1 0 2 2 0 2 1 2 2 0
1 1 2 1 2 1 0 1 1 2 0 1 0 1 2 2 0 2 1 2 1 0
2 0 2 0 1 1 0 1 2 2 0 1 2 2 2 1 0 2 1 2 1 1
1 0 1 0 1 2 0 0 1 2 0 1 0 0 2 2 0 2 1 2 2 0
1 0 1 0 1 0 0 1 1 2 0 0 2 2 2 2 0 2 0 2 2 0
0 1 2 0 1 0 0 1 2 2 0 2 1 0 2 2 0 1 0 2 2 0
2 1 2 0 0 1 0 1 0 2 0 0 1 0 1 1 0 2 1 2 1 0
2 1 1 0 0 0 0 1 1 2 1 2 1 1 1 2 0 2 0 2 2 0
1 2 2 0 1 0 0 0 1 2 0 2 1 1 2 2 1 2 0 2 2 0
2 2 2 0 1 1 0 1 2 2 0 2 1 1 2 1 0 2 1 2 2 0
2 1 0 0 1 2 0 0 2 2 1 1 2 0 2 1 0 2 0 2 1 0
1 1 0 0 1 1 0 0 1 2 0 2 1 1 1 2 0 2 1 2 2 0
2 0 1 0 2 1 0 0 0 2 0 2 2 0 2 2 0 2 1 2 2 0
2 1 1 0 2 0 0 0 2 2 0 2 1 2 2 1 0 2 1 2 2 0
1 1 2 0 1 1 0 1 1 2 0 2 0 2 2 1 0 2 1 2 1 0
2 1 2 0 2 1 0 0 2 2 0 2 1 1 2 2 0 2 0 2 1 0
1 0 1 0 1 2 0 1 2 2 0 1 1 1 2 2 0 2 0 2 2 0
1 1 1 0 1 2 1 1 0 2 0 1 2 1 1 2 0 2 1 2 2 0
1 1 1 0 1 2 0 0 2 2 0 1 1 0 2 2 0 2 2 2 1 0
1 0 1 0 0 1 0 0 1 2 0 2 1 1 2 2 0 2 0 2 2 0
1 0 2 0 2 2 0 0 0 2 0 1 0 0 2 2 0 2 1 2 1 1
2 1 0 0 1 2 0 0 0 2 0 0 0 2 1 2 0 2 1 2 1 0
1 1 0 0 1 1 1 0 2 2 0 2 0 1 2 1 0 2 0 2 2 0
2 1 1 1 2 2 0 0 0 2 0 1 1 1 2 2 0 2 0 2 2 1
2 1 0 1 1 0 0 0 1 2 0 1 1 2 1 2 0 2 1 2 2 1
0 0 2 1 1 1 0 0 0 2 0 2 1 1 2 2 0 2 0 1 0 0
0 1 2 0 0 1 0 0 2 2 1 0 1 0 2 2 0 2 1 2 2 0
2 0 2 0 1 2 0 0 1 2 0 2 0 0 2 2 0 2 1 2 2 0
2 1 2 0 1 1 0 0 1 2 1 1 2 1 2 2 1 2 0 2 2 1
2 2 2 1 1 1 0 0 0 2 0 1 1 0 2 2 0 2 2 2 2 1
1 0 1 0 0 0 0 0 2 2 1 2 1 0 2 1 1 2 0 2 2 0
2 0 0 1 0 2 0 0 1 2 0 1 0 0 2 2 0 2 0 2 2 0
2 0 2 0 0 1 0 0 1 2 0 1 1 2 0 1 0 2 1 2 2 0
2 0 1 0 2 0 0 1 1 2 0 0 2 0 1 2 0 2 0 2 1 0
2 1 2 1 1 0 1 1 1 2 0 1 0 1 1 2 0 2 1 2 2 1
1 1 1 1 0 1 0 0 1 2 0 2 2 1 2 2 0 2 0 2 2 0
1 1 1 1 1 1 0 0 1 2 0 0 1 1 2 1 0 2 1 2 2 0
1 0 2 0 1 0 0 0 0 2 0 2 1 2 2 2 0 2 1 2 2 0
2 1 1 0 0 1 0 0 1 2 0 1 0 1 2 2 0 2 0 2 2 0
1 0 1 0 1 2 0 0 1 2 0 1 1 0 2 0 0 2 1 2 2 0
2 0 1 0 0 1 0 0 0 2 0 1 1 1 2 2 0 2 0 2 2 1
2 1 2 0 1 1 1 1 0 2 0 1 1 1 2 2 0 2 1 2 1 0
1 1 0 0 1 0 1 0 0 2 0 1 0 0 2 2 0 2 2 2 2 0
1 0 1 0 0 1 0 0 1 2 0 1 0 1 2 1 0 2 1 2 1 0
2 1 1 1 0 2 1 0 2 2 0 1 0 1 2 1 0 2 1 2 2 0
2 1 1 1 0 1 0 1 2 2 0 0 1 0 2 2 0 2 1 2 2 0
1 1 1 1 2 2 0 0 1 2 1 2 1 1 2 2 0 2 1 2 2 1
1 1 2 0 2 2 0 0 0 2 0 0 2 0 2 2 0 2 0 2 1 0
1 1 2 0 2 1 1 0 0 2 0 2 1 0 1 2 0 1 0 2 1 0
1 2 0 0 2 2 0 0 1 2 0 1 1 2 2 2 0 2 2 2 2 0
2 0 1 0 1 1 0 0 0 2 2 2 1 1 2 2 0 2 1 2 2 0
2 1 2 1 1 2 1 0 0 2 0 2 1 1 2 2 0 2 0 2 1 0
2 1 2 0 2 1 1 0 1 2 0 0 1 1 1 2 0 2 0 2 1 1
2 1 2 0 2 1 0 0 0 2 0 2 1 1 2 1 0 2 1 2 1 0
2 0 2 0 1 2 0 2 1 2 0 2 0 1 2 2 0 2 0 2 2 0
2 2 1 1 1 1 1 0 2 2 0 2 1 1 1 2 0 2 1 2 1 1
2 0 1 0 1 1 0 0 0 2 0 2 0 0 2 0 0 2 0 2 2 0
1 1 2 0 0 1 1 0 0 1 0 1 2 2 2 2 0 2 1 2 2 0
1 1 2 0 0 0 0 0 1 2 0 0 1 0 2 2 0 1 0 2 1 2
2 0 1 1 1 2 0 0 0 2 0 0 2 2 1 2 0 2 2 2 1 1
2 0 1 0 1 2 0 0 1 2 0 2 1 1 1 2 0 2 0 2 2 0
1 1 1 0 2 1 1 0 0 2 0 2 2 1 2 1 0 2 0 2 2 0
2 1 0 0 1 2 0 0 2 2 0 2 2 1 2 2 0 2 1 2 2 1
1 0 2 0 0 1 0 0 1 2 0 2 1 1 2 1 0 2 2 2 1 0
1 2 1 0 1 1 0 0 0 2 0 1 1 0 2 2 0 1 1 2 2 0
1 1 1 0 1 2 0 1 2 2 0 1 2 1 2 2 0 2 1 2 2 0
1 1 0 0 1 1 0 0 1 2 0 2 0 0 2 2 0 2 1 2 2 0
2 0 1 0 1 0 1 1 1 2 0 1 1 1 2 1 0 2 0 2 2 0
1 2 2 1 2 1 0 0 2 2 0 2 1 2 2 2 0 2 0 2 2 0
0 0 0 0 1 1 0 1 1 2 0 0 2 1 2 1 0 2 0 2 2 0
2 1 1 0 1 0 0 0 1 2 0 2 0 1 2 2 0 2 2 2 2 0
1 2 1 0 2 1 0 0 1 2 1 2 2 1 1 2 0 2 0 2 2 0
2 0 1 0 2 1 0 0 2 2 0 1 1 1 2 2 1 2 1 2 1 0
1 0 1 0 1 0 0 0 1 2 0 1 1 1 2 2 0 2 0 2 2 0
1 0 0 1 1 1 1 0 2 2 0 1 1 0 2 0 0 2 0 2 1 1
2 0 2 0 1 2 0 0 1 2 0 2 1 1 2 2 0 2 0 2 1 0
2 2 1 0 1 0 0 0 2 2 0 2 0 2 2 2 0 2 0 2 1 0
2 0 2 0 2 1 0 0 2 2 1 1 2 0 1 1 0 2 1 2 2 0
2 0 2 0 0 0 1 0 2 2 0 0 2 1 2 2 0 2 1 2 2 1
2 0 2 0 1 1 0 0 0 2 0 1 1 1 2 2 0 2 1 2 2 1
1 0 1 0 1 2 0 0 1 2 1 0 2 0 2 1 0 2 1 2 2 0
2 2 0 0 1 0 0 0 2 2 0 2 1 0 2 2 0 2 1 2 2 0
2 2 2 1 1 0 0 0 0 2 0 2 1 0 2 1 0 2 2 2 1 0
1 0 1 0 1 1 1 0 1 2 0 1 1 1 2 0 0 2 1 2 2 1
1 1 1 1 1 2 0 0 1 2 0 1 1 0 2 2 0 2 1 2 1 0
2 1 0 2 2 2 0 0 1 2 0 2 1 1 2 2 0 2 1 2 2 0
1 2 2 0 1 0 0 1 0 2 0 2 0 1 2 1 0 1 1 2 2 1
2 1 0 0 2 1 0 0 2 2 0 2 1 0 2 1 0 2 1 2 2 0
2 1 2 0 2 1 0 0 2 2 0 0 1 1 2 1 0 2 0 2 2 0
1 1 1 0 1 1 1 0 1 2 0 2 1 1 2 2 0 2 1 2 1 1
2 2 1 0 1 1 0 0 1 2 0 1 1 0 2 1 0 2 0 2 2 0
2 1 2 0 1 1 0 1 1 2 0 0 1 1 2 2 0 2 0 2 0 0
2 0 2 0 1 1 1 0 1 2 1 1 1 1 2 2 0 2 1 2 2 0
1 1 1 1 1 0 0 0 1 2 0 2 0 1 1 2 0 2 2 2 1 0
1 0 2 0 0 2 1 0 1 2 0 1 1 1 2 1 0 2 1 2 2 0
2 2 0 1 0 2 0 1 0 2 0 1 2 0 2 2 0 2 0 2 2 0
2 1 1 0 1 1 0 1 1 2 0 2 2 1 2 2 0 1 0 2 2 0
2 1 2 0 2 1 0 1 1 2 0 2 0 0 1 2 0 2 0 2 2 0
2 1 1 0 1 1 0 0 1 2 0 1 1 0 2 1 0 2 1 2 2 0
2 2 2 0 1 2 0 1 1 2 0 2 0 1 2 2 0 2 1 2 1 0
2 1 2 0 1 2 0 1 1 2 0 0 0 1 2 2 1 2 1 2 2 0
1 0 2 0 1 1 0 1 1 2 0 2 0 1 2 0 0 2 1 2 2 0
2 1 2 0 0 1 1 0 1 2 0 1 2 1 1 2 0 2 1 2 1 1
2 0 1 0 1 0 0 0 1 2 1 2 0 2 2 1 0 2 1 2 2 0
1 0 1 0 0 2 1 1 1 2 0 2 1 0 1 2 0 2 1 2 2 0
2 1 2 0 1 1 0 0 2 2 1 2 0 1 2 2 0 2 0 2 1 0
0 1 1 0 0 1 0 0 1 2 0 0 0 1 2 2 0 2 0 2 2 0
1 0 2 1 0 1 0 1 2 2 0 2 2 2 1 2 0 2 2 1 0 0
2 2 1 0 2 1 0 1 2 2 1 2 0 1 1 2 0 2 1 2 2 0
2 1 1 1 1 1 0 0 1 2 0 2 2 1 2 1 0 2 1 2 2 0
2 1 2 0 1 2 1 0 1 2 0 2 0 1 2 2 0 2 0 2 2 1
1 2 1 0 2 1 0 0 1 2 1 1 2 1 2 2 0 2 0 2 2 1
2 1 1 0 2 1 1 1 1 2 0 1 1 1 1 1 0 2 1 2 1 0
2 2 1 0 0 1 0 1 1 1 0 2 2 1 2 2 0 2 1 2 1 0
2 1 1 0 0 2 1 1 1 2 0 1 1 0 2 0 0 2 0 2 2 1
1 0 2 0 1 1 0 0 1 2 0 0 1 1 2 2 0 2 1 2 2 1
2 2 1 0 1 2 0 0 0 2 0 2 0 0 2 2 0 2 0 2 2 0
2 1 2 0 1 2 0 1 0 2 0 2 1 0 2 2 0 2 0 2 1 1
2 0 2 0 2 0 0 1 0 2 0 2 1 0 1 2 0 2 0 2 1 1
1 1 1 2 2 2 0 0 1 2 0 1 1 0 2 2 1 2 1 2 0 0
2 0 2 0 1 1 0 0 2 2 0 1 2 0 2 2 0 2 1 2 1 0
2 0 2 0 0 1 0 1 0 2 0 2 1 0 1 1 0 1 1 2 1 0
2 1 0 1 1 1 0 1 2 2 0 1 1 0 2 2 0 2 1 2 2 1
2 0 0 0 0 2 0 0 1 2 1 2 1 0 2 2 0 2 0 2 2 0
1 2 2 0 2 1 0 0 1 2 0 1 2 1 1 2 0 2 1 2 2 1
2 1 1 0 2 2 0 0 1 2 0 2 1 0 2 2 0 2 1 2 2 1
2 0 1 1 2 1 0 1 0 2 0 2 1 0 2 2 0 2 1 2 2 0
1 2 2 1 2 0 1 0 1 2 0 1 1 0 2 2 0 2 1 2 2 0
1 1 2 0 2 2 1 0 1 2 0 1 1 0 2 2 0 2 0 2 2 0
2 0 1 0 1 1 0 0 0 2 0 0 2 0 2 2 0 1 1 2 2 0
1 1 2 0 1 1 1 0 0 2 0 2 2 0 2 1 0 2 1 2 2 0
1 1 1 0 0 1 1 2 0 2 1 1 0 0 1 1 0 2 2 2 2 1
2 1 1 0 1 2 0 1 1 2 0 1 0 0 2 1 0 1 1 2 2 0
2 2 1 0 0 1 0 0 2 2 0 2 2 2 2 2 0 1 0 2 2 0
0 0 2 0 0 2 0 0 1 2 0 2 2 0 1 0 0 2 0 2 2 0
1 0 2 1 1 1 1 0 0 2 0 1 1 0 2 2 0 2 2 2 1 0
1 0 1 0 2 2 0 1 1 2 0 1 0 1 2 1 1 1 1 2 2 1
2 1 1 0 1 1 0 0 2 2 1 2 2 0 2 2 0 1 1 2 2 0
2 1 2 0 1 1 0 1 2 2 0 2 1 0 2 2 0 2 1 2 2 0
1 1 2 0 1 2 0 0 1 2 0 1 1 1 2 2 0 2 0 2 2 0
1 1 2 0 2 2 0 0 0 2 0 2 0 1 2 2 0 2 0 2 2 0
1 0 0 0 1 0 0 0 1 2 0 2 1 2 2 2 1 2 1 2 2 0
2 1 1 0 1 0 0 0 2 2 0 1 0 2 2 2 0 2 0 2 2 0
2 0 1 0 1 1 0 0 1 2 0 1 1 0 1 2 0 2 0 2 2 0
2 2 1 0 0 2 0 0 0 2 0 1 0 1 2 2 0 2 1 2 2 0
2 0 2 0 1 2 0 1 2 2 0 2 2 1 2 1 0 1 0 2 2 1
1 0 0 0 2 1 0 0 2 2 0 2 2 0 2 2 0 2 0 2 2 0
1 0 0 0 0 1 0 0 2 2 0 2 0 0 1 1 0 2 0 2 2 0
2 1 0 1 2 2 0 0 1 2 0 1 0 1 2 1 0 2 1 2 2 0
1 0 0 0 1 0 1 1 1 2 1 2 1 1 2 0 0 2 1 2 1 1
2 0 1 0 2 1 1 0 0 2 0 2 0 0 2 1 0 2 1 2 1 0
1 0 1 0 2 2 0 1 2 2 0 2 1 0 2 1 0 2 0 2 1 0
1 2 1 0 0 1 0 1 1 2 0 2 1 1 1 2 0 2 1 2 2 1
2 0 1 0 2 2 0 0 1 2 0 0 1 1 1 1 0 2 0 2 2 0
2 1 2 0 2 1 0 0 1 2 1 2 1 0 1 2 0 2 1 2 2 0
2 1 2 0 0 1 0 0 0 2 0 1 0 0 2 2 0 2 1 2 2 1
1 2 1 0 2 0 0 0 2 2 0 2 1 2 2 2 0 2 0 2 2 0
0 1 2 0 2 1 0 0 2 2 0 1 2 0 2 0 0 2 0 2 2 0
2 1 2 0 0 1 0 1 2 2 0 2 1 1 2 1 0 2 2 2 1 0
1 1 1 0 0 1 0 0 1 2 0 0 0 0 2 2 0 2 1 2 2 0
1 1 1 0 2 2 0 0 1 2 0 1 0 1 2 2 0 2 1 2 2 0
2 1 1 0 1 1 2 1 2 2 0 1 2 1 1 1 0 2 0 2 2 0
1 1 0 1 1 2 0 0 1 2 0 1 2 0 2 2 0 2 0 2 1 1
2 2 1 0 1 1 0 0 2 2 0 1 1 0 1 2 0 2 0 2 2 0
2 1 2 0 1 2 0 0 0 2 1 2 1 0 2 1 0 2 0 2 2 0
2 1 2 0 2 1 0 0 1 2 0 2 1 1 2 2 0 2 0 2 1 1
1 0 0 0 1 1 0 0 0 2 0 0 1 1 2 2 0 2 0 2 2 0
2 1 2 1 2 1 0 1 1 2 0 0 1 2 2 2 0 2 2 2 2 1
1 0 2 0 0 2 0 0 1 2 0 1 1 1 2 1 0 2 1 2 2 0
2 1 1 0 1 0 0 0 0 2 0 1 0 0 2 2 0 2 0 2 1 1
2 1 0 0 0 2 0 0 1 2 0 2 2 0 2 2 0 2 1 2 2 0
1 0 0 1 0 1 0 0 0 2 0 1 2 1 2 2 0 2 1 2 2 0
1 0 2 0 2 1 0 0 0 2 0 1 2 1 2 2 0 2 0 2 2 0
0 0 1 0 1 1 0 2 1 1 0 1 1 1 2 1 0 2 0 2 2 0
2 0 0 0 1 1 0 0 1 2 0 2 1 1 2 1 0 2 1 2 1 1
1 0 2 0 1 2 1 0 0 2 0 2 0 2 2 2 0 2 0 2 2 1
2 2 2 1 2 1 0 0 1 2 0 2 1 1 2 2 0 2 1 2 2 0
1 2 0 0 1 1 0 1 0 2 0 2 1 2 1 1 0 2 0 2 2 0
1 1 1 0 1 2 0 1 1 2 0 2 2 0 2 2 1 2 0 2 0 0
2 1 0 0 0 1 1 0 1 2 0 0 2 0 1 2 0 2 1 2 2 0
1 1 1 0 2 2 0 0 1 2 0 0 1 0 2 1 0 2 0 2 0 0
1 1 0 0 1 1 0 0 2 2 0 1 1 2 2 1 0 2 0 2 1 0
1 2 1 0 2 1 1 0 1 2 0 2 1 0 2 2 0 2 1 2 2 1
2 1 1 0 2 2 0 1 2 2 1 2 0 1 0 2 0 2 1 2 1 0
2 1 2 1 1 2 0 0 1 2 0 2 2 1 2 1 0 2 0 2 2 0
2 2 1 0 1 2 1 1 0 2 0 1 1 1 2 1 0 2 0 2 2 0
1 1 2 0 2 1 1 0 2 2 0 1 0 1 2 2 0 2 0 2 2 0
1 1 2 1 1 1 0 1 2 2 0 2 2 1 2 2 0 2 1 2 1 0
1 1 2 1 1 1 0 1 1 2 0 2 0 1 2 2 0 2 1 2 2 0
1 0 0 0 1 0 0 1 2 2 0 2 0 1 2 2 0 2 0 2 1 0
1 0 2 0 1 0 1 0 2 2 0 1 1 1 2 1 0 2 2 2 0 1
2 1 1 0 1 1 0 0 1 2 0 2 2 0 2 1 0 1 0 2 2 1
1 0 2 0 0 1 0 0 1 2 0 0 1 0 1 1 0 2 0 2 2 0
2 1 1 0 2 1 0 0 2 2 0 1 2 0 2 1 0 2 1 2 2 1
1 1 0 0 2 2 1 1 0 2 1 0 0 1 2 2 0 2 0 2 1 1
2 1 2 0 2 2 0 1 1 2 0 2 0 1 2 2 0 1 1 2 2 0
1 1 2 1 0 1 1 0 0 2 0 1 0 1 2 1 0 2 2 2 2 0
1 2 1 0 1 0 1 0 2 2 0 2 0 1 1 1 0 2 2 2 2 0
2 0 1 0 2 1 0 0 1 2 0 2 1 1 1 2 0 2 0 2 1 0
2 2 1 0 1 1 0 0 1 2 0 2 1 1 1 2 0 2 0 2 2 0
2 1 2 1 2 2 0 1 0 2 1 1 2 1 2 1 0 2 1 2 1 0
1 0 1 0 1 1 0 0 2 2 1 1 0 2 2 1 0 2 0 2 2 0
2 0 2 0 1 1 0 1 1 2 0 1 1 0 2 2 0 2 0 2 1 0
1 1 1 1 2 0 1 0 2 2 0 2 0 0 2 1 0 2 1 2 1 0
0 1 0 0 1 1 0 0 1 2 1 1 1 1 2 2 0 2 0 2 2 0
1 1 2 0 0 0 1 0 1 2 1 1 1 1 1 2 0 2 0 2 2 1
2 2 1 0 1 1 0 1 1 2 0 2 1 1 2 2 0 2 0 2 2 0
1 0 1 1 1 2 0 1 1 2 0 1 1 0 2 1 0 2 1 2 2 0
2 0 2 0 0 1 0 0 2 2 0 2 2 1 2 1 0 2 2 2 1 1
1 2 0 0 1 2 0 0 1 2 0 0 1 1 2 2 0 2 0 2 2 0
2 0 1 0 0 0 0 1 1 2 0 1 0 0 1 2 0 2 1 2 2 0
2 1 1 0 1 1 1 0 2 2 1 2 2 1 1 2 0 2 1 2 2 0
2 1 1 0 1 1 1 0 1 2 0 2 2 2 2 2 0 2 1 2 2 0
2 0 2 1 1 1 0 0 2 2 0 2 1 2 2 1 0 2 0 2 2 0
1 2 0 1 0 0 0 0 2 2 0 2 0 0 2 2 0 2 0 2 1 0
2 1 1 1 1 2 0 1 1 2 0 0 2 0 2 1 0 2 0 2 2 0
2 1 1 0 1 1 0 0 1 2 1 1 1 0 2 0 0 2 0 2 1 1
1 0 2 0 1 1 0 0 1 2 1 0 0 1 1 2 0 2 1 2 2 0
2 1 1 0 2 1 0 0 0 2 2 2 0 0 1 2 0 2 0 2 2 0
2 2 1 0 1 1 0 0 0 2 0 0 1 1 2 2 0 2 0 2 2 0
0 1 1 0 2 0 0 1 2 2 0 2 1 1 2 0 0 2 0 2 1 0
1 0 1 0 1 2 0 0 1 2 0 0 2 0 2 2 0 2 0 2 2 0
2 0 0 0 1 0 1 0 0 2 0 2 1 0 1 1 0 2 1 2 1 0
1 0 2 1 0 0 0 0 2 2 1 1 2 1 2 2 0 2 0 2 2 0
2 0 1 0 0 2 0 0 1 2 0 1 1 1 2 2 0 2 0 2 2 0
1 0 2 0 1 1 0 1 1 2 0 2 2 1 2 2 0 2 1 2 2 0
1 2 2 1 2 1 1 1 0 2 0 2 2 1 2 2 0 2 1 2 2 1
2 1 1 1 0 1 0 1 1 2 0 2 0 0 2 1 0 2 1 2 2 1
2 0 2 0 0 2 0 1 2 2 0 2 2 2 2 1 0 2 1 2 1 0
1 1 2 0 1 1 0 1 1 2 0 2 1 1 2 2 0 2 0 2 1 0
1 1 2 0 1 1 0 1 2 2 0 2 1 0 2 1 1 2 1 2 2 0
2 0 2 0 1 0 0 0 1 2 0 1 0 0 2 1 0 2 1 2 2 0
1 0 1 0 0 2 1 0 0 2 1 2 1 0 1 2 0 1 1 2 2 0
2 1 1 0 2 1 0 0 1 2 0 2 1 0 1 2 0 2 1 2 2 0
2 1 1 0 1 1 0 1 1 2 0 1 2 0 2 2 0 2 0 2 1 0
2 0 0 0 0 2 0 0 0 2 0 1 0 2 1 2 0 2 0 2 2 1
2 1 0 0 1 2 1 0 1 2 0 1 1 1 2 1 1 2 1 2 1 0
2 0 1 0 1 2 0 0 2 2 0 0 1 1 2 2 0 2 0 2 2 0
1 2 2 0 0 2 1 0 1 2 0 1 1 0 2 2 0 2 0 2 2 0
2 2 2 0 1 1 0 0 1 2 0 1 1 1 2 2 0 2 2 2 1 0
1 0 1 0 2 1 0 0 1 2 1 2 1 1 2 1 0 2 1 2 2 0
2 0 0 0 2 2 0 0 2 2 0 1 1 2 2 2 0 1 0 2 2 0
2 0 2 0 0 1 0 1 2 2 0 2 1 0 2 2 0 2 1 2 2 0
1 1 1 0 1 2 0 1 1 2 0 1 1 2 2 2 0 2 0 2 1 0
2 1 2 0 1 2 1 0 0 2 0 2 1 1 2 0 0 2 0 2 1 2
2 1 0 0 2 1 0 1 1 2 1 1 0 0 2 1 0 1 0 2 2 2
1 2 2 0 0 1 0 0 1 2 0 2 1 1 2 2 0 2 0 2 1 1
2 0 2 1 1 2 0 1 2 2 0 2 1 1 2 2 0 2 0 2 2 0
2 1 0 0 1 0 0 0 1 2 0 2 1 1 2 2 0 2 0 2 2 0
2 1 0 1 2 1 1 0 1 2 0 2 2 0 2 2 0 2 0 2 2 1
1 1 2 0 1 2 0 0 2 2 0 1 1 1 2 2 0 2 0 2 1 0
2 2 1 0 1 1 0 1 1 2 0 1 2 1 2 2 0 2 1 2 0 0
1 0 2 0 1 0 0 0 0 2 0 1 0 0 2 1 0 2 1 2 2 0
1 1 1 1 1 0 0 0 2 2 0 2 1 1 2 2 0 2 0 2 2 0
1 0 2 1 2 2 0 0 1 2 0 0 0 1 2 2 0 2 0 2 1 0
2 1 2 1 1 1 0 0 1 2 0 1 1 1 1 1 0 2 0 2 1 0
1 0 2 0 2 0 1 0 1 2 0 2 0 0 2 2 0 2 0 2 2 0
2 1 2 0 1 1 1 1 1 2 0 1 1 1 1 1 1 2 1 2 2 0
2 1 1 1 1 0 0 0 0 2 0 1 2 1 2 2 0 2 1 2 2 1
1 0 2 0 0 1 0 1 0 2 0 2 1 1 1 2 0 2 0 2 1 0
2 2 1 0 1 0 0 1 2 2 0 1 1 1 2 2 1 2 0 2 2 1
2 1 2 0 2 1 0 0 1 2 0 2 1 0 1 2 0 2 1 2 1 0
2 1 1 1 0 1 0 1 1 2 1 1 0 2 2 2 0 1 0 2 2 0
2 2 0 0 0 0 0 0 0 2 0 2 2 0 1 0 0 2 0 2 1 1
2 0 1 0 1 1 0 0 1 2 1 2 2 1 2 2 0 2 2 2 1 0
0 1 0 0 0 2 0 0 0 2 0 2 1 1 2 1 0 2 1 2 2 0
2 1 0 0 1 1 1 0 1 2 0 1 1 1 2 2 0 2 0 2 2 0
1 0 1 0 2 0 1 1 2 2 0 2 2 2 2 2 0 2 1 2 1 0
2 1 2 0 1 1 0 1 2 2 0 0 1 1 2 2 0 2 0 2 1 0
1 0 2 0 1 2 0 2 1 2 0 1 0 2 2 2 0 2 0 2 2 0
1 1 1 0 2 1 1 0 1 2 0 0 0 1 2 2 0 2 0 2 1 1
2 1 2 0 1 1 0 0 0 2 0 0 2 1 2 2 0 2 0 2 2 0
1 1 1 0 2 1 0 0 1 1 1 1 2 0 2 2 0 2 0 2 1 0
1 0 1 0 1 1 1 0 1 2 0 1 1 0 2 2 0 2 1 2 2 1
1 1 0 1 2 2 0 1 1 2 1 2 1 1 1 2 0 2 0 2 1 0
2 1 2 1 2 0 0 0 2 2 0 2 0 0 2 1 0 2 2 2 2 0
0 1 0 0 1 1 0 2 1 2 0 1 1 0 2 2 0 2 0 2 1 0
2 2 1 0 0 1 0 0 1 2 0 0 2 0 2 1 0 2 0 2 1 0
0 1 1 0 1 1 1 0 1 2 0 1 1 2 1 1 0 2 2 2 2 0
2 1 1 0 1 2 0 0 2 2 0 0 2 0 2 1 0 2 0 2 2 0
1 2 2 0 0 1 0 2 1 2 0 1 0 1 2 1 0 2 0 2 2 0
2 2 2 2 0 0 0 0 2 2 1 2 1 1 2 2 0 2 0 2 1 0
2 0 1 0 2 0 0 0 1 2 0 2 2 2 2 2 0 2 1 2 2 0
2 2 0 0 1 1 0 1 1 2 0 1 0 1 2 2 0 2 1 2 2 0
1 2 0 0 1 1 0 0 1 2 0 1 0 1 2 1 0 1 0 2 2 0
2 0 2 0 0 1 0 0 1 2 0 2 1 0 2 2 0 2 2 2 0 1
2 0 2 1 1 0 0 1 2 2 0 1 1 2 2 2 0 2 0 2 2 0
2 1 1 0 1 1 0 0 1 2 1 0 0 1 1 1 0 1 1 2 1 0
2 2 2 0 1 1 0 1 0 2 0 1 0 0 2 2 0 2 1 2 1 0
2 1 2 0 1 1 0 0 2 2 0 1 1 2 2 1 0 2 2 2 1 0
0 1 1 0 2 0 0 0 2 2 0 2 1 1 1 2 0 2 1 2 2 0
2 2 0 0 1 2 0 0 1 2 0 2 0 0 2 1 0 1 1 2 2 0
2 2 2 0 1 2 0 0 0 2 1 1 0 0 2 1 0 2 2 2 1 0
2 0 2 0 1 0 1 1 2 2 0 2 1 0 2 0 0 2 1 2 2 0
1 1 1 0 0 2 0 0 1 2 1 2 0 1 2 2 0 2 1 2 2 0
1 1 0 0 1 1 0 1 1 2 0 1 1 1 2 1 1 2 1 2 2 0
1 0 2 0 1 1 0 0 1 2 1 2 1 1 2 2 0 2 1 2 2 0
2 0 2 0 1 1 0 0 1 2 1 1 0 0 2 1 0 2 0 2 2 0
2 1 2 1 1 0 0 1 1 2 0 2 2 0 2 1 0 2 1 2 1 0
2 0 2 0 0 1 0 0 1 2 0 1 1 0 2 2 0 2 1 2 1 0
2 2 1 0 1 1 0 1 2 2 0 2 1 1 2 1 0 2 0 2 1 1
2 1 2 0 1 0 0 0 0 2 0 2 0 0 2 1 0 2 1 2 2 0
1 2 1 0 2 1 0 0 0 2 1 1 1 1 1 1 0 2 0 2 1 0
0 2 2 2 1 2 0 0 2 2 0 1 0 1 2 2 1 1 1 2 2 0
1 2 0 0 1 1 0 0 0 2 0 1 1 1 2 2 0 2 2 2 2 1
2 1 1 0 1 1 0 0 1 2 0 2 1 0 2 1 0 2 0 2 1 0
2 1 2 0 0 0 0 0 0 2 0 1 2 1 2 1 0 2 0 2 2 0
2 2 0 1 0 1 0 1 2 2 0 2 1 1 1 1 0 2 0 2 2 0
1 1 1 0 1 1 0 0 1 2 1 1 1 1 2 1 0 2 0 2 1 0
2 1 1 0 2 1 0 0 1 2 0 0 1 0 2 2 0 2 1 2 1 0
2 2 1 0 0 1 0 1 0 2 0 1 1 1 1 1 0 2 1 2 2 0
1 1 0 0 2 1 0 0 1 2 0 2 0 0 1 1 0 2 0 2 2 0
2 1 2 1 1 0 0 0 1 2 0 1 0 1 2 1 0 2 0 2 2 0
2 1 1 0 1 0 0 0 2 2 1 1 2 1 2 2 0 2 1 2 2 0
0 0 2 0 1 0 0 1 1 2 0 2 2 1 2 2 0 2 0 2 2 0
1 1 1 0 2 2 0 0 0 2 0 1 2 0 2 2 0 2 1 2 2 1
2 1 1 0 1 1 0 1 1 2 1 0 1 1 2 2 0 2 0 2 2 1
2 1 1 0 0 0 0 0 0 2 1 1 1 1 2 2 0 2 1 2 1 0
2 1 1 0 0 1 0 0 1 2 0 2 1 1 2 1 1 2 0 2 1 0
2 2 1 0 1 1 0 1 2 2 0 1 1 0 2 0 0 2 1 2 1 0
1 1 1 0 0 1 0 0 2 2 0 2 2 1 2 1 0 1 1 2 1 0
2 0 1 0 1 0 0 1 1 2 1 2 1 2 2 2 0 2 0 2 2 1
2 1 2 1 2 2 0 0 1 2 1 1 0 1 2 2 0 2 0 2 1 0
1 0 1 1 1 2 0 2 1 2 0 2 1 1 2 2 0 2 1 2 1 0
2 0 1 1 2 0 0 0 1 2 0 1 0 2 2 2 0 2 1 2 2 0
2 1 2 0 1 1 0 1 2 2 0 2 1 2 1 2 0 2 1 2 2 1
2 0 2 0 1 0 1 0 1 2 1 0 2 0 2 1 0 2 0 2 1 0
2 0 1 0 2 1 0 0 1 2 0 2 1 2 1 1 0 2 1 2 2 1
2 0 0 0 0 2 0 0 0 2 0 2 1 2 1 1 1 2 1 2 1 0
1 0 1 1 1 0 0 2 0 2 0 2 2 0 2 1 0 2 0 2 1 0
2 1 2 1 1 1 0 0 1 2 0 1 1 1 2 2 0 2 0 2 1 0
2 1 0 0 1 1 1 0 2 2 1 2 1 1 1 2 0 2 1 2 2 0
1 0 1 0 1 1 0 1 0 2 0 2 2 0 2 2 0 2 1 2 1 1
2 0 0 0 1 2 0 0 1 2 0 2 0 1 2 1 0 1 1 2 0 0
2 2 1 0 1 1 0 0 0 2 0 2 2 0 2 2 0 2 1 2 2 0
2 2 1 1 1 2 0 0 0 2 0 1 2 2 2 2 0 2 2 2 1 0
2 1 1 0 1 1 0 0 1 2 0 2 2 1 1 2 0 2 0 2 1 0
2 1 1 0 1 1 0 0 0 2 0 1 2 2 2 1 0 2 0 2 2 1
1 0 1 0 2 1 0 1 2 2 0 2 1 1 2 1 0 2 1 2 1 0
1 0 1 1 2 1 0 1 2 2 0 1 1 1 2 1 0 2 1 2 2 0
1 1 1 0 1 1 0 0 0 2 0 1 0 1 2 1 0 2 1 2 2 0
1 1 1 0 2 1 0 1 0 2 0 1 0 2 1 0 0 2 1 2 1 0
1 0 0 1 1 0 0 1 1 2 0 2 2 2 2 2 0 2 0 2 2 0
2 1 1 0 2 1 0 0 1 2 0 1 0 1 2 1 1 2 2 2 2 0
1 1 0 0 1 1 0 0 0 2 0 1 0 1 2 2 0 2 1 2 2 0
2 2 1 1 2 1 1 0 2 2 0 2 2 0 2 1 0 2 0 2 1 0
1 0 1 0 1 1 0 0 0 2 0 0 2 1 2 1 0 2 0 2 1 1
2 2 1 0 1 1 0 0 1 2 0 2 2 1 2 2 0 2 0 2 2 0
0 1 1 0 2 1 0 0 2 2 1 2 1 2 1 1 0 2 0 2 2 0
2 1 0 1 0 1 0 0 1 2 0 1 2 1 2 1 0 2 1 2 2 0
1 1 2 0 0 1 0 0 0 2 0 2 2 0 2 1 0 2 0 2 2 0
0 1 1 0 1 2 1 1 1 2 0 0 1 0 2 1 0 2 0 2 1 0
1 1 1 0 1 2 1 0 1 2 0 1 1 0 2 0 1 2 0 2 2 1
1 1 0 0 1 0 0 1 2 2 0 1 1 1 0 1 0 2 0 2 0 0
2 1 2 0 2 1 0 0 0 2 0 0 0 0 2 1 0 2 1 2 0 0
2 1 2 1 1 0 0 0 2 2 0 1 1 1 2 2 0 1 0 2 2 0
2 1 2 0 0 2 0 0 1 2 0 0 1 1 2 2 0 2 1 2 2 0
2 0 2 0 1 0 0 0 2 2 0 1 0 1 2 2 0 1 0 2 2 0
2 1 1 1 1 2 0 0 1 2 0 1 2 1 2 2 0 2 0 2 1 0
2 0 2 0 1 2 1 0 0 2 0 2 2 1 1 1 0 1 0 2 2 0
2 1 0 0 1 2 0 1 1 2 0 1 1 0 2 2 0 1 1 2 1 0
1 1 2 0 2 1 0 0 0 2 0 1 0 1 2 2 0 2 0 2 2 0
2 1 2 1 2 1 0 1 2 2 0 2 2 0 1 2 0 2 0 2 2 0
1 0 0 0 1 1 0 0 1 2 1 2 0 1 2 2 0 2 0 2 2 0
1 0 2 0 0 0 0 0 2 2 1 2 1 2 2 2 0 2 1 2 1 0
1 0 1 0 1 1 0 0 2 2 1 2 1 0 2 1 0 2 1 2 2 0
2 0 2 0 1 2 0 0 2 2 0 2 2 1 2 1 0 2 0 2 1 0
2 0 0 0 1 0 0 0 1 2 0 0 1 0 2 2 0 2 1 2 2 0
2 1 1 0 2 2 1 0 1 2 0 2 0 1 2 1 0 2 0 2 2 0
1 1 1 0 1 1 1 1 2 2 0 2 1 2 1 1 0 2 0 2 1 0
2 0 1 0 1 1 0 0 2 2 0 1 0 2 1 1 0 2 1 2 2 0
2 1 1 0 2 2 0 0 1 2 0 2 0 2 2 1 1 2 1 2 2 1
1 2 1 1 2 1 0 0 1 2 1 1 0 0 2 2 0 2 0 2 2 0
2 0 2 0 0 0 1 0 1 2 1 2 1 1 2 1 0 2 0 2 1 0
2 0 1 1 1 0 0 0 0 2 0 1 2 1 1 2 0 2 2 2 0 0
1 2 2 0 0 0 1 0 0 2 0 2 1 1 2 2 0 2 0 2 2 0
2 2 0 0 1 1 0 1 1 2 1 2 2 1 2 2 0 2 0 2 1 0
2 0 2 1 1 2 0 0 0 2 1 2 1 1 2 2 0 2 0 2 1 1
1 2 2 0 2 0 0 0 1 2 0 1 1 0 2 2 0 2 0 2 2 0
1 1 2 0 0 2 1 1 0 2 1 1 1 1 2 1 0 2 0 2 1 0
1 0 1 0 2 1 1 0 1 2 2 1 1 2 2 1 0 2 0 2 2 0
0 1 0 1 2 1 0 1 1 2 0 1 1 0 2 2 0 2 1 2 1 0
1 0 1 0 1 1 0 0 1 2 0 0 0 0 2 1 0 2 1 2 1 0
2 0 1 0 1 2 0 1 2 2 0 1 1 0 1 2 0 2 0 2 2 0
1 1 2 0 0 2 0 0 2 2 0 1 0 2 2 2 0 2 2 2 1 0
0 0 2 2 2 0 0 0 0 2 0 1 1 0 2 1 0 2 1 2 2 1
2 0 1 0 1 0 0 1 2 2 1 2 1 2 2 2 0 2 0 2 2 0
1 0 1 0 1 1 1 0 1 2 0 1 1 1 2 2 0 2 1 2 2 0
0 1 1 0 1 1 0 0 0 2 0 1 2 1 2 2 0 2 0 2 0 0
2 1 1 0 1 1 1 1 2 2 0 2 0 2 2 2 0 2 0 2 2 0
2 1 1 0 1 0 1 0 0 2 1 1 2 1 2 1 0 2 0 2 2 0
2 0 1 0 2 2 0 0 1 2 2 1 2 0 1 2 0 2 1 2 2 0
0 1 1 0 2 2 0 1 2 2 0 1 0 1 2 2 0 2 1 2 1 0
2 0 1 0 0 2 0 0 0 2 0 2 1 1 1 2 1 2 1 2 1 0
1 0 2 1 1 1 0 0 1 2 0 2 0 1 2 2 0 1 1 2 2 0
1 2 2 0 1 1 0 0 0 2 0 1 2 1 1 2 1 2 2 2 2 0
2 0 2 0 1 2 0 0 2 2 0 2 1 2 2 2 0 2 0 2 1 0
2 0 0 0 1 2 0 0 2 2 0 1 1 0 1 2 0 2 0 2 2 1
2 0 1 0 0 0 0 2 1 2 0 0 0 1 2 2 1 2 0 2 0 0
1 1 0 1 2 2 0 0 2 2 0 0 2 1 1 2 0 2 0 2 0 0
2 0 1 1 0 1 0 0 0 2 0 0 0 2 2 2 0 2 1 2 2 0
2 0 1 0 1 0 1 0 2 2 0 1 1 1 2 1 0 2 1 2 2 0
2 2 2 1 1 2 0 1 0 2 1 1 0 0 1 2 0 2 2 2 0 0
2 1 2 0 1 1 1 0 1 2 0 1 2 1 2 2 1 2 0 2 2 0
2 2 2 0 0 1 0 0 2 2 0 2 2 1 2 1 0 2 0 2 2 0
1 1 1 0 2 1 0 0 2 2 0 1 2 1 2 2 0 2 1 2 2 0
2 2 2 0 2 1 0 0 0 2 0 1 1 2 2 1 0 2 1 2 2 0
2 1 2 1 1 1 0 0 0 2 0 0 1 1 1 2 0 2 0 2 1 0
2 2 1 0 1 0 0 1 2 2 1 1 2 0 2 2 0 2 1 2 1 0
1 0 1 0 2 2 0 0 1 2 0 1 1 2 2 1 0 2 1 2 1 0
2 1 2 0 2 1 0 0 0 2 0 1 1 1 2 2 0 2 0 2 1 0
1 0 2 1 1 1 0 0 1 2 0 1 1 0 1 2 0 1 1 2 2 0
2 0 1 0 2 0 0 1 0 2 0 2 1 1 1 0 0 2 1 2 1 0
2 2 0 1 1 2 0 0 2 2 0 1 1 0 2 2 0 2 0 2 2 0
2 1 1 0 1 1 0 0 1 2 1 2 0 1 2 1 0 2 1 2 2 0
2 1 1 0 0 1 0 0 1 2 0 2 1 1 2 0 0 2 1 2 0 0
2 2 2 0 2 2 0 1 0 2 0 0 1 2 2 2 0 2 1 2 1 0
0 0 2 1 1 1 0 1 0 2 0 2 1 1 2 2 0 2 0 2 2 0
2 1 2 0 0 2 1 0 1 2 1 2 1 0 2 1 0 2 1 2 1 0
1 0 1 0 1 0 0 1 2 2 0 2 0 0 2 2 0 2 0 2 2 0
2 1 2 0 1 2 0 0 0 2 1 2 0 0 2 2 0 2 0 2 1 0
2 1 1 0 2 1 0 0 1 2 1 1 1 1 1 1 0 2 1 2 2 0
2 0 2 1 1 1 0 0 1 2 0 2 1 0 1 1 1 2 0 2 1 1
2 2 1 0 0 1 0 0 0 2 0 2 1 2 1 1 0 2 1 2 2 0
1 0 1 0 0 1 0 2 1 2 0 2 1 1 2 2 0 2 0 2 2 0
2 1 1 0 1 2 0 2 0 2 0 2 2 1 2 2 0 2 1 2 1 0
2 0 2 0 2 0 0 0 2 2 0 0 0 2 1 2 0 2 1 2 2 1
1 1 0 0 1 2 0 0 1 2 0 1 1 0 2 1 0 2 0 2 2 1
2 2 1 0 2 2 0 1 2 2 0 1 1 1 2 2 0 2 0 2 2 1
2 0 0 0 1 2 0 0 2 2 1 2 1 1 1 1 0 2 1 2 2 0
2 1 1 0 1 1 0 1 2 2 0 2 0 2 2 1 0 2 0 2 2 0
2 2 2 0 1 0 1 0 0 2 0 1 1 0 2 2 0 2 0 2 2 0
2 1 1 0 2 2 0 1 0 2 0 1 1 2 2 1 0 2 1 2 0 0
1 2 2 0 1 1 0 1 1 2 0 2 2 2 2 2 0 2 0 2 2 0
1 2 2 1 0 1 0 0 1 2 1 2 1 0 1 2 0 2 1 2 2 0
2 1 1 0 1 1 0 0 2 2 0 2 2 0 1 1 0 2 1 2 1 0
2 0 1 1 2 1 1 0 0 2 0 1 1 1 2 2 0 2 0 2 2 0
2 1 2 0 1 1 0 1 2 2 2 2 2 1 2 1 0 2 2 2 2 0
1 1 1 1 2 0 0 0 0 2 1 1 0 2 2 2 0 2 0 2 1 0
2 1 1 0 0 0 0 0 1 2 0 1 0 1 0 2 0 2 1 2 1 0
1 0 1 0 2 0 2 1 2 2 1 2 0 0 2 2 0 2 2 2 2 0
1 0 1 0 1 2 0 0 2 2 0 2 2 0 1 2 0 2 0 2 2 0
1 1 1 0 0 0 0 0 2 2 0 2 2 0 2 2 0 2 1 2 2 0
2 0 1 0 1 2 1 0 0 2 0 1 1 2 2 1 0 2 0 2 0 0
2 1 2 1 1 1 0 1 1 2 0 2 2 0 2 2 0 2 0 2 2 0
2 2 1 0 0 0 0 0 1 2 0 1 2 1 2 2 0 2 1 2 2 0
2 1 0 1 1 0 0 0 0 2 0 2 1 2 0 2 0 1 0 2 2 0
1 1 2 0 1 1 1 0 1 2 0 1 1 1 2 1 0 2 1 2 1 0
2 1 0 0 2 1 0 1 2 2 0 2 1 1 2 2 0 2 0 2 1 0
1 1 1 0 0 1 0 0 1 2 0 1 0 0 2 2 0 2 1 1 1 0
2 1 2 0 1 1 0 0 0 2 0 1 1 1 1 2 0 2 1 2 2 0
2 2 2 1 1 1 0 0 1 2 0 2 1 0 2 2 0 2 1 2 2 0
0 2 1 0 0 1 1 0 1 2 0 1 1 1 2 2 0 2 0 2 0 0
2 0 1 0 1 1 0 2 0 2 0 2 1 2 1 1 0 2 1 2 2 1
0 1 1 0 0 0 1 0 2 2 1 1 1 1 2 2 0 2 1 2 2 0
1 0 1 0 2 0 0 0 1 2 0 2 2 1 2 2 0 2 1 2 0 0
2 0 1 0 1 1 0 0 1 2 0 1 1 1 1 0 0 2 0 2 0 2
2 0 1 0 1 0 0 1 1 2 0 0 2 1 2 1 0 2 0 2 2 0
0 1 2 0 0 0 0 1 1 2 0 1 0 1 2 2 0 2 1 2 1 0
1 0 0 1 0 0 0 0 1 2 0 2 1 0 2 1 0 1 2 2 1 1
1 1 2 0 2 0 0 0 0 2 0 1 0 0 2 2 0 2 1 2 1 0
2 1 2 0 0 1 0 1 1 2 1 2 0 1 2 2 0 2 0 2 2 0
2 0 2 0 1 2 1 0 1 2 1 1 0 1 2 1 0 2 1 2 0 0
2 0 1 1 1 1 0 0 1 2 0 1 2 1 2 2 0 2 0 2 0 0
2 1 0 0 1 2 0 1 2 2 0 2 1 1 2 1 0 2 0 2 2 0
1 1 0 0 2 0 0 0 2 2 0 2 1 2 2 2 0 2 0 2 2 0
1 1 1 0 2 1 0 0 0 2 0 1 1 2 2 2 0 2 0 2 2 0
2 1 0 1 1 0 0 0 0 2 0 0 1 1 2 1 0 2 1 2 2 0
2 0 2 1 1 0 0 1 1 2 0 2 1 2 2 2 0 2 1 2 2 1
1 1 2 0 1 1 1 0 1 2 0 2 0 0 2 0 0 2 1 2 2 0
1 1 2 1 1 1 1 0 1 2 0 2 1 2 0 2 0 2 0 2 1 0
2 0 2 0 0 1 0 0 1 2 0 1 2 0 1 2 0 2 1 2 2 0
2 0 2 1 1 1 0 0 1 2 0 1 0 1 2 1 0 2 0 2 1 0
2 1 1 1 0 1 0 0 1 2 0 2 1 1 2 2 0 2 0 2 1 1
1 1 0 0 2 1 0 1 1 2 0 2 2 1 1 2 0 1 0 2 1 0
2 1 1 0 0 1 0 2 1 2 0 2 1 2 2 2 0 2 1 2 2 0
2 1 0 0 1 1 0 1 0 2 1 1 2 0 2 2 0 1 0 2 2 0
2 1 2 0 2 1 0 1 2 2 0 1 2 0 2 2 0 2 1 2 2 0
2 0 2 1 2 1 1 0 1 2 0 2 0 0 2 2 0 2 1 2 1 0
1 1 1 0 0 1 0 0 1 2 0 2 0 1 2 2 1 1 0 2 2 0
1 0 2 0 1 1 0 0 1 2 1 1 1 2 2 0 0 2 0 2 2 0
1 1 1 0 2 1 0 0 0 2 2 1 1 1 2 2 0 2 1 2 1 0
2 0 2 0 0 1 0 0 1 2 1 2 0 0 2 2 0 1 1 2 1 0
2 2 1 0 1 2 1 0 1 2 0 1 1 1 2 1 0 2 0 2 1 0
2 1 2 1 1 1 0 0 1 2 0 2 1 1 2 2 0 2 0 2 2 0
2 1 1 0 0 2 1 0 2 2 0 2 1 2 1 2 0 2 1 2 2 0
2 2 1 0 2 1 0 1 1 2 0 2 0 2 2 2 0 2 0 2 2 0
2 1 0 0 2 0 0 1 1 2 1 1 1 0 1 1 0 2 0 2 1 0
1 1 0 0 1 2 0 0 1 2 0 1 0 2 2 2 0 2 0 2 0 0
1 1 2 0 0 2 1 0 2 2 0 2 1 1 2 2 0 2 0 2 1 0
2 1 1 0 1 1 0 0 1 2 0 2 0 2 2 2 0 2 0 2 1 0
2 1 2 0 1 2 0 0 1 2 0 1 2 0 2 1 0 2 1 2 0 0
1 0 1 0 1 1 0 1 1 2 0 2 2 1 2 2 0 2 1 2 2 0
1 1 1 0 0 2 0 0 2 2 1 2 1 1 2 2 0 2 0 2 2 0
2 0 1 0 0 0 0 0 1 2 0 2 2 0 2 2 0 2 0 2 1 0
1 1 2 0 1 1 0 0 2 2 0 2 1 2 2 1 0 2 1 2 2 0
2 1 1 0 0 1 0 0 0 2 1 1 1 1 1 1 0 2 0 2 0 0
1 1 2 0 0 1 0 0 2 2 0 2 0 0 2 1 0 2 1 2 2 0
1 1 1 0 1 2 0 1 1 2 0 2 1 1 1 2 0 2 1 2 2 0
2 1 2 0 2 2 1 0 0 2 0 1 1 0 2 2 0 2 1 2 2 0
2 1 1 0 0 1 0 1 2 2 0 1 1 0 2 0 0 2 0 2 1 1
2 1 1 0 1 0 0 1 0 2 0 2 2 1 1 2 0 2 1 2 2 0
2 2 2 1 2 1 0 0 2 2 0 2 1 0 1 2 0 2 0 2 1 0
2 1 1 0 1 2 0 0 1 2 1 0 0 1 2 2 0 2 0 2 1 0
2 1 0 1 0 2 0 0 2 2 0 2 1 0 2 2 1 2 0 2 1 0
2 1 1 0 0 1 0 1 0 2 0 2 1 0 2 1 0 2 0 2 1 0
1 1 0 0 0 2 0 0 2 2 1 1 1 1 1 2 0 2 2 2 2 0
2 1 1 0 0 1 0 1 1 2 0 2 2 1 2 2 0 2 1 2 2 0
2 1 1 0 1 2 0 1 1 2 0 2 1 1 2 2 0 2 1 2 2 0
2 1 1 0 0 2 0 0 0 2 0 0 2 0 2 2 0 1 0 2 1 0
2 1 0 0 1 0 0 0 0 2 0 1 2 0 2 1 0 2 0 2 1 0
1 0 0 1 2 1 0 0 0 2 0 2 0 0 2 1 0 2 2 2 2 0
2 2 2 0 1 0 0 0 0 2 0 0 0 1 2 2 1 2 0 2 1 1
2 1 1 0 1 1 0 1 0 2 0 0 0 1 1 2 0 2 0 2 2 0
2 0 0 1 0 0 0 0 0 2 0 1 1 1 2 1 0 1 0 2 2 0
2 2 1 0 1 1 0 0 2 2 1 2 1 1 2 2 0 2 1 2 1 0
1 1 0 0 1 1 2 0 1 2 0 0 1 1 2 1 0 2 1 2 2 0
2 1 2 0 0 2 0 1 1 2 0 2 1 2 2 2 0 2 0 2 2 1
0 0 1 1 1 2 1 0 2 2 0 2 1 1 2 2 0 2 1 2 1 0
1 1 1 0 2 2 0 0 2 2 0 2 1 1 2 1 0 2 0 2 2 0
2 1 1 0 1 2 0 0 1 2 0 2 1 1 2 2 0 2 1 2 2 1
1 0 2 0 2 1 0 0 1 2 0 1 0 0 2 1 0 2 1 2 1 0
1 1 1 0 1 1 0 1 0 2 1 1 2 2 1 2 0 2 1 2 1 0
2 1 2 1 2 2 0 0 1 2 1 2 1 0 2 2 0 2 0 2 2 0
1 1 2 0 1 0 0 0 2 2 0 1 1 1 2 2 0 2 1 2 1 0
2 2 0 0 1 0 0 0 1 2 0 2 1 1 1 1 0 2 1 2 1 0
1 2 2 0 0 1 0 0 2 2 0 2 1 1 1 2 0 2 0 2 1 0
2 0 1 0 2 1 0 0 0 2 0 1 1 1 2 2 0 2 1 2 1 0
2 0 2 0 2 0 0 0 1 2 0 0 2 2 2 1 0 2 0 2 1 1
2 2 2 0 1 1 0 0 0 2 1 1 2 0 2 1 0 2 0 2 1 1
2 1 1 0 2 2 0 0 2 2 1 0 1 1 2 2 0 1 1 2 1 0
2 1 2 0 1 1 1 1 0 2 0 1 2 1 1 1 0 2 0 2 2 0
1 1 2 0 0 0 1 1 2 2 0 0 2 0 1 2 0 2 1 2 1 0
2 1 1 0 2 1 0 0 1 2 0 2 0 0 2 2 0 2 0 2 2 0
1 0 1 0 2 0 0 0 1 2 1 2 2 0 2 2 1 2 0 2 0 0
1 1 0 0 1 2 0 1 1 2 0 2 1 2 2 1 0 2 1 2 2 0
2 1 2 0 1 1 0 1 1 2 0 1 2 1 2 1 0 1 0 2 0 0
1 0 1 0 1 1 0 1 1 2 0 2 2 1 2 2 0 2 0 2 1 0
2 1 1 0 1 0 0 0 0 2 0 0 0 1 2 1 0 2 0 2 2 1
2 2 2 0 1 1 0 0 0 2 0 1 2 0 2 2 0 2 0 2 2 0
1 2 2 1 1 2 0 0 0 2 0 1 0 2 2 1 0 2 1 2 2 0
1 0 2 0 2 2 0 0 1 2 0 2 1 2 2 1 0 2 2 2 2 0
0 0 0 0 1 1 0 0 1 2 0 2 1 1 2 0 0 2 1 2 2 2
2 0 2 0 0 1 0 1 2 2 1 1 2 1 2 2 0 2 0 2 1 0
2 2 1 0 2 0 0 0 1 2 0 2 1 2 2 2 0 2 0 2 1 0
2 1 2 0 2 0 0 0 2 2 0 2 1 1 2 1 0 2 1 2 2 0
1 0 1 0 0 2 0 1 1 2 1 2 1 1 2 2 0 2 1 2 1 0
2 1 2 0 1 2 0 0 1 2 0 1 1 2 2 2 0 2 0 2 2 0
1 1 1 0 1 1 0 0 0 2 0 1 1 0 1 1 0 1 1 2 1 0
2 1 2 1 2 1 0 0 0 2 0 2 1 2 2 2 0 2 0 2 0 0
2 1 1 0 1 0 0 0 1 2 0 1 1 0 1 2 0 2 0 2 2 0
2 1 1 0 0 1 0 0 2 2 1 0 0 1 2 0 0 2 0 2 2 0
1 2 0 0 1 0 0 0 0 2 0 0 2 1 2 2 0 2 0 2 1 1
1 1 1 0 1 2 1 1 1 2 0 1 2 1 2 2 0 2 2 2 1 0
1 2 2 0 1 1 0 1 1 2 0 1 1 1 2 2 0 2 0 2 2 1
1 1 2 0 2 2 1 0 1 2 0 1 2 2 2 2 0 2 0 2 2 0
1 2 0 0 2 1 1 0 2 2 0 2 1 0 2 1 0 2 1 2 1 0
2 2 1 0 2 1 0 0 0 2 0 2 0 2 2 1 0 2 1 2 0 0
1 1 1 0 1 0 0 0 0 2 0 1 2 1 2 1 0 2 1 2 1 0
1 1 1 0 1 1 0 0 0 2 0 1 0 1 2 2 0 2 0 2 1 0
0 2 1 0 2 0 0 1 1 2 1 2 0 2 1 1 0 2 0 2 1 1
1 1 1 0 1 0 0 1 1 2 0 2 0 1 2 2 0 2 1 2 2 0
2 1 1 0 2 1 0 0 1 2 0 0 0 2 2 2 0 2 0 2 1 1
2 1 0 0 1 1 0 0 0 2 0 1 1 1 2 1 0 2 0 2 1 1
2 1 2 0 2 1 0 0 1 2 0 1 2 0 2 0 0 1 0 2 1 1
2 1 1 0 2 0 0 0 2 2 0 1 0 1 2 1 0 2 2 2 2 1
2 0 1 0 0 0 0 1 0 2 1 1 2 1 2 1 0 2 1 2 1 0
2 0 1 0 1 2 0 0 2 2 0 1 2 1 2 2 0 2 1 2 1 1
2 2 1 0 0 1 1 0 1 2 0 1 1 1 2 2 0 2 1 2 1 0
2 0 2 0 0 2 0 0 0 2 1 2 1 0 1 0 0 2 0 2 2 0
2 0 2 0 1 1 0 0 0 2 0 1 2 1 2 2 0 2 1 2 2 0
0 0 2 0 1 0 0 0 2 2 1 1 1 0 2 2 0 2 1 2 1 1
1 1 1 0 2 1 1 0 0 2 0 2 1 0 2 2 0 0 1 2 2 1
2 2 2 0 1 2 0 0 1 2 0 2 2 1 2 2 0 2 0 2 2 1
1 1 1 0 2 1 0 0 0 2 0 1 1 0 1 2 0 2 1 2 2 0
2 0 1 0 0 1 0 0 2 2 0 1 0 2 2 2 0 2 1 2 1 0
2 2 1 0 0 0 0 1 1 2 0 2 1 2 2 2 0 2 1 2 2 0
1 1 1 0 1 1 0 0 2 2 0 2 1 1 2 2 0 2 1 2 2 0
1 1 1 0 1 0 0 1 0 2 0 1 1 1 2 2 0 2 0 2 1 0
2 1 0 0 0 1 0 0 2 2 0 1 1 1 1 2 0 2 1 2 2 0
2 2 1 0 0 2 0 1 2 2 0 0 1 0 1 2 0 2 2 2 1 0
2 2 1 0 1 0 0 0 1 2 0 2 1 2 1 1 0 2 1 2 2 1
1 1 2 0 1 1 0 0 0 2 0 1 2 2 2 1 0 2 0 2 1 0
2 1 2 0 1 2 0 0 1 2 0 1 1 0 2 2 0 2 1 1 1 0
2 0 1 0 0 1 0 0 1 2 0 1 2 1 2 1 0 2 1 2 0 0
1 0 1 0 1 0 1 1 0 2 1 2 1 1 1 2 0 2 0 2 2 0
1 1 2 0 2 1 0 1 0 2 0 1 0 2 2 0 0 2 0 2 2 0
1 0 2 0 2 0 0 1 1 2 1 0 1 1 2 2 0 2 1 2 2 0
2 1 1 0 1 1 0 0 1 2 0 2 0 1 2 1 0 1 0 2 1 0
2 1 2 0 1 1 0 0 0 2 0 1 1 1 2 2 0 2 0 2 2 0
0 0 0 1 1 0 0 1 2 2 0 0 1 1 2 2 0 2 0 2 1 0
2 1 1 1 0 1 0 0 0 2 0 1 0 1 2 2 0 2 0 2 1 0
2 0 1 0 2 0 0 0 0 2 0 2 1 2 1 2 0 2 1 2 2 0
1 1 1 0 1 1 1 0 1 2 2 1 0 0 2 2 0 2 1 2 2 0
2 2 1 0 1 1 0 1 2 2 0 2 1 1 0 1 0 2 1 2 2 0
1 1 2 0 2 0 0 0 1 2 0 1 2 2 2 2 1 2 0 2 2 0
1 1 1 0 2 1 1 0 1 2 0 2 1 0 2 2 0 2 0 2 2 0
2 1 1 0 0 1 0 1 1 2 0 2 1 1 2 1 0 2 2 2 1 1
2 1 1 0 0 2 0 1 2 2 0 2 1 2 1 2 0 1 0 2 2 0
1 1 1 0 2 1 0 0 2 2 0 2 0 0 2 1 0 2 1 2 2 0
2 1 1 0 2 1 0 1 1 2 0 2 1 1 2 2 0 2 0 2 2 1
2 0 2 0 0 0 0 0 1 2 0 2 0 0 2 2 0 2 0 2 1 0
1 1 1 0 2 2 0 0 1 2 0 2 0 1 1 1 0 2 0 2 2 0
1 2 2 1 1 1 0 0 0 2 0 1 0 1 2 1 0 2 2 2 2 0
1 1 2 2 0 2 0 0 2 2 0 1 2 1 2 1 0 2 0 2 2 0
1 2 1 0 1 0 0 0 0 2 0 0 2 1 1 2 0 2 1 2 2 1
2 0 1 1 0 0 1 0 1 2 1 2 0 1 2 2 0 2 0 2 2 0
2 1 2 0 2 1 0 0 1 2 0 0 2 2 1 2 0 2 0 2 2 0
2 1 2 0 2 1 0 0 1 2 0 0 1 0 2 2 0 2 1 2 2 0
1 0 1 0 2 1 0 0 1 2 0 1 1 1 2 0 0 1 0 2 2 1
2 0 1 0 0 2 0 0 1 2 0 1 1 1 2 1 0 2 0 2 2 0
2 1 1 0 2 1 0 1 2 2 0 0 2 2 2 0 0 2 0 2 2 0
1 1 0 0 0 0 1 0 2 2 0 2 0 2 2 2 1 2 0 2 1 2
1 0 2 0 2 1 0 0 0 2 1 0 1 0 2 2 1 2 1 2 1 0
1 1 2 1 2 0 0 0 1 2 0 1 0 1 1 1 1 2 0 2 1 0
1 1 1 0 0 0 0 0 1 2 0 2 1 0 2 2 0 2 0 2 2 0
1 0 1 0 2 2 0 0 1 2 1 2 0 0 2 2 0 2 0 2 2 1
1 2 2 1 2 0 0 0 1 2 0 2 1 1 1 2 0 2 0 2 2 2
1 0 1 0 0 0 0 1 2 2 0 0 0 0 2 2 0 2 0 2 2 0
2 2 0 1 1 1 0 1 1 2 0 2 2 1 2 1 0 2 0 2 2 0
2 1 1 0 1 1 0 1 0 2 1 2 2 2 2 2 0 2 1 2 1 0
2 0 2 0 1 2 0 1 1 2 0 1 1 2 2 1 0 2 1 2 0 0
1 2 1 0 0 2 0 0 0 2 0 1 2 1 1 2 0 2 1 2 2 1
2 2 2 0 1 0 0 1 0 2 0 1 2 1 2 2 0 2 0 2 1 1
0 1 1 1 0 2 0 0 2 2 0 1 2 1 1 0 0 2 0 2 2 0
2 0 1 0 2 0 0 0 1 2 0 2 1 1 1 1 0 2 1 2 2 0
2 1 2 0 1 0 0 0 2 2 0 2 0 1 1 1 0 2 0 2 1 0
2 1 2 0 2 1 0 0 0 2 0 2 1 1 2 1 0 2 0 2 2 0
0 0 1 0 2 0 0 0 0 2 0 2 2 1 2 2 0 2 1 2 0 0
2 0 0 1 1 2 1 0 1 2 0 2 1 2 2 1 0 2 1 2 2 0
1 0 1 1 2 1 2 0 0 2 0 1 1 1 2 1 0 2 1 2 1 0
1 1 0 0 0 1 0 0 1 2 1 1 2 0 1 2 0 2 1 2 1 1
2 2 1 0 1 2 0 0 1 2 0 2 2 1 2 2 0 2 1 2 2 0
2 1 1 0 1 0 0 0 0 2 0 2 0 2 2 2 0 2 1 2 2 0
1 2 2 0 0 1 0 1 0 2 0 0 2 1 2 1 0 2 1 2 2 0
2 2 1 1 1 1 0 0 2 2 1 0 1 1 2 1 0 2 0 2 1 1
1 1 1 0 2 2 0 1 0 2 0 0 1 1 2 1 0 2 0 2 0 0
1 0 1 0 1 1 0 0 0 2 0 2 1 1 2 2 0 2 1 2 1 0
2 0 1 0 1 1 0 0 1 2 0 1 2 2 1 1 0 2 1 2 2 0
0 1 1 0 0 1 0 0 1 2 0 2 1 1 2 2 0 2 1 2 2 0
2 1 1 0 0 0 0 0 0 2 0 0 2 0 2 2 0 2 1 2 1 1
2 1 2 0 0 1 0 1 2 2 1 1 2 1 2 2 0 2 1 2 1 0
2 1 1 0 1 1 0 0 1 2 1 0 1 2 2 1 1 2 0 2 1 0
1 0 2 0 0 0 0 0 1 2 1 1 1 2 1 1 0 2 0 2 2 1
2 0 2 0 2 2 0 0 1 2 0 0 1 1 2 1 0 2 1 2 0 1
1 1 2 0 0 1 0 0 0 2 0 1 0 2 2 1 0 2 2 2 2 1
1 0 2 0 1 1 0 2 0 2 0 2 2 0 2 2 0 2 0 2 1 1
2 2 1 1 2 1 0 0 1 2 0 2 2 1 2 1 0 2 1 2 1 1
2 1 1 0 1 0 0 0 1 2 0 2 2 0 2 2 1 2 2 2 0 0
2 1 1 0 1 0 1 0 0 2 1 1 1 2 2 1 1 2 0 2 2 0
2 2 1 0 1 1 0 0 0 2 0 2 1 0 2 2 0 2 0 2 2 1
2 0 1 0 1 1 0 1 2 2 0 1 1 1 2 1 0 2 0 2 0 0
2 1 1 0 2 0 0 1 2 2 0 1 1 2 1 0 0 2 0 2 2 0
1 1 1 1 1 1 1 0 0 2 0 2 1 1 2 1 0 2 0 2 2 0
1 0 2 1 1 2 1 0 2 2 0 2 1 1 2 2 0 2 1 2 1 0
1 1 1 0 1 1 0 0 0 2 0 2 0 1 1 2 0 2 1 2 2 0
1 1 2 0 2 1 0 0 0 2 0 2 1 1 1 2 0 2 2 2 2 0
2 2 2 0 2 0 0 0 2 2 0 1 0 0 2 1 0 2 1 2 1 0
1 1 1 0 2 1 0 0 2 2 0 2 0 0 2 2 1 1 0 2 2 1
0 2 1 1 0 1 0 1 2 2 0 1 1 0 2 1 0 2 0 2 2 0
1 0 2 0 1 1 0 0 0 2 0 2 1 1 2 2 0 2 1 2 2 0
2 2 0 0 1 2 0 0 2 2 1 0 2 1 1 2 0 2 1 2 2 0
2 1 1 1 2 1 0 2 1 2 0 2 1 2 2 1 0 2 0 2 2 0
1 1 1 0 1 1 0 0 1 2 1 1 2 2 2 1 0 2 1 2 2 0
1 0 2 0 1 2 0 0 0 2 0 2 1 0 1 1 0 2 0 2 2 0
1 0 1 0 1 1 0 1 1 2 0 2 0 1 1 1 0 2 0 2 2 0
2 0 1 0 1 0 1 1 1 2 0 1 0 1 2 2 1 2 1 2 2 0
2 2 2 0 1 0 0 1 2 2 1 1 1 0 2 2 0 2 0 2 2 0
1 2 1 0 0 1 1 0 1 2 1 2 0 0 2 0 1 2 0 2 2 0
2 1 0 0 1 0 0 0 2 2 0 2 1 0 2 1 0 2 1 2 1 0
1 1 1 0 0 1 0 1 0 2 0 2 1 1 2 2 0 2 1 2 2 0
0 0 1 0 1 2 0 1 1 2 0 1 1 1 2 2 0 2 2 2 2 0
2 2 1 0 1 1 0 2 1 2 0 0 1 0 2 2 0 2 1 2 0 0
2 2 1 0 1 1 1 0 1 2 0 2 1 2 2 2 0 2 0 2 2 0
2 0 1 0 2 1 0 0 1 2 0 1 1 0 2 2 0 2 1 2 2 0
2 0 0 0 1 1 2 1 2 2 0 2 0 0 2 2 0 2 2 2 2 0
2 2 2 0 0 1 0 1 2 2 0 2 2 1 2 2 0 2 1 2 2 0
1 1 1 0 1 2 1 0 0 2 0 1 1 0 2 2 0 2 2 2 2 0
2 0 2 0 1 2 0 1 0 2 1 2 1 0 2 1 0 2 1 2 2 0
1 2 0 1 1 1 1 0 2 2 1 1 1 2 2 2 0 2 0 2 1 1
2 1 2 0 0 0 0 0 0 2 0 0 2 1 2 1 0 2 0 2 1 1
0 0 2 0 1 1 0 0 2 2 0 2 1 2 2 1 0 2 1 2 0 1
1 1 2 1 1 2 0 0 2 2 0 2 0 2 2 2 0 2 0 2 2 0
0 1 1 0 1 0 0 0 2 2 0 2 2 1 1 1 0 2 2 2 2 0
1 1 0 0 1 1 0 0 1 2 0 1 0 2 0 2 0 2 1 2 1 1
0 1 2 0 0 1 0 0 1 2 2 1 1 1 2 2 0 2 1 2 1 0
2 0 2 0 1 0 1 0 1 2 1 1 2 2 2 2 0 1 1 2 1 0
1 1 2 1 2 0 0 0 0 2 0 2 2 1 2 1 0 2 1 2 2 0
2 0 1 0 1 2 0 0 0 2 2 1 1 0 2 2 0 1 0 2 0 0
2 0 1 0 0 1 0 1 1 2 0 1 2 2 2 1 0 1 1 2 1 0
2 0 0 0 2 1 0 1 1 2 0 2 2 1 1 2 1 2 1 2 0 0
1 1 2 0 0 0 0 0 1 2 0 2 2 1 2 2 0 1 0 2 2 0
2 0 1 0 0 2 1 0 1 2 0 1 2 1 2 0 0 2 1 2 1 0
2 0 1 0 1 2 0 0 1 2 0 1 2 1 2 2 0 2 1 2 1 0
1 0 2 0 1 1 0 0 1 2 1 0 1 2 2 1 0 2 0 2 2 0
1 1 2 0 0 1 0 0 0 2 0 2 1 1 2 2 0 2 1 2 2 0
2 1 2 1 1 1 1 0 0 2 1 1 2 0 2 1 0 2 0 2 2 0
1 2 0 0 1 1 0 0 0 2 2 2 1 1 2 2 0 2 0 2 2 0
1 1 1 0 1 1 0 0 1 2 0 2 2 0 2 2 0 2 1 2 1 0
2 1 1 0 1 0 1 0 1 2 0 1 1 0 2 2 0 1 1 2 2 0
2 1 1 0 0 2 0 0 1 1 0 2 0 1 1 2 0 2 1 2 2 0
1 2 2 1 1 1 0 0 1 2 1 2 1 2 2 1 0 2 0 2 0 0
1 1 0 0 0 1 0 1 2 2 0 1 0 0 1 0 0 2 1 2 2 1
2 1 1 0 1 2 1 2 2 2 1 2 2 0 2 2 1 2 0 2 2 1
1 1 2 0 1 1 0 0 1 2 0 1 2 0 1 2 1 2 0 2 2 0
2 1 0 0 2 1 0 0 0 2 0 1 1 0 1 2 0 2 0 2 1 0
1 0 0 0 1 2 0 0 0 2 0 1 1 0 2 1 0 2 1 2 1 0
2 1 2 0 0 1 1 1 0 2 0 1 1 0 2 2 0 2 1 2 1 1
1 1 2 0 2 1 0 0 0 2 1 2 0 0 2 1 0 2 0 2 2 0
1 1 1 0 1 1 0 0 0 2 0 2 0 0 1 1 0 2 1 2 2 0
2 0 1 0 1 1 0 0 2 2 1 2 0 1 2 2 0 2 0 2 1 0
2 1 2 0 1 1 0 0 1 2 0 2 1 1 1 1 0 2 1 2 2 1
1 2 0 1 1 0 0 0 1 2 0 1 2 2 2 0 0 0 1 2 1 0
2 1 2 0 1 0 0 1 2 2 0 2 1 1 2 0 0 2 1 2 1 0
2 2 2 0 1 1 0 0 0 2 0 1 2 0 2 1 0 2 0 2 2 0
2 0 1 0 2 1 0 0 0 2 1 1 1 0 2 1 0 2 1 2 1 1
2 0 2 0 2 1 0 0 0 2 0 2 0 2 2 1 1 2 1 2 1 0
1 0 0 0 1 1 0 1 2 2 0 1 1 0 2 2 0 2 2 2 1 0
2 1 1 0 1 1 0 0 1 2 0 1 1 0 2 2 0 2 0 2 1 1
1 0 1 0 2 0 1 0 2 2 0 1 2 1 2 2 0 2 0 2 1 0
0 2 2 0 2 2 0 0 1 2 0 1 1 2 1 2 0 2 1 2 2 0
2 1 2 0 0 1 0 0 0 2 0 1 0 0 2 2 0 2 0 2 1 2
0 0 2 0 1 2 0 0 1 2 0 1 2 0 1 2 0 2 2 2 2 0
2 1 2 0 2 0 0 0 0 2 0 1 1 0 2 1 0 2 0 2 2 0
0 1 1 0 1 0 0 0 2 2 1 1 2 1 2 2 0 2 0 2 1 0
0 0 0 0 1 0 0 0 1 2 0 1 2 2 2 2 0 2 1 2 1 0
2 2 2 0 0 0 0 2 2 2 1 1 1 1 2 2 0 2 0 2 2 1
1 1 1 1 2 1 0 0 1 2 1 1 2 0 2 1 0 2 1 2 2 0
2 1 2 0 1 0 0 0 0 2 0 2 2 2 2 2 0 2 0 2 1 0
2 0 2 0 1 1 0 0 1 2 0 2 1 0 1 1 0 2 1 2 0 0
2 0 1 0 1 2 0 0 2 2 0 2 2 1 2 2 0 2 2 2 2 0
2 1 1 2 1 1 0 0 0 2 0 2 2 1 2 2 0 2 1 2 0 0
2 1 1 0 1 1 1 0 1 2 1 2 2 1 2 1 0 2 0 2 2 0
1 0 1 0 2 1 0 0 2 2 0 2 1 0 2 2 0 2 2 2 1 0
1 2 0 0 0 0 0 0 2 2 0 2 2 1 2 2 0 2 0 2 2 0
2 0 2 0 0 1 0 1 2 2 0 0 1 1 2 2 0 2 0 2 1 1
1 0 2 0 0 2 0 0 1 2 0 1 2 2 2 1 0 2 0 2 2 0
2 1 2 1 0 1 0 0 2 2 0 1 0 1 2 2 0 2 2 2 2 0
1 1 1 0 1 1 0 0 1 2 0 1 2 1 1 2 0 2 0 2 1 0
2 0 2 0 2 2 0 1 1 2 1 1 2 1 2 2 0 2 0 2 2 0
2 0 2 0 0 1 0 0 2 2 0 1 1 1 2 2 0 2 1 2 0 0
2 0 2 0 1 1 0 0 1 2 0 2 1 1 2 2 0 2 0 2 2 1
2 0 2 0 2 0 0 0 2 2 0 1 2 0 2 2 0 2 0 2 2 1
2 2 1 0 1 2 0 0 1 2 0 1 1 0 2 2 0 2 2 2 2 0
2 1 1 0 1 0 0 0 1 2 0 1 1 1 2 1 0 2 2 2 1 0
1 1 2 0 2 2 0 1 2 2 0 0 0 2 2 1 1 2 2 2 2 1
2 2 1 1 2 0 0 0 0 2 1 1 1 1 2 2 0 2 1 2 2 0
2 1 1 0 1 1 1 1 0 2 0 1 0 0 1 2 0 2 1 2 2 0
1 0 1 0 1 1 0 0 2 2 1 1 1 0 2 2 0 2 0 2 2 0
2 1 1 0 1 2 0 0 2 2 1 2 1 2 1 2 0 2 1 2 1 0
1 1 1 0 1 2 1 1 1 2 0 1 1 1 2 1 0 2 0 2 2 0
2 1 1 1 0 2 0 0 0 2 0 2 1 2 2 2 0 2 1 2 2 0
1 1 2 0 1 1 0 0 1 2 0 2 2 0 2 2 0 2 0 2 2 0
2 1 1 0 1 1 1 0 2 2 0 2 1 0 2 2 0 2 1 2 2 0
1 2 1 1 2 1 0 0 1 2 0 0 2 2 1 2 0 2 0 2 2 0
2 0 1 0 1 1 1 0 0 2 0 1 1 1 2 1 0 2 1 2 2 0
2 1 2 0 1 2 0 0 1 2 1 2 1 2 2 2 0 2 0 2 1 0
1 1 1 0 1 1 0 0 1 2 0 2 2 0 2 2 0 1 0 2 2 0
2 1 0 0 0 1 1 1 1 2 0 2 0 0 1 2 0 2 1 2 1 1
2 1 2 1 0 0 0 0 0 2 0 1 1 2 2 1 0 2 0 2 2 0
1 1 1 0 0 2 1 2 1 2 0 2 1 1 2 1 0 2 1 2 1 0
2 0 1 0 2 1 0 1 0 2 0 2 1 1 2 1 0 2 1 2 1 0
0 1 2 0 1 0 0 0 2 2 1 2 1 2 2 1 0 2 1 2 2 0
2 0 1 0 1 2 0 0 1 2 0 1 2 0 2 2 0 2 2 2 1 0
2 1 0 0 1 1 1 2 0 1 0 1 1 1 2 2 0 2 0 2 2 0
1 1 2 0 0 0 1 1 2 2 0 2 1 2 1 2 0 2 1 2 2 0
0 1 1 0 1 1 0 0 0 2 0 2 1 2 2 1 0 2 0 2 2 0
2 1 1 0 1 2 0 0 1 2 0 1 1 0 2 2 0 2 0 2 2 0
2 0 1 0 2 2 0 0 0 2 0 1 0 1 2 2 0 2 1 2 2 0
1 2 1 0 1 2 0 0 0 2 0 2 1 0 2 1 0 2 0 2 2 0
2 0 0 0 1 1 0 0 2 2 0 2 1 1 2 2 0 1 1 2 2 0
2 0 0 2 2 1 0 1 2 2 2 2 2 2 2 1 0 2 0 2 2 0
2 1 1 0 1 1 1 1 1 2 0 2 0 1 1 1 0 2 1 2 1 0
1 0 2 0 1 1 0 0 0 2 0 2 1 1 2 2 0 2 0 2 2 0
2 1 1 0 2 1 0 0 2 2 1 1 2 0 2 2 0 2 1 2 2 0
1 0 0 0 2 1 0 0 1 2 0 0 2 1 2 2 0 2 0 2 1 0
1 1 1 0 1 0 0 0 1 2 0 1 2 1 2 1 0 2 1 2 2 0
2 1 2 0 1 1 0 0 2 2 1 1 2 1 1 1 0 2 0 2 1 0
1 1 2 0 2 0 0 0 1 2 0 2 2 1 2 0 0 2 0 2 2 0
1 1 1 0 2 2 0 0 2 2 0 1 0 0 1 2 0 2 1 2 2 0
1 0 2 0 1 1 0 0 0 2 0 2 2 0 2 2 0 2 1 2 2 0
1 1 2 0 2 1 0 0 2 2 0 2 2 1 1 2 0 2 1 2 2 0
1 0 1 0 2 2 0 1 2 2 0 2 2 1 1 2 0 2 0 2 1 0
1 0 0 0 0 1 0 0 2 2 0 2 2 0 2 2 0 2 0 2 2 0
1 0 2 0 1 0 0 0 1 2 0 1 1 0 2 2 0 2 0 2 1 0
2 0 1 0 0 1 0 0 0 2 1 0 2 1 2 0 0 2 1 2 2 0
1 0 1 0 2 1 0 0 2 2 0 1 1 2 2 2 0 2 1 2 1 0
1 2 2 0 0 2 0 0 0 2 1 1 2 1 2 2 0 2 1 2 2 0
2 1 2 1 2 2 1 0 2 2 0 2 0 1 2 1 1 2 0 2 2 0
1 0 2 0 0 0 0 0 2 2 0 1 0 2 0 2 0 1 0 2 1 0
2 1 0 0 0 1 0 0 1 2 0 2 2 1 2 2 0 2 0 2 2 0
1 1 1 0 1 0 0 0 0 2 0 2 0 1 2 2 0 2 0 2 2 0
2 1 1 0 0 0 0 0 1 2 0 1 0 2 2 1 0 2 1 2 1 0
1 0 2 0 2 0 0 0 2 2 0 0 1 1 1 2 0 2 1 2 2 0
2 0 1 0 2 1 2 0 1 2 0 1 2 2 2 2 0 2 2 2 2 0
1 2 0 0 2 1 0 0 1 2 0 1 2 2 2 1 0 2 0 2 2 0
2 0 0 0 2 1 0 1 0 2 0 1 1 1 1 2 0 2 0 2 1 0
2 2 1 0 2 1 0 1 2 2 0 2 1 1 2 1 0 2 1 2 1 0
1 1 2 0 1 0 0 1 1 2 0 1 0 0 1 2 0 2 0 2 2 0
1 0 0 0 1 1 1 1 1 2 0 0 1 1 2 0 0 2 0 2 2 0
2 1 1 2 2 1 0 1 2 2 0 1 2 0 2 2 0 2 0 2 2 0
1 1 2 0 1 1 0 0 1 2 0 2 2 0 1 1 0 2 1 2 1 1
2 0 0 1 1 0 0 0 2 2 0 1 2 0 2 2 0 2 1 2 0 0
1 2 1 1 1 1 0 0 1 2 1 2 2 2 2 1 0 2 0 2 2 0
2 0 2 1 2 1 0 0 1 2 0 1 0 0 2 2 0 2 0 2 2 0
1 0 1 0 1 2 0 1 0 2 0 1 1 2 2 2 0 2 1 2 2 0
2 2 2 0 1 2 1 1 2 2 0 0 1 2 2 2 0 2 1 2 2 0
2 1 1 1 2 1 0 1 1 2 0 1 1 0 2 2 0 2 1 2 2 1
2 1 0 0 0 2 0 0 1 2 0 2 1 1 2 1 0 2 2 2 2 0
1 1 1 0 2 2 1 1 1 2 0 2 1 2 2 2 0 2 1 2 1 0
0 1 0 0 1 1 0 0 0 2 0 1 0 0 1 1 0 2 1 2 1 0
1 1 2 0 2 2 0 0 1 2 0 1 2 0 2 2 0 2 2 2 2 0
0 2 1 0 1 2 0 0 1 2 0 2 2 2 1 1 0 2 0 2 2 0
1 0 0 0 1 1 1 0 1 2 0 2 0 0 2 2 0 2 1 2 2 0
2 1 0 0 1 1 0 0 0 2 0 1 1 0 1 2 1 2 1 2 2 0
2 0 1 0 1 0 0 1 2 2 0 1 1 1 1 2 0 2 0 2 1 1
2 1 1 0 1 0 0 0 1 2 1 1 2 1 2 0 1 2 1 2 2 0
1 0 1 0 1 0 0 0 2 2 0 1 1 1 2 2 0 2 0 2 2 0
2 1 2 0 1 2 0 2 1 2 0 2 1 1 2 2 0 2 1 2 1 2
2 1 1 1 1 1 0 0 2 2 0 2 0 1 2 2 0 2 2 2 1 0
2 0 1 0 0 0 0 1 1 2 0 1 2 0 2 1 0 2 1 2 1 0
2 1 1 0 2 2 0 0 1 2 0 2 1 1 1 1 0 2 0 2 2 1
2 0 1 0 2 1 0 1 1 2 0 1 1 0 2 2 0 2 1 2 1 1
1 2 1 0 1 2 1 1 2 2 0 0 1 1 2 2 0 2 1 2 1 0
2 1 1 0 1 2 0 1 2 2 0 0 1 1 2 2 0 2 1 2 1 0
2 0 1 0 2 1 0 0 0 2 0 1 2 1 1 2 0 2 1 2 2 1
2 0 2 0 0 1 1 0 0 2 0 1 1 1 1 2 0 2 2 2 2 0
2 0 1 1 2 2 1 0 0 2 1 1 1 1 2 2 0 1 1 2 1 0
1 0 0 0 0 1 0 1 0 2 0 1 0 1 2 1 0 2 0 2 2 0
0 2 2 0 0 1 0 0 1 2 0 1 1 1 2 1 1 2 0 2 1 0
2 0 1 0 2 1 1 1 1 2 0 2 1 2 1 1 0 2 0 2 2 1
2 1 1 0 1 0 0 0 1 2 0 2 2 2 1 2 0 2 0 2 2 0
1 1 2 0 1 1 0 0 0 2 0 2 0 1 2 1 0 2 0 2 2 0
1 1 0 0 1 1 0 0 1 2 0 2 2 0 2 2 0 2 0 2 1 0
2 2 0 0 2 1 0 0 1 2 0 1 2 1 2 2 0 2 0 2 1 0
2 1 0 0 0 0 2 0 2 2 0 0 1 1 2 1 0 2 0 2 1 0
2 0 1 1 0 2 0 0 1 2 0 1 0 2 2 1 0 2 1 2 2 0
2 1 1 0 1 0 0 0 2 2 1 2 0 0 2 1 0 1 1 2 2 2
0 1 0 0 2 1 0 0 2 2 0 1 0 1 2 2 0 2 0 2 2 0
1 0 0 0 2 1 0 1 1 2 0 1 2 1 2 2 0 2 0 2 1 0
2 2 2 0 0 2 0 0 2 2 0 1 1 0 2 2 0 2 1 2 2 0
2 0 1 0 0 1 0 0 2 2 0 2 1 2 2 2 0 2 0 2 2 0
2 1 1 0 0 2 0 0 2 2 0 1 1 1 2 2 0 1 2 2 0 1
2 1 1 0 2 0 1 0 1 2 1 0 1 2 2 1 0 2 0 2 1 0
2 2 2 0 2 1 0 0 1 2 0 2 1 1 2 1 0 2 0 2 2 0
0 1 0 0 0 0 0 0 1 2 1 1 0 0 2 2 0 1 1 2 2 0
1 1 1 0 1 2 0 0 1 2 0 1 1 0 2 2 0 2 0 2 2 1
2 0 2 0 1 1 1 0 1 2 1 1 1 2 1 1 0 2 0 2 2 0
2 1 1 1 1 0 0 0 1 2 0 1 1 1 2 2 0 2 2 2 1 0
1 1 2 1 1 0 0 0 2 2 0 2 1 1 2 2 0 2 1 2 2 0
1 0 2 0 0 0 1 1 1 2 1 0 1 2 1 2 0 2 0 2 1 0
1 0 2 0 0 1 0 0 1 2 0 1 2 1 2 1 0 2 1 2 1 0
2 1 1 0 0 1 0 0 0 2 1 1 2 1 2 2 0 1 2 2 1 0
2 1 2 0 1 1 1 0 0 2 1 2 1 0 2 1 0 2 1 2 2 0
2 2 0 0 0 0 0 0 1 2 0 2 0 0 2 1 0 2 1 2 2 0
1 1 2 0 1 2 1 0 1 2 0 2 2 1 2 2 0 2 0 2 0 0
2 0 1 1 2 1 0 0 1 2 0 2 1 0 1 2 0 2 1 2 2 1
1 1 0 0 1 1 0 0 0 2 0 1 1 1 1 1 0 2 1 2 1 1
2 1 2 0 0 2 0 0 1 2 0 1 0 2 2 1 0 2 0 2 1 0
2 0 1 0 1 0 0 0 2 2 0 1 1 0 2 0 0 2 1 2 2 0
2 0 1 0 1 1 0 1 2 2 0 2 1 1 1 2 0 2 1 2 2 0
0 0 1 0 2 1 0 0 1 2 0 1 2 2 1 1 0 2 0 2 2 0
2 0 1 1 1 1 2 0 2 2 0 1 1 1 2 2 1 2 0 2 1 0
2 2 2 0 0 0 0 0 1 2 0 0 2 0 2 2 0 2 0 2 2 0
2 0 1 0 2 0 0 1 0 2 0 1 2 2 2 2 0 2 0 2 2 0
1 1 2 0 0 1 0 0 1 2 1 2 0 2 2 2 0 2 1 2 1 0
2 2 1 0 1 2 0 1 2 2 0 2 0 1 2 1 0 2 1 2 2 0
2 1 1 1 0 0 0 1 0 2 0 1 2 1 1 1 0 2 2 2 2 0
2 0 2 0 1 2 0 0 0 2 1 2 0 1 2 1 0 2 1 2 2 0
2 1 1 0 1 1 0 0 1 2 0 1 1 0 2 2 0 2 1 2 1 1
1 1 0 0 0 0 0 0 1 2 0 0 0 1 2 2 0 2 1 2 2 1
1 1 1 0 2 1 0 0 1 2 1 1 2 1 2 1 0 2 0 2 1 0
1 0 2 0 1 1 1 0 1 2 0 1 2 1 2 1 0 2 1 2 2 0
2 2 1 0 1 2 0 0 0 2 0 1 1 1 2 2 0 2 2 2 2 0
2 1 1 2 1 1 0 0 2 2 0 2 1 1 1 2 0 2 0 2 2 0
2 1 2 0 1 1 0 0 2 2 0 0 0 1 2 2 0 2 1 2 2 0
2 0 0 1 0 0 1 0 2 2 0 2 2 2 1 2 0 2 1 2 2 0
2 1 2 1 1 0 0 0 2 2 0 2 1 1 2 2 0 2 1 2 2 0
2 1 2 0 0 2 0 0 0 2 0 2 2 2 2 2 0 2 0 2 2 0
1 1 0 0 1 0 0 0 2 2 0 2 2 0 2 2 0 2 1 2 2 0
0 1 2 0 2 0 0 1 0 2 0 2 2 1 2 2 0 2 1 2 2 0
2 1 0 0 0 1 0 0 1 2 0 1 2 0 2 1 0 2 1 2 2 0
2 1 1 1 2 1 1 0 1 2 1 2 0 2 1 2 0 2 1 2 2 0
1 1 0 1 1 1 0 0 1 2 0 2 2 0 2 2 0 2 0 2 2 0
2 1 0 0 1 2 0 0 0 2 2 1 2 2 2 2 0 2 2 2 1 0
1 0 1 0 1 2 0 0 1 2 0 1 1 2 2 1 0 2 2 2 1 2
2 0 1 0 2 1 0 0 2 2 0 1 1 1 2 2 0 2 0 2 2 1
1 1 1 0 1 1 0 0 0 2 0 2 2 0 2 2 0 2 0 2 1 0
2 1 2 0 1 1 0 1 2 2 0 1 1 1 2 2 0 2 1 2 2 0
2 0 2 0 1 1 1 0 2 2 0 1 0 0 1 2 0 2 0 2 1 1
2 2 1 0 1 1 0 0 1 2 0 1 0 2 2 1 1 1 0 2 1 0
2 1 0 1 0 0 0 1 2 2 0 1 1 0 2 2 0 2 0 2 2 0
1 1 0 0 1 1 0 1 1 2 0 1 1 1 2 2 0 2 0 2 2 0
2 0 1 0 0 1 0 0 2 2 0 1 2 1 2 2 0 2 1 2 1 0
2 0 1 0 1 1 1 1 2 2 0 2 2 0 2 2 0 2 0 2 1 0
2 1 1 0 1 1 2 1 0 2 0 1 0 0 2 2 0 2 1 2 1 0
2 1 0 1 0 2 0 0 1 2 0 1 1 1 2 1 0 2 1 2 1 0
1 1 2 0 1 2 1 0 1 2 0 2 2 0 1 1 0 2 1 2 2 0
1 0 1 0 0 1 0 1 1 2 0 0 1 2 2 1 0 2 0 2 2 1
2 1 2 0 2 1 0 1 1 2 0 2 1 1 1 2 0 2 1 2 1 0
2 1 0 0 1 1 0 0 0 2 0 0 1 1 2 2 0 2 2 2 2 1
0 0 2 0 2 1 0 0 1 2 0 1 1 0 2 2 0 2 1 2 1 0
2 0 2 1 1 1 0 0 1 2 0 2 1 2 1 2 0 2 1 2 2 0
2 0 2 0 2 0 0 1 0 2 0 2 2 1 2 2 0 2 1 2 2 0
1 0 1 0 1 0 0 0 0 2 0 2 1 1 2 2 0 2 0 2 1 0
2 1 2 0 0 1 0 0 0 2 0 2 1 1 2 2 0 1 0 2 2 0
2 0 2 0 2 2 0 1 0 2 0 1 0 0 2 2 0 2 1 2 2 0
1 1 1 0 1 1 0 2 0 2 0 1 0 2 2 1 0 2 0 2 2 0
1 0 1 0 1 0 0 0 0 2 0 2 1 1 2 2 0 2 0 2 2 1
2 2 2 0 1 2 0 0 1 2 0 1 1 2 2 2 0 2 1 2 2 2
1 2 1 0 1 2 0 1 1 2 0 1 0 1 1 2 0 2 0 2 2 0
2 0 1 0 1 2 0 1 2 2 0 1 1 0 2 2 1 2 1 2 2 1
2 0 0 0 1 1 0 1 0 2 0 1 2 0 2 1 0 2 1 2 2 1
2 0 1 1 1 0 0 1 1 2 0 1 1 2 2 2 0 2 1 2 2 0
1 0 1 2 0 0 1 1 1 2 0 2 2 1 2 2 0 2 1 2 1 0
0 1 2 0 2 1 0 0 2 2 0 2 1 2 2 1 0 2 1 2 2 0
2 0 2 0 2 1 0 0 0 2 2 2 0 2 2 2 0 2 0 2 1 1
2 0 1 0 0 1 0 0 1 2 0 2 2 1 2 2 0 2 2 2 2 0
2 1 1 0 0 0 1 1 1 2 1 1 2 1 2 1 0 2 0 2 0 0
2 0 0 0 1 0 0 0 2 2 0 1 0 1 2 2 0 2 0 2 2 1
2 1 2 0 1 1 0 1 1 2 0 1 1 0 2 1 0 2 1 2 1 0
1 1 1 1 0 2 0 0 1 2 0 2 0 0 2 2 0 2 0 2 2 0
2 2 0 1 1 0 0 1 1 2 0 2 0 1 2 1 1 1 2 2 1 0
1 1 2 0 0 1 0 1 2 2 0 2 1 0 2 1 0 2 0 2 2 0
1 0 2 0 1 1 0 0 2 2 0 1 2 2 2 0 0 2 1 2 2 0
2 2 1 0 1 1 0 0 2 2 0 2 2 2 2 1 0 2 0 2 2 0
1 0 2 1 2 0 0 0 2 2 0 0 2 2 2 1 0 2 1 2 2 0
1 0 1 0 1 1 0 0 2 2 0 1 2 0 2 2 0 2 2 2 2 1
1 2 1 0 1 0 1 0 1 2 0 0 1 0 2 2 0 2 1 2 2 0
0 1 2 0 0 0 1 0 0 2 0 2 0 1 2 2 0 1 1 2 2 0
2 1 1 0 2 2 0 1 0 2 0 0 1 0 2 2 0 2 0 2 2 1
2 1 1 0 2 0 0 0 1 2 0 2 0 1 2 2 0 2 2 2 2 1
2 0 1 0 1 2 0 0 1 2 1 0 0 0 2 2 0 2 1 2 2 1
2 1 1 0 2 1 0 0 1 2 0 2 1 2 2 1 0 2 1 2 2 1
1 0 1 0 1 1 1 0 0 2 0 0 2 1 1 1 0 1 1 2 2 0
2 1 1 0 2 1 0 0 0 2 0 1 1 2 2 2 0 2 1 2 2 1
2 1 1 0 0 1 1 0 1 2 0 1 0 1 1 1 0 2 1 2 1 0
1 2 2 0 0 0 0 0 1 2 0 1 0 1 2 2 0 2 1 2 0 0
2 2 1 1 2 1 0 0 0 2 0 2 0 0 1 2 0 2 0 2 2 1
2 1 1 0 1 0 0 0 2 2 0 0 0 2 2 2 0 2 1 2 1 0
2 1 2 0 1 1 2 0 1 2 0 1 2 1 2 2 0 1 2 2 2 0
1 0 0 1 0 1 1 1 2 2 0 2 2 1 1 2 0 2 0 2 2 0
2 0 1 0 1 1 0 0 0 2 0 1 1 1 2 2 0 2 0 2 2 0
2 1 0 0 1 0 1 0 2 2 0 1 2 2 2 2 0 2 0 2 1 0
2 1 2 0 2 0 0 0 1 2 0 1 2 2 2 1 0 2 1 2 1 0
1 2 0 0 1 0 0 0 2 2 0 2 1 1 2 2 0 2 1 2 2 1
2 1 0 0 1 2 1 1 0 2 0 0 0 1 2 1 0 1 0 2 1 1
1 2 0 0 2 1 0 0 1 2 1 1 1 1 2 2 0 2 1 2 2 0
1 1 1 0 2 2 0 0 2 2 0 2 2 1 1 1 0 2 0 2 1 0
2 1 1 0 0 0 0 0 2 2 0 2 1 1 1 2 0 2 1 2 2 0
2 0 0 0 1 1 0 1 1 2 0 1 0 0 2 2 0 2 2 2 1 0
0 2 1 0 1 2 0 1 2 2 0 1 1 2 2 2 0 2 1 2 2 1
1 0 0 0 2 1 0 0 1 2 0 1 0 0 2 1 0 2 0 2 2 0
2 1 2 0 1 1 0 0 2 2 0 1 2 2 2 2 0 2 0 2 2 0
2 1 0 0 0 1 0 0 2 2 0 2 1 2 2 2 0 2 0 2 2 0
