rs586122 rs1493695 rs10206130 rs310777 rs723092 rs1286740 rs11924448 rs308420 rs6457813 rs12668754 rs10967750 rs7095898 rs9664633 rs10509280 rs7907760 rs647837 rs1324057 rs1475033 rs4646690 rs576467 rs7505539 rs2427060
0 2 0 1 1 1 0 0 2 0 0 0 2 1 1 1 1 1 1 1 2 0
0 2 0 0 2 0 0 1 2 0 0 0 1 1 0 2 1 2 0 1 2 0
0 2 2 2 2 1 0 0 2 0 1 0 0 1 1 2 2 0 0 1 2 0
0 2 1 0 1 0 0 2 2 1 0 0 1 2 1 2 1 2 0 1 2 1
0 2 1 1 2 0 0 1 2 1 2 1 0 0 0 2 0 2 0 1 2 0
0 2 1 1 1 0 0 0 2 0 0 0 1 2 0 2 0 1 0 1 2 0
0 2 1 0 1 1 0 0 2 0 0 0 0 1 1 2 1 2 0 0 2 0
0 2 1 0 2 1 0 0 2 0 1 1 1 1 1 2 2 2 0 1 2 0
0 2 0 1 2 1 1 1 2 0 0 2 2 1 2 2 0 2 0 2 2 0
0 1 0 2 2 1 0 0 2 0 1 0 1 1 2 2 1 0 0 2 2 0
0 2 1 1 1 2 0 0 2 1 0 0 0 2 0 2 1 1 0 1 2 0
0 2 1 0 2 0 0 0 2 0 0 1 1 1 0 2 2 1 0 1 2 0
1 2 2 0 2 0 0 0 2 0 1 0 0 0 2 2 2 2 0 2 2 0
0 2 1 1 2 0 0 0 2 0 1 0 2 1 1 1 2 1 0 0 2 0
0 2 2 1 2 2 0 0 2 0 0 1 1 1 1 2 1 2 0 1 2 0
0 1 2 0 2 1 0 0 2 1 0 1 2 2 2 2 2 2 0 1 2 0
0 2 0 1 2 1 0 1 2 1 1 1 0 1 1 2 2 1 0 1 2 0
0 2 1 0 2 1 0 1 2 0 0 1 1 2 1 2 2 2 0 1 2 0
0 2 0 1 1 1 0 0 2 1 0 0 0 0 2 2 2 2 0 0 2 0
0 2 0 0 2 0 0 0 1 1 0 0 0 2 1 2 2 2 0 1 2 1
0 2 1 0 2 1 0 0 2 0 1 0 0 2 0 2 1 2 0 0 2 0
0 2 0 1 2 1 1 0 2 0 1 0 0 2 1 2 1 0 0 0 2 0
0 2 0 1 2 0 0 0 2 0 2 1 1 1 0 2 1 1 0 1 2 0
1 2 1 1 2 1 0 0 2 1 0 0 1 2 0 1 2 1 0 2 2 0
0 1 1 1 2 0 0 0 2 2 0 1 0 1 1 2 1 2 0 0 2 1
0 2 1 1 1 1 0 0 2 0 1 0 2 2 1 1 2 2 0 1 2 1
1 2 1 1 2 0 1 0 2 0 1 0 0 1 1 2 2 2 0 1 2 0
0 2 1 1 2 0 0 0 2 0 1 0 1 0 2 2 2 2 1 0 2 0
0 2 1 2 2 1 0 0 2 0 1 0 0 2 0 2 2 1 0 0 2 1
0 2 0 1 2 0 1 0 2 0 1 0 0 2 1 2 0 1 0 1 2 0
0 2 1 0 1 2 1 0 2 0 1 1 0 2 2 2 0 2 0 1 2 0
0 1 1 1 2 0 1 0 2 0 0 0 1 2 1 1 1 1 0 1 2 0
0 1 1 1 2 0 0 1 2 1 2 1 1 0 1 2 1 2 0 1 2 0
0 2 2 2 2 1 0 0 2 0 0 1 1 0 1 2 1 1 0 2 2 0
0 2 1 0 2 1 0 0 2 0 1 1 1 1 2 2 2 1 0 1 2 0
0 2 0 0 1 1 0 0 2 0 1 1 1 2 1 1 2 2 1 1 2 0
0 2 1 1 1 1 0 0 2 0 2 1 1 2 2 2 2 1 0 0 2 1
0 0 0 0 2 0 0 0 2 0 1 1 1 2 1 2 2 2 0 0 2 0
0 2 0 1 2 0 0 0 2 0 1 2 1 2 0 2 2 0 0 2 2 0
1 2 0 1 1 2 0 0 2 0 0 0 1 2 0 2 2 1 0 2 2 1
1 2 2 0 2 1 0 0 2 0 1 1 0 2 1 1 2 2 0 0 2 0
0 1 1 1 1 0 0 0 2 0 1 0 0 2 1 2 2 2 0 1 2 0
0 2 1 1 1 0 0 0 2 0 0 0 1 1 2 2 1 2 0 1 2 1
0 2 0 1 2 2 0 0 2 1 1 1 0 2 1 2 0 1 0 0 2 0
0 2 2 1 2 0 0 0 1 0 1 1 2 1 0 2 2 2 0 0 2 0
0 2 1 0 1 0 0 0 2 0 0 0 1 1 2 1 0 1 0 1 2 0
1 2 1 1 2 1 0 1 2 0 1 1 1 1 2 2 2 2 0 1 2 0
0 2 0 2 2 1 0 0 2 0 1 0 0 1 1 2 2 1 0 2 2 0
0 2 0 1 2 0 0 0 2 0 0 0 0 2 1 2 0 2 0 0 2 0
0 1 2 1 1 1 0 0 2 0 1 1 1 0 1 2 1 2 0 1 2 1
0 2 1 1 1 1 0 0 2 0 0 0 1 0 0 2 1 2 0 0 2 1
0 2 0 1 2 0 0 1 2 0 1 0 0 1 0 2 2 2 0 0 2 0
0 1 1 0 2 0 0 0 2 0 1 0 0 1 0 1 0 2 0 2 2 0
0 2 0 2 2 0 1 0 2 0 0 0 2 2 1 2 2 2 0 0 2 0
0 2 0 2 2 1 1 0 2 0 0 0 0 2 2 2 1 2 0 0 2 1
0 2 0 0 2 1 0 0 2 1 1 2 1 0 1 2 1 1 1 1 2 1
0 2 0 1 1 1 0 0 2 0 0 1 1 2 1 2 2 2 0 1 2 0
0 2 0 2 0 1 1 0 2 1 0 0 1 2 0 1 1 1 0 2 2 0
0 2 1 2 2 1 0 0 2 1 0 0 1 2 1 2 2 2 0 0 2 1
0 2 1 1 2 2 0 0 2 0 1 0 0 1 1 2 1 2 0 1 2 0
0 2 0 2 2 0 0 0 2 0 1 1 2 2 2 2 1 1 0 2 2 0
0 2 0 1 1 2 1 0 2 0 0 0 0 1 0 2 2 0 0 0 2 0
0 2 0 0 2 0 0 0 2 0 2 0 1 1 2 2 2 0 1 1 2 0
1 2 0 2 2 2 0 1 2 0 1 0 1 2 0 2 0 2 0 1 2 0
0 2 0 0 0 1 0 0 2 1 2 0 0 1 1 2 2 1 0 1 2 0
1 2 2 2 2 1 0 0 1 2 0 0 1 1 0 2 1 2 0 1 2 0
0 2 1 1 1 0 0 1 2 1 0 1 1 2 0 1 1 2 0 1 2 0
0 1 0 2 1 1 0 0 2 0 0 0 1 2 1 2 1 1 0 1 2 0
0 2 0 0 1 1 1 0 2 0 1 1 0 2 1 2 1 1 0 2 2 0
0 2 0 1 2 1 0 1 2 0 0 1 2 2 1 2 1 1 0 1 2 1
0 2 0 1 2 0 0 0 2 0 0 0 1 1 1 2 1 2 0 1 2 0
0 1 0 2 0 1 0 1 2 0 2 0 0 1 1 2 2 1 0 1 2 0
0 2 1 0 2 1 0 1 2 0 0 0 0 1 1 1 2 2 0 1 2 0
0 1 1 1 1 0 2 0 1 0 0 1 1 1 1 2 2 2 0 2 2 0
0 2 0 1 2 0 0 0 2 1 1 0 1 1 0 2 1 1 0 1 2 0
0 1 0 1 1 2 0 0 2 0 0 1 2 1 1 1 2 2 0 1 2 0
0 2 0 2 2 1 1 2 2 1 1 0 1 2 0 2 0 1 0 1 2 0
0 2 0 0 2 1 1 0 2 0 1 0 0 2 2 2 1 2 0 2 2 0
0 2 0 1 2 2 1 1 2 0 1 0 1 1 1 2 2 1 0 0 2 0
0 2 1 1 1 2 0 0 2 0 2 0 0 0 2 2 1 2 0 0 2 0
0 2 2 0 2 1 1 0 2 0 1 0 0 0 1 2 2 2 0 1 2 1
0 2 0 1 1 2 1 0 2 0 1 0 0 1 2 2 1 1 0 1 2 0
0 2 1 0 2 1 0 1 2 1 0 0 2 1 0 2 2 1 0 1 2 0
0 2 0 2 1 1 0 0 2 0 1 0 2 0 2 2 2 1 0 1 2 0
0 2 0 1 2 1 1 0 2 0 1 1 1 0 1 2 1 2 0 1 2 0
0 2 0 1 1 1 0 0 2 0 1 1 1 1 1 2 1 1 0 1 2 0
0 2 0 2 2 1 0 0 2 1 1 1 1 2 0 1 1 2 0 2 2 0
0 2 0 1 2 0 0 0 2 0 0 1 1 2 2 2 1 2 1 2 2 1
0 2 1 1 2 1 0 0 2 0 1 0 0 0 2 1 2 2 0 1 2 0
0 2 0 2 2 1 0 0 2 0 1 0 1 2 1 2 2 2 0 2 2 1
0 2 1 2 1 1 0 1 2 1 1 1 1 2 2 2 2 1 0 1 2 0
0 1 0 2 1 1 0 1 2 2 1 1 1 2 1 2 2 2 0 2 2 0
1 1 0 1 2 0 0 0 2 0 0 0 0 1 1 2 0 0 0 0 2 0
0 1 1 1 2 0 0 0 2 0 1 1 1 1 2 2 1 2 0 2 2 0
0 2 0 0 2 1 0 0 2 0 1 1 1 1 1 2 2 2 0 1 2 0
0 2 1 0 2 0 0 1 2 0 1 0 1 0 0 2 2 2 0 1 2 0
1 2 0 0 0 0 0 0 1 0 1 0 0 0 1 2 1 1 0 1 2 1
0 2 0 1 2 0 0 0 2 1 1 2 2 1 2 1 2 2 0 1 2 0
1 2 1 1 2 0 0 0 2 1 1 0 0 1 2 2 2 1 0 0 2 0
0 1 1 1 2 0 0 0 2 0 0 1 1 1 1 2 1 1 0 0 2 0
0 2 0 1 2 0 0 0 2 1 0 0 2 2 1 2 2 1 0 2 2 0
0 2 1 1 2 2 0 0 2 0 0 0 1 2 1 1 1 1 0 2 2 1
0 1 1 2 2 1 0 0 2 0 1 1 2 2 0 2 0 1 0 0 2 0
0 2 0 1 2 0 0 0 2 0 1 1 1 2 1 1 2 2 0 0 2 0
0 2 1 2 1 1 0 0 2 0 1 0 1 1 1 2 1 2 0 1 2 0
0 1 0 0 1 1 0 0 2 0 2 1 0 0 0 2 1 1 0 0 2 0
0 2 0 0 1 1 1 0 2 0 1 0 1 0 2 1 1 1 0 2 2 0
0 2 0 0 2 0 0 0 2 0 0 0 1 2 2 2 1 2 0 1 2 1
0 1 1 1 1 0 0 1 2 0 2 2 0 1 0 1 1 2 0 1 2 0
0 2 0 1 1 0 1 0 2 0 1 0 0 0 1 2 0 2 0 1 2 1
0 2 1 2 2 1 0 1 2 0 0 1 1 2 2 1 1 1 0 1 2 0
0 1 1 1 2 0 1 0 2 0 1 0 2 1 2 2 0 1 0 1 2 1
1 2 1 1 1 0 0 0 2 0 0 0 1 2 1 2 2 2 0 1 2 0
0 2 1 0 2 1 0 0 2 0 1 0 1 2 1 2 0 1 0 1 2 0
0 2 1 2 2 0 0 0 2 0 0 0 2 2 0 2 1 1 0 1 2 1
0 1 1 1 1 1 0 0 2 0 2 0 1 1 0 1 2 1 0 1 2 0
0 2 0 1 2 1 0 0 2 1 0 1 0 2 1 2 1 2 0 1 2 0
0 2 0 2 2 0 0 1 2 0 1 1 0 1 0 2 1 2 0 0 2 1
0 2 1 1 1 0 0 0 2 0 1 1 0 0 1 2 2 0 0 0 2 0
0 2 0 0 1 1 0 0 2 1 0 1 0 1 2 2 2 2 0 1 2 0
0 1 0 1 2 2 0 0 2 0 1 0 1 0 2 1 2 2 0 1 2 0
0 2 1 0 2 0 0 0 2 0 0 0 1 0 2 2 1 1 0 2 2 1
1 2 1 2 2 2 0 1 2 0 1 2 0 2 2 2 1 2 0 1 2 1
0 2 0 1 2 1 0 0 2 1 2 0 0 0 1 2 2 1 0 1 2 1
1 2 1 0 2 1 1 0 2 0 0 1 0 0 0 2 1 0 0 1 2 0
0 1 0 1 2 0 0 0 2 0 0 0 1 1 2 2 2 1 0 1 2 0
0 2 1 1 2 1 0 1 2 0 1 0 0 1 2 2 2 2 0 1 2 0
0 2 2 1 2 2 0 0 2 0 1 0 2 1 1 2 2 1 0 0 2 0
0 2 1 0 1 0 0 0 2 1 1 0 1 1 0 2 1 2 0 0 2 1
0 2 0 1 2 2 0 0 2 0 0 1 0 1 0 2 2 2 0 1 2 0
1 2 0 1 2 0 0 1 2 0 0 1 0 0 1 2 2 2 0 1 2 0
0 2 1 1 1 1 1 1 2 0 1 0 0 2 1 2 2 2 0 1 2 0
0 2 0 1 2 0 1 0 2 1 1 0 1 2 2 2 0 1 0 1 2 0
1 2 0 1 1 1 0 1 2 0 1 0 1 0 2 2 2 1 0 0 2 0
0 2 1 0 2 1 0 0 2 0 0 0 1 2 2 2 2 2 0 2 2 0
0 2 1 0 1 2 0 1 2 1 1 0 0 0 2 2 2 2 0 1 2 1
0 2 0 2 2 1 0 0 2 0 0 1 0 1 0 2 1 2 0 1 2 2
0 1 0 1 1 0 0 0 2 1 0 0 1 1 0 2 2 2 0 0 2 0
0 1 1 2 1 0 0 0 2 0 1 1 0 1 1 2 2 0 0 1 2 0
0 2 0 1 1 1 0 0 1 0 1 0 2 1 2 2 2 2 1 1 2 0
0 2 1 2 0 1 0 0 2 0 0 0 0 1 2 2 2 2 0 1 2 0
0 2 0 1 0 2 0 0 2 0 0 1 1 2 2 2 1 2 0 1 2 0
1 1 1 1 2 1 0 0 2 0 0 2 0 2 1 2 1 1 0 1 2 1
0 1 0 1 2 1 1 0 2 0 1 0 0 1 0 1 2 2 0 1 2 1
0 1 1 2 1 0 0 0 2 0 0 0 0 1 0 2 1 1 0 1 2 0
0 2 0 0 1 0 1 0 2 1 0 1 0 0 1 2 1 0 0 1 2 1
0 2 2 1 2 1 0 0 1 0 1 1 1 1 0 2 1 0 0 0 2 0
0 1 2 0 1 0 0 0 2 1 1 0 0 2 1 2 2 2 0 0 2 0
0 2 0 0 1 1 0 0 2 0 0 1 0 2 1 2 2 1 0 0 2 0
0 2 0 2 2 0 0 0 2 0 0 0 1 1 0 2 2 2 0 1 2 0
0 2 1 1 2 0 0 0 2 0 0 0 0 1 1 1 1 2 0 2 2 0
0 2 0 0 2 1 1 0 2 0 1 1 1 2 2 2 2 2 0 0 2 0
0 2 1 1 2 2 0 0 2 1 2 1 0 2 2 2 2 2 0 1 2 1
0 2 1 1 2 1 1 0 1 1 1 0 1 0 1 2 2 1 0 1 2 0
0 2 1 1 1 1 0 1 2 0 1 0 1 1 0 2 1 2 0 2 2 0
0 2 1 1 2 1 0 1 2 0 1 1 1 1 1 2 1 2 0 0 2 1
1 2 0 1 1 1 0 0 2 0 1 1 2 1 1 2 2 1 0 1 2 0
0 2 1 2 2 2 0 0 2 0 1 0 0 1 0 2 2 0 0 2 2 0
0 2 0 0 2 1 0 2 2 1 0 0 2 0 2 2 2 2 0 2 2 0
1 2 0 0 1 1 0 1 2 1 1 0 0 1 2 2 1 2 0 0 2 1
0 1 2 1 1 1 0 1 2 1 2 1 0 0 1 2 1 1 0 0 2 0
0 0 2 1 2 1 0 0 2 1 1 1 0 0 1 2 2 2 0 1 2 1
0 2 1 1 1 2 0 1 2 2 0 1 0 1 0 2 0 2 0 0 2 0
1 2 1 0 1 0 0 0 2 1 2 0 2 1 1 2 2 1 0 2 2 0
0 2 1 2 2 1 0 0 2 0 1 0 0 1 1 1 2 1 0 2 2 1
0 2 0 1 2 1 1 0 2 1 1 0 1 0 1 1 1 1 0 0 2 0
0 1 0 1 2 0 1 0 2 1 1 0 1 0 1 1 2 2 1 2 2 0
0 2 1 0 1 1 0 0 2 1 0 0 1 1 1 2 2 0 0 0 2 0
0 2 0 2 2 1 0 0 2 1 1 1 1 1 1 2 2 2 0 2 2 0
0 2 0 0 2 0 0 1 2 0 1 0 0 2 0 2 2 1 0 2 2 1
0 2 0 2 2 0 0 0 2 0 1 0 0 2 1 2 1 1 0 0 2 0
0 2 0 1 2 1 2 1 2 0 1 1 0 1 1 2 1 2 1 2 2 1
0 2 0 1 2 1 0 0 2 0 1 0 2 2 2 2 2 2 0 1 2 1
1 2 0 1 2 1 0 1 2 0 0 0 1 1 2 2 2 1 0 0 2 0
0 2 0 0 2 2 0 0 2 0 1 0 0 1 1 2 2 1 0 1 2 1
0 1 1 0 1 1 1 0 2 0 1 0 1 1 0 2 2 2 0 1 2 0
0 2 1 1 2 1 0 0 2 1 1 0 0 2 1 2 2 1 0 1 2 0
0 2 0 0 2 1 1 0 2 0 2 2 1 2 2 2 2 2 0 2 2 0
0 2 2 1 1 0 0 0 2 0 1 0 1 0 0 2 1 2 0 0 2 1
0 2 0 2 2 0 1 0 2 0 0 2 1 1 1 2 2 2 0 0 2 0
0 2 0 1 2 1 1 0 1 0 0 0 2 2 0 2 2 1 0 0 2 0
0 2 1 1 2 0 0 0 2 1 1 1 1 1 2 2 2 1 0 0 2 0
0 1 1 2 2 0 1 0 2 1 1 0 0 1 2 2 2 1 0 1 2 0
0 2 0 2 2 1 0 2 2 0 0 1 0 1 2 2 2 2 0 0 2 0
0 2 0 1 1 2 0 1 2 0 2 1 1 2 1 2 0 2 0 0 2 0
0 2 1 0 2 0 0 0 2 1 0 0 1 1 1 2 1 2 0 0 2 0
0 2 0 2 2 0 0 0 2 0 0 0 0 2 1 2 1 1 0 2 2 0
0 2 0 1 1 1 0 0 2 0 0 0 0 1 1 2 1 1 0 1 2 0
0 2 0 1 2 1 0 0 2 0 2 0 0 2 1 2 2 2 0 1 2 0
0 1 0 1 2 0 0 0 2 1 1 1 1 2 1 2 0 2 0 2 2 0
0 2 0 2 2 1 0 0 2 1 1 1 1 1 2 2 1 2 0 1 2 0
0 2 0 1 2 0 0 0 2 1 0 1 1 0 2 2 0 1 0 1 2 0
0 2 0 2 1 1 0 0 1 0 0 0 1 1 1 2 1 2 0 1 2 0
0 2 0 1 1 1 0 1 2 0 0 0 2 0 1 2 2 1 0 2 2 0
0 2 1 0 2 1 0 0 2 0 1 0 1 2 1 2 1 0 0 2 2 0
0 2 0 2 1 0 0 0 2 1 0 0 2 2 0 2 2 2 0 0 2 0
0 1 0 0 2 1 0 0 2 0 1 0 0 2 1 2 1 2 0 2 2 0
0 2 0 2 2 2 0 0 2 1 1 1 0 2 1 1 1 2 0 1 2 0
0 2 1 1 2 1 0 0 2 1 0 0 0 0 0 2 0 1 0 2 2 0
0 1 0 0 2 0 0 0 2 0 0 1 0 1 0 2 2 2 0 0 2 2
0 1 0 2 1 0 0 0 2 0 0 1 2 1 2 2 2 2 0 0 2 0
0 2 0 1 2 2 1 0 2 0 1 1 0 1 0 2 1 2 0 1 2 0
0 2 0 0 0 2 0 0 2 0 1 1 1 1 1 2 2 2 0 1 2 0
0 2 1 1 2 1 1 0 2 0 0 1 0 2 2 2 1 1 0 2 2 0
0 2 2 1 2 1 0 0 2 0 1 0 1 1 1 2 1 2 0 2 2 1
1 2 0 0 2 1 1 0 2 2 2 0 1 2 1 1 2 1 0 1 2 1
0 2 0 2 2 1 0 0 2 1 1 1 1 1 1 2 2 2 0 1 2 0
0 2 1 1 2 2 0 0 2 0 1 1 0 2 0 2 2 2 0 0 2 1
0 2 1 1 2 0 0 0 2 0 0 0 1 2 2 2 1 0 0 2 2 0
0 2 2 1 2 1 0 0 2 0 0 0 1 2 1 2 0 1 0 2 2 1
0 0 1 0 1 2 0 0 2 0 1 1 0 1 1 2 0 1 0 0 2 0
1 2 1 0 1 0 1 0 1 0 1 0 0 2 1 2 1 1 0 1 2 1
0 2 1 0 2 2 1 0 2 0 0 1 2 2 2 2 1 1 0 2 2 0
0 2 0 0 1 1 0 0 1 0 0 0 0 1 2 2 1 2 0 0 2 0
0 1 0 1 1 1 0 0 2 1 0 1 0 2 1 1 2 1 0 1 2 0
0 2 0 1 2 1 0 0 2 1 0 0 1 1 1 1 2 2 0 0 2 0
0 1 0 2 1 0 0 0 2 0 0 0 1 2 1 2 2 1 0 0 2 0
0 2 1 1 2 1 0 1 2 0 1 0 1 2 0 2 2 1 0 0 2 0
0 2 0 1 2 0 1 0 2 0 2 1 1 2 1 2 2 1 0 0 2 0
0 2 2 0 2 0 0 0 2 1 0 0 0 2 2 2 1 2 1 1 2 0
0 1 1 0 2 0 0 0 2 0 0 0 1 2 2 2 2 2 0 1 2 0
0 2 0 1 2 1 0 0 2 1 1 0 1 0 1 2 2 2 0 2 2 0
1 2 1 1 1 2 0 0 2 0 1 1 0 0 1 2 0 2 0 0 2 2
1 2 1 1 2 1 0 0 2 0 0 1 0 0 1 2 1 2 0 1 2 0
0 2 0 1 1 1 0 0 2 0 1 0 1 0 0 2 1 2 0 2 2 0
0 2 1 2 2 1 0 0 2 0 0 1 1 2 1 2 1 2 0 1 2 0
0 0 1 1 1 0 1 1 1 0 1 1 0 2 1 2 2 2 0 1 2 0
0 2 0 2 2 1 0 0 2 0 0 1 1 1 2 2 1 2 0 1 2 0
0 2 1 0 1 0 0 0 2 1 0 0 0 1 2 2 2 2 0 1 2 0
0 2 0 1 2 1 0 0 2 0 0 0 0 1 2 1 2 2 0 2 2 0
1 2 1 0 1 1 0 0 2 0 0 0 0 2 1 2 0 2 0 2 2 0
0 2 0 0 1 1 1 0 2 0 1 0 1 2 1 2 1 0 0 1 2 0
0 2 0 1 2 2 1 0 2 0 1 1 0 1 1 2 2 2 0 0 2 1
0 1 0 1 1 0 0 1 2 0 1 2 0 1 2 1 0 1 0 2 2 0
0 2 0 1 2 1 0 0 2 1 1 1 2 1 1 2 2 1 0 1 2 0
1 2 1 0 2 0 1 0 2 0 1 1 1 0 1 2 1 1 0 0 2 0
1 2 0 1 2 0 0 1 2 0 1 1 0 2 2 1 1 2 0 2 2 0
0 2 0 1 2 1 0 0 2 0 0 0 1 2 1 2 2 1 0 1 2 0
0 1 1 0 2 1 1 2 2 0 2 1 2 2 1 2 2 1 0 2 2 0
0 2 0 1 2 0 0 0 2 0 0 2 0 1 1 2 2 2 0 1 2 0
0 2 1 1 1 0 0 0 2 0 0 1 0 1 2 2 1 2 0 1 2 0
0 2 1 1 2 1 0 2 2 0 1 1 0 2 0 2 1 1 0 0 2 0
0 2 1 2 2 1 1 0 1 0 1 0 1 0 0 2 2 1 0 1 2 0
0 2 2 1 2 1 0 0 2 0 0 0 0 2 1 2 1 2 0 1 2 0
0 2 0 1 2 2 0 0 2 1 0 0 0 2 0 2 1 1 0 1 2 1
0 1 1 0 1 1 0 0 2 0 2 0 0 1 1 2 1 0 0 0 2 0
0 2 0 1 1 1 0 0 2 0 2 0 0 0 2 2 1 1 0 1 2 0
0 2 0 0 1 1 1 0 2 0 1 1 0 2 0 2 1 2 0 1 2 0
0 2 0 0 2 0 0 0 2 0 1 1 1 1 2 2 2 2 0 1 2 1
0 2 0 0 2 1 0 0 2 0 0 1 0 2 2 2 1 0 0 1 2 0
0 2 1 1 0 0 0 0 2 2 0 0 1 1 1 2 2 0 0 2 2 0
0 2 1 1 2 2 0 0 2 1 1 2 1 1 1 1 2 2 0 2 2 0
0 1 0 0 1 1 0 0 2 0 1 1 0 2 1 2 2 1 0 0 2 0
0 2 0 2 2 0 0 2 2 1 1 0 1 1 1 2 2 2 0 1 2 0
0 2 2 1 2 0 0 0 2 0 1 0 1 1 1 2 1 1 1 1 2 1
1 1 0 0 2 1 0 1 2 0 2 0 1 2 0 2 2 2 0 1 2 0
0 2 0 1 0 1 0 0 2 1 2 0 1 0 2 1 1 2 0 1 2 0
0 1 0 1 2 1 0 0 2 1 1 1 1 2 1 1 2 2 0 2 2 1
0 2 1 0 2 1 0 0 2 1 2 1 2 1 0 2 1 1 0 2 2 1
0 2 0 0 2 0 0 0 2 0 2 1 1 2 0 2 2 2 1 1 2 0
0 2 0 1 1 1 0 0 2 0 1 1 1 0 0 2 1 2 0 1 2 0
0 2 1 1 2 0 0 0 2 1 0 1 1 1 1 2 2 2 0 0 2 1
0 2 2 0 2 1 1 0 2 0 1 1 1 1 1 2 1 2 0 0 2 1
0 2 1 1 1 2 1 0 2 0 0 0 0 2 0 2 1 0 0 2 2 0
0 2 1 2 1 1 0 0 2 1 1 1 1 2 2 2 2 2 0 0 2 0
0 2 1 1 2 2 0 0 2 1 2 0 1 2 2 1 2 1 0 1 2 0
0 2 0 2 2 1 1 0 2 0 1 1 1 0 2 2 2 1 0 1 2 0
0 2 1 2 2 0 0 0 2 0 0 2 1 1 1 2 2 1 0 1 2 1
0 2 1 2 2 0 0 0 2 0 1 1 0 0 0 2 1 2 0 0 2 1
0 1 0 1 2 1 0 1 2 0 0 1 1 2 2 2 2 2 0 1 2 0
0 2 1 1 1 0 0 0 2 1 1 0 1 1 2 2 1 2 0 2 2 0
0 2 1 2 2 1 0 0 2 0 1 1 1 1 0 2 1 1 0 2 2 0
0 2 0 1 2 0 0 1 2 0 1 1 1 2 1 2 2 2 0 2 2 0
0 2 1 1 2 1 0 1 2 0 0 1 1 2 1 1 2 1 0 1 2 0
0 2 1 0 2 1 0 0 2 0 2 2 1 2 0 2 1 2 0 1 2 0
0 2 0 2 2 2 2 1 2 0 2 1 0 1 1 2 2 1 1 2 2 0
0 1 2 0 2 1 0 0 2 0 1 0 1 2 1 2 2 1 0 2 2 1
0 2 0 1 1 1 0 0 2 1 1 1 1 2 0 2 1 2 0 2 2 0
0 1 1 2 2 0 0 0 2 0 0 1 0 1 0 2 2 0 0 2 2 1
0 2 0 1 2 2 0 0 2 0 1 0 1 1 1 1 2 2 0 0 2 0
0 2 2 1 0 1 0 0 2 0 2 0 1 1 1 2 2 2 0 2 2 0
0 2 0 1 2 0 0 1 2 0 1 0 1 2 2 2 2 0 0 2 2 0
0 2 0 1 2 0 0 1 2 1 0 0 0 2 0 2 1 2 0 1 2 0
0 1 1 0 1 1 0 0 1 1 1 1 0 1 1 2 2 0 0 1 2 0
0 2 2 1 2 1 0 0 2 0 0 2 0 1 2 1 2 2 0 1 2 1
0 1 0 2 2 2 0 0 2 0 0 1 0 1 1 2 2 2 0 1 2 0
0 2 1 0 2 1 0 0 2 1 0 1 1 0 2 1 1 0 0 2 2 0
0 2 0 1 1 0 0 0 2 0 1 1 1 1 1 2 1 2 0 2 2 1
0 2 2 1 2 2 1 0 2 0 1 0 1 2 0 2 2 2 0 2 2 0
0 2 1 1 1 0 1 0 2 0 2 1 1 2 1 2 1 2 0 2 2 0
0 2 1 1 1 2 0 0 2 0 1 2 1 2 1 2 2 1 0 1 2 0
0 2 0 1 2 1 1 0 2 0 1 0 1 2 2 2 1 2 0 1 2 0
0 2 0 0 0 0 0 0 2 0 1 0 1 2 2 2 1 2 0 1 2 0
0 1 0 1 2 1 0 0 2 0 1 1 1 2 1 2 1 2 0 0 2 0
0 2 0 0 1 0 0 0 2 0 0 1 0 1 1 2 2 1 0 1 2 1
0 2 0 2 2 2 0 0 2 0 0 0 0 1 1 1 2 2 1 1 2 1
0 2 1 1 2 0 1 0 2 0 1 2 2 1 0 1 2 2 0 2 2 0
0 2 1 2 2 1 0 0 2 0 0 1 2 2 0 1 2 2 0 0 2 0
0 2 0 0 0 1 0 1 2 1 0 1 0 1 1 2 1 2 0 0 2 0
0 2 0 1 0 0 0 0 2 0 0 1 1 2 0 2 1 1 0 2 2 0
0 2 1 0 2 0 0 0 1 0 1 1 2 2 2 2 2 2 0 0 2 0
0 2 0 2 1 1 0 0 2 0 1 0 0 1 2 1 2 1 0 2 2 0
1 2 1 1 2 1 0 1 2 0 1 0 0 2 1 1 2 2 0 0 2 0
0 2 0 1 2 1 0 0 2 1 2 0 1 2 1 2 1 0 0 2 2 0
0 2 1 2 2 0 0 0 1 0 1 1 1 1 1 1 2 0 0 0 2 0
0 2 1 0 2 2 1 0 2 0 0 1 0 1 0 1 2 2 0 1 2 0
1 2 2 1 2 1 0 0 2 1 1 2 2 1 0 2 1 1 0 0 2 0
0 2 0 1 1 0 0 0 2 0 0 1 0 2 1 2 2 1 0 2 2 0
1 2 0 0 2 0 0 0 2 0 1 0 1 2 2 2 1 2 0 2 2 0
0 2 2 2 2 1 0 0 2 0 0 0 1 2 1 2 2 1 0 1 2 0
0 1 1 1 0 0 0 1 2 0 1 1 0 2 0 2 2 1 0 2 2 1
0 0 2 1 2 2 0 1 2 0 1 0 0 1 1 2 2 1 0 0 2 0
1 2 0 1 2 1 0 0 2 0 2 0 1 2 1 2 1 2 0 1 2 0
0 2 0 0 2 0 0 0 2 0 1 0 1 1 2 2 1 0 0 0 2 0
0 1 1 1 2 2 1 0 2 1 0 0 0 2 2 2 2 1 0 0 2 1
1 2 1 1 1 1 0 0 2 1 0 1 1 2 0 0 1 1 0 1 2 0
0 2 1 0 2 2 1 0 2 0 0 0 1 2 2 2 1 1 0 0 2 0
0 2 0 2 2 1 0 0 2 1 1 1 2 2 1 2 2 2 0 1 2 0
0 2 0 1 2 2 1 1 2 0 0 1 0 1 0 2 2 1 0 1 2 2
0 2 0 2 2 1 0 0 2 0 1 0 1 1 1 2 1 1 0 1 2 0
0 1 0 2 2 0 0 1 2 0 1 1 1 2 0 2 1 2 0 1 2 0
0 2 2 0 1 0 1 1 2 0 0 1 0 2 2 2 2 2 0 0 2 0
1 2 0 0 2 1 0 0 2 1 0 1 1 1 2 1 1 1 0 1 2 0
0 2 1 2 2 1 0 0 2 0 1 0 0 1 2 1 2 0 0 2 2 1
0 2 1 1 2 1 0 1 2 1 1 1 2 1 1 2 2 1 0 2 2 0
0 1 0 0 2 1 0 0 2 1 1 1 1 0 2 2 2 2 0 1 2 0
0 2 1 2 1 1 0 0 2 0 0 2 1 2 1 2 1 1 0 1 2 1
0 1 1 0 2 1 0 1 2 1 0 2 1 2 0 2 2 2 0 1 2 0
0 2 0 0 2 2 0 0 2 0 0 0 1 1 2 2 2 1 0 2 2 0
0 2 1 1 1 1 0 0 2 1 1 1 0 2 1 2 2 1 0 2 2 0
0 2 0 1 2 1 0 0 2 1 1 0 0 1 0 2 2 1 0 2 2 0
0 2 1 2 2 1 0 0 2 0 0 0 0 1 1 2 1 2 0 0 2 0
0 2 0 2 2 1 0 0 2 0 2 0 0 1 1 2 1 1 0 2 2 1
0 2 1 1 0 1 0 0 2 0 0 0 1 2 2 2 1 2 0 1 2 0
0 2 0 2 2 1 0 1 2 0 0 0 0 1 1 2 1 2 0 2 2 0
0 2 1 1 2 1 0 1 2 0 1 0 1 0 2 2 1 2 0 0 2 0
0 2 2 0 2 0 1 0 2 0 1 1 1 1 2 2 2 2 0 0 2 0
0 2 0 0 2 0 0 0 1 0 1 2 0 1 2 2 1 1 0 0 2 0
0 1 1 1 2 1 0 0 1 0 0 0 1 0 1 2 2 2 0 1 2 0
0 1 1 0 1 0 0 0 2 0 1 2 0 2 1 2 2 2 0 0 2 0
0 2 0 0 2 0 0 0 2 1 1 1 1 1 2 2 0 2 0 2 2 0
0 1 0 1 2 2 0 0 2 1 1 1 0 0 1 2 0 2 0 0 2 0
0 2 1 0 2 1 0 1 2 0 1 0 1 2 1 2 1 1 0 2 2 0
0 1 1 0 2 0 1 1 2 0 0 0 1 1 1 2 0 1 0 0 2 0
0 2 1 2 2 1 0 0 2 0 1 0 0 1 2 2 2 2 0 0 2 0
0 1 1 0 1 0 0 0 2 0 0 1 1 1 1 2 1 1 0 0 2 0
0 2 0 1 2 0 0 0 2 0 2 0 0 0 2 2 1 2 0 2 2 0
1 2 1 1 2 0 0 0 1 0 1 1 0 2 2 2 2 2 0 1 2 0
0 2 1 1 2 1 0 0 2 0 0 0 0 2 2 2 1 1 0 1 2 0
0 2 0 2 2 0 0 0 1 0 0 2 0 2 2 2 1 1 0 1 2 0
0 2 0 2 1 0 0 0 2 1 1 1 0 1 1 2 2 1 0 2 2 0
1 2 0 2 2 1 0 0 2 0 0 1 0 1 1 2 2 2 0 1 2 0
0 2 0 2 2 1 1 1 2 1 1 0 0 2 1 1 1 1 0 0 2 1
0 2 0 2 2 0 1 0 2 1 1 1 0 1 1 2 2 0 0 1 2 0
0 2 0 1 2 0 0 1 2 0 0 0 2 2 0 1 2 1 0 1 2 0
0 2 1 2 1 2 0 1 2 0 0 0 1 2 0 1 1 2 0 1 2 0
0 1 0 1 2 1 0 0 2 0 2 0 2 2 0 2 2 1 0 1 2 0
0 2 1 2 2 1 0 0 2 0 0 0 1 2 1 2 2 1 0 1 2 0
0 2 0 0 2 2 0 0 2 0 0 0 1 1 1 2 1 1 0 0 2 1
0 1 0 0 2 0 0 0 2 0 1 1 1 1 1 2 2 2 0 0 2 1
0 2 2 2 1 0 1 0 2 0 2 2 2 2 1 2 1 2 0 2 2 1
0 1 0 2 2 1 0 1 2 0 0 0 0 1 0 2 2 2 1 2 2 0
0 2 0 1 2 0 0 1 2 0 1 1 0 2 0 2 2 1 0 1 2 0
0 1 0 2 2 1 2 1 2 0 1 1 2 1 1 2 2 0 0 1 2 1
0 2 2 2 2 1 2 0 2 0 1 0 0 1 1 1 0 2 0 1 2 0
0 2 1 1 1 1 0 0 2 1 2 2 1 0 1 1 2 1 1 2 2 0
0 2 1 1 1 0 1 1 2 0 1 0 0 1 1 2 0 2 0 2 2 0
0 2 1 1 2 0 0 0 2 0 2 0 1 2 1 2 1 2 0 0 2 0
0 1 0 0 2 2 0 1 2 1 1 0 1 1 0 2 2 2 0 1 2 1
0 2 2 0 2 1 0 0 2 0 1 0 2 1 1 2 2 1 0 2 2 1
0 2 2 1 1 1 0 1 2 0 1 0 0 1 0 2 1 1 0 1 1 0
0 2 0 2 2 0 0 1 2 0 0 0 1 1 2 2 2 2 0 0 2 1
0 2 1 1 1 1 0 0 2 0 1 1 1 1 2 1 2 2 0 0 2 0
0 2 1 1 1 1 1 0 2 0 1 0 2 2 2 2 2 2 0 1 2 0
0 2 1 0 1 0 1 0 2 0 1 1 1 1 2 2 1 1 0 0 2 1
0 2 0 1 1 0 0 0 2 0 1 0 1 0 2 1 2 2 0 0 2 2
1 1 1 1 0 1 0 0 2 1 1 0 1 0 0 2 1 1 0 0 2 0
0 2 0 1 1 1 0 0 2 0 0 1 1 1 1 2 1 2 0 2 2 0
0 1 1 0 2 0 0 0 2 0 1 1 2 0 1 2 2 2 0 2 2 0
0 1 1 2 2 2 1 0 2 0 1 0 2 2 1 1 2 0 0 2 2 0
0 2 1 0 2 1 0 0 2 0 0 1 0 2 1 2 1 2 0 1 2 1
0 1 1 2 2 1 1 1 2 0 1 0 0 1 0 2 2 1 0 0 2 1
0 2 1 1 2 0 0 0 2 0 0 2 1 1 0 2 1 2 0 2 2 0
0 1 0 1 2 1 0 0 2 0 0 1 1 1 1 2 1 1 0 0 2 0
0 2 0 0 1 1 1 0 2 0 0 1 1 2 2 1 1 2 0 0 2 0
0 1 2 1 1 1 1 1 2 1 0 1 1 2 1 2 1 2 0 0 2 0
0 2 0 1 2 1 0 0 1 0 0 0 2 2 0 2 1 2 0 2 2 0
0 2 0 0 1 1 0 0 1 0 1 1 0 1 0 1 2 2 0 0 2 0
1 2 1 0 2 1 0 0 2 0 1 0 0 2 1 1 1 2 0 1 2 0
0 2 1 1 1 1 0 0 2 0 0 0 0 1 2 2 2 1 0 1 1 0
0 2 1 1 2 2 0 0 2 0 1 0 0 2 1 2 2 1 0 2 2 1
0 2 0 0 1 1 0 0 2 1 0 1 1 1 2 2 2 2 0 0 2 0
0 2 0 1 1 0 0 0 2 0 0 0 1 1 1 2 1 0 0 1 2 0
0 2 0 2 2 0 0 0 2 1 1 1 1 2 1 2 2 1 0 1 2 0
0 1 0 0 1 1 1 0 2 1 2 0 1 1 2 2 2 1 0 2 2 0
0 2 0 1 1 1 0 0 2 0 1 1 0 2 1 1 2 2 0 2 2 0
0 1 1 1 2 0 0 0 2 0 1 0 0 2 2 1 2 2 0 1 2 0
0 2 0 0 0 1 0 2 2 0 0 1 2 1 1 2 1 2 0 0 2 2
0 2 0 2 2 0 1 0 2 0 1 1 0 2 2 2 2 2 0 1 2 0
0 2 1 1 1 0 1 0 1 0 0 1 0 1 1 2 2 2 0 1 2 0
0 2 1 2 0 0 0 0 2 0 1 0 0 2 0 2 2 2 0 1 2 1
0 2 1 0 2 1 0 0 2 0 2 1 0 1 1 2 2 2 0 2 2 0
0 2 1 0 2 0 0 1 2 0 1 0 1 2 1 2 1 2 0 1 2 1
0 2 0 1 2 0 0 0 2 1 0 1 1 2 0 2 2 1 1 1 2 0
0 2 1 0 2 1 1 0 2 0 1 0 1 2 1 1 2 2 0 2 2 0
0 2 0 1 2 1 0 0 2 1 1 1 2 2 0 2 2 2 0 1 2 0
0 2 0 1 2 1 0 0 2 0 2 0 2 0 2 2 2 1 0 2 2 0
0 2 0 2 2 0 0 0 2 0 0 0 0 1 0 2 2 2 0 1 2 0
0 2 1 1 2 0 0 0 2 0 1 0 1 0 0 2 2 1 0 1 2 0
0 2 2 2 2 1 1 0 2 0 1 1 1 2 1 2 1 2 0 1 2 0
0 2 1 1 2 0 0 0 2 0 1 0 1 0 1 2 1 1 0 0 2 1
1 2 0 0 2 1 0 1 2 0 1 0 2 0 1 2 2 2 0 1 2 0
0 2 0 0 1 0 0 1 2 1 1 0 1 1 1 2 1 1 0 1 2 0
0 1 1 0 0 0 0 0 2 0 1 0 0 2 0 2 2 2 0 1 2 1
0 2 0 0 1 0 0 0 2 0 0 0 0 2 0 2 1 2 0 1 2 0
0 2 1 0 1 2 0 0 2 0 1 1 1 1 0 2 2 1 0 1 2 0
0 2 0 1 2 2 1 0 2 1 1 0 0 2 1 2 2 1 0 1 2 1
0 2 0 2 2 0 0 0 2 0 0 0 0 2 1 2 1 2 1 0 2 1
0 2 1 0 1 0 1 0 2 0 0 0 1 2 0 2 2 2 0 2 2 0
0 2 0 1 1 1 0 0 2 0 2 0 0 1 1 2 1 1 0 2 2 0
0 2 1 1 2 2 0 0 2 1 1 0 0 2 2 2 2 2 0 1 2 0
0 1 1 2 2 1 0 1 1 0 1 1 0 1 0 2 1 2 0 1 2 0
0 2 0 1 2 1 0 0 2 0 0 1 1 1 0 2 2 1 0 0 2 1
0 2 0 1 2 1 0 0 2 0 0 2 1 1 0 2 2 2 0 0 2 0
0 2 2 1 2 1 0 1 2 0 0 0 1 2 1 1 1 1 0 0 2 0
0 1 1 1 1 2 0 0 2 0 0 0 1 0 0 2 1 1 0 1 2 0
0 2 0 1 2 0 0 0 2 0 1 0 1 1 0 2 2 2 0 1 2 0
0 2 1 0 2 1 1 0 2 0 0 0 0 1 1 2 1 2 0 2 2 1
1 1 0 1 2 1 2 0 2 1 1 1 0 2 0 2 2 2 0 0 2 1
1 1 0 0 2 1 0 1 2 0 1 1 1 2 0 2 2 1 0 0 2 0
0 1 0 0 2 1 0 0 2 0 1 0 0 0 1 2 1 2 0 1 2 0
0 2 2 1 2 1 1 0 2 0 1 1 1 1 1 2 0 2 0 1 2 1
0 2 1 2 2 1 0 0 2 0 1 1 0 1 1 1 2 2 0 1 2 0
1 2 0 2 2 1 1 2 2 0 2 0 1 2 0 1 2 2 0 2 2 0
0 2 1 0 2 0 0 0 2 0 0 1 2 2 1 2 0 2 0 2 2 1
0 2 0 0 1 0 0 1 2 1 0 0 0 1 2 2 2 1 1 0 2 1
0 2 0 0 2 0 0 0 1 0 1 1 1 2 2 2 0 0 0 1 2 0
0 1 0 2 1 1 1 0 2 0 0 0 0 1 1 2 2 1 0 0 2 0
0 2 0 1 2 1 0 0 2 0 0 1 0 0 2 2 1 2 0 0 2 0
0 2 0 1 0 1 0 1 2 1 1 0 1 1 1 2 2 1 0 0 2 0
1 1 0 1 2 1 1 0 2 1 0 0 0 1 1 2 1 1 0 0 2 0
0 2 0 1 2 1 0 0 2 1 2 1 1 2 1 2 2 1 0 0 2 0
0 2 1 1 1 1 0 0 2 0 0 1 1 1 2 2 2 1 0 1 2 0
0 2 0 2 2 0 0 1 2 1 1 0 1 0 1 2 1 2 0 1 2 0
1 2 0 0 1 0 1 0 2 1 0 0 2 2 0 2 2 2 0 0 1 0
0 1 0 0 1 0 1 0 2 1 0 0 0 1 2 2 1 2 0 0 2 0
0 2 1 0 1 2 0 1 2 0 0 1 1 1 2 2 1 1 0 0 2 0
1 2 0 1 1 1 0 0 2 0 1 0 0 2 1 2 2 1 0 0 2 0
0 2 0 1 2 1 0 1 2 1 1 0 1 2 0 2 0 2 0 2 2 0
0 2 0 0 1 0 0 1 2 1 1 0 1 2 2 2 2 0 0 0 2 1
0 1 1 0 2 0 1 0 2 1 1 0 1 0 1 1 1 2 0 2 2 0
0 2 0 0 2 1 0 1 2 0 0 0 1 2 1 2 1 1 0 1 2 0
0 1 1 1 2 1 0 0 2 1 0 0 0 1 1 2 2 2 0 1 2 0
1 2 1 0 2 0 1 0 2 0 1 1 0 2 1 2 2 2 0 1 2 0
0 2 0 1 2 0 0 0 1 0 0 1 2 2 2 2 1 1 0 0 2 0
1 2 0 0 1 0 1 1 2 0 0 1 0 1 1 2 2 2 0 0 2 0
0 1 0 1 1 0 1 0 2 2 0 0 1 1 0 2 1 1 0 0 2 0
0 2 1 1 2 0 0 0 2 0 0 0 1 1 1 2 1 2 0 1 2 0
0 2 1 1 2 2 0 1 2 1 1 2 0 2 2 2 2 2 0 2 2 0
0 2 0 0 2 0 0 0 2 1 0 0 0 2 0 2 2 2 0 1 2 0
0 2 0 1 2 1 0 1 2 0 1 0 1 1 1 1 2 2 1 0 2 0
1 1 0 2 2 1 0 0 2 0 2 0 0 2 1 2 2 1 0 0 2 0
0 2 0 2 1 1 0 0 1 0 0 0 1 1 0 2 2 2 0 0 2 0
0 2 0 0 1 1 0 0 2 1 0 1 1 1 1 1 2 1 0 2 2 0
0 2 0 1 2 0 0 0 2 0 0 0 1 2 2 1 1 2 0 1 2 0
0 1 0 2 2 2 1 0 2 0 2 1 0 2 1 2 1 1 0 2 2 1
0 1 0 0 2 0 1 0 2 2 1 1 1 1 2 2 0 2 0 1 2 0
0 1 2 2 2 2 0 1 2 1 0 1 1 1 2 2 1 2 0 1 2 0
0 2 0 1 2 1 1 0 2 0 1 1 1 1 1 2 2 2 0 0 2 1
0 2 1 0 1 2 0 0 2 2 1 0 0 1 1 2 2 2 0 1 2 1
0 2 1 1 2 1 0 0 2 0 0 0 2 1 0 2 1 2 0 2 2 0
0 2 0 0 2 0 0 0 2 2 0 0 1 0 1 2 1 2 0 2 2 0
0 2 0 2 2 0 0 0 2 0 1 0 1 1 1 2 2 1 0 0 2 1
0 2 1 1 0 2 0 0 2 0 1 0 0 2 1 2 2 2 0 1 2 0
0 2 1 0 2 0 0 0 2 1 0 0 0 2 0 1 2 2 0 1 2 0
0 1 1 2 2 0 0 0 2 1 0 0 1 1 0 2 1 1 0 0 2 1
0 1 1 2 1 0 0 0 2 0 1 1 1 2 2 2 1 1 0 1 2 0
0 2 1 0 2 2 0 0 2 0 1 1 2 2 1 2 2 1 0 0 2 0
0 2 1 0 2 0 0 0 2 0 1 0 2 1 1 2 2 1 0 1 2 0
0 0 0 1 2 1 1 0 2 0 1 1 0 2 1 2 2 2 0 1 2 0
0 2 0 0 2 0 0 0 1 0 1 0 1 1 1 2 0 2 0 1 2 0
0 2 0 0 2 2 1 0 2 1 1 1 1 1 1 2 1 2 0 1 2 0
0 1 0 0 2 1 0 0 2 0 0 1 0 1 0 2 2 2 0 2 2 0
0 2 0 1 2 0 0 0 2 1 1 0 0 1 1 1 2 2 0 0 2 0
0 1 0 1 1 2 1 1 2 0 2 0 0 0 1 2 1 1 0 1 2 0
0 2 0 1 2 1 1 0 2 0 1 2 1 1 1 2 2 1 0 1 2 0
1 1 1 1 2 0 0 0 2 0 0 0 1 1 1 2 2 1 0 2 2 0
1 1 0 0 2 1 0 1 2 0 1 1 1 1 1 0 2 1 0 1 2 1
0 2 1 0 1 0 0 1 2 0 2 1 1 2 1 2 2 1 1 1 2 0
0 2 2 0 2 0 0 1 2 0 0 1 2 2 1 2 2 2 1 2 2 0
0 1 1 1 1 0 0 0 2 0 1 1 0 1 0 2 2 1 0 1 2 1
0 1 0 1 2 0 0 0 2 0 1 1 2 2 1 2 1 1 0 0 2 0
0 2 1 2 0 0 0 0 2 0 0 1 1 1 2 2 1 2 0 1 2 0
0 2 1 1 2 1 0 0 2 0 0 2 1 2 1 2 2 0 0 1 2 0
0 2 1 0 2 1 0 0 2 0 1 0 0 2 0 2 2 1 0 1 2 0
0 1 1 0 2 1 0 0 2 0 1 0 1 1 2 2 2 2 0 1 2 0
0 2 1 0 2 0 1 0 2 0 2 0 2 2 1 2 0 1 0 1 2 1
0 2 1 0 1 1 0 0 2 0 1 1 1 2 0 2 2 1 0 0 2 0
0 2 1 0 1 1 0 0 2 1 1 0 1 1 2 1 2 1 0 2 2 0
0 1 0 1 1 0 0 1 2 0 0 1 2 2 1 2 1 1 0 1 2 1
0 2 1 0 2 0 0 1 2 0 1 0 0 1 1 2 1 1 1 2 2 1
0 2 2 1 2 0 0 0 2 1 1 1 1 1 2 2 2 2 0 1 2 0
0 0 1 0 2 1 0 0 2 0 1 0 1 0 2 1 2 2 0 1 2 0
0 2 1 0 2 1 0 0 2 1 1 0 1 2 1 2 0 2 0 1 2 1
0 2 1 1 2 1 0 0 2 0 2 0 1 1 1 2 2 2 0 1 2 0
0 2 2 0 1 0 0 0 2 2 2 0 1 1 1 2 2 2 0 1 2 0
0 2 0 1 2 0 0 0 2 0 1 1 1 1 0 1 1 1 0 2 2 0
0 1 1 1 2 2 0 0 2 0 1 1 1 2 0 2 2 2 0 0 2 0
0 1 1 1 2 2 0 0 2 0 1 1 1 2 1 2 2 2 0 1 2 0
0 1 2 1 1 0 0 0 2 1 0 1 1 0 1 2 2 0 0 2 2 0
0 2 0 1 1 1 0 0 2 0 0 1 2 1 1 2 2 2 0 1 2 1
0 2 1 1 1 0 0 0 2 1 0 0 0 1 0 2 2 2 0 1 2 0
1 2 1 0 2 1 0 0 2 1 1 2 1 1 1 2 2 0 0 1 2 0
1 2 1 1 2 0 0 0 2 1 1 1 1 0 2 1 1 2 0 2 2 1
0 2 0 1 2 0 0 1 2 0 1 1 1 1 0 2 2 2 1 1 2 1
0 2 2 2 1 2 0 0 2 0 1 0 2 1 0 2 2 2 0 0 2 0
0 2 0 0 2 0 0 1 2 1 0 0 1 1 1 2 2 2 0 1 2 0
0 2 1 0 0 1 1 0 2 1 0 1 1 2 1 2 1 1 0 2 2 0
0 2 0 0 2 0 0 1 2 0 0 1 0 1 1 2 1 2 0 2 2 0
1 2 2 0 2 2 0 0 2 1 0 0 1 1 1 2 2 1 0 1 2 0
0 1 1 1 2 0 0 0 2 0 2 1 1 2 2 2 2 2 0 2 2 1
0 2 1 1 2 1 0 0 2 0 1 2 1 1 1 2 2 1 0 1 2 0
0 2 1 2 1 0 0 0 2 0 0 1 1 1 2 2 2 2 0 1 2 0
0 1 0 2 2 1 0 0 2 0 0 0 0 2 1 2 1 1 0 1 2 0
0 2 1 0 2 2 1 1 2 0 1 0 0 1 2 2 1 2 0 1 2 1
0 2 0 1 1 1 0 0 2 1 1 1 0 2 1 2 1 2 1 2 2 0
0 1 1 1 1 1 0 0 2 0 1 0 0 2 1 2 2 2 0 1 2 0
0 2 1 0 2 0 1 1 2 0 0 0 2 2 2 2 1 1 0 1 2 0
0 2 1 1 2 1 0 0 2 0 1 1 1 1 1 2 1 1 0 2 2 0
0 1 0 0 1 2 0 0 2 0 0 1 0 1 2 2 2 2 0 1 2 0
0 2 0 1 1 0 0 0 2 1 1 0 0 2 1 2 2 2 0 2 2 0
0 2 0 0 1 0 0 0 2 0 1 1 2 2 1 2 2 1 0 2 2 0
0 2 0 0 2 2 0 0 2 1 0 1 0 0 2 2 2 2 0 1 2 0
1 2 1 1 2 0 0 0 2 0 2 1 0 1 2 1 2 2 0 1 2 0
0 2 1 0 1 2 0 0 2 0 1 1 1 1 2 1 2 2 0 2 2 1
0 1 0 0 2 1 1 1 2 0 0 0 1 2 2 2 1 1 0 2 2 0
0 2 1 2 1 1 0 0 2 0 0 0 1 0 0 1 2 2 0 2 2 0
0 2 1 1 2 1 0 0 2 0 0 2 1 2 1 2 1 1 0 1 2 0
0 1 0 2 1 1 0 0 2 0 0 1 1 1 1 1 2 1 0 0 2 1
0 1 1 0 1 0 0 1 1 0 0 2 0 1 1 2 2 2 0 1 2 1
0 2 1 2 2 1 0 0 2 0 1 0 0 1 2 2 1 2 1 0 2 0
0 2 1 2 2 1 0 0 2 0 2 1 1 1 1 2 1 2 0 0 2 0
1 2 0 2 1 0 0 0 2 0 0 1 1 2 2 2 1 2 0 1 2 0
0 1 1 0 2 1 1 0 2 0 1 0 0 1 2 2 1 1 0 1 2 0
0 2 1 2 2 1 1 0 2 1 1 1 1 1 2 1 1 1 0 2 2 0
1 2 0 1 2 1 2 0 2 0 0 0 0 1 2 2 2 2 0 1 2 0
0 2 1 1 1 2 0 1 2 0 1 1 1 0 1 2 2 0 0 0 2 1
0 2 0 1 1 0 1 0 2 0 0 0 0 0 1 2 2 1 0 2 2 0
0 2 1 1 2 0 0 1 2 0 2 0 0 2 1 2 1 2 0 1 2 0
0 2 1 1 2 0 0 0 2 0 0 1 1 2 2 2 2 2 0 0 2 0
1 2 1 0 1 0 0 1 2 1 1 1 2 2 1 1 2 2 0 2 2 0
0 2 0 2 1 0 0 1 2 0 0 0 0 1 1 2 2 2 0 1 2 1
0 2 1 0 1 1 1 0 1 0 1 0 1 1 1 1 1 1 0 1 2 0
0 1 0 1 2 1 0 1 2 0 1 0 0 1 1 2 2 2 0 1 2 1
0 1 1 1 2 0 0 0 2 0 1 1 0 1 1 2 1 2 0 1 2 0
0 1 1 0 1 2 0 1 2 0 0 1 1 1 2 2 0 2 0 0 2 0
0 2 2 1 2 1 1 0 2 1 1 0 1 1 2 2 2 2 0 2 2 0
0 2 1 1 1 0 0 0 2 0 0 0 1 0 0 2 2 2 1 1 2 0
0 2 1 1 2 2 0 0 2 0 1 0 1 2 1 2 2 1 0 0 2 0
0 1 0 2 1 0 0 0 2 1 0 0 1 2 2 1 1 1 0 1 2 0
0 2 1 2 0 2 0 0 2 0 1 0 0 1 0 2 2 1 0 0 2 0
0 1 0 1 2 0 0 0 2 0 0 1 0 2 1 2 2 2 0 1 2 0
0 2 0 0 1 1 1 1 1 0 1 0 0 1 2 1 2 2 0 1 2 0
0 2 1 0 1 1 0 0 2 0 1 1 1 2 1 0 0 2 0 0 2 1
2 2 1 1 2 1 1 0 2 0 1 0 1 1 0 2 0 2 0 0 2 0
0 1 1 1 1 1 1 0 2 0 1 0 0 2 2 2 1 2 0 1 2 0
0 1 0 0 2 0 0 0 2 0 1 2 0 2 2 2 2 0 0 2 2 0
0 1 0 0 1 1 0 0 2 0 1 1 1 1 0 1 2 2 0 2 2 0
0 2 0 1 2 1 0 0 2 1 1 1 0 2 0 2 0 1 0 1 2 0
0 2 0 1 2 1 0 0 2 0 1 1 1 1 2 2 2 2 0 0 2 1
0 2 0 0 1 1 1 0 2 1 0 1 2 1 2 1 1 0 0 0 2 0
0 1 2 0 2 1 1 0 2 0 1 1 1 2 1 1 1 1 0 1 2 0
0 2 0 0 1 1 1 0 2 0 0 1 1 2 1 2 2 1 0 2 2 0
0 2 1 1 1 2 0 0 2 0 0 0 0 1 0 2 1 2 0 0 2 0
0 1 2 2 2 1 0 0 2 2 0 1 1 2 2 2 1 2 0 0 2 0
0 2 0 1 1 0 0 0 2 0 0 1 0 2 1 1 2 2 0 2 2 0
0 2 1 0 2 0 0 0 2 0 1 0 2 1 1 1 1 1 0 1 2 1
1 2 2 0 2 2 0 0 2 0 0 1 1 2 1 1 2 1 0 1 2 0
0 2 1 1 2 2 0 0 2 1 0 1 0 1 1 2 2 2 0 2 2 0
1 2 1 2 2 1 1 0 2 0 0 0 1 1 0 2 2 1 0 1 2 0
0 2 1 0 2 1 1 0 2 0 0 1 1 1 2 2 1 2 0 2 2 0
0 2 0 1 2 1 0 0 2 0 1 0 1 0 1 1 2 2 0 1 2 0
0 1 1 1 2 2 0 0 1 0 1 2 1 2 2 1 1 2 0 1 2 1
0 2 0 2 2 0 0 0 2 0 1 0 1 2 1 1 2 2 0 1 2 0
0 1 2 0 2 0 0 0 1 0 0 0 1 2 0 2 2 2 0 1 2 0
0 2 1 1 1 2 0 0 2 1 1 1 2 2 1 2 1 1 0 0 2 0
0 2 2 1 1 0 0 0 2 0 1 0 1 2 0 1 1 2 0 0 2 1
0 2 1 0 2 2 1 0 2 0 1 0 1 2 1 2 2 2 0 1 2 0
0 2 0 2 2 1 0 0 2 1 1 1 1 1 0 2 2 1 0 2 2 0
1 2 1 0 2 0 0 0 2 0 0 1 0 1 1 2 1 2 0 2 2 0
0 2 0 2 2 1 0 0 2 0 0 0 1 1 2 1 2 2 0 2 2 0
0 1 1 0 1 2 0 0 2 0 1 1 1 1 0 2 1 1 0 2 2 1
0 2 0 0 2 0 0 1 2 0 0 0 1 0 1 1 1 2 0 2 2 0
1 1 0 1 2 1 0 0 1 0 0 0 1 1 2 1 1 2 0 1 2 0
0 2 1 2 2 0 0 0 2 0 1 0 1 1 0 2 2 1 1 1 2 0
0 2 0 2 2 2 0 0 0 0 0 0 0 2 2 2 1 2 0 0 2 0
0 2 0 0 1 1 0 0 2 0 0 0 0 2 2 2 1 2 0 2 2 0
0 2 1 1 1 0 0 0 2 0 1 0 1 1 2 2 1 2 0 0 2 0
0 1 1 0 2 0 0 1 2 0 0 0 1 2 1 2 2 2 0 0 2 0
1 2 1 1 1 0 1 0 2 2 1 1 1 2 1 2 1 2 0 1 2 1
0 1 1 2 2 1 0 0 2 0 2 0 2 2 2 2 1 2 0 1 2 1
1 0 0 0 2 0 0 0 2 0 2 2 1 1 1 1 2 1 0 1 2 0
1 0 1 1 2 0 0 0 2 0 2 0 0 2 0 2 0 1 0 2 2 1
1 2 0 2 2 0 1 0 2 0 1 1 1 1 2 1 2 2 0 1 2 0
0 1 2 2 2 1 1 0 2 1 0 0 1 1 2 2 2 0 1 0 2 0
0 2 0 1 1 1 1 0 2 0 0 1 2 1 2 1 1 1 0 0 2 0
0 2 0 2 2 0 0 0 2 0 0 1 0 0 2 2 1 2 0 2 2 0
0 2 0 0 2 1 0 0 2 1 1 1 1 1 1 2 1 2 0 2 2 0
0 2 1 1 2 1 0 0 2 0 0 0 1 2 0 1 2 2 0 1 2 0
0 1 1 1 1 1 0 0 2 0 0 0 1 1 1 2 1 2 0 0 2 0
0 2 0 1 2 0 0 0 2 2 1 0 1 0 1 2 1 2 0 2 2 0
0 1 0 0 1 0 0 1 2 0 2 0 2 2 2 1 2 2 0 1 2 0
0 2 2 2 2 0 0 0 2 0 0 0 1 0 0 2 2 2 0 2 2 0
1 2 0 1 2 1 0 0 2 0 0 1 0 0 1 2 1 2 0 1 2 0
0 2 1 1 1 1 0 0 2 0 2 0 0 1 2 2 2 2 0 0 2 0
0 2 0 1 1 1 0 0 2 0 0 1 1 0 2 1 2 2 1 2 2 0
0 2 1 0 1 0 0 0 2 1 0 1 1 0 1 2 2 2 0 1 2 0
0 2 0 1 2 0 1 0 2 2 0 1 1 1 1 2 1 2 0 1 2 1
0 2 1 0 2 2 0 1 2 1 0 2 1 1 1 0 1 1 0 1 2 0
0 1 0 0 2 0 0 1 2 0 1 1 0 1 1 2 1 2 0 1 2 0
0 1 0 1 2 1 0 1 2 0 0 0 1 1 2 2 1 2 0 0 2 0
0 1 1 0 2 1 1 0 2 0 0 1 0 2 1 2 2 2 0 0 2 0
0 1 0 0 2 0 0 1 2 0 2 1 1 0 1 2 2 1 0 0 2 0
0 2 1 1 2 1 0 0 2 0 2 2 0 1 2 2 1 2 0 0 2 0
0 2 1 0 1 1 0 0 2 1 1 1 1 2 1 2 2 0 0 2 2 0
0 2 0 0 2 1 0 0 2 0 2 0 0 2 2 2 1 1 0 1 2 1
0 2 0 1 1 0 1 1 2 0 1 0 1 2 1 2 1 1 0 1 2 0
0 2 1 1 1 1 0 0 2 0 0 1 2 1 1 1 2 2 0 1 2 0
0 2 1 1 2 0 1 0 2 0 2 0 0 1 2 2 1 1 0 1 2 0
0 2 0 1 2 0 0 0 2 0 1 2 2 2 1 2 2 2 0 2 2 0
0 2 0 1 2 1 0 1 1 0 0 0 0 2 1 2 1 1 0 1 2 0
0 1 0 1 2 0 0 0 2 1 1 0 1 1 2 2 2 2 0 0 2 0
0 1 2 1 1 0 0 0 2 0 2 1 1 2 2 2 2 0 0 1 2 0
0 2 1 0 1 2 0 0 2 1 0 0 2 2 2 1 0 2 0 1 2 0
0 2 2 2 2 0 1 1 2 0 1 1 1 1 0 2 2 1 0 2 2 0
0 1 1 1 1 1 0 0 2 0 2 1 1 1 1 2 1 2 0 1 2 1
0 2 2 1 2 1 0 0 2 0 0 2 1 1 1 2 1 2 0 2 2 0
0 2 1 2 2 1 0 0 2 0 2 1 0 2 1 2 0 1 0 0 2 0
0 2 1 1 1 1 0 0 2 0 0 0 1 1 0 1 1 0 0 2 2 0
0 2 0 1 2 1 1 0 2 0 2 0 0 2 0 2 2 2 0 1 2 0
1 1 1 1 2 1 0 0 2 0 0 0 2 1 1 2 1 2 0 0 2 0
0 2 2 0 1 1 0 0 2 0 0 0 0 2 1 1 1 0 0 2 2 0
0 1 1 1 1 2 0 1 2 1 1 0 0 2 1 2 1 1 0 0 2 1
0 2 1 1 2 1 0 1 2 0 0 1 0 2 2 1 2 1 0 0 2 1
0 1 0 1 1 0 0 0 2 0 2 0 2 1 2 2 2 1 0 2 2 0
0 1 0 1 2 0 0 0 2 1 1 0 1 2 1 1 2 0 0 1 2 0
0 2 1 2 1 0 1 1 2 0 1 0 0 2 1 2 0 2 0 1 2 0
0 2 0 1 2 1 0 1 2 1 1 0 0 2 1 2 1 1 0 1 2 0
0 1 2 1 2 1 0 1 2 0 1 0 0 2 1 2 2 2 0 2 2 0
0 2 1 1 1 1 1 0 2 0 2 1 2 1 2 2 1 1 0 1 2 0
0 1 0 0 2 2 0 0 2 0 1 0 2 1 1 2 2 1 0 1 2 0
0 2 2 2 2 1 0 0 2 0 0 0 1 1 1 2 1 1 0 2 2 1
0 2 1 0 2 1 0 1 2 0 0 0 1 2 1 2 2 2 0 2 2 1
0 1 0 1 0 0 0 1 2 0 1 1 0 1 1 1 1 2 0 0 2 0
0 2 1 0 2 1 0 0 2 0 0 1 0 1 0 2 0 2 0 0 2 0
0 1 1 1 2 1 0 0 2 2 0 2 1 1 2 2 1 2 0 2 2 1
0 2 0 1 1 1 0 0 2 0 1 1 2 1 0 2 2 2 1 2 2 0
0 2 0 1 2 0 0 1 1 0 1 0 1 1 2 2 2 1 0 1 2 0
0 1 1 1 2 1 0 1 2 1 0 0 1 2 2 1 2 0 0 1 2 1
0 1 0 1 2 1 0 1 2 0 1 0 2 0 2 2 1 2 0 2 2 0
1 2 2 0 2 1 0 0 2 0 1 0 0 1 2 2 1 2 0 0 2 1
0 2 0 1 2 1 1 0 2 0 1 1 0 2 2 2 2 2 0 1 2 0
0 2 0 1 2 1 0 0 2 1 1 0 1 0 0 2 2 2 0 0 2 0
0 2 0 2 2 0 0 1 2 0 1 2 2 2 0 2 2 2 0 1 2 0
0 2 1 2 2 2 0 0 2 0 1 0 0 2 2 2 1 2 0 1 2 1
0 2 1 1 2 1 0 0 2 0 1 0 1 0 0 2 1 1 0 2 2 1
0 2 0 1 0 0 0 0 2 0 2 1 1 0 2 2 2 1 0 2 2 1
1 1 0 1 1 1 1 0 2 1 0 1 0 1 1 2 1 2 0 1 2 0
0 2 1 1 2 0 0 0 2 0 2 1 0 1 1 2 0 1 0 0 2 0
0 2 0 0 0 1 0 1 2 0 0 1 0 2 2 2 1 2 0 1 2 0
0 2 1 2 1 0 0 0 2 0 2 1 0 0 1 2 1 2 0 0 2 0
0 2 1 2 2 0 0 0 2 0 1 0 0 1 2 1 0 1 0 1 2 1
0 1 1 0 2 0 0 0 2 0 0 1 0 2 0 1 2 2 1 1 2 0
0 2 0 1 2 0 0 0 2 0 0 0 0 1 0 1 1 2 0 2 2 0
1 0 1 2 1 0 0 0 2 0 0 0 1 1 0 2 2 1 0 1 2 0
0 1 1 1 2 0 0 0 2 0 0 1 0 1 2 2 2 2 0 1 2 0
0 2 1 1 2 2 1 0 2 0 2 0 2 0 1 2 1 1 1 1 2 0
0 2 0 0 2 0 0 0 2 0 0 0 1 2 1 2 1 1 0 2 2 0
0 2 2 1 2 2 0 0 2 0 0 0 0 1 2 2 1 1 0 2 2 0
0 2 0 2 1 1 0 0 2 0 0 0 0 2 1 2 1 2 0 1 2 0
0 2 1 1 2 0 0 0 2 0 2 0 1 1 2 2 1 1 0 0 2 0
0 1 0 1 2 0 0 1 2 0 1 0 0 0 1 2 2 2 0 0 2 0
1 2 0 1 1 2 0 0 2 0 0 2 0 0 1 1 0 2 0 1 2 0
0 2 0 2 1 2 0 0 2 0 0 1 2 2 1 2 2 2 0 1 2 0
0 2 0 1 2 2 0 0 2 0 1 0 1 1 1 2 1 2 1 2 2 0
0 2 0 2 1 0 0 0 2 0 0 0 1 1 1 2 2 2 0 0 2 0
0 2 0 1 2 2 0 0 2 0 1 0 0 1 1 2 0 2 0 1 2 0
0 2 0 0 2 0 0 1 2 0 0 0 0 1 2 2 1 2 0 2 2 0
0 1 0 2 2 0 0 0 2 0 1 0 0 1 2 2 2 2 0 1 2 0
0 2 1 1 1 0 0 0 2 0 0 0 0 1 1 2 1 2 0 1 2 0
0 2 1 1 1 0 0 0 2 0 0 2 0 2 0 2 2 2 0 1 2 0
0 2 2 1 0 0 0 0 2 0 1 0 1 1 1 1 2 0 0 1 2 0
0 2 1 1 1 0 0 0 2 0 1 0 1 1 2 2 1 2 1 0 2 0
0 1 0 0 1 0 0 1 1 0 0 1 0 2 1 2 1 1 0 0 2 0
0 2 1 2 2 1 0 0 2 0 0 2 0 1 1 2 2 2 0 0 2 0
0 2 1 1 0 1 1 1 2 0 1 0 0 1 1 2 1 1 0 1 2 0
0 2 2 0 2 0 1 0 2 0 1 1 1 1 0 2 2 2 0 1 2 1
0 2 0 2 2 1 0 1 2 0 0 0 0 1 0 0 1 2 0 1 2 1
0 2 1 2 2 0 0 0 2 1 0 0 1 1 2 2 2 2 0 0 2 1
0 2 0 1 2 1 0 0 2 0 2 0 0 2 0 2 2 1 0 0 2 0
0 2 0 1 1 1 0 0 2 0 1 2 1 1 1 2 0 2 0 1 2 0
0 1 1 1 1 0 0 0 2 0 1 1 1 1 2 2 1 2 0 2 2 0
0 2 0 1 2 1 0 0 2 0 0 0 1 2 1 2 1 2 0 1 2 1
0 2 1 1 2 0 0 0 2 0 1 2 0 1 1 2 1 2 0 0 2 0
0 2 0 2 2 1 0 0 2 0 0 1 0 2 0 2 1 2 0 0 2 1
0 1 0 2 2 1 0 0 2 0 1 1 1 0 1 2 1 2 0 2 2 0
0 2 0 1 1 0 0 0 2 0 0 0 1 2 1 2 1 0 1 0 2 1
0 2 2 1 2 2 1 0 2 0 0 1 1 2 1 2 2 2 0 0 2 0
1 2 1 1 2 1 0 1 2 0 1 0 0 1 2 2 1 1 0 1 2 0
0 2 0 2 2 1 0 0 2 0 1 1 1 0 1 2 1 1 0 1 2 0
0 1 1 2 1 1 0 0 2 0 2 0 1 2 2 2 0 2 1 1 2 0
1 1 0 0 2 1 0 0 2 1 0 0 0 0 2 2 2 2 0 1 2 0
0 2 0 0 1 1 0 0 2 0 2 1 0 2 2 2 1 1 0 2 2 0
0 2 0 1 2 0 0 0 2 0 0 0 1 2 1 2 1 1 0 1 2 0
0 2 0 0 2 1 0 1 2 0 1 0 1 1 1 2 1 2 0 1 2 0
0 2 1 0 2 1 0 1 2 0 0 0 1 2 1 1 2 1 0 1 2 0
0 1 1 2 2 1 0 0 2 0 0 1 2 1 2 1 2 1 0 1 2 1
0 2 1 0 2 2 0 0 2 0 2 0 1 2 0 2 2 2 0 1 2 1
0 2 0 0 2 0 0 0 2 1 0 0 0 1 1 2 1 1 0 0 2 0
0 1 1 0 1 0 0 0 2 1 0 0 0 2 1 2 1 2 0 1 2 0
0 1 1 1 2 1 0 0 2 1 0 0 2 0 1 2 2 2 0 0 2 0
0 2 1 1 2 1 0 0 2 0 1 0 0 0 2 2 2 2 0 2 2 0
0 1 0 1 1 1 0 0 2 0 0 0 0 1 1 2 2 2 0 1 2 0
0 2 0 1 1 1 0 0 2 0 0 0 1 1 2 2 2 1 0 1 2 1
0 2 1 1 1 0 0 0 1 0 1 1 2 1 0 2 1 2 0 2 2 1
0 2 1 1 2 1 1 0 2 0 1 1 1 2 0 2 2 2 0 1 2 0
1 2 0 1 2 0 0 0 2 0 1 0 2 1 1 2 1 1 1 1 2 0
0 2 0 1 2 2 0 0 2 0 2 0 0 2 2 2 2 2 0 1 2 0
0 2 1 0 2 1 0 0 2 0 1 0 2 0 1 2 1 2 0 1 2 0
0 1 2 0 2 2 0 0 2 0 0 0 1 1 0 2 2 1 0 0 2 0
0 2 1 2 2 1 0 0 2 0 0 0 0 1 2 2 0 2 0 0 2 0
0 2 1 2 2 1 0 0 2 0 0 1 1 0 0 1 2 1 0 1 2 0
0 2 1 1 2 1 0 0 2 1 1 1 0 1 2 2 1 1 0 1 2 0
1 1 1 1 2 1 0 0 2 1 1 0 1 2 1 2 2 0 0 1 2 0
0 2 1 1 1 1 0 0 2 0 2 1 1 2 1 2 1 1 0 1 2 0
0 2 0 1 1 1 0 0 2 0 0 0 2 1 0 1 1 2 0 1 2 1
0 2 1 1 1 0 0 0 2 0 0 1 1 2 1 2 1 1 0 0 2 0
0 2 0 1 2 1 0 0 1 1 1 1 1 2 1 2 1 1 0 0 2 0
0 1 0 1 2 1 0 1 2 0 0 1 0 2 0 2 1 2 0 0 2 0
0 1 1 0 2 0 0 0 2 1 1 0 0 0 0 2 1 2 0 1 2 0
0 2 0 2 1 1 0 0 2 0 0 0 2 2 0 2 1 1 0 1 2 0
0 2 0 1 2 0 0 0 2 0 0 1 0 1 1 2 2 2 0 0 2 0
0 2 0 1 2 0 0 0 2 0 0 0 0 1 1 2 1 1 1 2 2 0
0 2 0 2 1 1 1 1 2 0 0 0 1 1 1 2 2 0 0 2 2 0
1 2 0 1 1 0 0 1 1 1 0 0 0 0 0 2 1 2 0 0 2 0
0 2 0 1 2 1 0 0 2 0 0 2 0 1 2 2 2 2 0 0 2 0
1 2 1 1 1 1 0 0 2 0 0 1 0 2 1 2 1 1 0 1 2 1
0 2 2 2 2 1 0 0 2 1 0 1 1 1 1 2 2 2 0 1 2 0
0 2 0 0 1 0 0 0 2 1 1 1 1 1 2 1 1 2 0 1 2 0
0 2 0 1 2 0 0 0 2 0 1 1 1 2 1 2 1 2 0 0 2 0
0 1 1 0 2 0 0 0 2 1 0 1 1 1 1 2 2 1 1 1 2 0
0 2 1 1 2 2 1 0 2 0 1 0 1 1 2 1 2 1 1 2 2 2
0 2 0 1 2 1 0 0 2 0 2 0 0 2 1 2 2 1 0 1 2 0
0 2 2 1 2 1 1 0 2 0 0 2 0 1 0 2 1 2 0 2 2 0
1 2 2 2 0 2 0 0 2 0 0 1 1 2 1 2 0 1 0 0 2 1
0 2 2 0 1 1 0 0 2 0 1 0 1 2 0 1 2 2 0 1 2 0
1 2 2 1 2 2 0 1 2 0 0 1 1 0 0 2 2 1 0 1 2 0
0 1 2 1 1 1 0 1 2 0 0 1 1 1 2 2 1 2 0 1 2 0
0 2 1 1 1 2 1 0 2 0 0 0 0 1 2 2 2 2 0 1 2 0
0 2 2 1 1 0 0 0 1 0 1 0 1 1 0 2 2 2 0 1 2 0
0 0 0 1 0 1 0 1 2 1 0 0 0 1 2 2 2 1 0 1 2 1
0 2 1 2 1 1 0 1 2 2 2 0 1 1 2 2 1 2 0 1 2 0
0 2 0 2 2 0 0 0 2 0 1 0 1 1 1 2 2 2 0 2 2 0
0 2 1 1 1 1 0 0 2 0 0 1 0 2 0 1 2 2 0 1 2 0
0 2 0 1 2 1 1 1 2 0 1 0 1 0 1 2 1 1 0 0 2 1
1 2 1 0 2 0 0 0 2 0 0 0 1 2 0 2 2 1 0 1 2 0
0 2 0 2 2 2 0 0 2 0 0 1 1 0 1 1 0 2 0 2 2 0
0 2 0 1 1 2 0 0 2 0 2 1 1 1 1 2 2 2 0 1 2 0
1 2 0 0 0 0 0 1 2 0 1 0 1 1 2 2 1 2 0 2 2 0
0 2 0 1 2 2 0 0 2 1 0 1 0 1 0 1 2 2 0 1 2 0
0 1 0 0 2 1 0 0 2 0 2 0 0 1 0 1 2 2 0 2 2 0
0 1 0 0 2 2 1 0 2 0 0 0 2 2 0 1 2 2 0 0 2 0
1 2 1 0 1 1 0 0 2 1 1 0 2 1 1 2 1 2 0 2 2 0
1 2 0 1 2 1 0 0 2 0 1 0 0 2 1 2 2 1 0 0 2 1
0 2 2 0 2 0 1 0 2 1 1 1 1 1 0 2 2 2 1 1 2 1
1 2 0 1 0 0 0 0 2 1 1 1 0 0 2 1 2 2 0 0 2 0
0 2 0 0 2 1 0 0 2 0 0 1 0 1 1 2 2 2 0 0 1 0
0 2 0 1 2 0 0 1 2 0 1 1 0 1 0 2 1 2 0 1 2 0
0 2 1 1 1 0 0 0 2 0 1 1 1 1 1 2 2 1 0 2 2 0
0 2 1 2 1 1 0 0 2 1 0 1 2 1 1 2 2 2 0 1 2 0
1 2 1 1 1 1 1 0 2 0 0 2 2 1 1 2 1 1 0 1 2 0
0 1 0 2 2 1 0 0 2 0 2 1 0 2 2 2 1 2 0 1 2 0
0 2 0 1 1 2 0 0 2 1 1 2 0 1 2 2 1 2 0 2 2 0
0 1 0 0 2 1 0 0 2 0 0 1 1 0 2 2 2 1 0 2 2 0
0 2 0 2 1 0 0 0 2 0 0 0 1 2 1 2 2 2 0 2 2 0
0 2 0 2 2 1 0 0 2 0 2 0 1 1 1 2 1 2 0 2 2 0
0 1 1 2 2 1 0 1 2 0 0 1 1 1 2 2 0 2 0 2 2 0
0 1 1 1 2 1 0 1 2 0 1 0 1 2 2 1 0 2 0 1 2 0
0 1 1 1 2 0 0 1 2 0 0 0 2 2 1 2 2 1 0 1 2 0
0 1 0 0 2 0 0 0 2 0 0 1 0 2 0 2 1 1 0 1 2 0
0 2 2 0 1 0 0 0 2 0 0 0 1 1 1 2 2 1 0 0 2 0
1 1 0 1 1 1 0 0 2 1 2 1 0 1 1 2 2 1 0 1 2 0
0 2 2 2 2 2 0 0 2 0 0 0 0 1 2 2 2 1 0 0 2 1
0 1 1 1 1 0 0 0 2 0 1 1 0 1 1 2 2 1 0 1 2 0
0 1 0 1 2 1 0 0 2 0 0 1 0 2 2 2 2 1 0 2 2 0
0 2 0 1 0 1 0 0 2 0 1 0 0 1 0 2 2 2 0 1 2 0
0 1 0 2 2 2 0 0 2 0 0 1 1 1 1 2 1 1 0 2 2 0
0 2 0 2 2 0 0 0 2 0 0 1 1 2 2 2 2 2 0 0 2 0
0 1 0 0 2 1 0 0 2 0 1 0 2 1 1 2 1 1 1 0 2 1
0 2 0 0 2 1 1 0 2 1 0 0 0 1 1 2 1 1 0 1 2 0
0 1 0 1 2 0 0 0 2 0 0 0 0 1 0 1 1 1 0 2 2 0
0 2 1 0 2 1 1 0 2 0 0 0 0 1 1 2 2 1 0 0 2 0
0 1 1 2 2 1 0 1 2 0 0 2 1 2 2 1 0 1 0 1 2 0
0 2 0 0 2 0 0 0 2 1 0 0 1 1 2 2 2 2 0 1 2 0
0 2 2 1 2 1 0 0 2 0 0 1 1 2 1 2 2 1 0 1 2 0
0 2 1 0 2 1 0 0 1 1 0 0 0 2 1 2 1 1 1 0 2 0
0 2 0 1 1 2 1 0 2 0 2 0 1 1 2 2 1 2 0 2 2 0
0 2 0 0 1 2 0 0 2 1 1 0 1 1 1 2 1 2 0 2 2 0
0 2 0 2 1 2 0 0 2 0 1 0 1 1 0 2 0 2 0 1 2 0
0 2 2 1 2 0 0 0 2 1 1 0 1 1 1 2 2 2 0 1 2 0
0 2 0 1 1 0 0 1 2 0 0 0 1 0 2 2 1 1 0 1 2 0
0 2 1 1 2 1 0 0 2 0 2 0 0 2 1 2 1 1 0 0 2 0
0 2 1 2 1 0 0 0 2 0 2 1 1 1 1 2 2 1 0 2 2 1
1 1 1 2 2 0 0 0 2 1 0 0 2 1 1 2 1 2 0 2 2 0
0 2 1 1 2 0 0 0 2 0 2 0 1 0 0 2 2 1 0 1 2 0
0 1 0 0 2 0 0 0 2 0 0 0 0 1 1 2 1 1 0 2 2 0
0 2 0 1 1 2 0 0 2 0 1 0 1 1 2 2 0 1 0 2 2 0
0 2 1 0 2 2 0 0 2 1 1 1 1 1 1 1 1 2 0 0 2 0
0 2 1 1 2 1 1 0 2 0 0 0 0 2 2 2 2 1 0 2 2 0
0 1 1 1 2 1 0 0 2 0 0 1 1 1 1 2 2 1 0 0 2 0
0 1 1 1 2 1 0 0 2 0 1 0 1 1 2 2 1 2 0 2 2 0
0 2 0 0 2 1 1 1 1 1 1 1 1 2 2 2 0 1 0 1 2 1
0 2 1 1 2 1 0 0 2 1 0 0 1 1 2 2 2 2 0 0 2 0
0 2 2 1 2 1 0 0 2 1 0 0 0 2 1 2 2 2 0 2 2 0
0 2 2 1 2 2 1 0 2 1 1 0 2 2 1 2 0 2 0 0 2 0
0 2 1 1 2 0 0 0 2 1 0 1 1 2 0 2 1 2 1 0 2 1
0 1 0 1 2 0 0 0 2 1 1 2 1 2 1 2 1 2 0 1 2 0
0 1 1 1 2 1 1 0 2 0 2 0 1 2 2 2 2 2 0 2 2 0
0 2 0 1 2 0 0 0 2 0 2 2 0 2 1 2 1 2 0 1 2 0
0 2 0 1 1 0 0 1 2 0 1 0 1 2 2 2 2 0 0 1 2 0
0 2 0 1 2 2 0 0 2 2 0 0 0 2 2 2 2 1 0 1 2 0
0 0 0 0 1 1 1 0 2 1 0 1 1 2 1 2 1 2 0 1 2 0
0 1 2 1 1 2 0 0 2 0 2 0 0 2 2 0 2 1 0 0 2 0
0 2 0 1 2 1 0 0 2 1 0 1 0 2 2 2 1 1 0 2 2 0
0 2 1 1 0 0 0 0 2 0 0 0 1 2 0 2 1 1 0 0 2 0
0 2 1 0 1 0 0 0 2 1 1 2 1 2 2 2 2 2 0 1 2 1
0 1 0 1 2 0 0 1 2 1 2 1 0 2 2 2 1 1 0 1 2 0
0 2 0 0 1 1 0 1 2 0 1 0 1 2 1 2 2 2 0 1 2 0
1 2 2 2 2 0 0 0 2 0 0 0 0 2 0 2 2 2 0 2 2 0
0 2 1 0 1 0 0 0 2 0 0 1 1 2 1 1 2 1 0 0 2 0
0 2 0 0 2 1 0 0 2 1 0 0 1 0 1 2 1 2 0 0 2 0
2 2 1 1 2 1 0 0 2 0 0 2 2 2 1 1 1 2 0 1 2 0
0 2 1 1 2 0 0 0 2 1 1 0 1 2 2 2 1 1 0 2 2 0
1 2 1 1 1 2 0 0 2 0 1 0 0 1 0 2 1 1 0 2 2 0
0 1 1 2 1 1 0 0 2 1 0 0 2 2 1 2 1 1 0 2 2 0
0 2 0 2 1 1 0 0 2 0 0 2 1 2 2 1 2 1 0 1 2 1
1 2 1 0 2 1 0 0 2 1 2 1 1 1 1 2 1 0 0 0 2 0
0 2 1 0 0 2 0 0 2 0 0 0 0 1 1 1 2 1 0 0 2 0
0 2 1 2 2 0 0 0 2 0 1 0 0 0 0 2 0 2 0 1 2 0
0 2 1 0 2 0 0 1 2 0 1 0 0 0 1 1 0 1 0 1 2 0
0 2 0 1 1 0 0 0 2 0 2 0 0 2 0 2 1 1 0 1 2 0
0 2 0 0 2 2 0 0 2 0 1 0 0 1 1 2 2 1 0 1 2 0
0 2 1 0 2 1 0 1 2 0 1 1 0 1 0 2 1 1 0 0 2 0
0 2 0 1 1 1 0 0 2 0 1 1 1 2 2 2 1 1 0 0 2 0
0 2 1 1 2 1 0 0 2 0 0 1 0 2 1 2 2 2 1 2 2 1
0 2 1 2 1 2 0 0 2 0 0 0 1 1 1 1 1 2 0 1 1 0
1 2 1 2 2 1 0 0 2 0 1 1 0 1 2 1 0 2 0 0 2 1
0 2 0 0 2 1 0 0 2 0 0 0 1 2 1 2 2 1 0 1 2 1
0 2 1 0 1 2 0 0 2 0 1 1 2 2 1 2 1 1 1 2 2 0
1 2 1 1 2 1 0 0 2 0 2 1 0 1 1 1 2 2 1 2 2 1
0 2 2 0 2 0 0 0 2 1 2 1 0 1 1 1 1 1 0 0 2 0
0 1 1 2 1 1 0 1 2 0 0 0 1 2 1 2 2 1 0 1 2 0
0 2 0 0 2 1 0 0 2 0 1 0 0 2 2 2 1 0 0 1 2 0
0 1 0 1 1 0 0 0 2 1 1 1 0 0 2 2 2 2 0 1 2 1
1 2 0 0 0 1 0 1 2 1 0 0 1 1 2 2 1 1 0 0 2 0
0 2 1 0 2 1 0 0 2 0 1 0 0 1 1 2 0 2 0 0 2 0
1 2 0 1 2 1 0 1 2 0 1 1 0 2 1 2 1 2 0 1 2 0
0 2 0 0 1 1 0 0 2 0 1 2 0 1 2 2 1 1 0 0 2 0
0 2 1 0 2 1 1 0 2 0 1 0 0 1 0 1 2 2 0 2 2 0
0 1 1 0 1 2 0 0 2 1 0 1 1 2 1 2 1 2 0 0 2 0
0 2 0 2 2 0 0 0 2 0 0 1 1 2 1 2 1 0 0 1 2 1
0 1 1 1 2 0 0 0 2 1 1 1 0 2 2 2 2 2 0 1 2 0
0 2 2 1 2 1 0 1 2 1 2 1 1 1 2 0 1 2 0 1 2 0
0 2 2 0 2 1 0 0 2 1 1 0 2 1 1 2 1 2 0 1 2 0
0 2 1 1 2 1 0 0 2 0 0 1 0 0 1 2 1 2 0 1 2 0
1 1 1 2 2 1 0 0 1 0 1 1 1 1 2 2 2 1 0 1 2 0
0 2 0 1 2 1 0 0 2 0 1 0 1 2 0 2 2 2 0 2 2 0
0 2 1 1 2 2 0 0 2 0 1 0 1 2 2 2 2 2 0 1 2 0
0 1 1 1 2 0 0 0 2 1 2 0 1 1 1 2 2 2 0 0 2 0
0 2 1 0 1 1 0 0 2 0 1 0 0 1 1 2 1 1 0 1 2 1
0 2 1 0 2 1 0 0 2 1 0 2 1 1 1 2 0 2 0 0 2 0
0 2 2 1 2 1 0 1 2 0 1 2 1 1 2 2 2 2 0 1 2 0
0 2 1 2 2 0 0 0 2 1 1 0 1 0 0 2 1 1 0 2 2 1
0 2 0 0 2 1 0 0 2 0 1 0 1 1 1 2 2 2 0 1 2 0
0 2 1 1 1 0 0 0 2 0 0 1 0 0 0 2 0 0 0 2 2 0
0 1 0 0 1 1 1 0 2 0 0 1 1 2 0 2 2 2 0 1 2 0
0 2 1 2 2 1 0 0 2 1 0 0 2 2 1 2 0 2 0 1 2 0
0 2 1 1 0 1 0 1 2 0 1 1 1 2 2 2 2 2 0 2 2 0
1 2 1 2 1 0 0 0 2 0 0 0 0 0 1 2 2 1 0 2 2 0
1 2 0 2 0 0 0 0 2 1 0 0 1 2 1 1 2 1 0 0 2 0
1 1 1 1 2 1 0 0 2 0 0 0 1 1 0 2 1 2 0 1 2 1
0 1 0 2 2 1 0 0 2 0 1 2 1 1 1 2 0 0 0 1 2 0
0 2 1 0 1 1 1 0 2 0 0 1 0 1 1 2 1 2 0 1 2 0
0 2 1 0 1 0 0 0 2 0 0 1 0 1 1 2 2 2 0 2 2 0
0 2 0 0 2 1 0 0 2 1 0 0 1 1 0 2 1 2 0 2 2 0
0 2 2 1 2 0 0 1 2 0 0 0 1 1 1 2 1 2 0 1 2 0
0 0 1 1 2 0 0 0 2 0 0 1 0 1 1 2 2 1 0 2 2 1
0 1 1 2 2 2 1 1 2 1 0 0 0 1 1 2 2 1 0 0 2 0
0 1 0 1 2 1 0 0 2 1 1 1 2 2 0 2 1 2 0 1 2 0
0 2 0 1 2 0 0 0 2 0 2 0 2 2 1 2 2 2 0 2 2 0
0 1 1 0 2 1 0 1 2 1 1 1 1 2 1 2 2 2 0 1 2 0
0 2 0 1 2 1 1 0 2 1 1 1 0 1 2 2 1 2 1 1 2 0
0 2 0 1 2 2 0 0 2 0 1 0 0 1 2 2 1 1 0 1 2 0
0 2 1 2 2 0 0 0 2 1 1 1 1 1 1 2 2 2 0 1 2 1
1 2 1 1 1 0 0 1 1 0 2 1 0 1 0 1 0 1 0 2 2 1
0 2 0 2 2 1 0 0 2 1 1 1 0 1 1 2 2 1 0 0 2 0
0 2 1 2 1 1 1 1 2 0 1 2 0 1 1 2 1 2 0 1 2 0
0 2 1 1 0 1 0 0 2 0 1 1 0 1 2 2 1 2 0 1 2 0
1 2 2 1 1 0 1 0 2 0 1 1 1 0 2 1 1 1 0 2 2 1
0 2 2 2 2 0 0 0 2 1 0 1 1 2 2 2 2 2 0 2 2 1
0 1 0 0 2 0 0 1 2 0 1 0 0 2 1 2 2 2 0 1 2 0
0 1 1 0 2 0 0 0 2 0 0 1 0 1 0 2 2 2 0 1 2 0
0 2 2 2 2 0 0 0 2 0 0 1 0 1 1 2 2 2 0 2 2 0
0 2 0 0 2 1 0 0 2 0 0 1 1 1 2 2 1 1 0 0 2 0
0 1 1 0 2 1 0 0 2 1 2 2 1 2 2 2 1 2 0 0 2 0
0 2 0 1 2 0 0 0 2 1 1 0 1 1 0 2 1 0 0 2 2 0
0 2 0 0 1 1 0 0 2 0 0 0 1 1 2 2 1 1 0 0 2 0
0 1 1 1 2 0 0 0 2 0 1 0 0 2 1 2 2 1 0 1 2 1
0 2 2 0 2 0 0 0 2 1 1 2 1 1 1 2 1 2 0 1 2 0
0 1 0 0 2 0 0 0 2 0 0 1 0 0 1 2 2 2 0 1 2 1
0 2 0 1 2 1 0 0 2 0 0 0 0 0 2 2 2 2 0 1 2 0
0 2 2 2 2 0 1 0 1 0 0 0 1 2 1 2 2 1 0 0 2 0
0 2 0 1 2 2 0 0 2 1 1 0 0 2 1 2 2 1 0 0 2 1
0 2 1 1 1 1 0 0 2 1 1 0 0 2 2 2 1 1 0 2 2 0
0 2 1 2 2 1 0 0 2 0 1 0 0 1 0 2 0 2 0 1 2 1
0 2 1 0 1 2 0 0 2 0 0 0 0 2 1 2 1 2 0 1 2 1
0 2 0 2 2 0 0 0 2 0 1 0 1 1 2 2 1 1 0 0 2 0
0 1 0 1 2 1 1 1 2 0 2 1 1 1 1 2 2 2 0 1 2 0
0 1 1 0 2 1 1 0 2 0 0 2 0 2 2 2 2 1 0 1 2 1
0 2 1 1 1 1 0 0 2 0 2 1 2 2 1 2 2 2 0 1 2 0
0 2 0 0 2 0 0 0 2 0 1 1 1 1 2 2 2 2 0 2 2 0
0 1 0 1 2 2 0 0 2 0 0 0 0 1 2 2 2 2 0 2 2 0
0 2 2 1 1 1 0 0 2 1 0 0 2 1 1 2 2 2 0 1 2 0
0 2 0 1 2 1 0 0 2 1 2 1 1 1 2 2 2 1 0 1 2 0
0 2 0 1 2 1 0 1 2 0 0 1 0 2 2 1 1 1 0 1 2 0
0 1 1 0 2 0 0 0 2 0 1 1 0 0 1 2 0 1 0 1 2 0
0 2 0 0 1 2 1 0 2 0 1 1 0 1 2 2 2 2 0 0 2 0
0 2 2 0 1 1 0 0 2 0 1 0 0 2 0 2 1 2 0 1 2 0
0 2 0 2 2 0 0 0 1 0 0 0 1 2 1 1 2 2 0 1 2 0
0 1 2 2 2 1 0 0 2 0 2 0 1 2 1 2 2 1 0 0 2 0
0 1 1 1 2 0 0 0 2 1 0 1 2 2 1 2 2 1 0 2 2 0
0 2 1 0 2 1 0 0 2 0 0 1 1 2 2 2 2 1 0 0 2 0
0 2 2 1 2 2 0 0 2 0 1 0 0 0 0 0 2 1 0 0 2 0
0 2 0 0 2 1 0 0 2 0 0 1 0 1 2 2 1 2 0 1 2 0
0 2 0 1 2 1 0 0 2 0 0 1 0 1 1 2 1 2 0 0 2 0
1 2 0 2 2 2 1 0 2 1 0 2 0 2 1 2 2 1 0 2 2 0
0 0 1 1 2 0 0 0 2 0 0 1 1 1 0 1 1 2 0 1 2 1
0 2 1 1 1 1 0 0 2 0 1 0 1 1 2 1 1 2 0 1 2 1
0 2 0 1 2 1 0 0 2 0 0 1 0 0 0 1 2 1 0 1 2 1
0 2 1 2 2 0 0 0 2 1 1 2 1 2 2 2 1 2 0 0 2 0
0 2 0 2 2 1 1 0 2 0 0 0 0 0 1 2 2 1 0 1 2 0
0 2 1 1 1 1 1 0 1 1 0 1 0 1 1 2 2 1 0 0 2 0
0 1 2 1 0 0 0 1 2 1 0 0 0 2 2 2 0 1 0 2 2 0
0 2 0 1 2 1 1 1 2 1 0 0 0 1 0 2 1 1 0 1 2 0
0 2 2 2 2 2 0 1 2 0 0 0 0 1 1 2 2 2 0 2 2 0
0 2 0 1 2 0 0 0 2 0 1 0 0 1 0 2 2 2 0 2 2 0
0 2 2 1 1 1 0 0 2 1 1 0 0 2 1 2 2 1 0 1 2 0
0 1 1 2 2 2 0 0 2 0 1 1 0 1 1 2 2 1 0 2 2 1
0 2 0 1 2 1 0 0 1 0 0 1 0 1 2 2 1 1 0 2 2 0
0 1 0 2 2 0 0 0 2 1 1 1 0 2 2 1 2 1 0 1 2 0
0 2 0 2 2 0 0 0 2 0 0 0 0 1 1 2 2 1 0 0 2 0
0 2 0 1 2 1 0 0 2 0 0 2 0 1 2 2 2 2 0 1 2 0
0 2 0 0 1 0 0 0 2 0 0 0 0 1 0 2 2 2 0 0 2 0
1 1 1 1 2 1 0 0 2 0 1 0 0 2 2 2 2 2 0 0 2 1
0 2 0 2 1 1 0 0 2 1 1 0 0 1 0 2 2 2 0 1 2 0
0 2 0 2 2 2 0 0 2 1 1 1 1 1 2 2 0 1 0 1 2 0
0 1 0 2 2 0 0 0 1 1 0 0 1 1 1 2 2 2 0 0 2 1
0 2 1 2 2 2 0 0 2 0 0 0 1 1 2 1 1 2 0 1 2 0
0 2 2 1 1 1 0 0 2 0 1 0 0 2 1 2 1 2 0 1 2 0
0 2 1 1 2 0 0 0 2 0 1 0 1 0 2 0 2 1 0 2 2 1
0 2 0 1 2 0 1 0 2 0 1 0 1 2 0 2 2 2 0 2 2 0
0 2 0 1 2 1 0 0 2 0 0 0 1 1 1 2 1 1 0 2 2 0
1 2 0 0 2 1 0 0 2 1 1 1 0 1 1 2 2 2 0 0 2 0
0 2 1 2 1 0 1 0 2 1 0 0 1 1 1 2 1 2 0 0 2 0
0 1 0 0 2 0 0 1 2 1 0 1 0 0 0 1 2 2 0 1 2 1
0 2 1 1 2 1 0 0 2 0 0 0 1 1 1 2 0 1 0 1 2 0
1 2 1 1 2 0 0 0 2 1 1 0 0 0 2 1 2 1 0 2 2 0
0 2 1 1 1 1 0 0 2 0 1 0 1 1 2 1 1 2 0 2 2 0
0 2 0 2 2 1 0 0 2 0 1 0 1 1 2 2 1 2 0 1 2 0
0 2 1 0 1 1 0 0 2 0 0 1 2 1 2 2 2 2 0 1 2 1
0 2 1 1 1 0 0 0 2 0 1 0 2 2 1 2 2 2 0 2 2 0
0 2 0 1 2 1 0 0 2 1 1 0 0 1 1 2 1 2 0 1 2 1
0 1 1 2 1 0 0 0 2 0 0 1 0 2 1 2 2 1 0 1 2 0
1 2 0 1 1 0 0 0 2 0 1 1 1 2 0 1 2 1 0 1 2 0
0 2 2 2 2 1 0 1 2 0 0 0 2 2 2 2 2 1 0 1 2 0
1 1 0 0 1 1 0 0 2 0 0 0 2 0 1 2 2 2 0 1 2 0
0 1 0 2 2 2 0 0 2 0 0 0 1 2 1 2 1 1 0 1 2 0
0 2 1 0 2 1 0 0 2 1 0 0 0 1 2 2 2 1 0 1 2 0
0 2 0 2 2 0 0 2 2 1 1 1 1 1 2 2 2 2 0 2 2 0
0 1 0 0 1 0 0 0 2 1 0 0 1 0 2 1 1 2 0 2 2 0
0 2 0 1 1 1 0 0 2 1 2 0 0 1 2 2 1 2 0 1 2 1
0 1 1 1 2 0 1 0 2 1 1 0 2 1 1 2 2 2 0 0 2 0
0 0 0 0 2 1 0 0 2 0 1 1 1 2 1 1 2 2 0 1 2 0
0 2 1 1 2 1 0 0 2 0 1 0 0 1 2 2 1 2 0 1 2 0
0 0 0 1 1 1 0 0 2 1 0 1 2 1 1 2 1 1 0 1 2 0
0 1 0 0 2 1 0 0 2 0 1 1 1 2 2 2 2 1 0 2 2 0
0 2 0 1 2 0 0 1 2 0 0 1 0 1 1 2 1 1 0 1 2 0
0 2 1 1 1 0 0 0 1 1 1 1 2 1 1 2 2 2 0 0 2 0
0 2 1 2 2 2 0 0 2 1 0 0 0 2 0 2 1 1 0 1 2 0
0 2 1 0 2 1 0 0 2 0 1 1 0 2 1 2 1 2 0 2 2 1
0 2 1 0 2 0 0 1 2 0 1 1 0 2 0 2 1 0 0 1 2 1
1 2 1 1 2 2 0 0 2 0 1 1 1 1 1 2 1 1 0 1 2 0
0 2 0 2 2 1 0 1 2 1 2 1 1 1 2 2 2 2 0 0 2 0
0 2 0 1 2 0 0 0 2 0 1 0 0 2 2 2 2 1 0 1 2 1
0 1 1 1 1 1 0 0 2 0 1 0 1 2 1 1 2 2 0 2 2 1
0 1 1 0 2 0 1 0 2 0 1 0 2 2 2 1 2 2 0 2 2 0
0 2 1 1 2 1 0 0 2 0 0 0 0 2 2 2 1 2 0 0 2 0
0 1 0 1 2 0 0 0 2 1 0 0 1 1 0 2 2 1 0 1 2 0
0 2 0 2 2 0 0 1 2 0 1 0 0 2 0 2 2 1 0 0 2 0
0 2 0 0 1 1 0 0 2 1 1 1 1 2 1 2 2 2 1 0 2 2
1 2 1 1 1 2 0 0 1 0 0 1 0 1 2 1 1 1 0 0 2 1
1 2 0 1 2 0 0 0 2 1 2 0 0 1 2 2 1 2 0 0 2 0
0 1 0 1 1 0 0 0 2 1 1 0 1 2 1 2 2 1 0 2 2 1
0 2 0 1 2 0 0 0 1 0 0 1 1 2 2 2 2 1 0 2 2 0
0 2 0 0 2 1 0 0 2 0 0 1 1 1 1 2 1 2 0 1 2 0
0 2 2 1 2 1 0 0 2 0 1 1 1 1 1 2 2 2 0 0 2 0
0 2 1 1 2 1 1 0 2 0 1 0 1 2 1 2 1 2 0 1 2 0
0 2 0 0 2 0 0 0 2 1 0 0 1 1 0 2 2 1 0 1 2 0
1 0 0 2 2 2 0 0 2 1 1 1 1 2 1 2 1 2 0 1 2 0
0 2 1 1 2 0 0 0 2 0 1 2 0 1 2 2 2 1 0 1 2 0
0 1 0 1 2 1 0 0 2 0 1 1 1 1 0 1 2 1 0 1 2 0
1 1 0 2 1 1 0 0 2 0 0 2 0 1 2 2 1 1 0 1 2 0
0 2 2 1 1 1 0 1 2 1 1 0 0 2 0 2 0 2 1 1 2 1
0 2 1 0 1 2 0 0 2 0 0 0 0 1 1 1 1 2 0 2 2 0
0 2 0 0 2 1 1 0 2 0 2 0 0 1 1 1 2 1 0 1 2 1
0 2 2 0 2 0 0 0 2 0 0 1 0 1 2 2 2 2 0 1 2 0
0 2 0 2 2 1 0 1 2 1 1 1 0 2 1 2 2 2 0 1 2 0
0 2 1 1 2 2 0 0 1 0 0 1 2 1 0 2 1 1 0 1 2 0
0 2 0 1 2 1 0 1 2 1 0 0 0 0 1 2 1 1 0 2 2 0
0 2 0 1 1 1 0 0 1 0 0 1 0 1 1 2 2 1 0 1 2 0
0 2 1 1 2 1 0 0 2 0 1 2 1 1 1 2 2 2 0 0 2 0
0 2 1 1 2 0 0 0 2 0 0 0 0 0 2 1 1 1 0 0 2 0
0 1 0 1 1 1 0 0 2 0 1 0 2 0 1 1 2 0 0 1 2 0
0 2 0 2 2 0 0 0 2 1 0 1 0 2 1 1 2 1 0 0 2 0
0 2 2 1 2 1 0 0 2 0 1 1 0 0 0 2 2 1 0 0 2 0
0 2 0 0 2 1 0 0 2 0 1 1 1 0 1 2 1 1 0 1 2 1
1 1 1 2 2 0 0 0 2 0 1 2 1 2 2 2 2 1 0 1 2 1
0 1 1 1 2 1 0 0 2 1 1 0 0 1 1 2 1 0 0 2 2 1
0 2 0 2 2 1 0 1 2 1 1 1 2 1 1 2 0 2 0 0 2 0
1 1 2 0 1 1 0 0 2 1 2 0 1 2 2 2 1 1 0 1 2 0
0 2 1 0 2 0 0 0 2 0 0 0 1 1 2 2 2 1 0 0 2 0
0 1 0 1 1 0 0 0 2 0 2 1 2 2 2 2 2 1 0 1 2 0
0 2 0 1 2 1 0 0 2 0 1 0 1 0 1 2 2 2 0 1 2 0
0 1 1 1 1 1 0 0 2 0 0 1 2 1 0 2 2 2 0 1 2 0
0 2 0 2 1 1 0 0 2 0 1 0 1 0 2 1 1 2 1 2 2 0
0 2 0 1 2 2 0 2 2 0 1 2 0 1 1 2 1 1 0 2 2 0
1 2 0 1 1 1 0 0 2 0 1 1 0 1 2 2 2 2 0 0 2 1
1 2 2 1 2 1 0 0 2 0 1 1 1 1 2 2 2 2 0 0 2 0
0 2 1 1 1 0 0 1 2 1 0 0 1 0 0 2 2 2 0 1 2 0
0 1 0 2 2 1 0 0 2 0 1 1 1 0 1 1 2 2 0 0 2 0
0 2 0 0 2 0 0 1 2 1 1 1 1 1 2 2 1 2 0 2 2 0
0 2 1 0 2 1 0 0 2 0 1 0 1 1 0 2 0 1 0 1 2 0
0 1 2 1 1 1 0 0 2 0 2 0 0 2 1 2 2 2 0 1 2 0
1 2 1 1 2 0 0 0 2 0 0 0 1 1 2 2 2 2 0 0 2 0
0 2 2 0 2 0 1 0 2 0 1 0 0 1 1 2 1 2 0 2 2 0
0 2 2 1 2 1 0 0 2 1 0 1 1 0 0 1 2 1 0 1 2 0
0 2 0 2 2 0 0 0 2 0 1 0 1 1 1 2 2 0 0 0 2 0
0 2 0 0 2 1 0 0 2 0 1 0 1 2 0 2 2 2 0 2 2 0
0 2 1 1 1 2 0 0 2 0 0 0 0 2 1 2 2 1 0 0 2 0
1 2 1 1 1 2 0 0 2 1 0 0 1 2 1 2 2 1 0 2 2 0
0 2 0 1 2 1 0 1 2 1 1 2 0 1 0 2 2 1 0 1 2 0
0 2 2 0 0 0 0 0 2 1 1 0 0 2 1 2 1 2 0 0 2 0
0 2 2 1 2 1 0 0 2 0 0 1 1 1 2 2 2 1 0 1 2 0
0 2 1 1 2 1 0 0 2 1 0 1 1 1 1 2 1 2 0 0 2 0
0 2 1 0 1 0 0 1 2 0 1 0 0 1 1 2 0 1 0 1 2 0
0 2 1 0 2 0 0 1 2 0 1 1 1 1 1 2 1 0 0 1 2 0
0 0 0 0 2 2 1 0 2 1 0 0 1 1 0 2 1 0 0 1 2 2
0 2 2 0 1 1 0 0 2 0 1 1 0 2 2 2 2 2 0 2 2 0
0 1 1 1 2 0 0 0 2 0 0 0 1 1 2 2 2 1 0 1 2 1
0 2 0 1 1 1 0 0 2 0 0 0 2 2 0 2 1 2 0 1 2 0
0 2 1 1 2 1 0 0 2 0 0 1 1 1 2 2 2 1 0 0 2 0
0 2 0 1 2 0 0 0 2 0 0 0 2 0 0 2 1 2 0 1 2 0
0 2 1 2 2 1 0 1 2 0 0 1 2 2 1 2 1 1 0 1 2 1
0 2 1 1 2 2 0 0 2 0 1 0 0 1 2 2 2 1 0 1 2 0
0 2 2 1 2 0 0 0 2 0 0 0 2 2 2 2 2 2 0 1 2 0
1 2 0 0 1 1 1 0 2 0 1 1 0 2 2 2 1 1 0 1 2 1
0 2 1 1 1 1 0 0 2 0 1 1 0 0 1 2 2 1 0 0 2 0
0 2 1 1 2 1 0 0 2 0 1 1 0 0 1 2 2 2 0 1 2 0
0 2 0 1 1 1 0 0 2 0 0 0 1 1 2 2 1 1 0 0 2 1
0 1 0 2 1 0 0 0 2 1 0 0 0 2 0 2 2 1 0 2 2 1
0 2 1 1 2 0 0 0 2 0 1 1 1 1 2 1 2 1 0 2 2 0
0 2 2 2 1 0 0 1 2 0 0 1 0 1 0 2 2 2 0 0 2 0
0 2 1 2 2 0 0 1 2 0 0 0 2 1 0 1 2 1 0 1 2 0
0 2 0 1 2 0 0 1 2 0 0 0 1 1 2 2 2 1 0 1 2 1
0 2 0 1 1 1 0 0 2 0 0 1 1 1 2 2 1 2 0 2 2 0
1 2 1 0 1 0 0 1 2 0 0 1 0 2 1 2 2 2 1 1 2 1
0 2 1 2 2 1 1 0 2 0 0 0 1 1 1 2 2 2 0 0 2 0
0 2 0 1 1 1 1 0 2 0 1 0 0 0 1 2 1 1 0 0 2 0
2 2 1 2 1 0 0 0 2 1 0 0 1 2 1 2 2 1 0 0 2 1
1 2 0 0 2 1 0 0 2 0 1 2 0 2 1 2 2 2 0 1 2 0
0 1 0 1 2 1 0 0 2 0 1 1 1 2 0 1 0 1 0 1 2 0
1 1 1 2 2 2 0 0 1 1 2 0 0 0 2 2 2 1 0 1 2 1
1 2 1 2 1 0 0 0 2 1 0 0 2 2 2 1 0 1 0 2 2 0
0 1 0 0 1 0 0 0 2 0 1 1 0 0 1 2 2 1 0 2 2 0
1 2 0 0 1 1 0 0 1 0 1 1 0 1 1 2 2 2 0 0 2 0
0 2 1 1 2 1 1 0 2 0 1 1 2 1 2 2 2 2 0 1 2 1
0 2 0 1 2 1 1 0 2 0 0 0 0 0 1 2 2 2 0 2 2 0
0 2 0 1 2 1 0 0 2 0 0 0 1 1 0 2 1 1 0 1 2 0
0 2 0 2 1 1 0 0 2 1 0 0 2 2 1 2 2 2 0 0 2 0
0 1 0 1 1 1 0 0 2 0 0 1 0 1 2 2 1 2 0 0 2 1
0 2 0 0 2 1 0 0 2 0 1 1 0 1 0 2 2 2 0 1 2 1
0 1 2 1 2 1 0 0 2 1 0 1 1 1 2 1 2 2 1 2 2 0
0 2 0 0 2 0 0 0 1 1 1 0 2 2 0 2 1 0 1 1 2 0
0 1 0 2 2 2 0 1 2 0 1 0 1 0 2 2 2 2 0 1 1 0
0 1 1 1 1 0 1 0 2 0 1 1 1 2 1 2 2 2 0 1 2 0
0 2 1 0 2 0 0 0 2 0 0 1 1 2 2 1 1 2 0 0 2 0
0 2 0 2 0 2 0 0 2 1 0 0 1 1 1 2 0 1 0 1 2 0
0 0 0 1 2 0 0 0 2 0 2 0 0 0 1 2 2 1 0 0 2 0
0 2 1 1 1 1 0 0 2 0 0 0 0 1 0 2 1 1 1 1 2 0
0 2 0 1 2 2 0 0 2 0 0 1 1 2 1 2 2 2 0 1 2 0
0 1 1 2 1 0 1 1 2 0 0 1 0 1 1 2 1 2 0 1 2 0
0 2 2 0 2 1 0 1 2 0 0 1 1 1 2 2 0 2 0 1 2 0
0 2 0 1 1 1 1 1 2 0 1 0 0 1 2 2 2 1 1 2 2 0
0 1 0 1 1 1 0 0 2 0 0 0 1 0 2 2 2 2 0 1 2 1
0 2 2 2 2 1 0 0 2 0 1 0 1 1 1 1 2 1 0 0 2 0
1 2 0 2 1 1 0 0 2 0 0 0 1 2 2 2 2 0 0 1 2 0
1 2 1 1 2 1 0 1 2 1 0 0 0 0 1 1 2 2 0 1 2 1
0 2 0 1 1 1 0 0 2 0 0 0 1 1 0 1 2 1 0 1 2 0
1 2 0 2 2 0 0 0 2 0 1 1 1 2 0 2 1 1 0 2 2 0
0 2 1 0 0 0 0 0 2 0 0 0 0 1 0 1 2 1 0 0 2 1
0 1 0 1 1 1 0 1 2 0 1 0 0 2 2 1 1 1 0 2 2 0
0 2 0 1 2 0 0 0 2 0 1 0 1 1 2 2 2 2 0 1 2 0
0 1 1 0 2 0 0 0 2 1 0 0 1 1 1 2 1 2 0 1 2 0
0 2 1 2 0 1 1 0 2 1 0 0 1 1 2 1 2 2 0 1 2 0
1 2 1 2 2 1 0 0 2 1 0 1 1 2 1 2 1 2 0 0 2 0
0 0 0 1 2 1 0 0 1 0 1 1 1 2 2 2 2 1 0 0 2 1
1 1 0 1 1 1 1 0 2 0 1 2 2 2 2 1 2 2 0 1 2 0
0 2 1 0 2 2 0 0 2 0 0 1 0 2 2 2 2 2 0 1 2 0
0 2 2 0 1 2 0 1 2 0 2 1 1 1 1 1 2 2 0 2 2 0
0 2 1 1 2 1 0 1 2 0 1 0 0 2 1 1 1 0 0 1 2 0
0 2 0 1 2 0 1 0 2 0 1 0 1 0 0 2 2 2 0 1 2 1
0 2 0 0 2 0 0 1 2 0 0 1 1 1 1 2 2 1 0 2 2 0
0 1 0 1 1 1 0 2 2 0 0 0 1 1 1 1 1 1 0 1 2 0
0 2 2 0 1 0 0 0 1 0 0 1 0 0 1 2 1 0 0 1 2 0
0 2 0 0 2 2 0 1 1 0 0 0 1 2 0 2 2 1 0 2 2 1
0 1 0 2 1 2 0 0 2 0 0 1 1 2 2 2 2 2 0 2 2 1
0 1 0 0 2 0 0 0 2 0 1 2 0 1 0 2 2 1 0 1 2 1
0 2 0 1 2 0 0 0 2 0 1 2 2 0 0 2 2 0 0 0 2 0
0 1 0 0 1 0 1 0 2 0 0 0 0 2 1 2 1 1 0 0 2 0
0 2 0 1 2 1 0 0 2 0 1 0 1 0 2 2 2 2 0 0 2 0
0 2 0 1 1 1 0 0 2 0 0 2 1 0 1 2 2 0 0 0 2 1
0 1 1 2 2 1 1 0 2 0 1 1 1 2 1 2 2 2 1 1 2 0
0 2 0 0 2 0 0 0 2 0 1 1 0 2 1 2 2 1 0 0 2 0
0 2 2 1 1 1 1 0 2 0 0 0 2 1 1 2 1 1 0 1 2 1
0 2 0 1 1 1 0 0 2 0 1 0 0 1 1 2 2 1 0 1 2 0
0 2 2 1 0 0 0 0 2 0 1 0 0 0 2 2 2 2 0 0 2 0
0 1 0 0 2 0 0 0 2 0 1 0 1 2 0 2 1 2 0 1 2 0
1 1 1 1 2 1 0 1 2 0 1 1 0 2 2 2 2 2 0 1 2 0
1 2 1 1 2 1 0 0 2 1 1 0 1 2 1 2 1 2 0 1 2 1
0 2 2 1 2 0 0 0 2 0 1 0 1 2 1 2 2 1 0 0 2 0
0 1 0 2 2 1 1 0 2 0 1 1 1 0 2 2 2 1 0 1 2 0
0 2 1 2 1 1 0 0 2 0 1 1 0 2 0 2 1 1 0 2 2 0
0 2 0 2 2 0 0 1 2 2 0 0 1 1 1 2 2 0 0 1 2 0
0 1 1 1 2 0 0 0 2 0 1 1 1 0 0 2 1 2 0 2 2 0
0 2 2 0 2 1 0 0 2 0 0 0 2 1 1 2 2 0 0 2 2 0
0 2 1 1 2 1 0 0 2 0 1 2 1 1 0 2 1 2 0 1 2 0
0 2 1 1 2 0 0 1 2 0 0 0 0 2 2 1 2 1 0 1 2 0
0 2 0 1 2 1 0 0 2 1 1 0 1 1 1 2 2 2 0 1 2 0
0 2 0 1 1 1 0 1 2 0 0 1 1 2 1 2 2 2 0 0 2 0
1 1 0 1 2 1 0 1 2 0 1 0 0 1 2 2 1 1 1 0 2 0
0 2 0 1 2 1 0 0 2 0 0 0 1 1 1 2 2 2 0 2 2 1
2 2 0 1 2 0 1 0 2 0 0 0 2 1 2 1 2 2 0 2 2 0
1 2 1 2 1 0 1 0 2 0 1 1 0 1 1 2 0 2 0 1 2 0
0 2 0 0 2 1 0 0 2 1 1 0 0 1 1 2 1 1 0 1 2 0
0 1 2 1 2 0 1 0 2 0 0 0 1 1 1 2 1 1 0 1 2 0
1 2 2 2 2 0 0 0 2 1 0 1 1 1 2 1 2 1 0 1 2 0
0 2 2 1 2 0 0 0 2 0 1 0 1 2 1 2 2 1 0 0 2 0
1 2 0 0 2 0 0 0 2 0 0 0 0 2 0 1 1 0 0 2 2 0
0 2 0 2 2 1 0 0 2 0 1 0 0 1 1 2 1 1 0 0 2 0
0 2 1 1 1 1 0 0 2 0 0 0 1 1 2 2 2 1 1 1 2 0
0 1 2 1 2 1 0 0 2 0 1 1 0 1 2 1 1 1 0 1 2 0
0 2 1 2 2 1 0 0 2 0 1 1 1 1 1 2 1 1 0 1 1 0
0 2 0 2 0 0 1 0 2 0 0 0 1 0 2 2 2 2 0 0 2 0
0 1 1 0 1 1 0 0 2 0 0 0 0 0 2 2 1 2 0 2 2 0
0 2 0 1 2 1 0 0 2 0 0 1 0 1 1 2 1 1 0 0 2 0
0 2 0 2 2 0 0 0 2 0 1 0 2 0 1 2 1 1 0 0 2 1
0 2 2 1 1 0 0 1 2 0 1 1 0 2 2 2 2 2 0 1 2 0
0 2 1 2 2 1 0 0 1 0 0 0 1 0 0 1 1 2 0 1 2 1
0 2 0 0 2 0 0 0 2 1 0 0 2 2 1 2 2 2 0 2 2 0
0 2 1 1 2 0 0 0 2 0 1 0 0 1 1 2 0 1 0 2 2 0
0 2 1 0 2 1 1 1 2 0 0 0 1 1 1 2 1 2 0 1 2 1
1 2 0 0 1 1 1 0 2 0 0 0 2 1 0 2 0 1 0 1 2 0
1 2 1 1 2 0 0 0 2 0 0 0 1 0 0 2 2 2 0 1 2 0
0 2 0 1 1 1 0 0 2 0 1 0 0 2 1 2 2 2 0 0 2 0
0 2 0 2 2 1 0 0 2 1 0 0 2 2 2 2 1 1 0 2 2 0
0 2 0 1 1 1 0 0 2 0 0 0 0 2 2 2 2 0 0 1 2 0
1 2 0 1 2 0 0 0 2 1 0 1 0 1 0 2 1 2 0 2 2 0
1 2 2 0 1 0 0 0 2 1 0 0 1 0 1 2 2 2 0 2 2 1
0 2 1 1 2 0 0 0 2 1 1 1 0 1 2 2 2 1 0 1 2 0
0 2 0 1 2 0 1 0 2 0 2 0 0 2 0 2 1 1 0 2 2 0
0 2 0 1 2 2 1 1 2 0 0 1 2 1 1 2 1 2 0 1 2 0
0 1 0 1 2 1 0 0 2 0 1 1 1 1 2 2 1 2 0 2 2 1
0 2 0 2 2 0 0 0 2 0 1 1 1 0 0 2 2 2 0 1 2 0
0 2 0 1 2 0 0 0 2 0 1 1 1 1 1 2 1 2 0 1 2 0
0 2 2 0 1 0 0 0 2 0 1 0 0 2 1 1 2 2 0 1 2 0
1 2 0 1 2 0 0 0 2 1 0 0 1 0 0 2 2 2 0 1 2 0
0 2 1 0 2 2 1 1 2 0 1 0 0 2 1 2 2 1 1 1 2 0
0 1 0 2 1 1 1 0 2 0 0 1 0 0 1 2 2 2 0 0 2 1
0 2 0 1 2 1 0 0 2 1 0 0 0 2 1 1 1 2 0 1 2 0
1 2 1 1 2 2 0 0 2 0 0 0 1 1 1 2 1 2 0 1 2 0
0 2 1 1 2 1 0 0 2 0 0 0 0 1 2 2 2 2 0 1 2 0
0 2 0 1 2 0 0 0 2 0 1 1 2 2 2 2 2 1 1 1 2 0
1 2 1 0 1 1 0 0 2 0 1 1 1 0 1 2 2 2 0 1 2 0
0 2 1 0 2 1 0 0 2 0 0 0 1 1 1 2 2 0 0 1 2 0
0 1 1 1 2 0 0 0 2 0 1 0 0 2 2 2 2 2 0 2 2 0
0 1 0 2 1 1 0 1 2 0 1 2 1 1 1 2 1 1 0 1 2 0
0 1 0 2 0 1 0 0 2 0 1 1 1 2 1 2 2 2 0 1 2 0
0 2 1 1 2 0 0 0 2 0 1 2 0 2 2 2 2 2 0 1 2 0
0 1 1 0 1 0 0 0 2 0 1 2 0 1 1 2 2 1 0 1 2 0
0 2 0 1 2 1 1 0 2 0 0 1 0 2 1 2 1 2 0 0 2 0
0 1 0 1 2 2 1 0 2 0 1 0 0 1 1 1 2 2 0 0 2 0
0 2 0 2 2 2 0 0 2 0 0 1 0 2 1 2 2 2 0 0 2 0
0 1 0 1 2 0 0 0 1 0 0 1 1 2 2 2 2 2 1 1 2 0
0 2 0 1 2 1 0 0 2 0 0 0 2 1 1 2 2 1 0 0 2 0
0 2 0 0 2 2 0 0 2 0 0 1 1 1 2 1 2 2 0 1 2 0
0 2 1 0 1 1 0 0 2 0 0 0 1 1 1 1 2 2 0 1 2 0
0 2 1 0 2 1 0 0 2 0 0 0 2 2 2 2 1 1 0 1 2 1
0 2 0 1 2 0 0 0 2 1 1 0 1 2 2 1 2 0 0 1 2 0
0 2 0 1 1 1 0 0 2 0 0 0 0 2 1 2 2 1 0 0 2 0
0 2 0 1 1 1 0 0 2 0 1 0 0 1 2 2 1 0 0 1 2 0
0 2 2 0 1 1 0 0 2 0 1 1 0 1 1 2 2 2 0 2 2 0
0 2 0 2 2 0 0 0 2 1 1 1 0 1 2 2 2 1 0 0 2 0
0 2 0 0 2 0 0 0 2 1 0 0 0 1 2 2 1 1 0 0 2 0
1 2 1 0 2 0 0 0 2 0 1 0 0 1 2 2 2 1 1 1 2 0
0 2 1 1 2 2 0 0 1 0 1 0 2 0 2 1 1 1 0 1 2 0
1 2 0 1 2 2 0 0 1 0 1 1 0 1 1 2 1 2 0 1 2 0
1 1 1 1 1 2 0 1 2 0 0 0 1 1 1 2 1 2 0 1 2 0
0 2 0 1 1 2 0 0 2 0 0 0 0 1 2 1 1 1 0 1 2 1
0 2 1 0 0 0 0 0 2 0 1 0 0 2 2 2 0 2 0 1 2 0
1 2 1 0 2 1 0 0 2 0 0 1 1 0 0 2 2 2 0 1 2 0
0 1 0 1 2 2 0 0 1 1 1 1 1 2 1 2 2 2 0 1 2 0
0 2 0 1 1 0 0 1 2 1 1 1 2 1 1 2 2 1 0 2 2 0
0 2 1 1 1 0 0 0 2 0 1 0 1 1 1 2 1 2 0 0 2 1
1 1 2 1 2 1 0 0 2 0 0 1 0 1 1 2 2 2 0 0 2 1
0 0 0 1 2 1 0 0 2 0 1 1 1 1 2 2 0 1 0 1 2 1
0 2 0 1 1 1 0 1 2 0 1 0 0 0 2 1 1 2 0 0 2 0
0 2 0 2 1 1 0 1 2 1 0 0 1 2 2 2 1 2 0 1 2 0
0 2 1 1 1 2 0 0 2 1 0 0 0 1 2 1 1 2 0 1 2 0
0 1 0 2 2 2 2 0 2 0 1 2 2 1 1 2 2 2 0 2 2 2
1 1 1 2 2 0 0 0 2 1 1 0 0 2 0 2 2 1 0 2 2 0
0 2 1 2 2 1 0 0 2 0 0 0 1 2 2 2 2 0 0 1 2 0
0 2 0 1 1 1 0 0 2 0 0 1 1 2 2 2 1 1 0 1 2 0
0 1 1 1 1 1 1 0 2 0 1 0 0 0 2 2 2 2 0 1 2 1
0 2 1 0 1 1 0 0 2 0 2 0 1 1 1 2 1 1 0 1 2 1
0 2 0 2 2 1 2 0 2 0 1 2 1 1 1 2 2 2 0 1 2 0
0 2 0 0 1 0 0 0 2 0 1 0 1 1 0 1 2 0 0 0 2 0
0 2 1 0 2 0 0 0 2 0 0 1 1 2 2 2 2 2 0 1 2 0
0 2 0 1 1 2 0 0 2 0 0 1 0 0 1 2 2 1 0 1 2 0
0 1 1 0 2 1 0 0 2 0 0 2 0 0 1 2 2 2 0 1 2 0
1 2 1 1 2 1 0 0 2 0 1 0 0 1 1 1 1 1 0 1 2 0
0 2 2 0 2 1 0 0 2 1 1 0 2 1 2 2 2 2 0 0 2 0
0 2 1 1 2 1 0 0 2 0 0 0 0 0 1 1 1 2 0 2 2 0
0 2 1 1 0 1 0 0 2 1 1 0 2 1 2 2 1 1 0 1 2 0
0 2 2 0 2 1 0 0 2 0 0 0 0 1 2 2 2 1 1 0 2 0
0 2 1 2 2 2 2 2 2 0 1 1 2 0 2 2 1 0 0 0 2 0
0 2 1 1 2 1 0 0 2 1 0 0 1 2 1 2 2 2 0 0 2 0
0 1 0 2 2 0 0 0 2 1 1 2 2 0 2 2 2 0 0 2 2 1
0 2 0 1 2 0 0 0 2 1 0 1 1 2 1 2 2 1 0 0 2 1
0 2 0 1 2 0 0 0 2 1 1 0 0 1 2 2 1 1 0 1 2 0
0 2 2 1 2 0 0 0 2 0 1 0 2 1 0 2 0 2 0 1 2 0
0 1 0 1 1 1 0 1 2 0 2 0 2 1 1 2 2 0 1 1 2 0
0 0 0 1 1 2 0 1 2 0 2 0 1 1 2 2 2 2 0 1 2 0
1 2 0 0 0 0 0 0 2 0 0 0 2 0 2 2 2 2 0 2 2 0
0 1 0 1 0 1 1 0 2 0 0 0 1 2 1 2 2 0 0 1 2 0
0 2 1 1 2 1 0 0 2 0 0 2 1 0 1 2 1 2 0 1 2 0
0 2 1 0 1 0 0 1 2 0 0 0 1 1 0 2 2 1 1 2 2 2
1 2 0 1 1 1 0 0 2 0 0 1 1 1 2 2 1 0 0 0 2 0
1 2 0 2 1 1 0 0 2 0 0 1 1 0 1 2 2 2 0 1 2 0
1 2 1 2 1 0 0 0 2 0 1 0 0 1 2 2 2 2 0 2 2 0
0 1 2 1 0 1 0 0 2 0 0 0 1 0 1 2 2 1 0 1 2 0
0 1 1 1 2 0 0 0 2 1 0 0 1 1 2 1 2 1 0 1 2 0
0 2 0 1 1 0 0 0 2 0 1 1 2 2 2 2 2 1 0 1 2 0
0 2 1 0 2 1 0 0 2 0 1 1 1 1 2 2 1 2 0 1 2 0
0 2 0 1 2 1 0 0 2 0 0 0 1 1 1 1 2 1 0 1 2 0
0 2 1 0 2 1 0 0 2 0 1 1 1 1 2 2 2 2 1 1 2 0
0 2 1 0 2 1 0 0 2 0 1 0 0 1 1 2 2 2 0 2 2 0
0 2 0 1 2 1 0 0 2 0 0 0 2 2 0 2 1 1 0 1 2 0
0 2 1 0 1 1 0 0 2 0 0 1 1 1 1 2 2 1 0 1 2 1
0 2 0 0 1 0 0 0 1 1 0 1 1 2 2 2 2 2 0 1 2 1
0 2 1 2 2 1 0 0 2 0 1 1 1 2 1 2 2 2 0 0 2 0
0 2 2 1 1 2 0 0 2 0 2 1 0 1 2 2 1 1 0 2 2 0
1 1 0 0 2 1 0 0 2 0 1 0 2 2 0 2 1 2 0 2 2 0
0 2 1 2 2 0 1 0 0 0 0 0 0 0 2 2 2 1 0 0 2 0
0 1 0 0 2 0 0 0 2 0 0 0 1 0 2 2 2 1 0 1 2 0
1 2 0 1 2 0 0 0 2 0 0 1 1 1 1 1 2 1 0 2 2 0
0 2 2 1 2 0 0 0 2 1 1 0 2 1 1 2 2 1 1 1 2 0
0 2 1 1 2 1 0 1 2 0 0 0 1 1 1 2 2 0 0 2 2 0
0 2 1 1 2 1 0 0 2 0 0 0 1 2 0 2 2 1 0 1 2 0
0 2 0 0 2 0 0 0 2 1 0 0 0 0 1 2 2 1 0 1 2 0
0 2 1 1 1 0 0 0 2 0 0 0 1 0 2 2 2 2 0 2 2 0
0 0 0 1 1 2 0 0 2 0 0 1 0 2 2 2 2 2 0 1 2 0
0 2 1 2 2 0 0 0 2 0 1 0 1 1 0 2 2 2 0 2 2 0
1 2 1 1 2 1 0 0 2 0 0 0 0 1 1 1 2 1 0 1 2 0
0 2 2 1 2 0 0 0 2 0 0 0 0 0 2 2 1 1 1 2 2 1
1 2 2 2 1 0 0 0 2 0 1 0 1 1 2 2 2 2 0 1 2 0
0 1 0 1 2 0 0 0 2 0 1 0 1 1 1 2 2 2 0 1 2 0
0 2 0 1 2 0 0 1 2 1 1 0 0 1 2 2 2 2 0 1 2 1
0 2 0 2 1 1 0 0 2 0 2 0 1 1 1 2 1 2 0 0 2 0
0 1 1 1 2 1 0 0 2 0 0 0 1 1 2 1 0 2 0 1 2 1
0 2 1 1 1 2 1 0 2 0 0 1 0 0 0 2 0 2 0 1 2 0
0 2 0 0 1 1 0 0 2 0 0 0 0 2 1 1 2 2 0 0 2 0
0 2 1 0 2 2 0 0 2 0 1 2 1 1 0 2 1 2 0 2 2 0
0 2 2 2 2 1 1 0 2 0 0 1 1 0 2 2 1 2 0 2 2 0
0 2 0 2 2 2 0 0 1 0 0 0 1 2 1 1 2 0 0 0 2 0
0 2 0 1 2 0 0 0 2 0 1 0 1 1 1 2 1 2 0 1 2 1
0 1 0 1 2 2 0 0 2 0 2 1 0 0 1 2 2 2 0 2 2 0
0 2 1 2 2 1 1 1 2 0 0 1 0 2 2 2 2 2 0 2 2 1
0 2 1 0 1 1 0 0 2 1 1 0 1 1 1 2 1 2 0 0 2 0
0 2 1 2 2 1 0 0 1 0 1 0 2 2 0 1 2 2 0 0 2 0
0 2 1 1 1 1 0 0 2 0 0 1 0 1 1 2 2 0 0 1 2 1
1 2 1 0 1 1 0 1 2 0 0 0 1 1 0 2 2 2 1 1 2 0
0 1 0 2 2 1 0 0 2 1 0 0 1 1 2 2 2 2 0 1 2 0
0 2 1 1 1 1 0 0 2 0 1 0 1 1 1 2 2 1 0 2 2 0
0 2 1 1 2 0 2 1 2 0 1 1 1 1 1 1 2 2 1 0 2 1
0 2 0 0 1 2 0 0 2 0 1 0 2 1 1 2 2 1 0 0 2 1
0 1 0 2 0 1 0 0 2 1 0 0 0 2 1 2 2 1 0 1 2 0
1 2 0 0 1 2 1 0 2 0 1 1 0 1 2 2 0 1 0 1 2 0
0 1 1 1 2 1 0 0 2 0 1 0 2 1 1 1 1 1 0 0 2 0
0 2 1 0 1 0 0 0 2 0 0 1 1 0 1 2 1 1 0 1 2 0
0 2 0 1 2 0 0 1 2 0 0 0 0 0 1 2 1 2 1 1 2 0
0 2 1 0 2 1 0 0 2 0 1 0 0 2 1 2 1 2 0 2 2 0
0 2 0 2 2 1 0 0 2 0 0 1 0 1 1 2 1 2 0 2 2 0
0 2 0 2 2 1 0 0 2 0 1 1 0 2 2 2 0 1 0 2 2 1
1 2 0 2 1 1 0 1 2 0 1 1 1 2 2 2 1 2 0 1 2 0
0 2 0 1 0 0 0 1 2 0 0 0 0 1 0 2 2 1 0 1 2 0
0 1 1 1 2 0 0 0 2 0 1 0 1 2 2 2 2 2 0 2 2 0
0 2 0 1 2 1 0 1 2 0 0 0 1 1 2 2 1 2 0 2 2 0
0 2 1 1 2 1 0 0 2 0 1 0 0 0 1 2 2 0 0 1 2 0
0 1 0 2 1 0 0 0 2 0 0 0 0 0 2 2 2 2 0 1 2 1
1 2 1 1 2 0 0 0 2 0 1 0 2 1 0 2 2 0 1 0 2 0
0 2 1 0 2 1 1 0 2 0 1 1 0 1 2 2 1 1 0 1 2 0
2 2 1 1 2 0 1 1 2 0 1 1 0 1 1 2 1 1 1 1 2 0
0 2 0 2 1 0 0 0 1 0 1 1 1 1 0 2 2 2 0 1 2 0
1 2 2 2 2 1 0 0 2 0 1 0 0 1 1 2 2 1 0 1 2 0
0 2 0 0 2 1 0 0 2 0 1 1 1 1 1 2 1 1 1 1 2 0
0 2 2 1 1 0 0 0 2 0 0 1 1 1 1 2 1 2 0 1 2 0
0 2 2 2 2 1 0 1 2 0 0 1 0 0 2 2 1 2 1 2 2 0
0 2 2 2 1 2 1 0 2 0 2 2 0 1 2 2 2 2 0 2 2 1
1 2 0 1 2 1 0 1 2 0 0 0 1 2 0 2 2 2 0 1 2 0
0 2 1 1 1 1 0 0 2 0 1 0 1 1 2 2 2 2 0 2 2 0
0 2 0 1 2 1 0 0 2 1 1 0 0 0 2 2 1 1 0 0 2 1
0 2 0 1 2 1 0 0 2 0 1 0 1 1 0 1 2 1 1 2 2 0
0 2 0 1 2 1 0 0 1 0 2 1 1 1 2 2 1 1 0 2 2 0
1 2 0 0 0 2 0 0 2 0 1 0 0 1 1 1 1 1 0 1 2 0
0 1 0 0 1 2 0 0 2 0 0 0 2 1 1 2 2 2 0 0 2 0
0 2 1 1 2 1 0 0 2 0 0 0 1 0 1 0 2 2 0 1 2 0
1 2 2 1 2 1 0 0 2 0 0 0 0 1 0 2 2 0 0 1 2 0
0 2 2 1 2 0 0 0 2 0 1 1 2 2 1 2 2 2 0 1 2 1
0 2 0 0 2 1 0 0 2 0 0 1 0 1 2 2 2 2 0 2 2 0
0 2 0 1 2 0 0 0 2 0 1 0 1 0 2 1 1 1 0 2 2 1
1 1 1 1 2 0 0 0 2 0 0 0 1 0 1 2 2 2 0 1 2 0
0 2 2 1 2 1 0 0 2 1 0 1 2 1 2 2 1 2 0 2 2 0
0 2 1 1 2 0 0 0 2 0 1 0 0 0 1 2 1 2 1 0 2 0
0 2 0 0 2 0 0 0 2 0 0 1 0 2 2 2 1 2 0 0 2 0
0 2 1 1 1 1 0 1 2 0 1 2 1 1 2 2 1 1 0 1 2 0
0 2 0 1 2 0 0 0 2 0 1 1 2 2 1 2 1 2 0 1 2 0
0 0 0 1 1 1 0 0 2 0 2 0 2 0 0 2 2 1 0 1 2 0
0 2 0 1 2 1 0 0 2 0 2 2 1 2 2 2 2 1 0 2 2 0
0 1 1 1 2 1 0 1 1 0 0 0 1 1 1 2 1 2 0 1 2 0
0 2 1 1 2 1 0 1 2 1 0 1 0 0 0 2 2 2 0 0 2 0
0 2 0 2 2 0 1 0 2 0 0 1 1 1 2 2 1 1 0 0 2 0
0 1 0 1 2 1 0 1 2 0 0 0 1 1 1 2 1 2 0 0 2 0
0 1 1 1 1 0 0 0 2 0 0 0 0 1 1 2 2 2 0 1 2 0
0 2 1 1 1 1 0 0 2 0 0 0 1 1 1 2 1 1 0 1 2 0
0 2 1 1 0 0 0 0 2 0 0 1 0 2 2 2 2 1 0 1 2 0
1 1 1 2 1 1 0 0 2 0 1 1 0 2 2 2 1 1 0 1 2 1
1 2 1 1 2 1 0 0 2 1 2 0 2 2 1 2 1 1 0 0 2 0
0 2 1 1 1 0 0 0 2 0 2 0 0 1 2 2 2 2 1 1 2 0
0 2 2 2 1 0 0 0 2 0 0 0 1 1 0 1 2 2 0 1 2 0
0 1 0 2 1 0 0 0 2 0 0 1 1 0 1 2 2 1 0 0 2 0
0 2 0 1 2 0 0 0 2 0 0 1 0 0 1 2 2 2 0 0 2 0
0 2 1 1 1 2 0 0 1 1 0 0 1 2 1 2 1 2 0 0 2 1
0 1 0 1 2 1 0 0 2 1 1 0 0 1 0 1 2 2 0 1 2 0
0 2 2 2 2 0 0 0 2 1 0 0 1 1 1 2 2 2 0 2 2 0
0 2 0 0 2 1 0 1 2 0 1 0 0 2 1 2 2 2 0 2 2 0
0 1 1 1 2 0 1 0 2 2 0 1 0 2 2 2 0 0 0 2 2 0
0 2 0 1 1 1 0 0 2 0 1 0 0 2 1 1 2 2 0 0 2 0
0 2 0 0 2 1 0 0 2 0 0 2 1 1 1 2 2 1 0 0 2 0
1 1 1 1 1 1 0 0 2 1 1 0 2 1 1 2 1 2 0 2 2 0
0 2 2 1 2 1 0 0 2 0 2 0 0 2 2 2 1 2 0 2 2 0
0 2 0 0 2 1 0 0 1 0 0 1 0 0 1 2 1 2 0 2 2 0
0 1 0 0 2 1 0 0 2 0 0 0 1 2 1 2 1 2 0 0 2 0
0 2 0 2 2 0 2 1 2 0 0 1 0 2 2 2 2 2 0 1 2 0
0 2 1 0 2 1 0 0 2 0 1 1 0 1 1 2 2 2 0 1 2 0
0 2 0 0 1 1 0 0 2 1 1 1 0 2 1 2 2 2 0 1 2 1
0 2 1 0 2 1 0 1 2 1 0 1 1 2 0 2 1 2 0 2 2 0
0 2 1 1 2 0 0 0 2 0 0 0 0 0 1 2 2 2 0 1 2 0
0 2 0 0 2 0 0 0 2 0 1 0 0 1 1 2 1 1 0 1 2 0
0 2 1 1 1 2 0 0 2 0 0 0 0 0 2 2 2 2 0 0 2 0
1 2 0 1 2 1 0 0 2 0 1 0 2 1 0 2 0 2 0 1 2 0
0 2 1 1 2 0 0 0 2 0 1 1 1 1 1 2 2 2 0 2 2 0
0 1 2 1 1 1 0 0 2 0 0 1 0 0 0 1 1 2 0 0 2 0
0 2 1 1 2 1 0 0 2 0 1 0 0 2 1 2 2 1 1 0 2 0
0 2 0 1 2 0 0 0 2 0 0 1 0 1 0 2 1 1 0 0 2 0
1 1 0 1 0 0 0 0 2 0 1 0 1 1 2 2 1 2 0 2 2 1
0 2 2 0 2 2 0 0 2 0 1 0 0 2 1 2 1 2 1 1 2 1
0 2 1 2 2 0 0 1 2 0 0 1 1 0 2 2 2 2 0 0 2 0
0 2 2 0 1 1 0 0 2 0 0 0 1 1 0 2 1 2 0 2 2 0
1 2 1 0 2 0 0 1 2 0 1 0 1 1 2 2 1 0 0 1 2 0
0 2 1 2 2 1 0 0 2 0 1 0 1 1 1 2 1 1 0 2 2 0
0 2 0 1 2 2 0 0 2 0 2 0 1 1 1 2 1 0 0 2 2 0
1 1 1 2 2 1 0 0 2 0 1 0 1 0 2 2 1 2 0 1 2 0
1 2 2 0 2 1 1 0 2 0 0 1 2 1 2 1 1 2 0 1 2 0
0 2 0 2 1 0 0 0 2 0 1 1 0 2 2 2 2 2 0 1 2 1
1 2 1 2 1 1 0 0 2 0 0 1 1 1 0 1 1 2 1 1 2 0
0 2 0 0 1 0 0 0 2 0 1 0 1 2 2 2 2 0 0 1 2 1
0 2 0 2 1 0 0 0 2 0 0 0 0 2 1 2 1 1 0 1 2 1
0 2 1 0 2 0 0 0 2 0 0 0 2 1 0 2 1 2 0 0 2 0
0 2 1 2 2 1 1 0 2 1 0 0 0 0 2 1 1 2 0 2 2 0
1 2 1 0 2 0 0 0 2 0 1 1 0 2 0 2 2 1 0 2 2 0
0 2 2 0 2 2 0 0 1 0 2 0 1 2 2 2 2 1 0 0 2 0
0 2 0 1 2 1 0 0 2 0 1 1 1 2 1 2 1 1 0 1 2 0
0 2 0 0 1 0 0 0 2 0 1 1 1 2 1 1 1 2 0 1 2 0
1 2 1 1 2 2 0 0 2 0 0 0 1 2 0 2 1 2 0 1 2 0
0 1 1 2 2 0 1 1 2 1 0 0 0 2 1 2 1 1 0 2 2 0
0 1 2 1 0 0 0 0 2 1 1 2 0 2 2 2 1 1 0 0 2 0
0 1 1 0 2 0 0 0 2 0 1 0 1 2 0 2 0 2 0 1 2 0
0 2 1 0 2 1 0 0 2 0 0 0 1 1 1 2 1 1 0 0 2 0
0 2 1 1 1 1 0 0 2 0 1 0 0 1 1 2 2 1 0 2 2 0
0 1 0 1 1 0 0 0 2 0 1 1 0 0 0 2 2 2 0 2 2 0
0 1 0 0 2 0 0 0 1 1 1 1 0 1 2 2 2 1 0 2 2 2
0 1 0 1 1 0 1 0 2 0 0 1 1 2 1 1 2 2 1 1 2 0
0 2 1 1 1 1 0 0 0 0 0 1 1 2 1 2 0 2 0 2 2 0
0 2 1 1 0 1 0 0 2 1 2 0 1 0 1 2 0 2 0 2 2 0
1 2 1 0 2 0 0 0 2 0 2 1 0 2 1 2 1 1 0 0 2 0
0 2 0 0 1 1 0 1 2 1 0 0 0 2 2 1 1 2 1 1 2 0
0 2 0 0 1 1 1 0 2 0 2 1 0 1 1 2 2 2 0 2 2 0
1 2 1 1 1 1 0 1 2 0 0 0 1 0 1 2 2 2 0 2 2 0
1 2 1 1 2 0 0 0 2 1 1 0 2 2 2 2 0 1 0 1 2 0
0 2 0 0 2 1 0 0 2 0 0 0 0 2 0 2 2 2 0 2 2 0
0 2 0 0 1 1 0 0 2 0 1 0 0 2 1 2 2 1 0 0 2 0
0 2 0 0 2 1 0 0 2 0 0 0 1 1 1 2 2 1 0 0 2 0
1 0 0 2 1 0 0 0 2 0 1 1 1 0 1 2 2 1 0 1 2 1
0 2 0 2 2 0 0 1 2 0 0 0 2 1 1 2 2 1 1 2 2 0
1 2 1 0 1 1 0 0 2 0 0 1 2 2 2 2 1 1 0 0 2 0
0 2 1 1 2 1 0 0 2 0 1 2 1 0 2 2 1 2 0 1 2 1
0 2 0 1 2 1 0 0 2 0 0 1 1 2 1 2 2 2 0 0 2 1
0 2 0 0 2 0 0 0 2 0 0 1 2 1 1 2 1 0 0 1 2 0
0 2 0 2 1 1 0 0 2 0 0 1 0 1 2 2 1 2 0 1 2 1
0 2 1 1 1 1 1 0 2 0 0 0 2 1 2 2 1 2 1 1 2 0
1 2 2 1 1 1 1 0 2 1 1 0 2 2 2 1 2 2 0 1 2 0
0 1 1 0 2 0 0 0 2 1 1 1 1 1 0 2 2 1 0 0 2 0
0 2 1 0 2 1 0 0 2 1 0 0 0 1 1 2 1 2 0 0 2 0
0 2 1 1 2 2 0 0 2 0 0 0 1 0 1 2 1 1 0 2 2 0
0 2 0 1 2 1 0 0 2 0 1 0 0 1 1 2 1 0 0 0 2 1
0 2 0 0 2 0 0 0 2 1 2 1 2 1 0 2 2 2 0 0 2 1
0 0 0 1 1 0 0 0 2 1 1 0 2 1 2 2 2 0 0 0 2 0
0 2 1 0 2 0 0 0 2 0 1 0 1 1 2 2 2 2 0 0 2 1
0 2 0 1 1 1 1 0 2 0 1 0 1 1 1 2 2 2 0 1 2 0
0 1 2 1 2 0 0 0 2 0 2 0 1 2 2 1 2 2 0 1 2 0
0 1 0 0 2 0 0 0 2 0 1 0 0 2 1 2 2 1 0 1 2 0
0 2 1 1 1 0 1 0 2 0 0 0 0 1 2 2 1 1 0 2 2 0
1 1 1 0 1 1 0 0 2 1 0 0 0 0 0 2 2 2 0 1 2 0
0 2 0 1 1 0 0 0 1 0 2 1 1 1 1 2 0 2 0 1 2 0
0 1 0 2 1 2 1 0 2 0 2 0 0 2 1 2 1 1 0 0 2 0
1 2 1 1 2 0 0 0 2 0 1 1 0 2 2 2 1 1 0 0 2 0
0 2 0 0 1 2 0 0 2 1 1 0 0 1 1 2 0 2 0 1 2 1
0 2 2 2 1 0 0 0 2 0 0 1 0 1 1 2 1 2 0 0 2 0
0 2 0 1 2 1 0 0 2 0 1 0 1 0 2 2 2 2 0 2 2 0
0 2 0 1 1 0 0 0 2 0 1 1 0 2 2 2 1 2 0 1 2 0
0 2 0 1 2 1 0 1 2 0 0 0 2 2 1 2 1 1 0 2 2 0
0 2 1 2 1 2 0 0 2 0 1 2 0 0 1 2 2 2 0 0 2 0
0 2 1 2 1 1 1 0 2 0 1 0 1 1 2 2 2 2 0 1 2 0
0 2 0 0 2 1 0 0 2 0 1 1 0 0 1 2 1 1 1 1 2 0
0 2 0 1 2 1 0 0 2 0 1 0 0 2 1 1 1 0 0 2 2 0
0 2 1 1 2 1 0 0 2 1 0 1 1 2 1 1 2 2 0 1 2 1
0 2 1 1 2 0 0 0 2 0 2 0 1 0 2 2 1 1 1 0 2 0
0 2 0 2 2 1 0 0 2 1 0 0 0 1 1 1 1 2 0 0 2 0
0 1 1 1 1 0 0 0 1 1 1 0 0 1 2 2 1 2 1 1 2 1
0 1 0 0 2 1 0 0 2 0 0 1 2 0 1 2 2 1 0 1 2 0
0 2 1 1 2 2 0 0 2 0 0 0 2 2 1 1 1 2 1 0 2 0
0 1 1 1 1 0 0 0 2 0 1 0 1 1 1 1 2 2 0 1 2 0
1 1 0 1 2 0 0 0 2 0 1 0 1 0 1 2 0 2 0 1 2 0
0 1 0 0 2 0 0 1 2 0 0 1 1 0 1 2 2 1 0 1 2 0
0 2 0 1 2 2 0 1 2 0 2 0 1 2 1 2 2 0 0 1 2 0
0 2 1 1 1 1 0 0 2 0 1 0 0 1 1 2 2 1 0 1 2 1
0 2 1 2 1 2 0 0 2 0 0 1 2 2 1 2 2 2 0 0 2 0
0 2 0 0 1 1 0 1 2 0 0 0 2 1 0 2 2 1 0 1 2 0
0 1 0 2 0 1 0 0 2 0 0 1 1 0 1 2 2 1 0 2 2 0
0 2 0 2 1 1 2 0 2 0 2 1 1 1 1 2 2 1 0 2 2 0
0 1 0 1 2 1 0 0 2 0 1 0 0 1 2 2 2 2 0 0 2 0
0 2 0 1 2 0 0 0 2 1 1 1 1 2 1 2 2 2 0 2 2 0
0 2 0 1 1 0 0 0 2 1 1 1 0 1 2 2 2 1 0 0 2 0
1 2 1 0 2 0 0 0 2 0 1 0 2 1 1 2 2 1 0 1 2 0
0 2 0 0 2 2 0 1 2 0 1 0 1 1 0 2 1 2 0 1 2 0
0 1 2 2 0 0 0 0 2 0 0 0 1 1 2 1 2 1 0 1 2 0
0 1 1 1 1 2 0 2 2 0 0 0 0 2 1 2 2 2 0 0 2 0
1 2 1 2 1 1 0 0 2 1 1 0 0 2 1 2 2 0 0 1 2 0
0 1 2 0 1 1 0 0 2 0 0 1 2 1 1 2 2 2 0 1 2 1
0 0 1 1 2 1 0 1 2 0 0 1 2 1 1 2 2 2 0 2 2 0
0 2 1 1 2 1 0 0 2 0 1 1 0 2 2 1 2 1 0 1 2 0
0 2 1 1 2 1 0 0 2 0 0 0 2 2 1 2 1 1 0 1 2 0
0 1 0 1 2 1 0 0 2 0 1 0 2 1 2 2 1 1 0 2 2 0
1 2 1 0 1 0 0 0 2 0 1 0 1 0 2 2 2 1 0 2 2 0
0 2 1 1 2 1 0 1 2 0 0 0 1 1 1 2 2 2 0 0 2 0
0 2 0 1 1 1 0 0 2 1 1 1 2 2 2 2 0 1 0 0 2 1
0 2 2 2 2 0 0 1 2 1 0 1 1 0 0 2 2 1 0 2 2 0
0 2 2 0 2 0 0 0 2 0 1 0 0 1 2 2 1 1 0 1 2 1
0 2 1 2 2 1 0 1 2 0 0 2 0 1 1 1 2 2 0 1 2 1
0 2 1 2 2 0 0 0 2 0 0 1 0 0 2 1 1 1 0 1 2 1
1 2 0 0 1 0 0 0 2 0 1 0 1 1 1 2 2 2 0 2 2 1
0 1 1 1 1 2 1 0 2 0 0 0 1 0 0 2 2 2 0 1 2 1
1 1 1 0 1 1 0 0 2 1 1 1 0 0 1 2 1 2 0 0 2 0
0 2 1 0 1 1 0 0 2 0 0 0 1 1 1 2 2 1 1 0 2 0
0 2 0 1 1 1 0 0 2 0 0 1 0 1 2 2 2 0 1 1 2 0
0 2 0 1 2 1 0 1 2 1 0 1 0 2 1 2 2 1 0 1 2 0
0 2 1 2 2 0 0 0 2 0 1 0 1 1 2 2 2 1 0 2 2 0
0 2 0 1 2 1 0 1 2 0 1 0 1 2 1 2 1 2 0 0 2 0
0 2 1 1 1 1 0 0 1 0 1 1 0 2 1 2 2 2 0 2 2 0
0 2 0 2 2 0 0 0 2 0 1 0 0 2 1 2 1 2 0 2 2 0
0 2 1 1 2 0 0 1 2 1 0 0 1 0 0 2 1 1 0 0 2 0
0 2 1 2 1 1 0 0 2 1 1 1 1 2 1 2 1 1 0 1 2 0
1 2 1 1 2 2 0 0 2 0 0 1 2 0 2 2 1 2 0 1 2 1
0 2 0 1 1 2 1 0 2 0 0 0 0 0 1 2 2 2 0 1 2 0
0 2 1 1 1 0 0 0 2 0 0 0 0 2 2 2 1 2 0 1 2 0
0 2 1 1 2 1 0 1 2 0 1 1 2 1 1 2 1 1 0 0 2 1
0 2 0 0 1 2 0 0 2 0 2 0 1 1 2 2 2 2 0 0 2 0
1 1 0 1 2 1 0 0 2 0 0 0 1 2 0 2 2 2 0 2 2 0
0 1 1 1 1 1 0 0 2 0 0 0 1 2 1 2 2 2 0 1 2 0
1 2 0 2 1 0 0 0 1 1 1 0 0 0 1 2 1 2 0 1 2 0
1 2 0 0 2 1 1 0 2 0 1 0 0 2 1 2 2 0 0 0 2 1
0 2 2 1 2 2 0 1 2 1 1 0 1 2 0 2 2 1 0 2 2 0
0 2 1 0 1 1 1 0 2 0 1 1 1 1 0 2 2 1 0 0 2 0
0 2 0 2 2 0 1 0 2 0 0 0 2 1 1 2 1 2 0 2 2 0
0 2 1 1 2 0 0 0 2 0 0 0 1 1 1 2 2 2 0 0 2 0
0 2 0 1 1 2 0 0 2 1 0 0 1 1 0 2 2 2 0 0 2 0
0 2 2 1 2 0 0 1 2 0 0 1 0 1 1 2 2 2 0 1 2 0
0 2 2 1 2 0 0 0 2 0 0 0 1 2 0 2 1 2 0 0 2 0
0 2 0 1 1 2 0 0 2 0 0 0 1 1 0 2 1 1 0 1 2 0
0 2 1 1 2 1 0 0 2 0 1 0 1 2 2 2 2 2 0 1 2 0
0 2 0 1 1 2 1 0 2 0 0 0 1 1 2 2 1 0 0 1 1 0
0 2 0 1 2 2 0 1 2 0 0 0 0 1 1 2 1 2 0 2 2 1
0 2 2 0 0 0 0 1 2 0 0 0 1 1 0 2 2 2 0 1 2 0
0 2 1 1 2 1 1 0 2 1 1 0 0 1 1 2 2 1 0 2 2 1
0 2 1 2 2 0 1 0 2 0 0 1 0 1 0 2 2 2 0 2 2 0
1 2 1 2 2 0 0 0 1 0 1 1 0 1 2 2 1 2 1 1 2 0
0 2 1 2 2 1 0 0 2 1 1 0 1 1 2 2 2 1 0 1 2 1
0 1 1 1 1 1 0 0 2 1 0 1 0 0 0 2 2 2 0 2 2 0
0 2 0 0 1 0 0 0 2 1 1 1 1 0 1 2 1 2 0 1 2 0
0 2 2 1 2 1 0 0 2 0 0 0 0 1 1 1 2 1 1 1 2 0
0 2 1 2 1 1 0 0 2 0 2 1 1 2 2 2 1 2 0 2 2 0
0 2 1 0 2 0 0 0 2 0 0 1 1 1 1 0 2 1 0 1 2 0
0 1 2 0 2 1 1 0 2 0 0 0 1 1 0 2 1 1 0 1 2 0
0 2 0 1 2 1 0 0 2 0 1 0 2 0 1 2 1 2 0 2 2 1
0 2 2 0 2 0 0 0 2 0 0 1 1 2 1 2 1 2 0 0 2 0
1 2 2 1 1 2 0 0 2 0 0 1 0 2 2 2 2 2 0 0 2 0
0 2 0 2 2 1 1 1 2 1 0 0 2 1 1 2 2 1 0 0 2 0
0 1 0 1 2 2 1 0 2 0 0 1 2 2 2 2 1 2 0 2 2 0
0 2 2 1 2 1 0 0 2 0 0 2 0 0 2 1 2 2 0 1 2 1
0 2 1 0 2 1 0 0 1 0 0 0 0 1 1 1 2 0 0 1 2 0
0 2 1 0 1 1 0 0 2 0 0 1 0 0 1 2 2 1 0 2 2 0
0 2 0 1 2 1 1 0 2 0 0 1 0 1 2 2 1 2 0 2 2 0
0 2 0 0 2 0 0 0 2 1 0 1 1 2 1 2 0 0 1 1 2 0
0 2 0 1 2 0 0 0 2 1 1 1 0 2 1 2 2 0 0 2 2 1
0 2 1 0 2 1 1 0 2 1 1 0 0 0 1 2 1 2 0 1 2 1
0 2 0 1 1 0 0 0 2 0 0 0 0 1 2 2 2 2 0 1 2 0
1 2 0 1 2 0 0 0 2 0 1 2 1 1 2 2 1 1 0 2 2 0
1 2 0 1 2 0 1 1 2 0 0 0 1 0 0 2 1 1 0 0 2 0
0 2 0 1 2 1 0 0 2 0 1 0 1 1 1 2 0 2 0 1 2 0
0 1 0 1 2 1 0 0 2 0 0 0 1 1 1 2 1 2 0 0 2 2
0 2 0 1 2 2 0 0 2 1 1 0 0 2 1 2 2 2 1 1 2 0
0 2 1 1 2 1 1 0 2 0 0 1 0 2 1 2 2 2 0 0 2 2
1 2 0 1 2 1 0 0 2 0 1 2 1 1 1 2 2 1 0 1 2 0
0 2 1 2 2 0 0 0 2 0 0 1 0 2 0 2 2 1 0 0 2 0
1 2 1 1 2 1 0 1 1 0 0 1 0 1 1 2 2 2 0 1 2 0
0 2 0 1 2 2 0 1 2 0 0 0 1 0 0 2 2 1 0 1 2 0
0 2 2 1 2 0 0 0 2 0 1 0 0 2 2 2 2 1 0 1 2 0
0 2 1 2 1 1 0 1 2 0 0 1 0 1 0 2 0 1 0 1 2 0
0 2 0 0 1 1 1 0 2 1 0 0 1 0 1 2 0 1 0 2 2 0
0 2 1 1 2 0 1 0 2 1 0 1 0 1 1 2 1 2 0 1 2 0
0 2 0 0 2 0 0 0 2 0 1 0 1 2 2 2 1 2 0 2 2 0
0 2 1 2 1 1 0 0 2 0 1 0 0 1 1 2 2 0 0 1 2 0
0 2 2 0 2 0 0 0 2 1 2 0 0 0 1 1 0 2 0 1 2 0
0 2 0 1 1 1 0 0 2 0 0 1 0 2 1 2 2 2 0 1 2 0
0 2 1 1 2 0 0 0 2 0 1 0 1 1 1 1 2 2 0 1 2 0
0 2 1 0 2 1 0 0 2 0 1 1 2 1 1 2 1 2 0 1 2 1
0 2 1 0 1 1 0 0 2 1 0 0 0 2 1 2 2 0 0 2 2 0
0 2 0 0 2 1 0 0 2 0 0 1 1 1 2 2 2 1 0 2 2 0
0 2 0 1 1 1 0 0 2 0 0 0 0 1 2 2 0 1 0 0 2 0
0 2 0 1 2 1 1 0 2 0 1 0 0 1 1 2 1 1 0 2 2 0
0 2 0 2 2 1 0 0 2 0 0 0 0 1 2 1 2 1 0 0 2 0
0 1 0 2 1 1 0 1 2 0 1 2 0 1 0 1 1 2 0 2 2 1
0 2 1 1 2 0 0 0 2 2 0 0 1 1 0 2 2 2 0 0 2 0
0 2 0 1 2 0 0 0 2 1 1 1 2 0 1 2 2 1 0 1 2 0
0 2 0 1 2 1 0 0 1 1 0 1 2 1 1 2 2 1 0 1 2 0
0 2 0 1 2 1 1 0 2 0 0 1 0 0 1 2 1 1 0 0 2 0
0 2 1 0 1 0 0 1 1 0 1 1 1 2 2 2 1 0 0 1 2 0
0 1 1 1 0 0 0 0 2 0 0 1 1 2 0 2 2 2 0 1 2 0
0 2 1 2 2 1 0 0 2 0 0 0 1 2 1 2 2 1 0 0 2 0
0 2 1 2 2 0 0 0 2 1 2 1 1 0 0 2 0 1 1 0 2 0
1 2 0 0 2 1 0 0 2 0 0 1 1 2 1 1 1 2 1 0 2 0
0 1 0 2 1 1 0 0 2 0 1 0 0 0 2 2 2 2 0 2 2 1
0 2 0 1 2 0 0 0 2 0 1 0 1 1 2 2 2 2 0 1 2 0
0 2 1 1 1 1 0 0 2 0 1 0 0 1 1 2 0 1 0 2 2 0
0 2 0 2 2 0 1 1 2 0 0 1 1 2 2 2 2 0 0 0 2 0
0 2 2 2 2 1 0 0 2 0 0 1 2 1 0 2 2 2 0 1 2 0
0 2 1 0 2 1 1 0 1 1 0 0 0 2 1 2 1 2 0 0 2 0
0 2 0 1 1 1 0 0 2 0 1 0 1 0 1 2 0 1 0 0 2 0
0 1 1 2 2 0 0 0 2 0 0 0 0 2 2 2 2 2 0 1 2 0
1 2 1 1 2 0 0 0 2 0 1 0 0 1 0 2 1 2 0 1 2 0
0 1 2 1 2 0 0 0 2 0 1 0 2 1 1 2 2 2 0 2 2 0
0 2 0 2 2 0 0 0 2 0 2 2 1 2 1 2 2 2 0 1 2 0
0 2 0 1 2 1 0 0 2 1 1 0 0 2 2 2 2 2 0 2 2 1
0 2 1 0 2 1 1 0 2 0 1 0 1 1 2 2 1 2 0 0 2 0
1 2 0 1 1 2 1 0 1 1 0 0 1 2 1 2 2 2 0 0 2 1
0 2 2 0 2 1 0 1 2 0 1 1 1 0 1 2 2 2 0 1 2 0
0 2 0 0 2 1 1 0 2 0 1 0 1 1 0 2 1 1 0 2 2 1
0 2 1 1 1 1 0 0 2 0 0 1 1 1 1 1 2 1 1 0 2 0
0 2 1 1 1 0 0 1 2 0 1 2 1 2 1 2 2 2 0 1 2 0
0 1 0 2 1 0 0 0 2 0 0 0 0 0 1 1 2 2 0 0 2 0
0 2 0 1 2 1 0 0 2 1 0 1 1 1 0 2 1 1 0 0 2 0
0 2 2 0 1 1 0 0 2 0 1 1 1 1 2 2 2 2 0 1 2 0
0 1 0 1 2 0 0 0 2 0 1 0 1 1 1 2 2 2 0 1 2 0
0 2 0 1 0 0 0 0 2 0 1 0 0 2 2 2 1 2 0 2 2 0
0 2 1 1 2 1 0 0 2 0 0 1 0 0 1 1 2 2 0 0 2 0
0 2 0 1 2 2 0 0 2 0 0 0 1 1 1 2 2 2 0 2 2 0
0 2 1 1 2 1 0 0 2 0 0 0 0 0 2 2 1 2 0 2 2 0
0 2 2 1 2 1 0 0 2 1 0 0 0 1 1 2 2 2 0 1 2 1
0 2 0 2 2 0 0 0 2 0 0 1 1 2 1 2 1 1 0 0 2 0
0 2 2 1 2 1 0 0 1 0 0 2 2 2 2 2 2 1 0 2 2 0
0 1 0 2 1 0 0 0 2 0 0 0 1 0 1 2 2 2 0 0 2 0
1 2 1 2 2 1 0 1 2 0 0 0 0 1 0 2 2 2 0 2 2 0
1 2 1 2 2 0 0 1 2 0 2 2 0 0 2 2 2 2 0 0 2 0
0 2 0 0 1 0 0 0 2 1 1 1 1 0 2 2 1 0 0 0 2 0
0 1 1 0 2 1 0 0 2 0 1 0 0 1 2 2 1 2 0 0 2 0
0 2 1 2 2 0 0 0 2 0 0 0 1 1 1 2 2 1 0 1 2 0
0 2 0 1 1 0 0 0 2 0 0 1 0 1 1 2 2 2 0 2 2 0
0 2 0 1 2 0 0 0 2 0 0 1 0 2 2 2 1 1 0 1 2 0
0 2 1 1 2 1 0 0 2 1 0 1 0 2 2 2 2 1 0 1 2 0
0 2 1 1 2 1 0 0 2 0 0 1 1 1 1 1 0 2 0 0 2 0
1 1 0 2 2 0 0 0 2 0 1 0 0 2 0 2 2 2 0 0 2 0
1 2 0 2 2 1 0 0 2 0 1 1 2 0 1 2 0 2 0 1 2 0
0 2 0 1 2 1 0 0 2 0 0 0 0 1 1 2 2 2 0 0 2 0
1 2 1 1 1 0 0 0 2 0 1 2 0 0 0 2 2 2 0 1 2 1
0 2 0 2 1 0 0 0 2 1 1 0 0 2 1 2 1 2 0 0 2 0
0 2 0 1 1 0 0 1 2 0 0 1 0 2 2 2 2 2 1 1 2 0
1 2 0 2 2 0 0 0 2 0 0 0 0 1 1 2 1 1 0 2 2 1
0 1 1 1 0 1 0 0 2 0 0 0 1 2 1 2 1 2 0 1 2 0
0 2 2 0 2 0 0 1 2 0 0 0 0 1 2 2 2 1 0 1 2 0
0 1 1 1 1 1 0 0 2 0 0 1 1 2 1 2 2 1 0 1 2 0
0 2 2 0 2 0 0 0 2 0 1 2 0 0 0 2 1 1 0 2 2 0
0 2 0 2 2 0 0 0 2 0 1 1 0 1 1 2 1 1 0 2 2 0
0 2 0 0 1 1 0 0 2 0 1 1 0 0 1 2 2 2 0 2 2 1
0 2 0 1 2 1 1 0 2 0 2 1 1 1 1 1 0 2 0 0 2 0
0 1 2 1 2 0 0 0 2 0 1 0 1 1 2 2 0 2 0 1 2 0
0 2 1 0 2 1 0 0 2 1 0 0 1 2 1 2 2 1 0 0 2 0
0 2 2 1 2 1 0 0 2 0 0 1 0 0 1 2 1 2 0 0 2 0
0 2 0 2 2 1 1 0 2 0 0 0 0 1 2 2 1 2 0 1 2 0
1 2 1 2 2 0 0 0 2 0 0 1 0 1 0 2 1 2 0 1 2 0
0 2 0 0 2 1 0 0 2 0 1 0 0 1 1 2 1 2 0 2 2 0
0 2 1 0 2 0 1 0 2 0 2 1 1 0 2 2 1 1 0 1 2 1
0 2 1 1 1 0 0 0 2 1 0 0 1 0 1 2 0 2 0 1 2 0
0 1 0 0 1 0 0 0 2 0 1 0 2 1 1 2 2 2 0 0 2 0
0 1 0 2 1 1 2 0 2 1 0 0 0 1 2 2 2 1 0 1 2 0
0 2 2 1 1 1 0 1 2 0 1 1 0 1 2 2 1 1 0 1 2 0
0 2 0 1 2 1 0 0 2 1 1 0 0 1 1 2 2 2 0 0 2 0
0 2 0 1 2 0 0 0 2 0 0 1 0 1 0 1 2 2 0 1 2 0
0 2 0 1 2 0 0 1 2 0 0 0 1 2 2 2 0 1 0 2 2 1
0 1 1 0 2 1 0 0 2 0 0 0 0 0 1 2 1 2 0 1 2 1
1 2 1 2 1 0 0 0 2 0 0 1 1 2 1 2 2 0 0 0 2 0
0 2 0 1 2 0 0 0 2 0 1 0 1 0 0 2 2 1 0 1 2 0
0 1 0 1 2 1 0 0 2 0 0 1 0 0 1 2 2 2 0 2 2 1
