rs705523 rs3820541 rs17017286 rs6733871 rs7581003 rs3821629 rs6795633 rs17408275 rs9658079 rs10244048 rs3737187 rs10996776 rs10997285 rs10740266 rs11191349 rs621953 rs9554325 rs2268979 rs758044 rs9789221 rs3826567 rs6142657
0 0 2 1 0 0 1 2 0 0 2 0 0 0 2 0 0 2 0 2 2 0
0 0 2 0 0 0 0 2 0 0 2 0 0 0 1 1 0 2 1 2 2 0
0 0 2 1 0 0 0 1 0 0 1 0 1 0 2 1 1 2 1 2 1 0
0 1 2 0 0 0 0 2 0 0 2 1 0 0 2 1 1 1 1 2 2 0
0 0 2 0 0 0 0 1 0 0 2 0 0 0 2 0 0 2 1 2 2 1
0 0 2 0 1 0 0 2 0 0 1 0 0 0 2 1 0 1 0 2 2 0
0 0 2 2 0 1 0 2 0 0 1 0 0 0 2 2 1 2 0 2 2 1
1 1 2 0 0 1 1 2 0 0 0 0 0 0 2 2 1 2 2 2 1 0
0 0 2 0 0 0 0 2 0 0 1 0 0 0 2 1 0 2 0 2 1 0
1 0 2 1 0 1 0 2 0 0 2 0 0 0 2 1 0 2 0 2 2 0
0 0 2 0 1 1 0 1 0 0 1 0 0 1 2 2 0 2 0 2 1 0
1 0 2 1 0 0 0 2 0 0 1 0 1 1 2 1 2 1 0 1 2 0
0 0 2 0 0 0 0 2 0 0 0 0 0 0 2 2 2 2 0 2 2 0
0 0 1 1 0 0 1 1 0 0 1 0 0 0 2 0 1 2 0 2 1 0
1 1 2 1 0 1 0 1 0 0 2 0 0 0 2 2 1 2 1 2 2 0
0 0 2 0 0 1 0 1 0 0 1 0 0 0 2 2 1 2 1 2 2 0
0 0 2 0 0 1 0 2 0 0 1 0 0 0 2 2 0 2 0 2 2 0
2 1 1 0 0 0 0 2 0 0 1 0 0 0 2 2 1 2 1 2 2 0
1 0 1 0 0 0 0 2 0 0 2 0 0 0 2 0 1 1 0 1 2 0
0 0 2 0 0 1 0 1 0 0 2 1 0 0 2 1 2 2 1 2 2 0
0 0 2 0 0 1 0 2 0 0 0 0 0 1 2 0 0 2 2 2 2 0
1 0 2 0 0 0 0 2 0 0 1 0 0 0 2 1 1 2 0 2 2 1
0 2 2 0 0 1 2 2 0 0 2 0 0 0 2 2 0 2 0 2 2 0
0 0 2 1 0 1 1 2 0 0 1 0 0 1 2 0 1 2 1 2 2 0
0 0 1 0 0 0 0 2 0 0 1 0 0 0 2 2 1 1 0 0 2 0
0 0 2 0 0 1 0 2 0 0 1 0 1 0 2 0 1 2 1 2 2 0
0 0 2 1 0 0 0 2 0 0 0 0 1 0 2 2 2 2 0 2 2 0
1 0 2 1 0 0 1 2 0 0 1 0 0 0 2 1 1 2 1 1 2 0
0 0 2 1 0 0 0 2 0 0 1 0 0 0 1 2 2 2 1 2 2 0
0 0 2 0 0 0 0 2 0 0 1 0 0 0 2 2 0 2 0 2 2 0
1 0 2 0 1 0 0 2 0 0 1 0 0 0 2 2 0 2 0 2 2 0
0 0 1 0 0 0 0 2 0 0 1 1 0 0 2 0 1 2 0 1 2 0
0 0 2 0 0 0 0 2 0 0 2 0 0 0 1 1 0 2 0 2 2 0
0 0 2 1 0 1 0 2 0 0 2 0 0 0 2 2 0 2 1 2 2 0
1 0 2 0 0 0 0 2 0 0 1 0 0 0 2 0 0 1 1 2 2 0
0 1 2 0 0 0 0 2 0 0 1 1 0 0 2 0 2 2 1 1 2 0
0 1 2 1 0 0 0 2 0 0 0 0 0 0 2 2 2 2 0 1 2 0
0 0 2 0 0 1 0 2 0 0 2 0 0 0 2 2 2 2 0 0 2 0
0 1 2 0 0 0 1 2 0 1 0 0 1 1 2 1 2 2 1 2 2 0
1 0 2 0 1 0 0 1 0 0 0 0 0 1 2 2 1 2 2 2 2 0
1 0 2 0 0 1 0 1 1 0 1 1 0 0 1 0 2 2 1 2 2 0
0 0 2 0 1 0 0 2 0 0 1 0 1 1 2 1 1 2 1 2 2 0
1 0 2 1 0 0 0 2 0 0 1 0 1 0 2 2 1 2 1 1 2 0
0 0 2 0 0 0 0 2 0 0 0 0 0 0 2 2 0 1 0 1 2 0
1 0 2 0 0 0 0 2 0 0 1 1 0 0 2 2 1 2 1 1 2 0
1 0 2 0 0 0 0 2 0 0 2 0 0 0 2 1 1 2 1 1 2 0
0 0 1 1 0 0 0 2 0 0 0 0 0 0 2 2 2 2 0 2 2 0
1 0 2 1 0 1 1 2 0 0 0 0 0 0 2 2 2 2 0 2 2 0
0 0 1 0 0 0 0 1 0 0 1 0 0 0 1 1 0 2 1 1 2 0
0 0 1 0 0 1 0 2 0 0 2 0 0 0 2 2 0 2 2 1 2 0
1 0 2 1 0 0 1 2 0 0 1 1 0 0 2 2 1 2 0 2 2 0
1 0 1 0 0 0 0 2 0 0 2 0 0 1 2 2 2 2 0 2 2 1
1 0 2 0 0 0 0 2 0 0 2 0 0 0 2 1 0 1 0 2 2 0
0 1 2 1 0 0 0 2 0 0 2 0 0 1 2 2 2 2 0 1 2 0
1 0 2 0 0 0 0 1 0 0 2 0 0 0 2 0 1 1 0 2 1 0
1 1 2 0 0 0 0 2 0 0 2 0 0 0 2 1 1 2 0 2 2 0
1 0 2 0 0 1 0 2 0 0 1 0 0 1 2 1 1 1 1 2 2 1
0 0 2 1 1 1 0 2 0 0 2 0 0 0 2 0 0 2 0 2 2 0
0 0 2 0 0 0 0 2 0 0 2 0 0 1 2 1 2 1 0 2 2 0
0 0 2 0 0 2 0 1 0 0 2 0 0 0 2 2 1 1 0 1 2 0
0 0 2 0 0 0 1 1 0 0 1 0 1 1 2 2 1 2 1 2 2 0
2 1 2 1 1 0 1 2 0 0 1 0 0 0 2 2 1 2 1 2 2 0
0 0 1 0 0 0 0 2 0 0 1 0 0 1 2 2 2 2 1 1 1 0
0 0 2 0 0 1 0 2 0 0 1 0 0 0 2 1 0 2 1 2 2 1
0 0 1 0 0 0 0 2 0 0 1 0 0 1 2 0 1 1 0 2 2 0
1 0 2 0 0 0 0 2 0 0 2 0 1 0 2 1 1 2 1 2 2 0
1 0 1 0 1 0 0 2 0 0 1 1 1 0 2 1 1 2 0 2 2 0
1 0 2 0 0 0 0 2 0 0 1 0 0 1 2 1 1 2 0 2 2 0
0 1 2 0 0 1 0 2 0 0 2 0 0 0 2 0 0 2 0 2 2 0
0 0 2 0 0 1 0 2 0 0 1 0 0 0 2 0 2 2 1 2 2 0
0 1 2 0 0 0 0 1 0 0 2 0 0 0 2 1 1 2 1 1 2 0
1 0 2 0 1 0 0 2 0 0 1 0 0 1 2 1 2 2 0 1 2 0
1 0 2 0 0 1 0 2 0 0 2 0 0 0 2 0 0 2 0 2 2 0
0 0 2 1 1 0 0 2 0 0 1 0 0 0 2 2 1 2 1 2 2 0
0 0 2 1 0 1 0 2 0 0 1 0 0 0 1 2 0 2 0 1 1 0
0 0 2 1 0 1 0 2 0 0 2 0 0 0 2 0 1 2 1 2 2 0
0 0 2 0 0 0 0 2 0 0 1 0 0 2 2 2 0 2 0 2 2 0
0 0 2 0 0 1 0 2 0 0 1 0 0 1 2 2 0 2 1 2 2 0
0 0 2 1 0 2 0 2 0 0 2 1 0 0 2 2 1 2 0 2 2 0
0 0 2 1 1 2 0 1 0 0 1 0 0 0 2 1 1 2 0 2 2 0
0 0 2 0 0 0 0 2 0 0 2 0 0 0 2 2 2 2 0 2 2 0
1 0 2 0 1 1 0 2 0 0 1 0 0 1 2 2 1 2 1 1 2 0
2 0 2 0 0 1 0 2 0 0 1 0 0 0 1 2 2 2 0 1 2 0
1 0 2 1 0 0 1 2 0 0 2 0 1 0 2 1 2 2 0 1 1 0
1 0 2 0 0 1 1 2 0 0 1 0 0 0 2 2 1 2 0 2 2 0
1 0 2 0 0 1 0 1 0 0 0 0 0 0 2 2 1 2 0 2 2 0
1 0 2 2 0 1 0 2 0 0 2 0 1 0 1 0 1 2 2 2 2 0
0 0 2 0 0 1 0 1 0 0 2 1 0 0 2 1 1 2 0 2 2 0
0 0 2 0 0 1 0 1 0 0 1 0 0 0 2 1 1 2 0 2 1 0
1 0 2 1 0 1 0 1 0 0 0 0 0 0 2 2 1 2 1 2 2 0
1 0 2 0 0 1 0 2 0 0 1 0 0 0 2 1 1 2 0 2 2 0
1 0 2 1 0 1 0 2 0 0 0 0 0 0 2 0 2 2 0 2 2 0
0 0 2 0 0 0 0 1 0 0 2 0 0 0 2 0 0 2 0 2 2 0
0 0 2 1 0 1 0 2 0 0 1 0 0 0 2 1 1 2 0 2 2 1
0 0 2 0 0 0 0 2 0 0 2 0 0 0 2 2 2 1 0 0 2 0
0 0 2 0 0 0 0 2 0 0 0 0 0 0 2 2 0 2 0 2 2 1
0 0 2 0 2 0 1 1 0 0 1 0 0 0 2 2 1 2 0 1 2 0
0 0 2 0 0 0 0 2 0 0 1 0 0 1 2 1 2 2 0 1 2 1
0 1 2 1 0 0 0 1 0 0 1 1 0 0 2 1 1 2 0 2 2 0
1 1 2 1 0 1 0 2 0 0 2 0 0 0 2 0 1 1 0 2 2 0
0 0 2 1 0 0 0 1 0 0 1 0 0 1 2 2 1 2 1 2 2 0
1 0 2 0 0 1 0 2 0 0 1 0 0 1 2 1 0 2 0 2 1 0
0 1 2 0 0 1 0 2 0 0 1 0 0 0 2 2 0 2 0 2 1 0
0 0 2 0 0 0 0 2 0 0 2 1 0 0 2 1 1 2 0 1 2 0
0 0 1 1 0 0 1 2 0 0 1 0 0 0 2 2 1 2 0 1 1 0
2 0 2 0 0 1 1 0 0 0 2 0 0 0 1 2 1 2 1 1 2 0
0 0 2 0 0 1 0 2 0 1 0 0 1 0 2 0 0 2 0 2 2 0
0 0 1 0 0 1 1 1 0 0 2 0 0 0 2 2 1 2 1 2 2 0
0 0 1 0 1 0 0 2 0 0 1 0 0 0 2 0 2 2 1 2 2 0
1 0 2 0 1 0 0 2 0 0 1 0 1 0 2 2 0 2 2 2 2 0
0 0 2 0 0 0 0 2 0 0 1 0 0 1 2 1 0 2 0 1 2 0
0 0 2 0 0 0 0 1 0 0 0 0 0 0 2 1 0 2 0 2 2 0
1 1 1 1 0 0 0 2 0 0 1 0 0 0 1 1 2 2 2 2 2 0
1 0 2 0 0 2 0 2 0 0 1 0 0 0 2 2 0 2 1 2 2 0
0 0 2 0 0 0 1 2 0 0 2 0 0 0 2 1 1 2 0 1 2 0
0 0 2 1 0 0 1 2 0 0 1 0 0 0 2 0 2 2 0 2 2 0
1 0 2 0 0 1 0 2 0 0 2 0 1 0 2 1 1 1 1 2 1 0
0 0 2 0 0 0 0 1 0 0 1 0 1 0 2 0 1 2 0 2 2 0
1 0 2 0 1 0 0 2 0 0 2 0 0 0 2 1 1 2 0 1 2 0
0 0 2 0 1 0 0 1 0 0 0 0 0 0 2 1 1 2 1 2 2 0
0 0 2 0 0 0 0 2 0 0 1 0 0 0 2 0 1 2 0 1 2 0
0 0 2 0 0 0 0 2 0 0 1 0 1 0 2 1 1 2 0 2 2 0
0 0 2 1 0 1 0 2 0 0 2 0 0 0 2 2 0 2 0 2 2 1
0 0 2 0 0 1 0 1 1 0 2 0 0 0 2 1 2 2 0 2 2 0
0 1 2 2 0 1 0 2 0 0 0 0 0 0 2 2 1 2 1 2 2 0
0 0 1 1 0 0 0 1 0 0 2 0 0 0 2 1 2 2 0 2 2 0
1 0 1 0 0 1 0 2 0 0 2 1 0 1 2 2 1 2 0 2 2 0
0 0 2 0 0 1 1 2 0 0 1 0 0 0 2 2 1 2 0 2 2 0
1 0 2 0 1 0 0 2 0 0 2 0 1 0 2 2 1 2 0 1 2 0
1 0 1 1 0 1 0 2 0 1 2 2 0 0 2 2 1 2 0 2 2 0
0 0 2 0 0 0 0 2 0 0 1 0 0 0 2 2 1 2 0 1 2 0
1 0 2 0 0 1 0 1 0 1 0 0 0 0 2 2 1 2 1 2 1 0
0 1 2 0 0 0 0 2 0 1 1 0 0 0 2 1 0 2 0 2 2 0
0 0 1 0 0 0 0 2 0 0 2 0 0 0 2 1 2 2 0 0 2 0
1 0 2 0 0 0 0 0 0 0 2 0 1 0 2 2 1 2 0 2 2 0
0 0 2 0 1 0 0 2 0 0 2 0 0 0 2 2 0 2 1 1 2 0
0 0 2 0 0 1 0 2 0 0 1 0 0 0 2 2 0 2 0 2 2 0
1 0 2 0 0 0 0 2 0 0 2 0 0 0 2 2 1 1 1 2 2 1
0 0 2 2 0 0 0 2 0 0 1 0 0 0 2 1 2 2 1 2 2 0
0 0 2 0 0 0 0 1 0 0 1 0 0 0 2 2 1 2 0 2 2 0
0 0 2 0 1 1 1 2 0 0 0 0 1 0 2 1 0 2 0 1 2 0
0 0 2 1 1 1 0 2 0 0 1 0 0 0 2 1 0 2 0 1 2 0
0 0 2 1 0 0 0 2 0 1 2 0 1 0 2 1 0 2 1 2 2 0
0 0 2 0 0 1 0 2 0 0 0 0 2 0 2 0 2 2 1 2 2 0
1 0 2 1 0 0 0 1 0 0 2 0 0 0 1 1 1 2 0 2 1 0
0 0 2 0 1 0 0 2 0 0 1 1 0 0 2 1 1 2 0 1 2 0
1 0 2 0 0 1 0 0 0 1 1 0 0 0 2 2 0 2 1 1 2 0
0 0 2 1 1 0 0 2 0 0 1 0 0 1 2 1 2 2 1 0 2 0
1 0 2 0 0 1 0 2 0 0 2 0 0 0 2 2 2 2 1 2 2 0
1 0 2 1 0 0 2 0 0 0 1 0 0 0 2 2 0 2 1 1 2 0
0 0 2 1 0 0 0 2 0 0 2 0 0 0 2 1 1 2 0 2 2 0
1 0 2 0 0 1 0 2 0 0 2 1 0 0 2 2 1 1 1 2 2 0
2 0 2 0 0 2 0 1 0 0 2 0 0 0 2 2 2 2 2 2 2 0
0 0 2 0 0 1 0 2 0 0 2 0 0 0 2 1 2 1 1 1 2 0
1 0 2 1 1 2 0 2 0 0 1 0 0 0 1 2 1 2 0 2 2 1
0 0 2 0 0 0 0 2 0 0 1 1 0 0 2 2 1 2 0 1 1 0
1 0 1 0 0 1 0 2 0 0 1 0 0 0 2 1 1 2 1 2 2 0
1 0 2 0 0 0 0 2 0 0 2 0 0 0 2 2 1 2 0 2 2 0
0 0 1 0 0 0 0 2 0 0 0 0 0 0 2 2 1 2 0 2 2 0
0 0 1 0 1 0 0 2 0 0 2 0 0 1 2 2 0 2 1 1 2 1
0 0 2 0 1 1 0 1 0 0 1 0 0 0 2 2 1 1 0 1 2 0
0 0 1 1 0 0 0 1 0 0 2 0 0 0 2 1 2 1 1 2 2 0
0 0 2 2 0 1 0 2 0 0 2 0 0 0 2 1 0 1 0 2 2 0
0 0 1 0 0 0 0 1 0 1 2 0 0 0 2 2 2 2 0 2 2 0
0 1 2 0 0 0 0 1 0 0 1 0 0 0 2 1 2 2 0 2 2 0
0 0 2 0 0 1 0 2 0 0 1 0 0 0 2 1 1 2 2 1 1 0
0 0 2 1 0 0 0 1 0 0 1 0 0 0 1 1 1 2 0 2 2 0
0 0 2 0 1 1 0 1 0 0 2 0 0 0 2 1 2 2 0 2 2 0
0 0 2 0 0 1 0 2 0 0 1 0 0 0 2 2 2 2 0 2 2 0
1 0 1 0 0 0 0 2 0 0 2 1 0 0 2 1 2 2 0 2 2 0
0 0 2 0 0 0 0 2 0 0 2 0 0 0 2 1 1 2 1 1 2 0
1 0 2 0 0 1 0 2 0 0 1 0 0 1 2 2 1 2 1 2 2 0
0 0 2 0 0 1 0 0 0 0 1 0 0 0 2 1 2 2 1 2 1 0
0 0 1 0 0 0 0 2 0 0 2 0 0 0 2 2 2 1 0 2 2 0
0 1 2 0 0 2 0 2 0 0 1 0 1 0 2 2 2 2 1 2 2 0
0 0 2 1 0 1 0 1 0 0 1 0 0 1 1 2 1 2 0 2 1 0
0 1 2 0 0 1 1 2 0 0 1 0 0 1 2 2 1 2 0 2 2 0
0 0 1 0 0 0 0 2 0 0 0 0 0 0 2 1 2 2 0 2 2 1
0 1 2 1 1 0 0 2 0 0 1 0 0 0 2 1 1 2 0 2 2 0
0 0 2 0 0 0 0 1 0 0 1 0 0 1 2 2 1 2 0 1 2 0
0 0 2 0 0 1 0 1 0 0 2 0 0 0 2 2 1 2 1 1 2 0
0 1 2 0 0 0 0 2 0 0 0 0 0 0 2 2 1 2 1 0 2 0
0 0 1 0 0 0 0 2 0 0 0 0 0 0 2 1 2 1 0 2 2 0
0 0 2 0 0 1 0 2 0 0 2 0 0 0 2 1 0 2 0 1 2 0
0 0 2 1 0 2 0 2 0 0 2 0 1 0 2 2 0 2 0 2 2 1
0 0 2 0 0 0 0 2 0 0 2 0 0 1 2 1 1 2 1 2 2 0
0 0 2 0 0 0 1 1 0 0 0 1 0 0 2 1 1 1 1 2 2 0
0 0 1 0 1 0 0 2 0 0 2 0 0 0 2 1 1 2 1 1 2 0
0 1 1 0 0 0 0 1 0 0 2 0 0 0 2 2 2 2 0 1 1 0
0 0 2 1 0 0 0 2 0 0 1 0 0 0 2 2 0 2 1 2 2 0
0 0 1 1 0 1 0 2 0 0 1 0 0 0 2 2 1 2 0 2 2 0
0 0 2 0 0 0 0 2 0 0 2 0 0 0 2 0 0 2 0 1 2 0
0 1 2 1 0 1 0 2 0 0 0 0 0 0 2 1 1 2 0 2 2 0
0 1 2 1 0 0 1 2 0 0 1 0 0 0 2 2 1 2 0 2 2 0
0 0 2 0 0 1 0 0 0 0 1 1 0 1 2 2 0 2 0 2 2 1
0 0 2 0 0 0 0 0 0 0 1 0 0 1 2 1 2 1 1 2 2 0
1 1 2 0 0 1 0 1 0 0 0 0 1 0 2 1 1 2 1 2 2 1
0 0 1 2 0 1 0 2 0 0 1 1 1 1 2 0 1 2 1 1 2 0
1 0 2 0 0 0 0 2 0 0 1 0 0 0 2 1 0 2 1 2 2 0
0 1 1 0 0 0 0 2 0 0 2 0 0 0 1 2 1 2 1 1 2 0
2 0 2 0 1 0 0 2 0 0 0 0 1 0 2 1 2 2 1 2 2 0
0 1 2 2 0 0 0 2 0 0 1 0 1 0 2 2 1 2 0 2 2 0
1 0 1 0 1 1 0 2 0 0 2 0 0 0 1 2 2 2 1 2 2 0
0 1 2 0 0 2 0 2 0 0 2 0 0 0 2 1 0 2 0 2 2 0
0 1 2 0 0 0 0 1 0 0 2 0 0 0 2 1 0 2 0 2 2 0
2 1 2 1 0 0 0 2 0 0 2 0 0 0 2 0 2 2 0 1 2 0
0 1 2 0 0 0 0 1 0 0 1 0 0 0 2 2 2 2 2 2 2 0
1 0 2 0 0 1 0 2 0 0 1 0 0 1 2 2 1 2 1 2 2 0
1 0 2 0 0 0 0 2 0 0 1 0 0 0 2 1 1 2 1 2 2 0
0 0 2 1 0 0 0 2 0 0 2 0 0 0 2 2 1 2 0 2 2 0
0 0 2 1 1 2 1 2 0 0 1 0 0 0 1 1 0 2 0 0 1 0
1 0 2 0 0 0 0 1 0 0 0 0 1 1 1 1 0 2 1 2 2 0
1 1 2 1 0 2 0 2 0 0 2 0 0 0 2 2 1 2 0 2 1 0
0 0 2 0 0 1 0 2 0 0 1 0 0 0 2 2 0 2 0 1 2 0
1 0 2 0 0 1 0 2 1 0 2 0 0 0 2 1 2 2 1 2 2 0
0 0 2 0 0 0 0 1 0 1 2 0 0 0 2 1 1 2 1 2 2 0
0 1 1 1 0 0 0 2 0 0 1 0 0 0 2 1 1 2 1 1 2 0
0 0 1 0 0 0 0 2 0 0 2 0 0 0 2 1 1 1 0 2 2 1
0 0 2 0 0 1 1 1 0 0 1 0 1 0 2 1 2 2 0 1 2 0
0 0 2 0 0 0 0 1 0 0 2 1 0 0 2 1 1 2 0 2 2 0
0 0 0 0 0 0 0 2 0 1 1 0 0 0 2 2 2 2 0 1 1 0
0 0 2 0 0 1 1 2 0 0 1 0 0 0 2 2 2 2 2 2 2 0
0 0 2 0 0 0 1 1 0 0 1 0 0 0 2 2 0 2 2 0 1 0
0 0 1 0 0 1 1 2 0 0 1 0 0 0 2 1 1 2 1 2 1 0
0 0 2 0 1 0 0 2 0 0 1 0 0 0 2 2 1 2 1 2 2 0
0 0 2 1 0 0 0 1 0 0 2 0 0 1 2 2 1 2 0 2 2 0
0 0 1 0 1 0 0 1 0 1 1 0 1 1 2 1 1 1 1 1 2 0
2 0 2 0 0 0 0 1 0 0 1 0 0 0 2 1 1 2 0 1 2 0
1 1 1 1 0 0 1 2 0 0 2 0 0 1 2 2 2 2 1 2 1 0
0 0 2 0 0 1 0 2 0 0 0 0 0 0 2 0 2 2 2 2 2 0
0 0 2 0 1 1 0 2 0 0 1 0 1 0 2 1 0 2 1 2 2 0
2 0 2 0 0 0 0 2 0 0 2 0 0 0 2 2 1 2 0 2 2 0
0 0 2 1 0 0 1 2 0 0 2 0 0 0 2 2 1 2 0 1 2 1
0 0 2 0 1 1 0 1 0 0 2 0 0 0 2 1 0 2 1 2 2 0
0 1 2 0 0 1 1 1 1 0 1 0 0 0 2 1 1 2 0 2 1 0
0 0 2 0 0 1 0 2 0 0 1 0 0 0 2 2 1 2 1 2 2 0
1 0 2 1 0 0 0 2 0 0 1 1 0 0 2 0 1 1 2 2 2 0
1 0 2 2 0 1 0 1 0 0 1 0 0 0 2 2 2 1 1 2 2 0
1 0 2 1 0 0 0 2 0 0 2 0 0 0 2 2 2 1 0 2 1 0
1 0 2 2 0 0 0 1 0 0 1 0 0 0 2 2 2 2 0 2 2 0
0 0 2 0 0 0 0 2 0 0 1 0 0 1 2 2 1 1 0 2 2 0
1 0 1 0 0 1 0 2 0 0 1 0 0 0 2 1 0 2 0 1 2 0
1 0 2 0 0 0 0 2 0 0 2 0 1 0 2 2 1 2 1 2 2 0
1 0 2 1 0 0 0 2 0 0 1 0 0 0 2 2 1 2 0 1 2 0
0 1 1 0 0 1 0 2 0 0 0 0 0 0 1 2 1 2 0 2 2 0
0 0 2 1 0 0 0 2 0 0 2 0 0 0 2 1 0 2 0 1 2 0
0 0 2 0 1 1 1 2 0 0 1 1 0 0 2 1 2 2 0 2 2 0
0 0 1 0 0 1 0 1 0 0 2 0 1 1 2 2 1 2 0 1 2 0
0 0 2 1 0 0 0 2 0 0 1 0 0 1 2 2 2 2 0 2 2 0
0 0 2 0 0 0 0 2 1 0 1 0 0 0 2 1 0 2 1 2 2 0
0 0 2 1 1 0 0 1 0 0 1 0 0 1 2 1 1 2 0 2 2 0
0 1 2 0 0 0 0 2 0 0 1 0 0 1 1 1 2 2 0 2 2 0
0 0 1 0 0 0 0 2 0 0 1 0 1 0 2 2 0 2 0 0 2 0
2 0 2 1 0 0 0 2 0 0 1 0 0 0 2 2 2 2 1 1 1 0
0 0 2 0 0 0 0 2 0 0 2 0 1 0 2 2 1 2 0 1 1 0
0 0 2 0 0 0 0 2 0 0 1 0 0 1 2 2 1 1 0 1 2 0
0 1 2 1 1 0 1 2 0 0 1 1 1 0 2 0 1 2 1 2 2 0
1 0 2 1 0 0 0 2 1 0 2 0 0 0 2 1 2 2 0 2 2 0
0 0 2 0 0 1 0 2 0 0 0 0 0 0 2 1 1 1 0 2 1 0
0 0 2 0 0 0 0 2 0 0 1 0 0 0 1 2 2 2 2 1 2 0
1 0 2 0 1 0 0 2 0 0 1 0 0 0 2 1 1 2 1 2 1 0
0 0 2 0 0 0 0 1 0 0 0 0 0 0 2 2 2 2 0 1 2 0
0 1 1 0 0 0 0 1 0 0 1 1 0 1 2 2 1 2 0 1 2 0
0 1 2 0 1 2 0 2 0 1 2 0 0 1 2 2 0 2 0 2 2 1
1 0 2 1 0 0 0 2 1 0 1 0 0 0 2 2 1 2 0 1 2 0
0 0 2 2 0 0 0 2 0 0 1 0 0 0 2 1 1 2 0 2 2 0
1 0 2 1 0 0 0 1 0 0 2 1 1 0 2 1 2 2 0 1 2 0
0 0 2 2 0 1 1 2 0 0 2 0 0 0 2 1 0 2 1 2 2 0
0 0 1 1 0 0 0 2 0 0 0 0 0 0 2 2 0 2 0 1 2 0
0 1 2 1 0 1 0 2 0 0 1 0 0 1 2 1 1 2 1 2 2 0
0 1 2 0 0 0 0 2 0 0 2 0 0 0 2 2 0 2 1 2 2 0
0 0 2 0 0 0 1 1 0 0 2 0 0 0 2 2 1 2 1 2 2 0
0 0 2 1 0 0 0 2 0 0 2 0 0 0 2 2 1 2 1 2 2 0
1 1 2 1 0 0 0 1 0 0 1 0 0 0 2 1 1 2 1 2 2 2
0 0 2 1 0 1 0 2 0 0 1 0 0 0 2 1 0 2 1 1 2 0
0 0 1 0 0 2 0 2 0 0 0 0 0 1 2 0 1 2 1 2 2 0
0 0 1 0 0 1 0 2 0 0 1 0 0 1 2 2 2 2 1 2 2 0
1 0 2 0 1 1 0 2 0 0 0 0 0 0 2 2 1 0 1 2 2 0
0 0 2 0 0 0 1 2 0 0 1 0 0 0 2 2 1 2 0 2 2 0
0 0 2 0 0 2 0 1 0 0 2 0 0 1 2 1 2 2 1 2 2 0
1 0 2 1 1 1 0 2 0 0 1 0 0 0 2 1 2 1 0 2 2 0
0 0 2 0 0 0 0 2 0 1 0 0 0 1 2 1 1 2 0 2 2 0
0 0 2 1 0 0 0 2 0 0 1 0 0 1 1 2 1 2 2 1 2 0
0 0 2 0 0 1 1 2 0 0 1 0 0 0 2 2 1 2 0 2 2 0
0 0 2 0 0 0 0 2 0 0 1 0 0 0 2 1 0 2 0 2 2 0
0 0 2 0 0 1 0 0 0 0 1 0 0 0 2 1 1 1 2 2 2 0
0 0 2 0 0 1 0 1 0 0 0 0 1 0 2 1 1 2 0 2 2 0
1 0 2 0 0 0 0 2 0 0 1 0 0 0 2 1 1 2 0 2 2 0
0 1 2 0 0 1 0 2 0 0 2 0 0 0 1 1 2 2 0 2 2 0
1 2 2 0 1 0 0 1 0 0 1 0 0 1 2 1 0 1 0 2 2 0
0 0 2 1 0 0 0 2 1 0 2 0 2 0 2 1 2 1 1 1 2 0
0 0 2 2 0 0 1 1 0 0 1 0 1 0 2 1 1 2 0 2 2 0
0 2 2 1 0 0 0 2 0 0 2 0 0 0 2 2 1 2 0 1 1 0
0 0 1 0 0 0 0 2 0 0 0 0 0 0 2 2 0 2 0 2 2 1
1 0 2 0 1 0 0 2 0 0 1 0 0 0 2 2 2 2 1 2 2 0
0 0 2 0 0 1 1 2 0 0 2 0 0 0 2 1 0 2 0 1 2 0
0 0 1 0 0 0 0 1 0 0 2 0 0 1 2 0 1 2 0 2 2 1
0 0 2 0 0 0 0 2 0 0 1 0 0 0 1 1 1 2 1 2 2 0
0 0 2 0 1 1 0 2 0 0 1 0 0 1 2 2 1 2 0 2 1 0
0 0 2 0 1 0 0 2 0 0 2 0 0 0 1 1 1 2 0 2 2 0
1 0 2 0 0 0 0 2 0 0 2 0 0 0 2 2 2 2 1 1 2 0
0 1 2 0 0 0 0 2 0 0 1 0 0 0 2 0 2 2 2 2 2 0
0 0 2 1 0 1 0 2 0 0 2 0 1 1 2 1 2 1 2 2 2 0
1 0 2 0 0 1 0 2 0 0 2 0 0 0 2 2 1 2 0 2 2 0
0 0 1 0 0 0 0 2 0 0 2 0 0 0 2 1 1 2 0 1 2 0
0 0 2 0 0 1 0 2 0 0 2 0 0 0 2 1 2 2 1 1 1 0
1 0 2 1 0 1 0 2 0 0 2 1 0 0 2 2 1 2 1 2 2 0
0 1 2 0 1 0 1 2 0 0 1 0 0 0 2 2 2 2 1 2 2 0
2 0 2 1 0 0 0 2 0 0 1 0 1 0 2 2 1 2 1 2 2 0
0 0 2 0 0 1 0 2 0 0 1 0 0 0 2 2 2 2 1 2 2 0
0 1 2 0 2 0 0 2 0 0 1 1 0 0 2 2 2 2 0 2 2 0
1 1 1 0 0 2 0 1 0 0 1 0 0 0 1 2 2 2 1 1 2 0
0 0 2 0 0 1 0 1 0 0 1 0 0 0 2 2 1 2 0 1 2 1
0 0 2 0 0 0 0 2 0 1 1 0 0 0 2 2 1 2 1 1 2 0
0 0 2 0 0 0 1 2 0 1 2 0 0 1 2 2 2 2 1 2 2 0
0 0 2 0 1 0 0 1 0 0 2 0 0 0 2 0 1 2 0 2 1 0
0 0 2 1 0 1 0 2 0 0 1 0 1 1 2 1 1 2 1 1 2 0
1 0 2 2 0 1 1 1 0 1 1 0 0 1 2 1 2 2 1 2 2 0
0 0 2 0 0 0 0 2 0 0 1 0 0 0 2 2 2 2 0 2 2 0
0 0 2 0 0 1 0 2 0 0 2 0 0 1 2 1 0 2 0 2 2 0
1 0 2 0 0 0 0 2 0 0 1 0 0 0 2 2 0 2 1 0 1 0
0 0 2 0 0 0 1 2 0 0 1 0 0 0 2 2 1 2 1 1 1 0
0 0 2 0 0 1 1 2 0 0 2 0 0 0 2 0 1 2 0 1 2 0
1 0 2 0 0 1 0 2 0 0 0 1 0 0 2 1 2 2 0 2 2 0
0 0 1 0 0 0 0 2 0 0 1 0 0 0 2 2 2 2 1 2 2 0
1 0 2 0 0 0 0 2 0 0 0 0 0 0 2 1 2 2 1 1 2 0
0 0 1 1 0 1 0 2 0 0 1 0 0 0 2 2 0 2 0 2 1 0
0 0 1 0 0 0 0 2 0 0 1 0 0 0 2 1 1 2 0 2 1 0
0 0 2 1 0 2 0 2 0 0 2 0 0 1 2 1 1 2 0 2 2 0
1 1 1 0 0 0 0 2 0 0 2 0 0 0 2 2 2 1 0 2 2 0
1 1 2 0 0 0 0 2 0 0 1 0 1 0 2 1 1 2 0 2 2 0
0 0 2 0 0 1 1 2 0 0 1 0 0 0 2 2 0 2 0 2 1 0
0 0 2 2 0 0 1 2 0 0 1 0 0 0 2 2 1 1 0 2 2 0
1 0 2 1 0 1 1 2 0 0 2 0 0 0 2 1 0 2 0 1 2 0
0 0 2 0 0 1 0 2 0 0 2 0 0 1 2 2 1 2 1 2 2 0
1 0 2 0 0 1 0 2 0 0 2 0 0 0 2 2 1 2 1 2 2 0
1 0 2 0 0 0 0 2 0 0 0 0 0 0 2 2 2 2 1 1 2 0
0 1 2 0 0 0 1 1 0 0 2 0 1 0 2 1 1 1 1 2 1 0
0 1 2 1 0 0 0 1 0 0 1 1 0 0 2 1 2 2 1 2 2 0
0 0 2 1 1 0 0 2 0 0 1 0 0 0 1 2 1 2 0 1 2 0
0 1 2 0 0 0 0 2 0 1 0 0 0 0 2 2 0 2 0 2 1 0
0 0 1 0 0 1 0 2 0 0 1 0 0 0 2 1 0 2 1 2 1 0
0 0 2 0 0 1 0 2 0 0 2 0 0 0 1 2 1 2 0 2 2 0
0 1 2 0 0 0 0 1 0 0 0 0 0 0 2 2 0 1 2 2 1 0
1 0 2 0 0 0 0 1 0 0 0 0 0 0 2 1 1 1 0 1 2 1
0 0 1 0 0 0 0 2 0 0 2 0 0 1 2 0 0 2 0 1 2 0
0 1 2 0 0 0 0 1 0 0 1 0 0 0 2 2 1 2 1 2 2 0
0 1 2 0 0 1 1 2 0 0 1 0 1 0 2 2 2 2 0 2 2 0
0 0 2 0 0 1 0 2 0 0 0 0 0 0 2 2 0 2 0 2 1 1
0 0 2 2 0 0 0 2 0 0 1 0 0 1 2 2 1 2 0 2 2 0
0 1 2 1 0 0 1 2 0 0 2 0 0 1 2 1 2 2 0 2 1 0
0 0 2 1 0 0 0 2 0 0 1 0 0 0 2 2 2 1 0 2 2 0
0 0 2 1 0 0 0 2 0 0 1 0 0 0 2 0 0 2 0 2 2 0
1 1 1 1 0 0 0 2 0 1 1 0 0 0 2 2 2 2 0 1 2 0
1 0 2 1 0 0 0 2 0 0 1 0 0 0 2 1 1 2 1 2 2 0
1 0 2 1 0 1 0 2 1 0 2 0 0 0 2 1 1 2 1 1 2 1
0 1 2 1 0 1 0 2 0 0 2 0 0 0 2 0 2 2 0 2 1 0
0 1 0 0 0 1 0 1 0 0 1 0 0 0 2 2 1 2 2 1 2 0
0 1 2 0 0 2 0 2 0 0 2 1 0 0 2 2 1 2 0 2 1 1
0 0 2 1 0 0 0 1 0 0 0 0 0 0 2 2 2 2 0 0 2 0
1 0 1 0 1 0 0 2 0 0 1 0 0 0 2 2 1 2 0 2 2 0
1 0 0 0 0 1 0 2 1 0 1 0 0 0 1 0 2 2 2 2 2 0
0 0 2 0 0 0 0 2 0 0 1 0 0 0 2 2 2 2 1 2 2 0
0 0 2 0 0 1 0 2 0 0 0 1 0 0 2 2 2 2 1 1 2 0
1 0 2 0 0 0 0 0 0 0 2 0 0 0 1 1 0 2 0 2 2 0
0 0 2 0 1 1 0 1 0 0 1 0 0 0 2 1 2 2 1 2 2 0
0 0 1 1 0 0 1 2 0 0 2 0 0 0 2 1 0 2 0 2 2 0
1 0 2 0 0 0 0 2 0 0 1 1 0 0 2 2 1 2 1 1 2 0
0 0 2 0 0 1 0 1 0 0 1 0 0 0 2 2 1 2 0 2 1 1
1 0 2 0 0 1 0 2 0 0 1 0 0 0 2 1 2 2 1 2 2 0
0 0 1 1 0 0 0 2 0 0 1 0 0 0 2 1 1 2 1 1 2 0
0 0 2 1 0 0 0 2 0 0 0 0 0 0 2 0 1 2 0 2 2 0
1 1 1 0 1 1 0 2 0 0 1 0 0 0 2 1 2 1 0 2 2 0
1 1 2 0 0 1 0 2 0 0 1 0 0 0 2 1 2 0 1 2 2 0
0 0 2 0 0 0 0 2 0 0 0 0 0 0 2 2 1 2 1 1 2 0
1 0 1 0 0 0 0 2 1 0 2 0 0 0 2 0 2 2 0 1 2 0
0 0 2 0 2 1 0 1 0 0 1 0 0 0 2 2 1 2 0 2 2 0
1 0 2 1 0 0 0 1 0 0 2 0 1 0 2 2 1 2 0 2 2 0
0 0 2 1 0 0 0 2 0 0 1 0 0 0 2 1 2 2 1 2 2 0
0 0 2 1 0 0 0 2 0 0 1 0 0 0 2 1 1 2 1 2 2 0
0 0 2 0 0 0 0 2 0 0 1 1 0 0 2 2 1 1 0 2 1 0
0 0 1 1 0 1 0 2 0 0 0 0 0 0 1 2 1 2 1 2 2 0
0 1 2 0 0 0 0 2 0 0 0 0 0 0 2 2 1 1 1 2 2 0
0 0 2 0 0 0 0 2 0 0 1 0 0 0 2 2 1 2 1 2 2 0
0 1 2 2 0 0 0 2 0 0 2 0 1 0 2 1 1 1 0 1 2 0
1 0 1 0 0 2 0 1 0 0 2 0 0 0 2 1 1 0 0 1 2 0
0 0 2 0 0 0 0 2 0 0 2 0 0 0 2 1 1 2 1 2 2 0
0 1 2 0 1 0 0 1 0 0 0 0 0 0 2 0 1 2 0 1 2 0
0 2 2 0 0 1 0 2 0 0 1 0 1 0 2 1 0 2 0 2 2 0
0 0 2 0 0 0 0 2 0 0 1 0 0 0 2 2 2 2 0 2 2 0
0 1 2 1 0 1 0 2 0 0 2 0 0 1 2 2 1 2 2 2 2 0
1 0 2 0 0 0 1 2 0 0 1 0 0 0 2 1 1 1 0 1 2 0
0 0 1 1 0 0 0 1 0 0 2 0 0 0 2 2 1 2 0 1 1 1
0 0 2 0 0 0 0 2 0 0 0 0 0 1 2 2 2 2 0 1 1 0
0 0 2 0 0 1 1 2 0 0 1 0 0 0 2 2 2 2 1 2 2 0
1 0 0 0 1 1 0 2 0 0 2 0 0 0 2 0 2 2 1 2 1 0
0 0 2 0 0 1 0 1 0 0 2 0 0 0 2 1 2 2 1 2 1 0
0 0 2 0 1 0 0 2 0 0 2 0 0 0 2 2 0 2 0 2 2 0
0 0 2 0 0 0 1 2 0 0 1 0 0 0 2 2 1 2 1 2 2 0
1 0 1 0 0 1 0 2 0 0 2 0 1 0 2 1 2 2 0 2 2 0
0 0 1 0 2 0 1 2 0 0 2 0 0 1 2 1 1 2 1 2 2 0
0 0 1 0 0 0 0 2 0 0 0 0 0 0 2 1 2 2 0 2 2 0
0 0 2 1 0 0 0 2 0 0 2 0 0 0 2 1 1 2 0 2 2 0
0 0 2 2 0 1 0 2 1 0 2 0 0 0 2 2 2 2 1 2 2 0
1 0 2 0 0 0 0 2 0 0 2 0 0 0 2 0 1 2 0 2 2 0
0 0 1 0 0 0 0 2 0 0 2 0 0 0 2 1 2 2 1 2 2 0
0 0 2 0 0 0 0 1 0 0 2 0 0 0 2 2 2 2 1 2 2 0
0 0 1 2 0 1 0 2 0 0 1 0 0 0 2 1 1 1 0 2 2 0
0 0 2 1 0 0 1 2 0 1 1 0 0 0 1 1 2 2 0 1 2 0
1 0 2 1 0 1 0 2 0 0 1 0 0 0 2 2 0 1 0 2 2 0
0 0 2 0 0 0 0 1 0 0 2 0 0 0 2 2 1 1 1 2 2 0
1 0 2 0 0 1 0 2 0 0 2 0 0 0 2 2 1 2 1 1 2 0
0 0 2 0 0 0 0 1 0 0 2 1 0 0 2 2 1 2 0 1 2 0
0 0 1 0 1 1 0 2 0 0 1 0 0 1 2 0 2 2 0 1 2 0
0 0 2 0 1 0 0 2 0 0 0 0 1 0 2 1 1 1 1 1 2 0
0 0 2 0 1 1 0 0 0 0 2 0 1 0 1 2 2 2 0 1 2 0
0 0 2 0 0 1 0 2 0 0 1 0 0 0 2 2 1 2 2 2 2 0
0 0 2 1 0 1 0 1 0 0 1 0 0 0 2 2 1 1 1 1 2 0
0 2 2 0 1 0 0 2 0 0 1 0 1 0 2 0 2 2 1 2 2 0
0 0 1 1 0 1 0 2 0 0 2 0 1 1 2 2 1 1 0 2 2 0
0 0 2 0 0 0 0 2 0 0 2 0 0 0 2 1 0 2 0 2 2 0
0 0 2 0 0 1 1 2 0 0 1 0 0 1 2 2 1 1 0 2 2 0
2 0 2 1 0 1 0 1 0 0 1 1 1 0 2 1 1 2 2 0 2 0
0 0 2 0 0 1 0 1 0 0 2 0 0 0 2 1 1 2 1 2 2 0
0 0 2 1 0 1 0 1 0 0 1 0 0 0 2 1 1 2 1 2 2 0
0 0 2 0 0 0 0 2 0 0 2 0 1 0 2 2 0 2 0 2 2 0
0 0 2 1 0 0 0 2 0 0 1 0 0 0 2 0 2 2 0 1 2 0
0 0 2 0 0 1 0 1 0 0 1 1 0 0 2 2 0 2 0 2 2 0
0 0 2 0 0 1 0 2 0 0 1 0 0 0 2 0 1 2 0 1 2 0
1 1 1 0 0 0 0 2 0 0 0 1 1 0 2 2 2 1 1 1 2 0
1 1 2 0 0 1 0 2 0 0 0 0 0 0 2 1 1 1 0 2 2 0
0 0 2 0 0 0 0 1 0 0 2 0 0 0 2 2 0 1 2 2 2 0
1 1 2 1 0 0 1 2 0 0 1 1 0 0 2 0 1 2 0 1 2 0
0 0 2 0 0 0 0 2 0 0 2 1 1 0 2 0 1 2 0 2 2 0
0 0 2 1 0 0 0 2 0 0 1 0 0 0 2 1 0 2 0 2 2 0
0 0 2 0 0 0 0 2 0 0 2 0 1 0 2 0 2 2 1 1 2 0
1 0 1 0 0 1 0 2 0 0 2 1 0 0 2 2 0 2 1 1 2 0
0 0 2 0 0 0 0 2 0 0 2 0 0 0 2 2 1 2 0 1 2 1
0 1 2 0 0 1 0 1 0 0 1 0 1 0 2 1 1 1 2 0 2 1
0 0 2 0 1 0 1 2 0 0 1 0 0 0 2 2 2 1 1 1 2 0
0 0 2 0 0 0 0 2 0 0 0 0 1 0 2 2 1 1 0 2 2 0
0 0 2 0 0 1 0 2 0 0 0 0 0 0 2 2 2 2 0 2 2 0
2 0 2 1 0 1 0 2 0 0 2 0 1 0 2 1 1 2 1 2 2 0
0 0 2 0 0 0 0 2 0 0 2 0 0 0 2 2 0 2 1 2 2 0
1 0 2 1 0 0 0 1 0 0 1 0 1 0 2 0 2 2 0 2 2 0
0 0 1 0 1 0 0 2 0 0 2 1 0 0 2 2 1 2 0 2 2 0
1 0 2 0 1 2 0 2 0 0 2 0 1 0 2 1 0 2 0 1 2 0
0 0 2 1 1 1 0 2 0 0 1 0 0 1 2 1 1 2 1 2 2 0
0 0 2 0 0 0 0 2 0 0 2 0 0 0 2 1 0 1 0 2 2 0
0 0 2 0 0 0 0 2 0 0 2 0 1 1 2 1 1 2 0 1 2 0
0 0 2 0 0 0 0 1 0 0 1 0 0 0 2 1 1 2 0 2 2 0
1 0 2 1 0 0 0 2 0 0 1 0 0 0 2 2 1 2 0 1 2 0
1 0 1 0 0 0 0 2 0 0 1 0 0 0 2 2 2 2 2 2 2 0
0 0 2 1 0 0 0 2 0 0 1 0 0 0 2 2 1 2 1 2 2 0
1 0 1 0 0 0 0 2 0 1 2 0 0 0 2 0 0 2 0 1 2 0
0 0 2 0 0 0 0 2 0 0 2 0 0 0 2 2 0 1 0 2 2 0
0 0 2 0 0 0 1 2 0 0 1 1 1 0 2 2 1 2 1 1 2 0
0 0 2 0 0 1 1 2 0 0 1 0 0 0 2 1 1 2 1 2 2 0
1 0 2 0 0 1 0 2 0 0 1 0 0 0 2 2 2 1 0 2 2 0
1 0 2 0 0 0 0 2 1 0 2 0 0 1 2 0 2 2 0 2 2 0
0 0 1 1 0 0 0 2 0 0 1 0 0 0 2 0 1 2 1 2 2 0
0 0 2 0 0 0 0 2 0 0 2 0 0 0 2 1 2 2 0 1 2 0
0 1 1 0 1 1 1 2 0 0 1 0 0 0 1 2 2 2 0 1 2 0
1 0 2 0 0 0 0 2 0 0 2 0 0 0 2 1 0 2 1 2 2 0
1 0 2 0 0 0 0 2 0 0 2 1 0 0 2 1 1 2 0 1 2 0
0 0 1 2 0 0 0 1 0 0 2 0 0 1 2 2 1 1 2 2 2 0
0 0 1 0 0 0 0 2 0 0 2 0 0 0 2 1 0 2 0 2 2 0
0 0 2 1 0 0 0 2 0 0 1 0 0 0 2 0 1 1 0 2 2 0
1 0 2 0 0 1 0 2 0 0 2 0 0 0 2 1 1 2 0 2 2 2
0 0 2 0 0 1 0 2 0 0 1 0 0 0 2 2 2 1 1 2 1 1
0 0 2 0 0 1 0 2 0 0 2 0 0 0 2 2 1 2 1 2 2 0
0 0 2 0 0 0 0 1 0 0 2 0 0 0 2 1 1 0 0 2 2 0
0 0 2 1 0 1 0 2 0 0 0 0 1 0 2 1 2 2 0 1 2 0
0 0 2 1 0 1 0 2 0 0 2 0 0 0 2 2 1 1 0 2 2 0
0 0 2 0 0 0 0 2 0 0 1 0 1 0 2 1 0 2 0 1 2 0
0 0 2 0 0 0 0 2 0 0 2 0 0 0 2 2 1 1 0 1 2 0
0 0 2 0 1 0 0 1 0 0 2 0 0 0 2 2 0 2 1 2 2 0
0 1 2 0 0 2 0 1 0 0 1 0 0 0 2 2 1 2 1 2 2 0
1 0 2 1 0 0 0 2 0 0 0 0 0 0 2 2 1 2 0 2 2 0
0 0 2 0 0 1 1 1 0 0 2 0 1 0 2 2 1 1 0 2 2 1
0 2 2 0 0 0 1 2 0 0 0 0 0 1 2 1 0 2 1 1 2 0
0 0 1 0 0 1 0 2 0 0 1 0 0 1 2 2 1 2 1 2 2 0
0 0 2 0 0 1 0 2 0 0 1 0 0 0 2 2 2 2 0 2 2 0
0 0 2 1 0 0 0 2 0 0 2 0 0 0 2 1 2 2 0 2 1 0
0 0 2 0 0 2 0 2 0 0 2 1 0 0 2 0 1 2 2 1 2 0
0 0 2 1 0 0 0 2 0 0 1 0 0 0 2 2 1 2 0 1 2 0
0 0 2 1 0 1 0 2 0 0 2 1 0 0 2 1 0 2 0 2 2 0
0 0 1 0 0 1 0 1 0 0 0 0 0 0 2 0 2 2 0 1 2 0
0 0 1 0 1 0 0 2 0 0 0 0 0 0 2 2 1 2 2 1 2 0
0 0 2 0 0 0 0 2 0 0 2 0 1 1 1 2 2 1 0 2 1 0
1 0 2 0 0 0 0 2 0 0 2 0 0 0 2 2 1 1 0 2 2 0
1 0 2 1 0 0 1 2 0 0 1 0 0 0 2 2 1 2 1 2 2 0
1 1 2 0 1 0 0 2 0 0 1 0 0 0 2 2 0 2 0 2 2 0
1 1 1 1 0 0 0 0 0 0 0 0 0 0 2 2 2 2 1 1 2 0
0 0 2 0 0 1 0 1 0 0 1 0 0 0 2 2 2 2 0 1 2 0
0 0 2 0 0 1 0 2 0 0 1 0 1 0 2 2 2 2 1 2 2 0
1 0 2 0 0 0 0 2 0 0 1 0 2 0 2 1 0 2 0 2 2 1
0 2 2 0 0 0 0 1 0 0 1 0 0 0 2 1 2 2 1 0 2 0
1 0 2 0 1 1 0 2 0 0 1 1 0 1 2 0 2 1 0 2 2 0
0 0 2 0 0 0 0 2 0 0 2 0 0 0 2 1 1 2 1 2 2 0
0 0 1 0 0 0 0 2 0 0 2 0 0 0 2 2 0 2 1 2 2 0
0 0 1 0 0 0 0 1 0 0 1 0 0 0 2 1 2 2 2 2 2 0
0 0 1 0 0 1 0 2 0 0 2 0 0 0 2 1 1 2 0 2 2 0
0 0 2 0 0 0 0 2 0 0 0 0 0 1 2 1 0 2 0 1 1 0
0 0 2 0 0 0 0 2 0 0 1 0 0 0 2 1 2 2 0 2 2 0
1 1 2 0 0 0 0 2 0 0 1 0 1 0 2 1 2 2 0 2 2 0
1 0 2 0 0 1 0 2 1 0 2 0 0 0 2 0 1 2 0 2 2 0
0 0 2 0 0 1 0 2 0 0 0 1 1 0 2 1 2 2 1 1 1 0
0 0 1 0 0 1 0 2 0 0 2 0 0 0 2 1 2 2 0 2 2 0
0 1 2 0 1 0 0 2 0 0 2 0 0 0 2 1 2 2 0 2 2 0
0 0 2 1 0 0 0 2 0 0 2 0 0 0 2 2 2 2 1 2 2 1
0 0 2 1 1 2 1 2 1 0 0 0 0 0 2 2 2 1 1 2 2 0
0 0 2 0 0 1 0 2 0 1 1 0 0 0 2 2 1 2 0 1 2 0
0 0 1 1 0 0 0 2 0 0 2 0 0 0 2 1 1 2 1 2 2 0
0 0 2 1 0 0 1 2 0 0 0 0 0 0 1 1 1 1 1 1 2 0
0 0 1 1 0 1 0 1 0 0 2 0 1 0 2 2 2 2 0 2 2 0
0 0 2 0 0 0 0 2 0 0 1 0 2 0 2 2 0 2 0 1 2 0
0 0 2 0 1 1 0 2 0 0 2 1 0 0 2 1 0 1 0 2 2 0
0 0 2 1 0 0 0 2 0 0 2 0 0 0 2 2 0 2 0 2 2 0
2 0 2 0 0 0 0 2 0 0 1 0 1 1 1 2 1 2 1 2 2 0
0 0 2 0 0 0 0 2 0 0 1 0 0 0 2 0 1 1 1 2 2 0
0 0 1 0 0 1 0 2 0 0 1 0 0 0 2 1 2 0 0 2 2 0
1 0 2 2 0 0 0 1 0 0 2 0 0 0 2 2 2 2 0 2 2 0
1 0 2 0 0 1 0 2 0 0 1 0 0 2 2 1 1 2 1 2 1 0
0 1 2 0 0 0 0 2 0 0 1 0 0 0 2 2 0 2 0 2 2 0
0 0 2 1 1 0 0 1 0 0 1 1 0 0 2 2 1 1 0 2 2 1
0 2 2 1 1 1 0 2 0 0 1 0 0 0 2 2 2 0 0 1 2 0
0 1 2 1 0 0 0 2 0 0 2 0 0 0 2 2 2 2 0 2 2 1
0 0 2 0 0 1 1 2 0 0 1 0 0 0 2 2 1 2 1 2 2 0
1 1 2 0 0 1 0 2 0 0 2 0 0 0 2 1 2 2 0 2 2 0
0 0 1 0 1 0 0 2 0 0 1 0 1 1 2 2 2 1 0 2 2 0
0 0 1 0 1 1 0 2 0 0 0 0 1 0 2 2 2 2 0 2 2 0
0 0 2 0 0 1 0 2 0 0 1 0 0 0 2 0 1 2 0 2 1 0
1 0 2 0 0 0 0 1 0 0 1 0 0 0 2 1 2 2 1 2 2 0
2 0 2 1 0 0 0 0 0 0 2 0 0 0 2 1 1 2 1 2 2 0
1 0 2 1 0 0 0 1 0 0 2 0 1 0 2 1 1 2 0 2 2 0
0 1 2 0 0 0 0 1 0 0 1 1 1 0 2 0 1 2 1 2 2 1
2 0 2 1 0 0 1 2 0 0 0 0 0 1 2 0 1 2 0 2 2 0
0 0 2 0 0 0 0 2 1 0 2 0 0 0 2 1 1 2 0 2 1 0
1 1 2 0 1 0 1 2 0 0 0 0 0 0 2 2 1 2 1 2 2 0
1 1 2 0 0 0 0 1 0 0 1 0 0 0 2 2 1 1 0 1 2 0
0 0 2 1 0 0 0 2 0 0 1 0 0 0 2 1 1 2 0 1 2 0
1 1 2 0 1 0 1 1 0 0 1 0 0 1 2 1 2 2 0 1 1 0
0 0 1 0 0 0 0 1 0 0 1 0 0 0 2 2 1 2 0 2 2 0
0 0 2 0 0 1 0 2 0 0 1 0 0 0 2 1 1 2 0 2 2 0
0 0 2 0 0 0 0 1 0 0 2 0 1 0 2 2 0 1 1 2 2 0
0 0 2 0 0 1 1 2 0 0 1 0 1 0 1 2 1 2 0 2 2 1
0 0 2 0 0 0 0 1 0 0 2 0 1 0 2 2 1 2 1 2 2 0
0 0 2 0 0 0 0 2 0 0 1 0 0 0 2 2 1 2 0 1 2 0
0 0 2 0 0 0 0 1 0 0 2 0 1 0 2 2 2 1 0 0 1 1
0 0 1 1 0 0 0 2 0 0 2 1 0 0 1 1 1 2 0 2 2 0
1 0 1 1 0 0 0 2 0 0 1 0 0 0 2 2 2 2 0 1 1 0
0 0 2 1 0 1 0 2 0 0 2 0 0 0 2 1 0 2 1 2 2 0
0 0 2 0 0 1 0 1 0 0 2 0 0 0 2 1 1 2 0 1 2 0
0 0 2 0 0 0 0 2 0 0 1 0 0 0 2 2 0 2 0 1 2 0
0 0 2 0 1 1 0 2 0 0 1 0 0 0 2 1 0 2 0 1 2 0
0 0 2 0 0 0 1 2 0 0 2 0 0 1 2 2 2 2 1 2 1 0
1 0 2 0 0 0 0 2 0 0 2 0 0 0 2 2 2 2 0 2 2 0
1 1 2 0 0 2 0 2 0 0 2 1 0 0 2 1 1 2 1 1 2 0
0 0 2 1 0 0 0 2 0 0 2 1 0 0 2 1 1 1 1 2 1 0
0 0 2 0 1 0 1 2 0 0 2 0 1 0 2 1 1 2 0 1 2 0
1 0 2 0 0 0 0 2 1 0 1 0 0 1 2 1 1 2 0 2 2 0
1 0 2 0 0 0 0 2 0 0 2 1 0 0 2 0 0 2 1 1 2 0
0 0 2 0 1 1 0 2 0 0 2 0 1 0 2 0 0 2 0 2 2 0
1 1 1 1 0 0 0 2 0 0 2 0 0 0 1 1 0 2 0 2 2 0
0 0 2 0 0 0 0 2 0 0 1 0 0 1 2 2 1 2 1 2 1 0
0 0 2 0 0 0 0 2 0 0 2 0 0 1 2 1 2 2 1 2 2 0
1 0 2 1 1 1 0 2 0 0 1 1 1 0 2 1 1 1 0 2 2 0
1 0 2 0 0 1 0 2 0 0 1 0 1 0 2 1 0 2 1 1 2 0
0 0 1 1 0 0 0 1 0 0 1 0 0 1 2 1 2 2 0 2 2 0
0 0 1 0 0 0 0 2 0 0 1 0 0 0 2 1 1 2 0 1 2 0
0 0 2 1 0 1 0 2 0 0 0 1 0 0 2 1 1 1 0 2 2 0
0 0 2 0 1 1 0 2 0 0 2 0 0 1 2 1 2 2 0 2 2 0
1 0 2 0 0 1 0 1 0 0 0 0 0 0 2 2 1 2 0 2 2 0
0 0 2 0 0 1 0 2 0 0 1 0 0 0 2 1 1 2 1 1 2 0
1 0 2 0 0 0 0 1 0 1 2 0 0 0 2 0 2 2 0 2 2 0
0 0 2 0 0 0 0 2 0 0 1 0 1 0 2 0 0 2 0 2 2 0
0 0 2 0 0 1 0 2 0 0 2 0 0 0 2 0 2 2 0 2 2 0
0 1 1 0 0 0 0 2 0 0 2 0 0 0 2 2 2 1 0 2 2 0
1 0 2 0 0 2 0 2 0 0 2 1 0 0 2 2 1 1 0 1 2 0
0 1 2 0 0 1 0 2 0 0 0 0 0 1 2 2 1 0 0 2 2 0
0 0 1 0 0 0 0 2 0 0 2 0 0 0 2 1 2 1 0 2 2 0
0 0 2 0 0 0 0 2 0 0 2 0 0 1 2 1 1 2 1 2 2 0
0 1 2 1 0 0 1 2 0 0 2 1 0 0 2 1 2 2 0 2 2 0
0 0 2 0 0 0 0 2 0 0 1 0 0 0 1 2 0 1 1 2 2 0
0 0 1 0 0 0 0 2 0 0 2 0 0 0 2 1 0 2 1 1 2 0
0 0 2 1 1 0 0 2 0 0 2 0 0 0 2 1 1 2 0 2 2 0
0 0 2 0 0 2 1 2 0 0 2 0 1 0 2 1 2 1 0 2 2 0
1 0 1 0 0 1 0 2 0 0 1 0 0 0 1 2 1 2 0 2 2 0
1 0 2 0 0 0 0 1 0 0 2 0 0 0 2 2 1 2 0 2 2 0
0 1 2 2 0 0 0 2 0 0 1 0 0 0 2 0 2 2 0 2 2 0
0 0 1 1 1 0 0 2 0 0 2 0 0 0 2 1 1 2 0 2 2 0
0 0 2 1 0 0 0 2 0 0 2 1 1 0 2 1 1 2 0 2 1 0
0 1 1 0 0 0 0 1 0 0 1 0 0 0 2 1 0 2 1 2 1 0
0 0 1 1 0 0 0 2 1 0 0 0 1 0 2 1 1 2 1 2 2 0
0 0 2 0 0 1 0 1 0 0 2 0 0 1 2 2 1 2 2 2 1 0
0 1 2 0 1 0 0 2 0 0 1 0 0 0 2 2 0 2 2 2 2 0
2 1 2 0 0 0 0 2 0 0 2 0 1 1 2 1 1 1 0 1 2 0
0 0 1 0 0 0 0 1 0 0 1 0 0 1 2 1 1 2 0 1 2 0
0 0 2 0 0 0 0 2 0 0 2 0 0 0 2 1 1 2 2 2 0 0
0 0 2 0 0 1 0 1 0 0 2 0 0 0 2 1 1 1 0 2 2 0
0 0 2 0 0 0 0 2 0 0 2 0 1 0 2 1 0 2 0 2 2 0
1 0 2 0 0 0 0 2 0 0 1 0 0 0 2 0 1 2 1 2 2 0
0 0 2 1 0 0 0 1 0 0 1 0 1 0 2 1 2 2 0 2 2 0
0 0 2 0 0 1 0 2 0 0 1 1 0 0 2 1 2 2 0 1 2 0
1 0 2 0 0 0 0 2 0 0 2 1 0 0 2 1 1 1 1 2 2 0
0 1 2 0 0 0 0 0 0 0 1 0 0 0 2 2 1 1 1 2 1 0
1 1 2 0 0 0 0 2 0 0 1 0 0 0 2 0 1 2 1 2 2 0
1 0 1 0 0 0 0 2 0 0 2 1 0 1 2 0 1 1 0 1 2 0
0 0 2 1 0 0 0 2 0 0 2 0 0 0 1 1 1 2 1 2 2 0
0 0 2 0 0 0 0 2 0 0 1 0 0 0 2 2 1 1 0 2 2 0
0 1 2 1 1 0 0 2 0 0 2 1 0 0 2 1 1 2 0 2 2 0
0 0 1 0 0 0 0 2 0 0 1 1 0 0 1 0 1 2 1 2 2 0
1 1 2 1 0 0 1 1 0 0 2 0 0 0 2 2 1 2 0 1 2 0
0 0 2 1 0 2 1 1 0 0 1 0 1 0 2 2 2 1 0 2 2 0
0 1 2 0 0 2 0 2 0 0 2 0 0 0 2 1 2 2 0 2 2 0
2 0 1 1 0 0 0 1 0 0 1 0 0 0 2 2 2 1 0 2 2 0
1 0 2 0 0 0 0 2 0 0 2 0 0 0 2 1 2 1 0 2 2 0
0 0 2 1 0 1 0 2 0 0 2 0 0 0 2 0 1 1 1 2 2 0
0 0 2 0 0 0 0 2 0 0 1 0 0 0 1 2 0 2 0 2 2 0
0 0 2 2 0 1 1 2 1 0 2 0 0 0 2 2 1 1 0 2 2 0
0 0 2 0 0 1 0 2 0 0 2 0 1 0 2 2 2 2 0 2 2 1
2 0 2 1 0 0 0 2 0 0 1 0 0 0 2 1 2 2 0 2 2 1
0 0 2 0 0 0 0 1 0 0 0 0 0 0 2 2 0 2 0 2 2 0
1 0 2 0 0 0 0 1 0 0 1 0 0 1 2 1 2 2 0 2 2 0
0 0 1 1 0 0 0 2 0 0 2 1 0 0 2 2 1 2 0 2 1 0
0 1 2 0 0 0 1 2 0 0 0 0 0 0 2 1 1 2 1 2 2 0
1 0 2 0 0 1 1 1 0 0 1 0 0 0 2 1 1 2 0 2 2 0
0 1 2 2 0 0 0 2 0 0 0 0 0 0 2 0 1 1 0 2 2 0
1 0 2 0 0 0 0 1 0 0 2 0 0 2 2 2 1 1 0 2 2 0
1 0 2 1 0 1 0 2 0 0 2 0 0 0 2 2 1 2 1 1 2 0
0 0 2 0 0 0 0 2 0 0 2 0 0 1 2 0 1 2 0 1 2 0
0 0 2 1 0 0 0 2 0 0 1 0 1 1 2 2 2 2 1 1 2 0
0 0 2 0 0 1 0 2 0 0 2 0 1 0 2 1 0 2 0 2 2 0
0 2 2 0 0 0 0 2 0 0 1 1 1 1 2 2 2 2 1 2 2 0
0 1 2 0 1 0 0 1 0 0 1 0 0 0 2 2 1 2 1 2 2 0
1 0 1 0 0 0 0 2 0 0 1 0 0 1 2 1 1 1 1 2 2 0
0 1 2 1 0 1 0 2 0 0 1 0 0 0 2 2 0 2 0 1 2 0
0 0 2 0 0 1 0 2 0 0 2 0 0 0 2 1 0 2 1 2 2 0
1 0 2 0 0 1 0 2 0 0 0 0 0 0 2 1 2 2 0 2 1 0
0 0 2 0 0 0 0 2 0 0 2 0 0 0 2 1 1 2 0 2 2 0
0 0 1 0 1 0 0 2 0 0 2 0 0 0 2 1 0 2 0 2 2 0
0 1 1 0 0 1 0 2 0 0 2 0 0 0 2 2 1 2 1 2 2 0
0 0 2 0 0 1 1 2 0 0 1 0 0 0 2 0 2 2 0 0 2 0
0 0 2 0 0 0 0 0 0 0 2 0 0 0 2 1 2 2 0 2 2 0
1 0 1 1 0 0 1 1 0 0 1 0 0 1 2 1 1 2 0 1 1 0
0 0 2 0 0 2 1 1 0 0 0 1 1 2 2 1 0 2 1 2 2 1
1 0 2 0 0 1 0 2 0 0 1 1 1 1 2 1 1 2 1 2 2 0
1 0 2 0 0 0 0 2 1 0 1 0 1 0 2 0 1 2 0 2 2 0
1 1 2 0 1 0 0 2 0 0 1 1 1 1 2 1 1 2 1 2 1 0
0 1 2 0 0 0 1 2 0 0 2 0 0 0 2 1 1 2 0 2 2 0
1 1 2 0 0 0 1 2 0 0 2 0 0 0 2 2 1 2 0 2 2 0
0 0 2 0 0 0 0 2 0 0 1 0 1 0 2 1 1 2 0 2 2 0
1 1 2 0 0 0 0 2 0 0 0 0 0 0 2 1 1 2 0 0 1 0
0 1 2 0 0 1 0 2 0 0 1 0 0 1 2 1 0 2 1 2 2 0
2 1 2 2 0 0 0 2 1 0 0 0 0 1 2 2 1 2 0 2 2 0
2 1 2 0 0 0 0 1 0 0 2 1 0 0 2 2 1 2 0 2 2 0
0 0 2 0 0 0 0 2 0 0 2 1 0 0 2 2 2 2 0 2 1 0
0 0 2 0 0 0 1 2 0 0 2 0 0 0 2 1 1 2 0 2 2 0
1 0 2 0 0 1 0 2 1 0 1 0 0 0 2 0 0 1 0 2 2 0
1 0 1 0 0 1 1 1 0 0 1 0 0 0 2 2 0 2 1 2 2 0
1 1 2 0 0 1 0 2 0 0 1 0 0 2 2 1 2 1 0 2 2 0
0 0 2 0 0 1 0 2 0 0 1 0 0 0 2 1 2 2 0 2 2 0
0 0 1 0 0 0 0 2 0 0 1 0 0 0 2 1 2 2 0 2 2 0
0 0 1 0 0 2 0 1 0 0 1 0 0 0 2 1 1 1 0 2 2 0
1 0 1 0 0 0 1 1 0 0 0 0 0 0 2 1 1 2 1 2 2 0
1 0 1 0 0 0 0 2 0 0 2 0 0 0 2 2 1 2 1 2 2 0
1 0 2 1 1 1 1 2 1 0 2 0 0 1 2 2 1 1 0 2 1 0
0 1 2 0 0 0 1 1 1 1 2 0 0 0 2 1 0 1 1 2 2 0
0 0 2 0 0 0 0 2 0 1 0 1 0 1 2 2 1 2 2 2 2 0
0 0 1 1 0 0 0 2 0 0 1 0 0 0 2 2 0 2 2 1 2 0
0 0 1 1 0 0 0 2 0 0 2 0 0 0 2 1 0 2 0 1 1 0
0 0 2 0 0 0 0 2 0 0 1 0 0 0 1 1 1 2 1 1 2 0
0 0 1 0 0 0 0 1 0 0 0 0 0 1 1 0 0 1 0 2 2 0
0 0 2 0 1 0 0 2 0 0 0 0 0 0 2 2 2 2 0 1 2 0
0 0 2 0 0 0 1 1 0 0 1 0 0 1 2 1 1 2 1 1 1 0
0 0 2 0 0 1 0 2 0 0 1 0 0 0 2 2 0 1 1 2 2 0
0 0 2 0 0 0 0 2 0 0 2 1 0 0 2 2 1 1 0 2 1 0
0 1 2 0 0 1 0 2 0 0 2 0 0 0 2 2 1 2 0 2 2 0
1 0 2 0 0 0 0 2 0 0 2 0 0 1 2 1 0 2 0 2 1 0
1 0 2 0 0 0 0 2 0 0 1 0 0 0 2 1 2 2 0 2 2 0
0 0 2 0 0 0 1 2 0 0 1 0 2 0 2 2 2 2 0 1 2 0
1 1 1 0 0 2 0 1 0 0 1 0 0 0 2 1 1 2 0 1 2 0
1 1 2 0 0 1 0 1 0 0 2 0 0 0 2 2 2 2 0 2 2 1
0 0 1 0 0 1 0 2 0 0 1 1 0 0 2 2 1 2 0 2 1 0
0 0 1 0 1 0 0 1 0 0 2 0 0 1 2 2 1 2 0 2 2 0
1 0 2 0 0 0 2 2 0 0 1 0 0 0 1 1 0 2 0 2 2 0
1 0 2 0 0 0 0 1 0 0 1 0 0 1 2 2 0 2 0 2 2 0
0 0 2 0 0 0 0 2 0 0 2 1 0 0 2 2 2 2 1 1 2 0
0 0 2 1 1 0 0 2 0 0 2 0 0 0 2 1 0 2 0 2 2 0
0 1 2 1 0 0 0 2 0 0 2 1 0 0 2 2 1 2 1 2 2 0
0 0 2 1 1 0 0 2 0 0 2 0 0 0 2 0 1 2 1 1 2 0
2 0 1 0 0 0 0 2 0 0 1 0 0 0 2 2 1 2 0 2 2 0
1 1 1 0 0 0 1 2 0 0 2 0 0 0 2 1 1 2 1 2 2 0
0 1 2 0 0 1 0 2 0 0 1 1 0 1 2 1 0 2 0 2 2 0
0 0 2 0 0 0 0 2 0 0 2 0 0 0 2 2 0 2 0 1 2 0
0 0 1 0 0 0 0 1 0 0 2 0 0 0 2 2 2 2 0 1 2 0
0 0 2 2 0 1 0 2 0 0 2 0 1 0 1 0 1 1 0 2 2 0
0 1 2 1 0 0 0 2 0 0 2 1 1 0 2 1 1 2 0 1 2 0
0 0 2 0 0 0 0 1 0 0 1 0 0 0 2 1 0 2 2 1 2 0
1 1 2 0 0 1 0 1 0 0 1 0 0 0 2 2 0 2 1 2 2 0
0 0 2 0 0 1 0 0 0 0 2 0 0 0 2 2 0 2 1 2 2 0
0 0 2 1 0 0 0 0 0 0 2 0 0 0 2 2 0 2 0 1 2 0
0 0 2 0 0 0 0 2 0 0 0 0 0 0 2 2 1 2 0 1 2 0
0 0 2 0 0 1 1 2 0 0 2 0 0 1 2 1 0 2 0 1 2 0
2 0 2 1 0 0 1 1 0 0 1 0 0 0 2 2 1 2 0 2 2 0
2 0 2 1 0 0 0 2 0 0 0 0 0 0 2 2 1 2 0 2 2 0
0 0 2 0 0 2 0 0 0 0 1 0 0 0 2 2 1 2 1 2 2 0
0 0 2 0 0 0 0 1 0 0 2 0 0 1 2 2 0 2 0 1 1 0
2 1 2 0 0 1 0 2 0 0 1 0 0 0 2 1 0 2 0 1 2 0
2 0 2 1 0 1 0 1 0 0 1 0 0 0 2 2 0 2 1 2 2 0
1 0 2 1 0 1 0 1 0 0 2 0 0 0 2 1 1 1 1 1 2 0
0 0 2 1 0 1 0 2 0 0 1 0 0 0 2 2 1 2 2 2 2 0
0 0 2 0 0 0 0 2 0 0 1 0 0 0 2 1 0 2 0 1 2 0
1 0 2 1 0 0 0 2 0 0 1 1 0 0 2 2 1 1 0 1 2 0
0 0 2 0 0 1 0 2 0 0 2 0 0 0 2 1 1 1 0 1 2 0
0 0 2 0 0 1 1 2 0 0 1 0 0 0 2 1 1 2 0 1 2 0
0 0 1 1 0 1 0 2 0 0 2 0 0 0 2 2 1 2 0 1 1 0
0 1 2 0 0 0 0 2 0 0 1 0 0 0 2 2 1 1 2 2 2 0
0 0 2 0 1 0 0 2 0 0 1 0 0 0 2 2 1 2 0 1 2 0
0 0 2 0 0 2 0 1 1 0 1 0 1 0 2 2 1 2 0 1 2 0
1 0 2 1 0 0 0 2 2 0 1 0 0 1 2 1 2 1 0 2 2 0
0 0 2 0 0 0 0 1 0 0 0 0 0 0 2 2 1 2 0 2 2 0
0 0 2 1 0 1 1 2 0 0 2 0 0 0 2 2 2 2 0 2 2 1
0 1 1 0 0 0 0 2 0 0 2 0 0 0 1 1 0 2 0 2 2 0
1 0 2 1 0 1 0 2 1 0 1 0 0 0 2 0 0 2 0 2 2 0
0 1 2 2 0 0 0 2 1 0 2 0 0 0 2 0 1 2 0 2 2 0
0 0 2 0 0 2 0 2 0 0 1 0 0 0 2 1 1 2 0 2 2 0
1 0 1 0 0 0 0 1 0 0 1 0 1 0 2 1 1 2 1 2 2 0
0 0 1 1 0 1 0 2 1 0 1 0 0 0 2 1 0 2 0 2 2 0
0 0 2 1 0 0 0 2 0 0 2 0 1 0 2 2 0 2 0 2 2 0
2 0 1 0 0 0 0 1 0 0 1 0 0 0 2 1 2 2 1 2 2 0
0 0 1 0 0 1 1 2 0 0 1 1 0 0 2 1 1 2 0 2 2 0
0 1 1 0 0 0 0 2 0 0 2 0 0 0 2 0 2 2 0 2 2 1
0 0 2 0 1 1 0 2 0 0 2 0 0 0 2 2 1 2 1 2 1 0
0 0 1 1 0 0 0 1 0 0 1 0 2 0 2 0 1 2 0 2 1 0
0 0 2 0 1 0 1 1 0 0 1 0 1 0 2 1 1 2 0 1 2 0
2 0 2 0 0 0 0 2 0 0 1 0 0 0 2 2 1 2 0 2 2 0
0 0 2 0 0 0 0 2 0 0 1 0 0 0 1 1 1 2 2 2 1 0
1 0 2 1 0 0 0 2 0 0 2 1 0 0 2 2 1 2 1 1 2 0
1 0 2 1 1 0 0 2 0 1 1 0 0 0 2 2 0 2 0 2 1 0
2 0 2 0 0 0 0 2 0 0 2 0 0 0 2 2 2 2 0 1 2 1
0 0 2 1 0 0 0 2 0 0 2 0 0 0 2 2 1 2 1 2 1 0
0 0 2 0 1 0 0 2 0 0 1 0 0 0 2 2 2 2 1 2 1 0
0 0 2 1 1 0 0 2 0 0 2 0 0 0 2 2 1 2 1 1 1 0
0 0 2 0 0 0 0 2 1 0 2 0 0 0 2 2 1 2 0 1 2 0
1 1 1 0 1 2 1 2 0 0 1 0 1 0 2 2 0 2 0 2 2 0
0 1 1 0 0 1 1 2 0 0 1 0 0 0 2 2 2 2 0 2 2 0
0 0 1 0 1 0 0 2 0 0 1 0 0 1 2 1 1 1 1 2 2 0
0 0 1 1 0 0 0 2 0 0 0 0 0 0 1 1 1 2 0 2 2 1
0 0 1 0 0 0 0 2 0 0 0 0 0 0 2 2 2 2 1 2 2 1
1 0 2 1 0 1 1 2 0 0 2 0 0 0 2 1 2 2 0 2 0 0
0 1 2 1 0 1 0 2 0 0 1 0 1 0 2 1 1 1 0 2 2 0
0 0 2 0 0 1 0 1 0 0 1 0 0 0 2 2 0 2 0 2 2 0
0 0 2 0 0 1 1 2 1 1 1 0 0 1 2 1 0 2 0 2 2 0
0 0 2 1 0 1 1 2 0 0 1 0 0 0 2 1 2 2 0 2 2 0
2 0 2 0 0 2 1 1 0 0 0 0 0 0 2 1 2 2 0 2 1 0
0 1 2 1 0 1 0 2 0 0 1 0 1 0 2 2 0 2 1 2 2 0
0 1 1 0 1 0 1 2 0 0 1 0 0 1 2 2 2 2 0 1 2 0
1 0 1 0 0 0 0 1 0 0 2 0 1 1 2 1 1 2 0 1 2 0
0 1 2 1 0 0 0 1 0 0 2 0 0 0 2 2 2 2 0 2 2 0
0 0 2 0 0 2 0 2 0 0 2 0 0 0 2 1 1 2 0 2 2 0
0 0 2 0 0 1 0 2 0 0 1 0 1 0 2 1 1 2 1 2 2 0
0 0 1 1 0 0 0 1 0 1 2 0 0 0 2 1 1 1 1 1 2 0
0 0 2 0 0 1 0 2 0 0 2 0 0 0 2 1 1 2 1 1 2 0
1 0 2 1 0 0 0 2 0 0 0 0 1 0 2 0 1 2 0 2 2 0
1 0 2 0 0 2 0 2 0 0 0 0 1 0 2 1 1 1 0 2 2 1
1 1 2 0 0 1 0 2 0 0 1 0 1 0 2 1 2 2 0 2 2 0
0 0 2 0 0 0 0 2 0 0 1 0 1 0 2 1 0 2 0 2 2 0
0 0 1 1 0 1 0 2 0 0 1 0 1 0 2 1 1 0 0 2 2 0
0 0 2 1 0 0 0 1 0 0 1 0 0 1 2 0 1 2 0 2 2 0
0 1 1 0 0 2 1 1 0 0 1 0 0 1 2 0 0 2 0 2 2 0
0 0 2 0 0 1 0 2 0 0 0 0 0 0 2 1 1 2 0 2 1 0
1 0 2 1 0 0 0 2 0 0 2 0 0 0 2 0 2 2 0 1 2 0
1 0 2 1 0 0 0 2 0 0 2 1 0 0 2 2 2 2 0 2 2 0
1 0 2 1 0 0 0 2 0 0 2 0 0 0 2 1 2 1 1 2 1 0
1 1 2 1 0 2 0 2 0 0 1 0 0 0 2 2 2 2 1 1 2 0
0 0 1 1 0 0 0 1 0 0 1 0 0 0 2 2 1 2 0 1 2 0
1 0 2 0 1 0 1 2 0 0 1 0 0 0 2 1 1 2 1 2 1 1
0 0 2 0 0 0 0 2 0 0 1 0 0 0 2 2 2 2 1 2 2 0
0 0 2 0 0 0 0 2 0 0 1 0 0 0 2 1 1 2 2 2 2 0
0 0 1 1 0 0 0 1 0 0 2 1 0 0 2 2 1 2 0 1 2 0
0 0 2 0 1 0 0 2 0 0 0 0 0 0 2 2 0 2 0 2 2 0
0 1 2 0 0 1 0 2 0 1 2 0 0 0 2 1 0 2 1 2 1 0
1 0 2 0 0 1 0 1 0 0 2 0 0 0 2 2 1 2 1 2 2 0
1 0 1 0 0 0 0 1 0 0 0 0 0 0 2 1 1 2 0 2 2 0
1 0 2 1 0 1 0 2 0 0 1 1 0 0 2 1 0 1 1 2 2 1
0 0 1 0 0 0 0 2 0 1 1 0 0 0 2 1 0 2 0 2 2 0
1 0 1 0 0 0 0 2 0 0 1 0 0 0 2 1 1 2 1 2 2 0
1 0 2 1 0 0 0 1 0 0 2 0 0 0 2 2 0 2 1 1 2 0
1 0 2 1 1 0 0 2 0 0 1 0 0 1 2 2 2 2 0 2 1 0
0 0 2 1 0 1 0 2 1 0 1 0 0 0 1 2 2 2 0 2 2 0
0 0 2 0 0 2 0 2 0 0 0 0 0 0 2 2 2 2 1 2 1 0
1 0 2 0 0 0 1 2 0 0 1 1 0 0 2 2 2 2 0 2 2 0
0 0 2 1 0 0 0 2 0 0 2 0 0 1 2 1 2 2 0 2 2 0
1 1 1 0 0 0 0 2 0 0 2 0 0 0 2 1 1 2 0 1 2 0
1 0 2 1 0 1 0 2 0 0 1 0 0 0 2 2 1 1 0 2 2 0
0 0 2 0 0 1 0 1 1 0 1 0 0 0 2 2 2 2 2 1 2 0
1 0 2 0 0 1 1 2 0 0 2 0 0 0 1 1 1 1 1 1 1 0
1 1 2 0 0 0 0 2 0 0 2 0 0 0 2 2 1 2 0 1 2 0
1 0 1 0 0 1 0 0 0 0 1 0 0 1 2 1 0 1 0 2 2 0
0 0 2 0 0 1 0 2 0 0 1 0 0 0 2 2 0 1 0 2 1 0
0 0 2 1 0 1 1 2 0 0 1 1 1 0 2 1 0 1 0 1 1 1
1 1 2 0 0 0 1 2 0 0 1 0 0 0 2 2 2 2 0 2 2 0
0 0 2 1 0 1 0 2 0 1 2 0 0 1 2 2 2 2 0 2 2 0
0 0 2 0 0 1 1 2 0 0 1 0 0 0 2 1 0 2 1 2 2 0
0 1 2 0 1 2 0 2 0 0 1 0 0 0 2 1 1 2 0 2 2 0
0 0 2 0 0 1 0 1 0 1 0 0 0 1 2 1 0 2 0 2 2 1
0 0 2 0 1 1 0 2 0 0 1 0 0 0 2 2 1 2 0 1 1 0
0 1 2 0 0 0 0 2 0 0 0 0 0 0 2 1 2 2 0 1 2 0
0 0 2 0 0 0 0 1 0 0 1 0 0 0 2 1 1 2 1 1 2 0
0 0 2 0 0 1 1 1 0 0 2 0 1 0 2 2 1 2 1 2 2 0
0 2 2 2 0 0 1 2 0 0 1 0 0 0 2 2 2 2 0 2 2 0
0 0 2 0 0 0 0 2 0 0 1 1 1 0 2 2 1 2 0 2 2 0
0 0 2 0 0 0 1 1 0 0 2 0 0 0 2 1 1 2 0 2 2 0
0 0 2 0 0 1 0 2 0 0 0 0 0 0 2 2 1 2 0 2 1 0
1 0 2 0 1 1 0 2 0 0 2 0 0 0 2 1 0 2 1 2 2 0
0 0 2 0 0 1 0 2 0 0 1 0 0 0 2 1 1 2 0 2 2 0
1 0 2 0 0 0 0 2 0 0 1 1 0 0 2 2 1 2 0 2 2 0
2 0 2 0 0 1 0 2 0 1 1 0 0 0 2 1 2 2 1 2 1 0
1 0 2 0 0 0 0 2 0 0 2 0 1 0 2 2 1 1 1 2 2 0
0 0 2 0 0 0 0 2 0 0 1 0 0 0 2 2 0 2 0 2 1 0
0 0 2 0 0 0 0 2 0 0 1 0 0 0 2 2 1 2 2 1 1 0
0 0 2 0 0 1 0 2 1 0 2 0 0 0 2 2 1 2 1 2 2 1
1 0 2 0 0 0 1 1 0 0 1 1 0 0 2 2 0 1 0 1 2 1
0 0 2 0 0 0 1 2 0 0 1 0 0 0 2 2 1 2 1 2 1 0
0 0 1 1 0 0 0 2 1 0 2 0 0 0 2 1 1 1 0 2 2 0
0 0 2 0 0 1 0 2 0 0 2 0 0 0 2 2 2 1 1 2 1 0
0 0 2 1 0 0 0 2 0 0 1 0 0 1 2 2 1 2 1 2 2 1
0 0 2 1 0 0 0 2 0 0 2 0 0 1 2 1 2 2 0 2 2 1
1 0 2 1 0 2 0 1 0 0 2 0 0 1 2 2 2 2 2 2 2 0
0 1 1 0 1 1 1 2 0 0 0 1 0 0 2 1 0 1 1 1 2 0
0 0 2 0 0 2 0 2 0 0 1 0 0 0 2 1 1 2 0 2 2 0
0 0 2 1 0 1 1 2 0 0 2 0 0 0 2 0 1 2 0 2 1 0
0 0 2 0 0 1 0 2 0 0 2 0 0 0 2 1 1 2 1 2 2 0
0 0 2 1 0 0 0 1 0 1 1 0 0 0 2 2 0 1 0 2 2 0
0 1 2 1 0 0 0 2 0 0 1 0 1 1 2 2 1 2 0 2 1 0
0 0 2 1 1 1 0 2 0 0 1 0 1 0 2 1 2 0 2 2 2 0
1 0 2 1 0 0 0 1 0 0 1 0 0 0 2 1 1 1 0 2 2 0
0 0 2 0 0 0 0 2 0 0 2 1 0 1 2 1 2 2 0 1 2 0
0 0 2 0 0 0 0 2 0 0 2 0 0 0 2 2 0 2 1 1 2 0
1 1 2 0 0 1 0 1 0 0 2 0 0 0 2 1 0 1 0 1 2 0
1 1 1 1 0 0 1 0 0 0 2 0 0 0 2 2 0 2 1 2 2 0
0 1 2 1 1 1 1 2 0 0 2 0 0 1 2 2 0 2 1 2 2 0
0 1 1 0 0 1 0 2 0 0 1 1 0 1 2 2 0 2 0 2 2 0
0 0 2 0 0 0 0 2 0 0 2 0 0 0 2 1 0 2 1 2 2 0
0 1 1 1 0 1 1 2 0 0 1 0 0 0 2 1 1 2 0 2 2 0
0 0 2 1 1 2 0 2 0 1 1 0 0 0 2 1 2 2 1 0 2 0
0 1 2 2 0 0 1 2 0 0 1 0 0 0 2 1 0 2 1 2 2 0
0 0 1 1 0 0 0 2 0 0 2 0 0 0 2 1 0 2 0 2 2 0
0 0 1 0 0 0 0 2 1 0 2 0 0 1 2 0 1 2 1 2 2 0
0 0 2 2 0 1 0 1 0 0 2 0 0 0 1 1 1 2 0 2 1 0
0 1 2 1 0 1 0 2 0 0 2 0 0 1 2 2 1 2 0 2 1 1
1 0 1 0 0 1 0 2 0 0 2 0 0 1 2 2 1 2 0 1 2 0
0 0 2 0 0 0 1 2 0 0 1 0 0 1 2 2 2 2 1 2 2 0
0 0 2 1 1 2 0 2 0 1 2 0 0 0 2 0 1 2 0 1 1 0
1 1 1 1 0 0 1 2 0 0 1 0 0 0 2 1 0 2 1 2 2 0
0 0 2 1 0 1 0 1 0 0 2 0 1 0 2 2 2 2 1 2 2 0
0 0 2 1 0 2 0 2 0 0 0 0 1 0 1 2 0 2 1 2 2 0
0 0 2 2 0 0 0 2 0 0 2 0 0 0 2 0 2 2 0 2 2 0
0 0 2 0 0 0 0 2 0 0 2 0 0 0 2 1 1 1 0 2 2 0
0 0 1 0 1 1 2 2 0 0 2 0 0 0 2 1 2 1 1 2 2 1
1 0 2 0 0 1 0 2 0 0 2 0 0 1 2 2 1 2 0 2 2 0
0 0 2 0 0 0 0 1 0 0 2 0 0 0 2 2 1 1 0 2 2 0
1 0 1 0 2 0 0 1 0 0 1 0 0 0 2 2 1 2 0 1 2 0
0 0 2 0 0 1 0 2 0 0 2 0 0 0 2 0 0 2 2 2 2 0
1 1 2 0 0 0 1 2 0 0 1 0 0 0 2 1 1 2 0 2 2 0
0 1 2 0 0 1 0 2 1 0 1 0 0 0 2 1 1 2 2 2 2 0
1 0 2 0 0 0 0 1 0 0 2 0 1 0 2 1 1 2 1 2 2 0
1 0 2 0 1 1 0 1 0 0 1 0 0 0 2 1 1 2 0 1 2 0
0 2 2 0 0 0 0 1 0 0 2 0 0 0 2 2 1 1 0 2 1 0
0 0 2 1 0 0 0 2 0 0 1 1 0 1 2 2 2 2 0 2 2 0
0 0 2 1 0 1 0 2 0 0 1 1 0 0 2 1 1 2 0 2 1 0
0 1 2 0 0 0 0 1 0 1 2 0 1 0 1 2 1 2 1 2 2 0
1 0 2 1 0 0 0 2 0 0 0 0 0 0 2 1 0 2 0 2 2 0
0 0 2 0 0 0 0 1 0 0 1 1 0 0 2 2 0 1 0 2 2 0
1 0 2 2 0 0 0 2 0 0 1 0 0 0 2 1 1 2 1 2 2 0
2 1 1 0 0 1 1 1 0 0 1 0 0 1 2 2 2 2 1 1 1 0
0 0 2 0 0 0 0 2 0 0 1 0 1 1 1 2 2 2 0 2 2 0
1 0 2 1 0 1 0 1 0 0 1 0 0 0 2 1 1 2 0 2 2 0
0 0 2 0 0 0 0 2 0 0 1 0 0 1 2 1 0 1 1 2 2 0
0 0 2 0 0 0 0 2 0 0 1 0 0 0 2 2 2 2 0 2 2 0
0 0 2 0 0 0 1 1 0 0 1 0 0 0 2 1 0 2 0 2 2 0
1 0 2 1 0 0 0 2 0 0 1 0 0 0 2 1 2 2 0 2 2 0
0 1 1 0 0 1 0 2 0 0 1 0 0 0 2 1 0 2 1 2 2 0
0 0 2 1 1 1 0 2 0 0 2 1 0 0 1 2 2 2 1 2 2 1
1 0 2 2 0 0 0 2 0 0 1 0 0 0 2 2 0 2 0 1 2 0
0 0 2 1 1 0 0 2 0 0 1 0 0 1 2 2 1 2 0 2 2 0
2 0 2 0 0 1 0 2 0 0 1 0 0 0 2 2 1 2 0 2 2 0
1 0 2 0 0 0 0 1 0 0 1 0 0 0 2 1 2 2 0 1 2 0
0 0 2 0 0 1 0 2 0 0 1 0 0 1 2 2 1 2 0 2 2 0
0 0 2 2 0 1 0 2 0 0 2 1 0 1 2 0 0 2 0 2 1 0
0 0 2 1 0 1 0 1 0 1 2 0 0 0 1 1 1 2 0 1 2 0
1 0 1 0 0 0 0 2 0 0 2 0 0 0 2 1 2 2 0 2 2 0
1 0 2 1 0 0 0 2 0 1 1 0 0 0 2 2 1 2 0 2 2 0
0 0 2 1 0 0 0 2 0 0 0 0 0 0 2 2 1 1 0 1 2 0
1 0 2 1 0 0 0 1 0 0 1 0 0 0 2 1 1 2 0 2 2 0
1 1 1 0 0 1 0 2 0 0 1 0 0 1 2 1 0 1 1 1 2 0
1 0 2 1 0 1 0 1 0 0 1 0 0 0 2 2 1 2 1 2 2 0
0 0 2 0 0 0 0 1 0 0 1 0 0 0 2 0 2 0 0 2 2 0
1 1 2 0 0 0 0 2 0 0 2 0 1 1 1 2 2 2 0 2 1 0
0 0 2 1 0 1 0 2 0 0 1 0 0 0 2 2 1 2 1 1 2 0
1 0 1 2 0 1 0 2 0 0 1 0 1 0 2 2 0 2 0 1 2 0
0 0 2 1 0 0 0 2 0 0 2 0 0 0 2 1 1 2 1 2 2 0
1 0 1 0 1 0 1 2 0 0 2 0 0 0 2 1 0 2 0 2 2 0
0 0 2 2 0 1 0 2 0 0 1 0 0 1 2 1 2 1 0 1 0 1
1 1 2 0 1 1 0 2 0 0 1 1 0 1 2 2 0 2 1 2 2 1
0 1 2 1 0 0 0 2 0 0 1 0 0 0 2 2 0 2 1 2 2 0
0 0 2 1 0 1 0 0 0 0 1 0 0 0 2 1 1 2 0 2 2 0
0 1 1 0 0 0 0 2 0 0 0 0 0 0 2 2 2 2 1 2 2 1
0 0 2 1 0 0 1 2 0 0 2 0 0 1 2 2 2 2 1 1 2 1
0 0 2 0 0 0 0 1 0 0 1 0 0 0 2 2 2 2 0 2 2 1
0 0 2 0 0 0 0 2 0 0 1 0 0 0 2 1 1 2 0 2 2 0
0 0 2 0 0 0 0 2 0 0 1 0 0 0 2 2 0 2 0 1 2 0
0 1 2 1 0 1 0 2 0 0 1 0 0 0 2 2 1 1 1 2 2 0
0 0 2 2 0 0 0 2 0 0 1 0 0 0 2 1 0 2 1 2 2 0
1 1 1 0 1 1 0 1 0 1 1 0 0 0 2 2 0 1 1 1 2 0
1 1 1 0 0 0 0 1 0 1 2 0 0 1 2 1 2 2 0 2 2 0
0 0 1 1 0 0 0 2 0 0 1 0 0 0 2 1 1 1 0 2 2 0
0 1 2 1 0 0 0 2 0 0 0 0 0 0 2 1 1 2 1 1 2 1
0 0 2 1 0 1 0 2 0 0 2 0 0 0 2 2 1 2 0 1 2 0
1 1 2 1 0 0 0 1 0 0 1 0 1 0 2 2 1 2 0 2 2 0
0 0 2 0 0 1 1 2 0 0 2 0 0 1 2 2 1 2 0 1 0 1
1 0 2 0 1 1 0 2 0 0 2 0 2 0 2 2 1 2 0 2 2 0
0 0 2 0 0 1 0 2 0 0 1 0 0 0 2 2 0 2 0 2 2 0
1 0 1 0 0 1 1 2 0 0 1 0 0 0 2 0 1 2 0 2 2 0
1 0 1 0 0 0 0 2 0 0 2 0 0 0 2 1 1 2 0 1 2 1
0 0 2 0 0 0 0 2 0 0 1 0 0 0 2 2 1 2 1 1 2 0
0 0 2 2 0 1 0 2 0 0 1 0 0 1 2 1 1 2 0 2 2 0
0 0 2 1 1 0 1 1 0 1 1 0 1 0 2 1 1 2 0 2 2 0
0 0 2 1 0 0 0 1 0 0 0 0 0 0 2 2 2 2 0 2 2 0
0 1 2 0 0 2 0 2 0 0 1 1 0 0 2 1 2 2 1 2 2 0
0 0 2 0 1 1 0 2 1 0 1 0 0 0 2 2 2 1 0 2 2 0
1 0 1 1 0 1 0 2 0 0 2 1 0 0 2 1 1 2 0 1 2 0
1 0 2 0 0 0 0 2 0 0 1 0 0 0 2 1 0 2 0 1 2 0
0 1 2 0 0 0 0 2 0 0 0 0 0 0 1 2 0 2 0 2 2 0
0 1 2 1 0 1 1 2 0 0 2 1 0 0 2 2 2 1 1 1 2 0
0 0 2 0 0 1 1 2 0 0 2 0 0 0 2 1 1 2 1 2 1 0
0 0 2 0 0 0 1 1 0 0 2 0 0 0 2 0 2 1 1 1 1 0
0 0 1 0 0 1 0 2 0 0 0 0 0 1 2 1 1 2 0 1 2 0
0 1 2 0 0 0 0 1 0 0 0 0 1 0 2 1 0 2 0 2 2 0
1 0 2 0 0 1 0 1 0 0 1 0 0 1 2 1 1 1 1 2 2 0
0 0 1 1 0 1 0 2 0 0 2 0 0 0 2 0 1 2 0 1 2 0
0 0 2 0 0 1 0 2 0 0 1 0 0 0 2 2 1 2 0 2 2 0
0 1 2 0 0 0 1 1 0 0 1 0 0 0 2 1 1 1 0 1 2 0
0 0 2 0 0 0 0 2 0 0 1 0 0 1 2 1 0 2 1 2 2 0
1 0 2 1 0 0 0 2 0 0 1 0 0 0 2 1 1 2 2 2 2 0
0 1 1 1 0 1 0 1 0 0 1 1 0 0 2 1 1 2 0 1 2 0
0 0 2 0 0 1 0 1 0 0 1 0 0 0 1 0 0 2 0 2 2 0
0 0 2 0 0 1 0 2 0 0 0 0 0 0 2 1 1 2 1 2 2 0
0 0 2 0 0 1 0 1 0 0 0 0 0 0 2 1 2 2 1 2 2 0
2 0 2 1 1 0 0 1 0 0 1 0 0 0 2 0 2 2 0 1 2 0
0 0 2 0 1 1 0 1 0 0 0 0 0 1 2 0 0 2 0 2 2 0
0 0 2 1 0 1 1 2 0 0 1 0 2 0 2 2 0 2 0 1 2 0
0 0 1 0 0 0 0 1 0 0 2 0 0 0 2 1 1 2 0 2 2 0
0 0 2 1 0 0 0 1 0 0 0 0 0 0 2 1 2 2 0 2 2 0
1 0 2 0 0 1 0 2 0 0 1 0 0 0 2 1 1 2 1 2 1 0
1 0 2 1 0 0 0 2 1 0 2 0 0 1 2 1 2 2 0 2 2 0
0 0 2 0 0 0 0 1 0 0 1 0 0 0 2 2 1 2 0 2 2 0
1 0 2 0 0 0 0 1 0 1 2 0 1 0 2 0 2 2 0 2 2 0
1 1 2 0 0 0 0 2 0 0 1 0 0 0 2 1 1 1 0 1 2 2
1 1 2 1 0 1 0 2 0 0 2 0 0 1 2 1 1 1 0 2 1 0
0 0 2 1 1 0 0 1 0 0 1 0 0 1 2 2 1 2 0 2 2 0
0 1 2 1 0 0 0 2 0 0 1 0 0 1 2 2 1 2 0 1 1 1
2 2 1 0 0 1 0 1 0 0 1 0 0 0 2 2 1 2 0 1 2 1
0 1 2 0 0 0 0 2 0 0 1 1 0 0 2 2 0 2 0 1 1 0
0 0 2 0 0 0 0 2 0 0 2 0 0 1 2 2 2 2 0 2 2 0
1 0 2 1 0 0 0 2 0 0 2 0 0 0 2 1 0 2 0 2 2 0
0 0 2 0 0 0 1 1 0 0 2 0 0 0 2 1 0 2 2 1 2 0
0 0 2 0 0 1 0 2 0 0 0 0 0 0 2 0 0 2 1 2 1 0
0 0 1 0 0 0 1 2 0 0 1 0 0 1 2 2 1 2 0 2 2 0
0 0 2 1 0 0 0 2 0 0 1 0 0 0 2 2 1 2 0 2 2 0
1 0 2 0 0 0 0 0 0 0 0 1 0 0 1 1 2 2 1 2 2 0
0 1 2 0 1 0 0 1 0 0 1 0 1 0 1 2 1 2 0 2 2 0
0 0 1 1 0 0 0 1 0 0 2 0 1 0 1 1 1 2 2 2 2 0
1 1 2 2 0 1 0 2 0 0 2 0 0 0 2 1 0 2 1 2 2 0
0 0 2 1 0 0 0 2 0 0 1 0 0 0 2 1 2 1 0 2 1 0
0 0 2 1 0 0 0 2 0 0 1 0 0 0 2 0 1 2 0 2 2 1
0 0 2 0 0 1 0 2 0 0 1 0 0 0 2 1 1 2 0 2 1 0
0 0 2 0 0 1 0 1 0 0 2 0 0 1 2 2 1 1 0 1 1 0
0 0 2 1 0 0 0 2 0 0 1 0 0 0 2 1 1 2 1 2 2 0
0 0 1 0 0 1 0 1 0 0 2 0 0 0 2 2 1 2 0 2 2 0
0 0 1 0 1 0 0 2 0 0 2 1 0 0 2 2 2 2 1 2 2 0
0 2 2 0 1 0 0 1 0 0 1 0 0 0 2 0 1 2 0 2 2 0
0 0 1 0 0 1 0 2 0 0 0 0 1 0 2 2 0 2 2 2 2 0
1 0 2 1 1 1 0 1 0 0 1 0 0 0 2 2 0 2 1 1 2 0
1 1 1 0 0 1 0 2 1 0 1 0 0 0 2 1 1 2 1 2 1 0
0 0 2 0 0 0 0 2 0 0 1 1 0 1 2 2 2 2 1 2 2 0
0 0 2 1 0 0 0 2 0 0 1 0 0 0 2 1 2 2 0 2 2 0
0 0 1 1 0 0 0 2 0 0 1 0 0 0 2 1 1 2 0 2 2 0
0 0 2 0 1 1 0 1 0 0 1 1 0 0 2 1 0 1 0 2 1 0
0 0 2 0 0 0 0 2 0 0 1 0 0 0 2 0 2 1 0 0 2 0
0 0 2 0 0 1 0 2 0 0 1 0 0 1 2 1 1 2 2 2 1 0
1 0 2 1 0 0 0 1 0 0 2 0 0 0 2 1 0 2 0 2 2 0
1 0 2 0 0 0 0 1 0 0 1 0 0 1 2 2 1 2 0 1 1 0
0 0 2 1 0 0 1 2 0 0 0 0 0 0 2 2 1 2 0 2 2 0
0 0 2 1 0 0 0 2 0 0 1 0 0 0 2 2 1 2 0 2 2 0
0 0 2 0 0 0 1 2 0 1 1 0 0 0 2 2 2 1 1 2 2 0
0 0 2 1 0 0 0 1 0 0 2 0 0 1 2 1 0 2 0 2 2 0
0 1 2 0 0 1 1 1 1 0 2 0 0 1 2 1 0 2 0 2 1 0
0 0 2 0 0 0 0 2 1 0 1 0 0 0 2 2 1 2 0 2 2 1
1 0 2 0 0 0 1 2 0 0 2 1 0 0 2 2 1 2 0 1 2 0
0 0 2 0 0 1 0 2 0 0 1 0 2 0 2 1 2 2 1 2 1 0
0 0 1 1 0 0 0 2 0 0 2 0 0 0 2 1 1 2 0 2 2 0
1 0 2 0 1 1 0 2 0 0 0 0 0 0 2 1 2 2 0 2 1 1
0 0 2 0 0 0 0 2 0 0 2 0 0 0 2 0 1 2 0 2 2 0
0 0 1 0 0 1 1 2 0 0 0 0 0 1 2 2 1 2 1 0 2 0
0 0 2 1 0 0 0 2 0 0 0 0 0 0 2 2 2 2 0 2 2 1
0 0 2 1 0 0 0 2 0 0 1 0 0 0 2 1 2 2 0 1 2 0
0 0 2 0 0 1 0 1 0 1 2 0 0 0 2 0 1 2 0 1 1 0
1 0 2 0 1 0 0 1 0 0 0 0 0 0 2 0 0 2 0 2 2 0
0 0 2 1 0 0 0 2 0 0 1 0 0 0 2 1 1 2 1 2 2 0
0 1 1 1 0 0 0 2 0 0 2 0 0 0 2 1 0 2 0 2 2 0
0 0 2 0 0 0 0 2 0 0 1 0 0 0 2 2 2 2 0 2 2 0
1 0 2 0 0 0 0 1 0 1 2 0 0 1 2 2 1 2 1 2 2 0
0 0 2 1 0 0 1 1 0 0 1 0 0 0 2 2 2 1 0 1 2 0
0 0 2 1 0 1 0 2 0 0 2 0 0 0 2 1 1 2 0 2 1 0
0 0 1 0 0 0 0 2 0 0 2 0 0 0 2 2 2 2 1 2 2 0
0 0 2 0 0 2 2 2 0 0 2 0 0 0 2 2 0 2 0 1 2 0
0 0 2 0 0 0 0 2 0 0 0 1 0 0 2 2 1 2 1 2 2 0
1 0 2 1 0 0 0 1 0 0 2 1 0 0 2 1 1 2 0 1 2 0
1 1 2 1 0 1 0 2 0 0 1 0 0 0 2 2 1 1 0 1 2 1
0 1 2 0 0 1 0 2 0 0 2 0 0 0 2 1 0 2 0 1 2 0
0 2 2 0 0 1 0 2 0 0 2 0 1 0 2 0 1 2 0 2 2 0
0 0 1 2 0 1 0 1 0 0 1 0 0 0 2 1 2 2 1 2 2 0
0 0 2 0 0 0 0 2 0 0 0 0 0 0 2 1 2 1 1 1 2 0
0 0 2 0 0 1 0 2 0 0 1 0 0 1 1 2 1 1 0 2 2 0
0 0 2 1 0 1 0 2 0 1 2 0 0 0 2 1 0 1 0 2 2 0
0 0 2 0 0 0 0 2 0 0 1 0 0 0 2 2 0 2 0 2 2 1
0 1 2 2 0 0 1 2 0 0 1 0 0 0 2 1 1 2 1 2 2 0
0 2 2 1 0 0 0 2 0 0 2 0 0 0 1 2 1 2 1 0 2 0
0 1 2 0 0 0 0 2 0 0 0 1 0 0 2 0 1 2 1 2 2 0
1 0 2 0 0 0 0 2 0 0 1 0 0 0 2 1 2 1 2 2 1 0
0 0 2 1 0 0 0 2 0 0 2 0 0 0 2 0 2 2 0 2 2 0
1 0 2 0 0 0 0 2 0 0 1 0 0 0 2 1 1 2 1 2 2 0
1 0 2 0 0 1 0 2 0 0 1 0 0 0 2 1 1 1 1 1 2 0
0 1 2 0 0 0 0 1 0 0 2 0 0 0 2 2 2 2 0 2 1 0
1 0 1 0 0 1 0 1 0 0 1 0 0 1 2 2 1 2 0 2 2 0
0 0 2 0 0 1 0 2 0 0 2 0 1 0 2 1 1 2 0 1 2 0
0 0 2 1 0 2 0 2 0 0 1 0 0 0 2 1 2 2 1 2 2 0
0 1 2 0 0 1 0 2 0 0 2 0 0 0 2 1 2 2 1 0 1 0
0 1 2 0 0 0 0 2 0 0 1 0 1 0 2 1 1 2 0 2 2 0
1 0 2 0 0 1 0 1 0 0 1 0 1 0 2 1 2 1 0 2 2 0
1 0 2 0 0 1 0 2 0 0 2 0 0 0 2 2 1 2 0 2 2 0
0 0 2 0 0 0 0 2 0 0 2 0 0 0 2 1 1 2 0 2 2 0
1 0 2 0 0 2 0 2 0 0 0 0 0 0 2 2 1 1 1 2 1 0
1 1 2 0 1 0 0 2 0 0 1 0 0 0 2 1 2 1 0 2 2 0
0 0 1 1 0 0 1 1 0 0 1 0 0 1 2 2 2 2 0 0 2 0
1 0 2 0 0 0 0 2 0 0 0 1 0 0 2 1 1 2 2 1 2 0
0 0 2 1 0 0 0 2 0 0 1 0 0 0 2 1 2 2 0 2 2 0
1 0 2 0 0 0 0 2 0 0 1 0 1 0 2 2 0 2 0 2 2 0
0 0 2 0 0 1 0 2 0 0 1 0 0 0 2 2 0 2 1 1 2 0
0 0 2 0 1 0 0 2 0 0 1 1 1 0 2 2 2 2 0 1 2 0
2 0 2 0 0 0 0 2 0 1 2 0 0 0 2 2 2 2 1 0 2 0
0 0 2 0 0 1 1 2 0 0 2 0 0 0 2 2 1 2 1 2 2 0
0 0 2 0 0 0 1 1 0 0 1 1 0 0 1 1 2 2 1 2 1 0
2 0 2 0 0 0 0 2 0 0 1 0 0 0 2 2 2 1 0 2 2 0
0 0 2 0 0 0 1 1 0 0 1 0 0 0 2 0 1 2 0 2 2 0
0 0 2 0 1 2 0 2 0 0 1 0 0 1 2 2 1 2 0 2 2 1
1 1 2 1 1 1 0 2 1 0 1 1 0 0 2 1 2 2 1 2 1 0
1 0 1 0 0 0 0 1 0 0 2 0 0 0 2 2 1 2 1 1 2 0
0 1 2 1 0 0 0 1 0 0 0 0 0 0 2 2 1 2 0 2 2 0
1 0 2 0 0 1 0 2 0 0 1 0 0 0 2 1 1 2 0 2 2 0
1 0 1 0 0 1 1 2 0 0 2 0 0 0 1 2 1 2 2 1 1 0
0 0 2 0 0 0 0 2 0 0 2 1 0 0 2 2 0 2 0 2 2 0
0 0 2 0 0 1 0 2 0 0 0 0 0 0 1 1 1 2 1 2 2 0
0 1 2 1 0 0 0 2 0 0 1 0 0 0 2 0 0 2 0 1 1 0
1 1 2 1 1 0 0 2 0 0 0 0 0 0 2 2 2 2 0 2 1 0
0 0 2 0 0 0 0 2 0 0 0 0 0 0 2 1 2 2 0 1 2 1
1 0 2 0 1 0 1 2 0 0 1 0 0 1 2 1 0 2 1 2 2 0
0 1 2 0 0 2 0 2 0 0 1 0 0 0 2 1 2 2 1 0 2 0
1 0 2 0 0 1 1 2 0 0 1 0 0 0 2 2 0 2 0 2 2 0
1 0 2 1 0 1 0 1 0 0 1 0 0 0 2 1 0 2 0 2 2 0
0 0 2 1 0 0 0 2 0 0 0 0 0 1 2 2 1 2 1 2 2 0
0 0 2 1 0 0 0 2 0 0 1 0 0 0 2 2 2 2 0 2 2 0
0 2 1 0 0 0 0 1 0 0 1 0 1 0 2 2 0 1 1 1 1 0
2 0 2 1 0 1 0 2 0 0 1 0 0 0 2 1 1 2 1 2 2 0
1 0 2 0 0 1 0 2 1 0 2 0 0 0 2 1 1 2 0 2 2 0
1 0 2 1 1 0 0 1 1 0 0 0 0 0 2 1 0 2 1 1 1 0
0 0 2 0 0 0 0 2 0 0 1 0 0 0 2 1 2 0 1 2 2 0
1 0 2 1 0 0 0 2 1 0 1 0 1 1 2 1 0 1 1 2 2 0
0 0 2 0 0 0 0 2 0 0 2 1 0 0 2 2 2 1 0 2 2 0
0 1 2 0 0 0 0 2 0 0 1 0 0 0 2 1 2 1 0 2 2 0
1 0 2 1 0 0 0 1 0 1 2 0 0 0 2 1 0 2 1 2 2 0
2 0 2 0 0 1 0 0 0 0 1 0 0 0 2 2 1 2 0 2 2 0
1 1 2 0 0 0 0 2 0 0 1 0 0 0 2 2 2 2 1 2 2 0
1 1 2 0 0 2 0 2 0 0 0 0 0 0 2 2 2 2 0 2 2 0
0 1 1 0 1 0 1 1 0 0 1 0 0 0 2 1 0 2 2 0 1 0
1 1 1 0 0 1 0 2 0 0 2 1 0 0 1 1 2 2 0 2 2 0
1 0 2 0 0 1 0 2 0 0 1 0 0 0 2 2 1 2 0 2 2 0
0 0 2 0 0 1 0 2 0 0 2 0 0 0 2 0 1 1 1 2 2 0
1 0 1 1 0 1 0 2 0 0 1 0 0 0 2 1 1 2 0 1 2 0
0 0 2 0 0 0 0 2 0 0 1 0 0 1 2 0 0 2 1 2 2 0
0 1 2 0 0 0 0 2 0 0 2 0 0 0 2 0 2 2 0 2 1 0
1 0 2 0 1 0 0 0 0 0 1 0 0 0 2 0 2 2 0 2 2 1
0 0 1 0 0 1 0 2 0 0 1 0 0 0 2 2 2 2 0 2 2 0
1 0 2 0 0 1 0 1 0 0 1 0 0 0 2 0 2 2 1 2 2 0
1 0 2 0 0 0 1 2 0 1 1 0 0 0 2 2 1 2 1 2 2 1
1 0 2 2 0 0 1 1 0 0 1 0 0 0 2 1 1 2 0 2 2 0
0 0 2 0 0 0 0 2 0 0 1 0 0 1 2 2 1 2 0 0 2 0
1 0 2 1 0 1 1 2 0 0 2 1 0 0 2 1 2 2 0 1 2 0
1 1 2 0 0 1 1 1 0 0 1 0 0 0 2 0 1 2 0 2 1 0
1 0 2 1 0 0 0 2 0 0 1 0 0 0 2 1 1 1 1 2 0 0
2 1 2 0 0 2 0 2 0 1 2 1 0 0 2 2 2 2 2 1 2 0
1 0 2 0 1 0 0 2 0 0 1 1 0 0 2 1 2 2 1 1 1 0
0 0 2 1 0 0 0 2 0 0 1 0 0 0 2 0 2 2 0 0 2 0
1 0 2 0 1 1 0 1 0 0 0 0 0 1 2 2 0 2 2 2 2 0
0 0 1 0 0 0 0 2 0 0 2 0 0 0 1 2 2 2 0 1 2 0
1 0 1 0 0 0 0 2 0 1 2 0 0 0 2 1 1 2 1 1 2 0
1 0 1 0 0 2 0 2 0 0 2 0 0 0 2 2 1 2 0 1 2 0
0 0 2 0 0 0 0 2 0 0 0 0 0 1 2 2 1 2 0 2 2 0
2 0 2 0 0 0 1 2 0 0 2 0 0 0 2 2 0 2 0 2 2 0
0 0 2 0 0 1 0 2 0 0 2 0 0 0 2 1 0 2 1 2 2 0
2 0 2 1 1 1 0 2 0 0 0 0 0 0 2 1 2 2 0 2 2 0
1 0 2 0 0 1 0 2 0 0 1 0 0 0 2 1 2 2 1 1 2 0
0 1 2 0 0 1 1 2 0 0 1 0 0 0 2 1 1 2 0 1 2 0
1 0 2 1 0 0 0 2 0 0 1 0 0 0 2 1 1 2 1 2 2 0
1 1 1 0 0 0 0 2 0 0 2 0 0 0 2 1 1 2 1 2 2 0
1 1 2 0 0 0 1 2 0 0 0 1 0 1 2 2 1 2 1 2 2 0
0 0 1 0 1 0 1 2 0 0 0 0 0 0 2 0 1 2 0 1 2 0
1 0 2 0 1 0 0 2 0 0 1 0 0 0 2 1 1 2 1 2 2 0
2 0 2 0 0 0 0 2 0 0 1 0 0 0 2 2 2 2 0 1 2 0
0 1 2 0 0 0 0 1 0 0 1 0 0 0 2 1 1 2 1 2 2 0
1 0 2 0 0 1 0 0 0 0 1 0 0 0 2 1 0 2 0 2 0 0
1 1 2 1 0 1 0 2 0 0 2 0 0 0 1 1 1 1 0 1 2 0
0 0 2 0 0 1 0 2 0 0 2 1 0 0 2 1 2 2 2 1 2 0
0 0 2 1 0 1 0 0 0 1 2 0 1 0 2 1 2 2 1 2 2 0
1 0 2 1 0 1 0 2 0 0 1 0 0 1 2 1 2 2 0 1 2 0
0 0 2 0 1 0 0 2 1 1 1 0 0 0 2 1 1 0 1 2 2 0
0 0 2 0 0 0 0 2 0 0 0 0 0 0 2 1 1 2 1 1 2 0
1 0 2 0 0 0 0 1 0 0 1 0 0 0 2 2 1 2 1 2 2 0
1 0 1 1 0 0 1 2 0 0 0 0 0 1 2 1 1 2 1 2 2 0
0 0 2 0 1 1 0 2 0 0 2 0 0 0 2 1 0 2 0 1 2 0
0 0 1 0 0 0 0 2 0 0 1 0 0 0 2 0 1 2 1 1 2 0
1 0 1 0 0 0 0 2 0 0 0 0 0 1 2 2 2 2 1 2 2 0
0 0 2 1 0 2 0 1 0 0 1 0 0 1 2 1 2 2 1 2 2 0
0 0 2 1 0 0 0 2 0 0 1 0 0 0 2 2 2 2 1 1 2 0
0 0 2 0 0 0 0 2 0 0 2 0 0 0 2 2 2 2 0 0 2 0
1 0 2 0 0 0 0 2 0 0 1 0 0 1 2 1 1 1 0 2 2 0
1 0 2 1 0 1 0 2 0 0 2 1 0 0 2 2 2 2 0 0 1 0
1 0 2 0 0 0 0 2 0 0 2 0 1 0 2 2 2 2 0 2 2 0
1 0 2 0 0 0 0 2 0 0 0 0 1 1 2 1 2 2 0 2 2 0
0 0 2 0 0 0 0 1 0 0 0 0 0 0 2 2 1 2 0 1 2 0
1 1 2 0 0 0 0 2 0 0 1 0 0 0 2 0 0 2 1 2 2 0
0 1 2 0 1 0 0 2 0 0 2 0 0 0 2 1 2 2 1 2 2 0
1 1 2 0 0 0 1 2 0 0 1 0 0 0 2 2 2 2 0 2 1 0
1 0 1 0 0 0 0 2 0 0 1 0 0 0 2 2 1 2 0 2 1 0
0 0 2 1 0 1 1 2 0 0 0 0 0 1 2 1 1 2 1 2 2 0
0 0 2 1 0 1 0 1 0 0 2 0 0 0 2 1 1 2 0 2 2 0
0 0 2 0 0 0 1 2 0 0 2 0 0 0 2 1 2 2 0 0 2 0
0 0 2 0 0 1 0 2 0 0 0 0 0 0 2 2 2 2 0 2 1 0
0 1 2 0 0 0 0 1 0 0 0 0 0 0 2 1 0 2 2 2 1 0
0 0 2 0 0 0 0 2 0 0 1 0 0 0 2 2 1 2 1 2 2 1
0 1 1 1 0 0 0 2 0 0 2 0 0 0 2 1 1 2 0 2 2 0
2 0 2 0 0 0 0 2 0 0 1 0 0 0 2 1 2 2 1 2 2 0
1 1 2 0 0 1 0 2 0 0 2 0 1 1 1 2 1 2 0 1 1 0
0 0 1 1 0 0 0 2 0 0 1 0 0 0 2 1 2 2 1 2 2 0
0 0 2 0 0 1 0 2 0 0 2 1 0 0 2 2 1 2 0 2 2 0
2 1 2 0 0 0 0 2 0 0 1 0 0 1 1 0 1 2 0 0 2 0
0 0 2 0 0 1 0 2 0 0 2 0 1 0 2 2 1 2 0 2 1 0
2 0 2 1 0 0 0 2 0 0 0 0 0 0 2 1 2 2 1 2 1 0
1 0 1 0 0 0 0 2 0 0 0 0 0 0 2 0 2 2 0 2 2 0
1 0 2 0 0 0 0 2 0 0 0 0 0 0 2 1 0 2 0 1 2 1
0 0 2 0 0 1 0 2 0 0 1 1 0 0 2 2 1 2 0 2 2 1
0 1 2 0 0 0 0 2 0 0 1 0 0 0 1 0 0 2 1 1 2 0
1 1 2 1 0 0 0 2 0 0 1 0 0 0 2 1 0 2 1 1 2 0
0 1 2 1 0 0 0 1 0 0 2 0 0 1 2 1 1 2 0 1 2 0
1 0 2 0 0 0 0 2 0 0 2 0 0 0 2 1 1 2 2 2 2 0
0 0 2 1 0 1 0 2 0 0 2 0 0 0 2 0 1 2 0 1 2 1
0 0 1 0 1 0 0 2 0 0 1 0 0 0 2 0 2 2 0 1 2 0
0 0 2 0 0 0 0 2 0 0 1 0 0 1 2 1 1 2 0 2 1 0
1 0 2 1 0 1 0 2 0 0 2 0 0 0 2 2 1 2 0 2 2 0
0 0 2 0 0 0 0 2 0 0 1 0 0 0 2 1 1 2 1 1 2 0
2 0 2 0 1 1 0 2 0 0 1 0 0 0 2 1 0 2 0 2 2 0
0 2 2 0 0 0 0 1 0 0 1 0 0 0 2 2 2 2 0 2 2 0
1 0 2 1 0 0 0 2 0 0 1 0 0 0 2 2 1 2 0 2 2 0
0 0 2 0 1 0 1 2 0 0 2 0 0 0 2 2 2 2 0 2 2 0
2 0 1 0 0 0 0 1 0 0 1 0 0 0 2 1 1 2 1 2 2 0
1 0 2 0 0 0 0 2 0 0 2 0 0 1 2 1 1 2 0 2 2 0
1 0 2 0 0 0 0 1 0 0 2 0 0 0 2 1 0 2 1 2 2 0
0 0 2 0 0 1 0 2 0 0 1 0 0 0 1 1 1 2 0 2 1 0
0 0 2 0 1 0 0 2 0 0 0 0 1 0 2 1 0 1 0 2 2 0
0 0 2 0 0 1 0 1 0 0 0 0 0 0 1 1 1 2 0 2 2 0
2 0 2 1 1 1 0 2 0 0 1 0 2 0 2 2 1 2 0 1 1 0
2 0 2 1 0 0 0 2 0 0 1 0 0 0 2 1 1 2 1 2 2 0
0 0 2 0 1 1 0 2 0 0 2 0 0 0 2 1 2 2 0 2 2 0
0 0 2 1 0 0 0 2 0 0 1 0 0 0 2 1 0 2 2 2 1 0
1 1 2 0 0 0 0 2 0 0 2 1 0 0 2 2 2 2 1 2 1 0
1 0 2 0 0 0 0 2 0 0 2 0 0 0 2 2 1 2 2 2 2 0
1 1 2 0 0 0 1 2 1 0 2 0 0 0 2 1 0 2 0 2 1 0
0 1 1 0 0 2 0 1 0 0 2 0 0 0 1 1 1 1 1 2 2 0
1 0 2 1 0 1 0 2 0 0 1 0 0 0 2 2 1 2 0 2 2 0
1 0 2 0 0 1 1 2 0 0 1 0 0 0 1 1 2 1 1 1 2 0
1 1 2 0 0 0 1 2 0 0 1 1 0 0 2 1 1 2 0 1 2 0
1 0 2 0 0 0 0 2 0 0 1 0 0 0 2 0 1 2 0 2 2 0
2 0 2 2 0 0 0 2 0 0 2 0 0 0 2 2 2 2 0 2 2 0
0 0 2 0 0 2 0 2 0 0 1 1 0 0 2 0 2 2 0 2 1 0
1 0 2 1 0 0 0 1 0 0 0 0 0 0 2 1 2 2 1 2 2 0
1 0 2 0 0 0 0 1 0 0 1 0 2 0 2 1 0 2 1 2 2 1
1 0 1 1 0 1 1 1 0 0 1 1 0 0 2 2 1 2 0 2 2 0
0 0 1 1 0 1 0 2 0 0 0 0 0 0 2 2 2 2 1 2 1 1
0 0 2 1 0 0 0 2 0 0 0 0 0 0 2 1 2 1 0 1 2 1
0 0 1 0 0 1 0 2 0 0 1 0 0 0 2 2 1 2 0 1 2 0
0 0 1 0 0 0 0 2 0 0 1 0 0 1 2 2 1 2 1 2 2 0
0 0 2 0 0 0 0 2 0 0 1 0 0 0 2 2 1 2 1 2 1 1
0 0 2 0 0 1 0 2 0 0 2 0 1 0 2 2 1 2 1 2 2 0
1 0 2 0 0 0 0 1 0 1 1 0 0 0 1 2 2 2 1 2 1 0
0 0 2 0 0 0 0 2 0 0 2 0 0 1 2 2 2 2 0 2 2 0
0 0 2 0 0 0 0 1 0 0 2 0 0 1 2 0 2 2 0 2 1 0
0 0 2 0 0 0 1 2 0 0 2 0 0 0 2 1 1 2 0 1 2 0
0 0 2 2 0 1 0 1 0 0 0 0 0 0 1 0 0 2 0 2 2 0
0 0 2 1 0 1 0 2 0 0 1 1 0 0 2 2 2 2 0 1 2 0
0 0 1 0 0 0 0 2 0 0 1 0 0 0 2 1 2 2 0 1 2 1
1 0 2 0 0 0 0 2 0 0 2 0 0 0 2 2 2 2 1 1 2 0
2 1 2 0 0 0 0 2 0 0 2 1 0 0 2 1 0 2 0 2 2 0
0 1 2 1 0 0 0 1 0 0 0 0 0 0 2 1 2 2 1 2 2 0
0 0 1 1 0 1 0 2 0 0 0 0 0 0 2 2 0 2 1 2 2 0
0 0 2 1 0 0 0 2 0 0 1 0 1 0 2 1 1 2 1 2 2 0
0 1 2 0 0 1 0 2 0 0 2 0 0 0 1 1 1 2 1 1 2 0
1 0 2 1 0 0 1 1 1 0 0 0 0 0 2 2 1 2 1 1 2 1
0 0 2 1 1 0 0 2 0 0 2 0 0 0 2 2 2 2 0 2 2 0
0 0 2 0 0 0 0 1 0 0 2 0 0 0 2 2 1 2 1 2 2 0
0 0 2 0 0 0 0 2 0 0 1 1 0 0 2 2 2 2 0 2 2 1
1 0 2 0 0 0 0 1 0 0 2 1 0 0 2 0 1 2 0 1 2 0
1 0 2 0 0 2 1 1 0 0 2 0 0 0 2 1 1 2 0 2 2 0
0 0 2 1 0 1 0 2 0 0 2 1 0 0 2 2 1 2 0 2 2 0
0 0 1 0 0 2 0 2 0 0 2 0 0 0 2 2 1 2 1 1 2 0
0 0 2 0 0 0 0 2 0 0 0 0 1 0 2 0 2 2 1 2 2 0
1 0 1 0 1 0 1 2 0 0 1 0 0 0 2 1 0 2 0 2 2 0
0 1 1 0 0 1 0 2 0 0 1 0 0 0 2 2 2 2 1 2 2 0
0 0 0 0 0 1 0 2 0 0 1 0 0 0 2 1 2 2 1 1 2 0
0 2 1 0 0 0 0 2 0 0 0 0 0 1 2 2 1 2 0 2 2 0
1 0 2 0 0 0 0 1 0 0 2 0 0 0 2 2 1 2 1 1 2 0
1 0 1 0 0 2 0 2 0 0 1 1 0 0 2 2 2 2 0 2 2 0
1 0 1 0 0 0 0 2 0 0 1 0 0 0 2 0 0 2 1 2 1 0
0 0 2 1 1 1 0 2 0 0 2 0 0 0 2 0 0 2 0 2 2 0
0 0 2 0 0 1 0 2 0 0 1 0 0 0 2 2 1 2 0 2 2 0
1 0 2 0 0 1 0 2 0 0 2 0 0 0 2 0 1 2 0 2 2 1
1 0 2 0 0 1 0 2 0 0 2 0 1 0 2 2 1 1 0 2 2 0
1 0 1 1 0 0 0 2 0 0 0 0 0 0 2 1 1 2 1 2 2 0
0 0 2 1 0 0 1 2 0 0 0 0 0 0 2 2 2 2 0 1 1 0
1 1 1 1 0 0 0 2 0 0 1 1 0 0 2 2 1 2 2 1 2 0
1 0 2 1 0 1 1 2 0 0 1 0 0 0 2 2 2 1 0 2 2 0
1 0 2 0 1 0 0 2 0 0 2 0 0 0 2 2 1 2 1 2 2 0
0 0 2 0 0 0 0 2 0 0 0 0 1 0 2 2 0 1 1 2 2 0
0 0 2 0 0 0 1 2 0 0 2 0 0 0 1 0 2 2 1 1 2 0
0 0 2 1 0 1 0 2 0 0 2 0 0 1 2 2 1 1 1 1 2 0
0 0 2 0 0 1 1 2 0 0 1 0 0 0 2 2 1 2 0 2 2 0
0 0 2 0 0 1 0 2 1 0 1 0 0 0 2 1 1 2 0 2 2 0
2 0 2 0 0 1 0 2 0 0 1 0 0 0 2 0 1 2 1 2 2 1
1 0 2 0 0 0 0 2 0 0 1 0 0 0 2 2 1 2 0 2 2 0
1 0 1 0 0 0 0 1 0 0 1 0 0 0 1 1 1 2 1 2 2 0
0 1 2 1 0 0 0 2 0 0 1 0 1 0 2 2 0 2 0 2 1 0
1 0 2 1 0 1 1 1 0 0 0 0 0 0 2 2 2 2 0 2 2 0
0 0 2 0 0 0 0 2 0 0 2 0 0 0 2 2 0 2 0 2 1 0
2 0 1 0 0 1 0 2 0 0 1 0 0 0 2 2 1 2 1 0 2 0
0 0 2 0 0 0 0 2 0 0 2 0 0 0 2 1 1 1 0 2 2 0
1 0 2 0 0 0 0 1 0 0 2 0 0 0 2 0 2 2 1 1 2 0
0 0 2 0 0 1 1 1 0 0 0 1 0 0 2 2 1 2 2 2 2 1
1 0 0 0 0 0 0 2 0 0 2 0 0 0 1 2 0 1 1 2 2 0
0 1 2 0 0 1 0 2 0 0 1 0 0 0 2 2 1 2 0 2 2 0
1 0 2 0 0 1 0 2 0 0 0 1 1 0 2 2 1 2 1 1 2 0
2 1 2 0 0 0 0 2 0 0 1 0 1 0 2 1 2 2 1 2 2 0
0 0 2 0 0 1 0 1 0 0 2 0 0 0 2 0 0 2 1 2 2 0
1 0 2 0 0 0 0 1 0 0 2 0 0 0 2 2 1 2 0 2 2 0
0 0 2 0 0 0 0 1 0 0 2 0 0 1 2 1 2 2 1 2 2 0
2 0 1 0 0 1 0 1 0 0 1 0 1 0 2 2 1 2 0 2 2 1
0 1 2 0 0 1 0 2 0 0 2 0 0 0 2 1 1 1 1 2 1 0
0 0 2 0 1 0 0 1 1 0 2 0 0 0 2 2 2 2 0 2 2 0
1 0 2 0 0 1 0 2 0 0 2 0 0 0 2 0 1 1 1 2 2 0
0 0 2 1 0 0 0 2 0 0 0 0 0 0 2 1 1 1 0 2 2 0
0 0 2 0 0 0 0 1 0 0 1 0 1 1 2 1 2 2 1 1 2 0
0 0 2 0 0 0 1 1 0 0 2 0 1 0 2 2 1 2 0 2 2 0
0 0 1 1 0 1 0 2 0 0 1 0 0 0 2 1 1 2 1 2 2 0
0 1 1 1 0 0 0 1 0 0 1 0 0 0 2 2 2 1 0 2 2 0
1 0 1 0 0 0 0 2 0 0 0 0 0 0 2 0 2 2 1 2 2 0
1 0 2 0 0 1 0 2 0 0 2 0 0 0 2 2 2 1 1 2 2 0
1 0 2 0 0 0 0 2 0 0 2 0 0 0 2 1 1 2 2 2 2 0
1 0 2 0 0 0 0 2 0 0 1 0 0 0 2 2 2 2 1 2 2 0
1 0 2 0 0 0 0 2 0 0 2 0 0 0 2 1 2 2 1 2 2 0
2 0 2 0 0 1 0 2 0 0 1 0 0 0 2 2 1 2 0 2 2 0
1 0 1 0 0 0 0 1 0 0 2 0 1 0 2 0 1 2 0 2 2 0
1 0 2 0 0 0 0 2 0 0 0 0 0 0 2 2 1 2 0 2 1 0
0 0 2 1 0 0 0 2 0 0 2 0 0 1 2 1 2 2 0 2 2 0
1 0 2 0 0 1 0 2 0 0 1 1 0 1 2 1 1 2 1 2 2 0
0 0 2 1 0 0 0 2 0 0 0 1 0 0 1 1 2 2 2 2 2 0
1 1 1 0 0 0 1 2 0 0 1 0 0 0 2 2 1 2 0 2 2 0
0 0 2 0 0 1 0 2 0 0 2 0 0 0 1 1 0 2 1 1 2 0
1 0 2 0 0 0 0 2 0 0 0 0 0 0 2 2 2 2 1 1 2 0
0 0 1 0 1 0 1 2 0 0 1 0 0 0 2 1 0 2 0 2 2 0
0 0 2 0 0 1 0 1 0 0 1 0 0 0 2 1 1 2 0 2 2 0
0 0 1 0 0 0 0 2 0 0 0 0 0 0 2 1 2 1 0 2 2 0
1 0 2 0 0 0 0 2 0 0 1 0 0 1 2 1 0 2 1 2 2 1
0 0 1 1 0 0 0 2 0 0 0 0 0 0 2 2 1 2 1 2 2 0
0 1 2 0 0 0 0 2 0 0 0 0 0 0 2 2 2 2 1 2 2 0
2 0 0 0 0 0 0 1 0 0 1 0 0 1 2 1 2 2 1 2 2 0
0 0 2 0 0 0 0 2 0 0 2 0 0 0 2 2 2 2 1 1 2 1
0 0 2 0 0 1 1 1 0 0 1 0 0 0 2 2 1 2 0 1 2 0
2 0 2 0 0 1 1 2 0 0 0 0 0 0 2 1 0 2 0 1 1 0
0 0 2 0 0 0 0 1 0 0 2 1 0 0 2 1 0 1 0 1 2 0
1 0 2 1 0 0 1 1 1 0 2 1 0 0 2 1 2 2 0 2 2 0
1 0 2 0 0 0 0 2 0 0 2 0 0 1 2 2 1 2 0 2 2 0
0 1 1 0 0 0 0 2 0 0 0 0 0 0 2 2 1 2 0 2 1 0
1 0 2 0 0 1 0 2 0 0 0 0 0 0 2 1 2 2 0 0 2 0
0 0 2 0 0 0 0 1 0 0 1 0 0 0 2 1 1 2 0 2 2 0
0 0 2 0 0 1 0 2 0 0 1 0 1 0 2 0 2 2 2 2 2 1
0 2 2 2 0 1 0 2 0 0 2 0 0 0 2 2 1 2 1 2 1 0
0 0 1 0 0 0 0 2 0 0 0 0 0 0 2 1 1 1 0 1 2 0
0 0 2 0 0 1 0 1 0 0 1 0 0 0 2 1 2 2 0 1 2 0
1 0 1 1 0 2 0 2 0 0 2 0 0 0 2 2 1 2 1 2 2 0
2 0 2 0 0 1 0 2 0 0 1 0 0 0 2 2 1 2 1 2 2 0
1 0 1 0 0 0 0 2 0 0 2 0 0 0 2 0 2 2 2 2 2 0
0 0 2 1 1 1 0 1 0 0 1 0 0 0 2 1 2 2 0 2 2 0
0 0 2 2 0 0 1 1 0 0 0 1 0 0 2 0 1 2 1 2 2 0
1 1 1 1 0 1 0 1 0 0 2 0 0 0 2 2 1 2 0 2 1 0
0 0 2 0 0 0 0 2 0 0 1 0 0 1 2 2 2 1 0 1 2 0
1 0 2 0 1 1 0 2 0 0 1 0 0 0 2 0 0 2 1 1 2 0
0 1 2 0 0 0 0 2 0 0 2 1 0 0 2 1 1 2 1 2 2 0
1 1 2 1 0 0 0 1 0 1 2 0 0 0 2 2 0 2 0 2 2 0
0 0 1 0 0 1 0 2 0 0 1 0 0 0 2 1 1 2 1 2 1 0
0 0 2 0 0 0 0 2 0 0 2 0 0 0 2 2 0 2 0 2 2 0
0 0 2 0 0 0 0 2 0 0 1 0 0 1 2 1 0 2 0 2 2 0
1 0 2 1 0 0 0 1 0 0 1 0 0 0 2 2 0 2 0 2 2 0
0 0 2 0 0 0 0 2 0 0 1 0 0 1 2 2 1 2 0 2 1 0
0 1 2 0 1 0 0 2 0 0 0 0 0 0 2 2 1 2 0 1 2 0
0 0 2 0 0 0 1 2 1 0 1 0 0 1 2 2 1 2 0 2 2 0
0 0 2 1 0 1 0 2 0 0 1 0 0 0 2 1 1 2 0 2 2 0
2 0 2 0 0 1 0 1 0 0 1 1 1 0 2 1 1 2 1 2 2 0
2 0 1 1 1 0 0 2 0 0 0 0 0 0 2 2 2 2 1 2 2 0
0 0 2 0 0 0 0 1 0 0 1 0 0 0 1 1 1 2 1 2 2 0
1 0 2 0 0 1 0 2 0 0 1 0 0 0 2 1 1 2 0 1 1 0
1 0 2 0 0 1 0 2 0 0 2 1 1 0 2 2 0 2 1 1 2 0
1 0 2 0 0 0 0 2 0 0 1 0 0 0 2 2 1 2 1 2 1 0
1 0 2 0 0 0 0 2 0 0 0 1 0 0 2 1 2 2 1 2 2 0
1 0 2 0 0 1 0 2 0 0 2 0 0 0 2 2 0 2 0 2 2 0
0 1 2 0 0 0 0 1 0 0 1 0 0 0 2 2 2 1 1 1 2 0
2 0 2 0 0 2 0 2 0 0 2 0 0 0 2 2 1 1 1 2 2 0
0 0 1 0 0 1 0 2 0 0 1 0 1 0 2 2 2 2 1 2 2 0
0 1 2 0 0 0 0 2 0 0 1 0 0 0 2 2 1 2 1 1 2 0
0 0 2 1 0 0 0 2 0 0 1 0 0 0 2 2 1 2 0 2 2 0
0 2 2 1 0 1 0 2 0 0 0 0 0 0 2 2 1 2 1 2 2 0
0 0 2 0 0 1 0 2 0 0 1 0 1 0 2 1 2 2 0 2 1 0
0 0 1 0 0 1 0 1 0 0 2 0 0 0 2 1 1 1 1 2 2 0
1 0 2 0 0 1 0 2 0 1 1 0 0 0 2 1 1 2 0 1 2 0
1 0 1 2 0 2 0 1 0 0 1 0 0 0 2 2 2 2 0 2 1 0
1 0 1 1 0 1 0 2 0 0 2 0 0 0 2 0 2 2 0 2 2 0
0 0 2 0 0 0 0 2 0 0 1 0 0 0 2 1 2 2 1 2 2 0
1 0 2 1 0 0 0 2 0 0 0 0 0 0 2 2 1 1 0 2 2 1
1 0 1 0 0 0 1 1 0 0 1 0 0 0 2 1 1 2 0 2 2 0
0 0 2 2 0 0 0 1 0 0 1 0 0 0 2 1 1 2 1 2 2 0
1 0 2 0 0 0 0 1 0 0 2 0 0 0 2 2 2 2 0 2 2 0
1 0 2 0 0 1 1 2 0 0 1 1 1 0 2 2 0 2 1 2 2 0
1 1 2 1 0 0 0 2 0 0 2 0 0 0 2 2 1 2 0 0 1 0
0 1 2 0 0 0 0 2 0 0 1 0 1 0 2 1 0 2 1 1 2 0
1 0 2 1 0 0 0 2 0 0 2 0 0 1 2 2 1 2 1 1 2 0
0 0 2 1 0 0 0 1 0 0 1 1 0 0 2 2 1 2 0 1 2 0
0 0 2 0 0 0 0 2 0 0 1 0 1 0 2 2 2 2 0 1 2 0
1 0 2 0 0 1 0 1 0 0 0 0 1 0 2 1 2 2 1 2 2 0
0 0 2 0 0 1 0 2 0 0 1 0 0 1 2 2 1 1 1 2 2 0
1 0 2 0 0 0 0 2 0 1 1 0 0 0 2 0 2 2 0 1 2 0
0 0 2 0 0 0 0 2 0 0 1 0 0 0 2 2 2 2 1 2 2 1
0 1 2 0 0 1 1 2 0 0 1 0 0 0 2 1 1 2 0 2 2 0
0 0 2 0 0 0 0 2 0 0 1 1 0 0 2 1 2 2 0 1 2 0
0 0 2 1 0 0 0 1 0 0 1 0 1 0 2 0 0 2 1 1 2 0
1 0 1 0 1 0 0 2 0 0 1 1 0 1 2 2 1 2 1 1 2 1
2 0 1 0 0 1 0 2 0 0 2 0 0 0 2 1 1 2 1 1 1 0
0 0 2 0 0 1 0 2 0 0 1 1 0 0 2 2 0 2 1 2 2 0
0 0 2 0 1 1 0 1 0 0 1 2 0 0 2 2 2 2 0 2 2 0
0 0 2 0 0 0 0 2 0 0 2 0 0 0 2 1 2 2 0 2 2 0
1 0 2 1 0 0 2 1 0 0 1 0 0 0 2 1 1 2 1 2 2 0
1 0 2 0 0 1 0 2 0 0 0 0 0 0 2 2 1 1 0 2 2 1
0 0 2 0 0 0 0 2 0 0 2 0 0 0 2 2 1 1 1 1 2 0
1 1 2 0 0 1 0 2 0 0 2 0 0 0 2 1 1 2 0 2 2 0
1 0 2 0 0 0 0 2 0 0 1 0 0 0 2 1 0 1 1 2 1 0
0 0 2 1 0 1 0 2 0 0 2 0 0 0 2 2 1 2 1 2 2 0
0 0 1 0 0 0 0 2 0 0 1 1 0 0 2 1 0 2 0 2 2 0
1 0 2 1 0 1 0 1 0 0 2 0 0 0 2 1 2 2 1 1 2 1
0 0 1 0 0 0 1 1 0 1 2 0 0 0 2 2 0 2 0 1 2 0
0 0 2 0 0 0 0 1 0 0 2 0 0 0 2 1 1 2 1 2 1 0
0 0 2 0 0 1 0 2 0 0 1 0 2 1 2 2 2 2 0 2 2 0
0 0 2 1 0 0 0 2 0 0 2 0 0 0 2 2 0 2 0 2 2 0
2 0 1 0 0 1 0 2 1 0 1 0 0 1 2 2 1 2 0 2 2 0
0 0 2 0 0 0 0 1 0 0 1 0 0 0 2 2 1 2 0 2 2 0
0 0 1 0 0 1 0 2 0 0 2 0 0 0 2 2 1 2 0 2 2 0
0 0 2 0 0 1 0 1 0 0 2 1 0 1 2 0 1 1 1 1 2 0
1 0 1 1 0 1 0 1 0 0 1 0 0 1 2 1 1 1 0 2 2 0
0 0 2 1 0 0 0 2 0 0 1 0 0 0 2 1 2 2 0 1 2 0
0 0 1 0 0 0 0 2 0 0 2 1 0 0 2 2 2 2 2 2 2 0
0 0 1 0 0 2 0 2 0 0 2 0 0 0 2 2 1 1 0 0 2 0
1 0 2 0 0 1 0 1 0 0 1 0 0 0 2 2 1 2 1 1 0 0
0 0 2 1 0 0 0 2 0 0 0 0 0 1 2 1 0 2 0 2 2 1
0 0 2 1 0 0 2 2 0 0 0 0 0 0 2 1 1 2 0 1 2 0
0 0 2 1 0 0 0 2 0 0 2 0 0 0 2 2 1 2 0 1 2 0
1 0 2 0 0 0 0 2 0 0 2 0 0 0 2 2 2 2 0 2 2 1
1 1 2 0 1 1 0 1 0 0 2 0 1 0 2 1 2 2 0 2 2 0
1 0 2 0 0 1 0 2 0 0 2 0 0 1 2 2 1 2 0 2 2 0
0 0 2 1 0 2 0 2 0 0 1 0 0 0 2 1 1 2 0 2 2 0
1 0 2 1 1 1 2 2 0 0 1 1 0 1 2 2 1 2 0 2 2 0
1 0 2 0 0 0 0 2 0 0 2 0 0 0 2 2 1 2 1 2 2 0
1 0 2 0 0 0 0 1 0 0 2 0 0 0 2 1 0 2 1 2 2 0
0 0 2 0 0 2 0 2 0 0 1 0 0 0 2 2 1 2 1 2 2 0
2 0 2 0 0 0 0 2 0 0 1 0 0 0 2 1 1 1 1 2 2 0
2 0 2 1 0 0 0 0 0 0 1 0 0 1 2 0 0 1 0 2 2 0
1 0 2 0 0 0 0 2 0 0 0 0 0 0 2 1 0 2 0 2 2 0
0 1 2 0 0 0 1 1 0 0 1 0 0 0 2 1 1 2 0 2 2 0
0 0 1 0 0 0 0 1 0 0 2 0 0 0 2 1 1 2 1 2 2 0
0 0 2 0 0 0 1 2 0 0 2 0 1 0 2 2 1 2 1 1 2 0
1 0 2 0 0 0 0 2 0 0 1 0 0 0 2 2 1 2 2 0 2 0
0 0 2 0 0 1 0 0 0 1 2 1 0 0 2 0 0 1 0 2 2 0
0 0 2 0 0 0 0 2 0 0 1 0 0 0 2 2 2 2 0 2 2 0
1 0 2 0 0 1 0 2 0 0 0 0 2 1 2 2 2 2 1 0 2 0
1 0 2 0 0 0 0 2 0 0 1 0 0 0 2 2 1 2 0 2 2 0
0 0 2 0 1 0 0 0 0 0 2 0 0 0 2 1 1 1 1 2 2 0
1 0 2 0 0 1 0 1 0 0 2 0 0 0 2 1 1 2 0 2 1 0
0 0 2 1 0 0 1 2 0 0 2 0 0 2 2 2 0 2 0 2 2 0
1 0 2 0 1 1 0 1 0 0 2 0 0 0 2 2 1 2 0 0 1 0
0 0 2 1 0 1 0 2 0 0 1 0 0 1 1 2 1 2 1 1 2 0
2 0 1 0 0 0 1 2 0 0 2 0 0 0 2 1 1 2 1 1 2 0
1 0 2 2 0 0 0 1 0 0 1 0 0 0 2 1 2 2 0 2 2 0
2 0 2 1 0 0 0 1 0 0 1 0 0 0 2 2 1 2 0 2 2 0
0 0 2 1 0 0 0 1 0 0 0 0 1 0 2 1 1 2 0 2 2 0
1 0 2 0 1 0 0 1 0 0 1 0 0 0 2 0 1 2 0 2 2 0
0 1 2 0 1 1 1 2 0 0 1 0 0 0 2 2 0 1 0 2 2 1
0 0 1 0 0 0 0 2 0 0 0 0 0 0 2 1 0 1 0 2 1 0
1 0 2 1 0 0 1 2 0 0 0 0 0 0 2 2 0 2 0 2 2 0
1 0 2 0 0 1 0 2 0 0 1 0 0 0 2 0 1 2 0 2 2 0
0 0 2 0 1 2 1 2 0 0 2 0 0 0 2 2 2 2 1 2 2 0
1 0 2 0 0 0 1 2 0 0 0 0 0 0 2 2 1 2 0 2 2 0
0 0 2 1 0 0 0 2 0 0 2 0 0 1 2 1 1 2 1 2 2 0
0 0 2 0 0 1 0 1 0 0 0 1 0 0 1 2 2 2 0 2 2 0
1 0 2 1 1 1 0 2 0 1 0 0 0 0 2 2 1 2 0 2 2 0
0 0 2 0 0 0 0 2 0 1 1 1 0 0 2 2 1 2 0 1 2 0
0 0 2 1 1 0 0 2 0 0 2 0 0 0 2 2 1 2 1 2 2 0
1 0 1 0 0 0 0 2 0 0 1 0 0 1 2 2 1 2 0 2 2 0
1 0 2 0 0 0 0 2 0 0 1 0 0 1 2 2 0 2 1 2 2 0
0 0 2 1 0 0 0 1 0 0 2 0 0 0 2 2 0 2 1 2 2 0
0 0 2 0 0 0 0 2 0 0 0 0 1 0 2 1 1 2 0 1 2 0
0 1 2 0 0 0 0 2 0 0 0 0 0 0 2 1 0 1 1 1 2 0
1 0 2 0 1 1 1 1 0 0 0 0 0 0 2 1 1 2 0 2 2 0
2 0 2 1 0 1 1 2 0 0 0 1 0 0 2 1 0 2 1 1 2 0
1 1 2 0 1 1 0 1 0 0 2 0 0 0 2 1 0 2 1 1 2 0
1 0 2 0 0 0 0 2 0 0 0 0 0 0 2 2 1 2 0 2 2 0
0 1 1 0 0 1 0 2 0 0 1 0 0 0 2 2 1 1 2 0 1 0
0 0 1 0 0 1 0 2 0 0 2 0 0 0 2 1 1 2 0 2 2 0
0 0 2 0 0 1 1 2 0 0 1 0 0 0 1 1 1 2 0 1 2 0
0 0 2 0 0 0 0 2 0 0 2 1 0 0 2 1 2 2 1 1 2 0
0 0 2 0 0 0 0 2 0 0 1 0 0 0 2 2 1 2 0 1 2 1
0 0 1 1 0 0 1 2 0 0 2 0 0 1 2 2 2 1 0 2 2 0
0 0 2 0 0 1 1 2 0 0 1 0 0 0 2 2 2 2 0 2 1 1
1 0 0 1 0 0 0 2 1 0 2 0 0 0 2 1 0 2 0 2 2 0
0 0 2 0 0 0 0 1 0 0 0 0 0 1 2 1 2 1 0 2 2 0
1 0 1 0 1 0 0 2 0 0 0 1 0 1 2 2 1 2 1 2 2 0
0 0 2 0 0 0 0 2 0 0 0 0 1 0 2 2 1 2 0 2 2 0
0 0 2 1 1 0 1 2 0 0 2 0 0 0 2 2 1 1 1 2 2 0
0 0 2 1 0 1 0 1 0 0 1 0 0 0 2 2 0 2 1 1 1 0
0 0 2 0 0 0 0 2 0 0 2 0 0 0 2 1 0 0 0 0 2 0
0 1 1 0 1 0 0 1 0 0 1 0 0 0 2 1 0 2 0 1 1 1
1 0 2 0 0 1 0 1 0 0 1 1 0 0 2 2 0 2 0 0 1 1
1 0 2 0 0 0 0 2 0 0 1 0 0 0 2 2 2 2 1 2 2 0
1 1 1 0 0 0 0 2 0 0 1 0 0 1 2 1 0 2 1 1 1 0
1 0 2 0 0 1 0 2 0 0 2 0 0 1 2 2 1 2 0 2 2 0
1 0 2 0 0 0 0 2 0 0 1 0 1 0 2 1 2 2 0 0 2 0
0 0 2 0 0 0 0 2 0 0 1 2 0 0 2 2 2 2 1 1 2 0
0 0 2 0 0 1 0 2 1 0 0 0 0 0 1 1 0 1 0 2 2 0
1 0 2 0 0 0 0 2 0 0 0 1 0 2 2 1 0 2 0 2 2 0
1 1 2 1 0 0 0 1 0 0 1 0 0 0 2 1 1 2 1 2 2 1
0 0 2 1 0 0 0 2 0 0 2 1 0 0 2 2 1 2 0 1 2 0
0 0 1 0 0 0 0 2 0 0 1 0 0 0 2 1 1 2 1 2 1 0
0 0 1 0 1 0 0 2 0 0 0 1 0 0 2 2 1 2 0 1 2 1
0 0 2 0 0 0 0 2 0 0 2 0 0 0 2 2 1 2 1 2 2 0
1 0 2 1 0 2 0 2 0 0 2 0 1 0 2 1 1 2 0 2 2 0
0 0 2 0 1 0 1 1 0 0 2 0 0 0 1 1 1 1 0 1 2 0
1 0 2 0 0 0 0 2 0 0 2 0 1 0 2 2 1 2 1 2 2 0
1 0 2 0 0 0 0 1 0 0 2 0 0 0 2 2 2 2 0 2 2 0
0 1 2 1 0 1 0 2 0 0 1 0 1 1 2 2 2 2 0 2 2 0
1 1 2 0 0 0 0 2 0 0 2 0 1 0 2 2 1 2 0 2 2 0
1 0 1 0 1 1 0 2 0 0 0 0 0 0 2 2 2 1 1 1 1 0
0 0 2 1 0 0 0 2 0 0 2 0 0 0 2 2 2 2 0 2 2 0
0 0 2 0 1 1 0 2 0 0 1 0 0 0 2 2 2 2 1 2 2 0
1 0 1 1 0 0 1 2 0 0 1 1 0 0 2 1 2 2 0 2 2 0
0 0 2 0 0 0 0 2 0 0 1 1 0 0 2 2 2 2 1 1 2 0
0 0 2 0 0 0 0 2 0 0 1 0 0 0 2 2 2 1 0 2 2 0
1 0 2 1 0 0 0 2 0 0 1 1 0 0 2 1 2 2 0 2 1 0
0 1 2 0 0 0 0 1 0 0 1 0 0 0 2 1 2 2 0 2 2 0
0 0 2 1 0 2 0 2 0 0 2 0 1 0 2 2 1 2 0 2 2 0
0 0 2 0 1 0 1 2 0 0 0 1 0 0 2 0 1 2 0 2 2 0
0 0 1 0 0 1 0 2 0 0 1 0 0 0 2 2 1 2 0 1 2 1
1 1 2 2 1 1 0 2 0 0 2 0 0 0 2 1 1 2 1 2 2 0
1 0 2 0 0 1 0 2 0 0 1 0 0 0 2 1 0 2 0 2 2 0
1 0 2 0 0 0 0 2 0 0 1 0 0 1 2 2 1 2 1 2 1 0
0 0 2 0 0 1 0 2 0 0 1 0 0 0 2 1 2 1 0 2 2 0
1 0 2 0 0 0 0 1 0 0 1 0 0 1 2 1 1 2 0 1 2 0
0 0 2 0 0 1 0 2 0 0 2 0 0 0 2 1 1 2 0 2 2 0
1 1 2 0 0 0 0 2 0 0 0 0 0 0 2 2 1 2 0 2 2 1
1 0 2 1 0 1 1 2 1 0 1 0 0 0 2 2 2 2 1 0 2 0
0 0 2 0 1 1 0 1 0 0 1 0 0 1 2 1 0 2 0 1 2 0
1 0 2 2 0 0 0 2 0 0 1 0 0 0 2 1 2 2 0 2 2 0
0 0 2 0 0 0 0 1 0 0 1 0 0 0 2 1 0 2 0 2 2 0
0 0 2 0 0 1 0 2 0 0 2 0 0 0 2 1 2 2 0 2 2 1
1 0 2 0 0 0 0 1 0 0 1 0 0 0 2 1 1 2 0 2 2 0
0 0 2 2 0 0 0 2 0 0 2 0 0 0 2 2 2 1 1 2 2 0
0 0 2 0 0 1 1 1 0 0 1 0 0 0 2 0 1 2 1 1 1 0
1 0 2 0 1 1 0 2 1 0 2 0 0 0 2 2 1 2 1 2 2 0
0 0 2 0 0 1 1 2 0 0 1 1 0 0 2 1 2 2 0 0 2 0
0 0 2 0 0 1 0 2 0 0 0 0 0 0 2 1 2 2 0 1 2 0
1 0 2 1 0 1 0 2 0 0 1 0 0 1 2 2 1 2 1 2 2 0
1 0 2 1 0 0 1 2 0 0 2 0 0 0 2 0 1 2 0 2 2 1
0 0 2 0 0 1 0 1 0 0 2 0 0 2 2 2 1 2 0 1 2 0
1 1 2 0 1 1 0 2 0 0 1 0 0 0 2 2 0 2 0 2 2 0
0 0 2 0 0 0 0 2 0 0 2 0 0 0 2 1 1 2 1 2 2 0
1 0 2 0 0 0 0 2 0 0 1 0 0 0 1 2 1 2 0 1 2 0
1 0 2 1 0 1 0 2 0 0 2 0 0 0 2 2 1 2 1 2 2 0
0 0 2 1 0 1 0 1 0 0 2 0 0 0 2 2 1 2 0 2 2 0
2 1 2 0 0 2 0 1 0 0 2 0 0 0 2 2 1 2 0 1 2 0
0 0 2 0 1 0 1 2 0 0 1 0 0 0 2 2 1 2 0 2 2 1
0 0 2 1 0 1 0 1 1 0 1 0 0 0 2 2 1 2 0 2 2 0
1 0 2 0 0 1 1 2 0 0 1 0 0 0 2 1 2 2 0 1 2 0
0 1 0 0 0 0 0 2 0 0 1 0 0 1 1 1 2 2 0 2 2 0
1 1 2 1 0 0 0 2 0 0 0 1 0 0 2 1 0 2 0 1 2 0
2 0 2 1 0 0 0 2 0 0 1 0 0 0 2 1 1 2 0 2 2 0
0 0 2 0 0 1 0 2 0 0 2 0 0 0 2 2 1 2 1 1 1 0
0 0 2 1 0 2 0 2 0 0 2 0 1 0 2 2 1 2 1 2 2 0
1 0 2 0 0 1 0 2 1 0 1 0 0 0 2 2 2 1 1 1 1 0
1 1 2 0 0 0 0 1 0 0 1 0 1 0 2 2 0 2 0 2 2 1
0 0 1 0 0 0 1 2 0 0 0 0 0 1 2 1 2 2 0 1 2 0
0 0 2 0 1 1 1 2 0 0 1 0 0 0 2 2 2 2 0 1 2 0
0 0 2 0 0 0 0 2 0 0 2 0 0 0 2 1 1 1 1 2 2 0
0 0 1 0 0 0 1 1 0 0 1 0 0 0 2 2 0 2 0 1 1 0
0 0 1 1 0 1 0 2 0 0 2 0 1 0 2 1 2 2 0 2 2 0
1 1 2 0 0 0 0 2 0 0 1 0 0 0 2 2 1 2 1 2 2 0
1 1 2 0 1 2 0 1 0 0 0 0 0 0 2 1 1 2 0 2 2 0
0 0 2 0 0 0 0 2 0 0 1 0 0 0 1 1 1 2 0 2 1 0
2 1 1 0 1 0 1 2 1 0 1 0 0 0 2 2 1 2 1 2 2 0
1 0 2 0 0 1 0 2 0 0 1 0 0 0 2 2 2 2 1 2 2 0
0 0 2 1 0 0 0 2 1 0 1 0 0 0 2 2 0 1 0 2 2 0
0 0 2 1 0 0 0 2 0 0 2 0 0 0 2 2 1 2 1 1 1 0
0 0 2 0 0 1 0 1 0 0 1 0 0 1 2 0 1 2 0 2 2 0
0 1 2 2 1 0 0 2 0 0 1 0 1 0 2 2 1 2 1 2 2 1
1 0 2 0 1 0 0 2 0 0 1 0 0 0 2 2 1 2 0 2 2 1
0 0 2 0 0 1 0 0 0 0 1 0 0 0 2 1 2 2 0 2 2 0
0 0 2 0 1 1 0 1 0 0 2 1 0 1 2 2 1 2 0 2 2 0
0 0 2 1 0 0 1 2 0 0 1 0 0 0 1 0 2 2 0 2 1 0
0 0 1 0 0 1 0 2 0 0 1 0 0 0 2 2 0 2 2 2 2 0
2 1 2 0 0 1 0 1 0 0 1 0 0 0 2 1 1 2 0 2 2 0
1 0 2 1 0 0 0 2 0 0 1 0 0 0 2 2 1 1 1 2 1 1
1 0 1 0 0 1 0 2 0 0 0 0 0 0 2 1 2 2 1 2 2 1
0 0 2 0 0 1 0 2 0 0 2 0 0 0 2 1 2 2 0 2 1 0
0 0 2 1 0 1 1 2 0 0 2 0 0 0 2 2 1 2 0 2 2 0
1 1 2 0 0 0 1 1 1 0 0 1 0 0 2 1 1 2 0 2 2 0
0 0 1 0 0 0 0 1 0 0 2 0 0 0 2 1 0 2 1 2 1 0
1 0 2 1 1 1 0 1 0 1 1 0 0 0 1 2 1 2 1 2 2 0
1 0 1 1 0 0 0 2 0 0 2 0 0 0 2 2 1 2 0 2 2 0
0 0 2 1 0 0 0 2 0 0 2 0 0 0 2 1 0 2 1 2 1 0
0 0 2 1 0 0 0 1 0 0 2 0 0 0 2 2 0 2 0 2 2 1
1 0 2 0 0 0 0 2 0 0 2 0 0 0 2 2 1 1 0 2 2 0
0 0 2 1 0 0 0 2 0 0 1 0 0 0 2 2 1 1 0 2 2 0
0 0 2 1 0 0 0 1 0 0 1 0 0 0 2 2 1 2 1 2 2 0
0 0 2 1 0 0 0 2 1 0 2 0 0 0 2 1 1 2 1 2 2 0
1 0 2 0 0 1 1 2 0 0 2 0 1 0 1 2 0 2 0 2 2 0
1 0 2 0 0 2 0 2 0 0 0 0 0 0 2 2 1 2 0 1 2 0
0 2 2 0 0 0 0 1 0 1 1 0 0 0 2 2 2 2 0 2 2 0
1 0 2 1 0 0 1 2 0 0 2 1 0 0 2 2 2 2 1 2 2 0
0 0 2 0 0 0 0 0 0 0 1 0 1 0 2 1 1 2 0 1 2 0
0 0 1 1 0 0 1 1 0 1 2 0 0 0 2 2 2 1 2 2 2 0
1 1 1 1 0 0 0 2 0 0 1 0 0 0 2 1 2 2 0 2 2 0
0 0 2 0 0 1 1 2 0 0 1 0 0 0 2 1 0 2 1 2 2 0
1 0 1 0 0 0 1 2 0 0 2 0 0 0 2 2 1 2 0 2 2 0
0 0 2 0 0 0 0 2 0 0 1 0 0 0 2 2 0 2 0 2 2 0
0 0 2 2 0 2 1 2 0 0 1 0 0 0 2 2 0 2 1 2 2 0
1 0 1 0 0 0 0 2 0 0 1 0 0 0 2 2 0 1 0 1 2 0
0 0 2 0 0 0 1 0 0 0 0 0 0 0 2 1 0 2 0 2 2 0
1 0 2 0 0 1 0 2 0 0 0 0 0 0 2 2 2 2 0 1 2 0
2 0 1 0 0 1 0 2 0 0 1 0 0 0 2 1 0 2 0 1 2 0
1 0 2 0 1 0 1 2 0 0 2 0 0 0 2 2 1 2 0 2 2 0
0 0 2 0 0 0 0 2 1 0 1 0 1 0 2 1 2 2 0 2 2 0
1 1 2 0 0 0 0 2 1 0 0 0 0 0 2 2 1 1 0 2 2 0
0 0 1 0 0 0 0 1 0 0 1 0 0 0 1 2 1 2 0 2 2 0
0 0 2 0 0 0 0 2 0 0 0 0 0 0 2 2 2 2 1 2 2 0
0 1 2 0 1 0 0 1 0 0 0 0 1 0 2 2 0 2 0 1 2 0
0 1 2 0 0 0 0 2 0 0 1 0 1 0 2 2 2 2 0 2 2 0
0 1 2 0 0 0 0 2 0 0 2 0 0 0 2 1 1 2 1 2 2 0
1 0 2 0 1 0 0 2 0 0 1 0 0 1 2 1 0 2 1 2 2 0
0 0 2 0 0 0 0 2 0 0 1 1 0 0 2 0 2 2 1 1 2 0
0 1 2 0 0 0 0 2 0 0 2 0 1 0 2 2 1 2 0 2 2 0
1 0 2 0 0 1 0 1 0 0 1 0 0 0 2 2 2 2 0 1 2 0
0 1 2 0 0 0 0 2 1 0 1 0 1 0 2 1 1 2 2 2 2 0
1 0 2 0 0 0 0 1 0 0 1 0 0 1 2 2 1 1 0 1 2 0
0 0 2 1 0 0 0 2 0 0 1 0 1 0 2 2 2 2 0 2 2 0
0 1 2 0 0 0 1 2 0 0 2 0 0 1 2 2 2 2 1 1 1 0
1 0 2 0 0 0 1 1 0 0 2 0 0 0 2 1 0 1 0 2 2 0
1 1 1 1 0 0 0 2 0 0 1 0 0 0 2 1 1 2 0 2 2 0
0 1 2 1 0 1 0 2 0 0 2 1 0 0 2 2 1 2 1 2 2 0
1 1 1 1 0 0 0 1 0 0 2 0 0 0 2 1 2 1 0 2 2 0
1 0 1 0 0 1 0 2 0 0 2 0 1 1 2 1 0 2 1 2 2 0
1 1 2 0 0 0 1 2 0 0 1 0 0 0 2 1 2 2 0 1 2 0
0 0 2 1 0 1 1 2 0 0 1 0 0 0 2 2 1 2 0 2 2 0
0 0 2 1 0 1 0 2 0 0 2 0 0 1 2 0 2 2 1 2 2 0
0 0 2 0 0 1 0 2 0 0 0 0 0 0 2 1 0 2 1 2 1 0
0 1 2 0 0 0 0 2 0 0 1 0 0 1 2 2 1 2 1 1 2 0
2 0 2 0 0 0 0 2 0 0 1 0 0 0 2 2 1 1 1 1 2 0
1 0 2 1 0 0 0 2 0 0 0 0 0 1 2 2 1 2 0 2 2 0
0 0 2 2 0 0 1 1 0 0 1 0 1 0 1 1 1 2 0 1 2 0
1 0 2 0 0 1 1 2 0 0 2 1 0 0 2 2 2 2 0 2 2 0
1 0 2 0 0 1 0 2 0 0 1 0 0 0 2 2 1 2 0 1 2 0
1 0 2 0 1 1 0 2 0 0 2 0 0 0 2 2 2 2 0 2 1 0
0 0 2 1 0 0 0 2 0 0 2 1 0 0 2 1 1 2 0 2 2 0
1 0 2 0 0 1 0 2 0 0 1 0 0 1 2 1 0 2 1 2 2 0
1 0 2 0 0 0 0 2 0 0 2 0 0 0 2 0 1 1 0 2 2 1
0 2 2 2 0 0 0 2 0 0 1 0 0 0 1 0 1 2 0 2 2 0
1 0 2 0 0 0 0 2 0 0 1 0 0 0 2 0 1 1 1 1 2 0
0 0 2 1 0 0 0 1 0 0 2 1 0 0 2 2 1 2 2 1 2 0
1 0 2 0 0 0 0 1 0 0 0 0 0 0 2 2 1 2 1 1 2 0
1 0 2 1 0 0 0 2 0 0 2 0 1 0 2 2 0 2 1 2 2 0
1 0 2 1 0 1 0 1 0 0 2 0 0 0 2 2 1 1 1 2 2 0
0 0 1 0 0 1 0 2 0 0 2 0 0 0 2 1 1 1 2 1 2 0
0 0 2 0 0 0 1 2 0 0 0 0 0 0 2 2 0 2 1 2 2 0
0 0 2 0 0 1 0 2 0 0 1 0 0 0 2 2 1 2 2 2 2 0
0 0 2 0 0 2 0 1 0 0 1 0 0 0 2 2 2 2 0 2 2 0
0 1 2 0 0 1 0 2 0 0 1 0 0 2 2 2 0 2 0 1 0 0
1 0 2 0 0 1 0 2 0 0 1 0 0 0 2 2 1 2 0 2 1 0
0 0 1 0 0 0 0 2 0 0 1 0 0 0 2 0 2 2 0 1 2 0
0 0 2 0 0 1 0 2 0 0 0 0 0 0 2 1 1 2 1 2 2 0
1 1 2 0 0 0 1 2 0 0 2 0 0 0 2 2 1 2 0 1 2 0
0 0 1 0 1 1 0 2 0 0 2 0 0 0 2 2 0 2 0 1 2 0
0 0 0 0 0 1 0 2 0 0 1 1 0 0 2 1 1 2 1 2 2 0
0 0 2 1 0 0 1 2 0 0 2 0 0 0 2 2 2 2 1 1 1 0
0 0 1 0 0 0 0 2 0 1 1 0 0 0 2 2 1 2 0 2 2 0
0 0 2 0 0 0 0 1 0 0 2 0 0 1 2 2 1 2 0 1 2 0
1 0 2 1 0 2 0 2 0 0 1 0 0 1 2 2 2 2 1 2 1 0
1 0 2 0 0 1 0 2 0 0 1 0 0 0 2 1 0 2 1 1 2 0
1 1 2 1 0 0 0 2 0 0 0 0 1 0 2 2 2 2 1 1 2 0
1 0 1 0 0 0 0 2 0 0 2 0 0 0 2 1 0 1 1 1 2 0
0 0 2 0 0 0 0 1 0 0 1 0 0 0 2 1 2 1 0 2 2 0
0 1 2 0 0 0 0 2 0 0 2 0 0 0 2 1 1 2 0 1 2 0
0 0 2 0 0 0 0 2 0 0 1 0 1 1 2 2 1 2 0 1 2 0
0 1 2 1 0 0 0 2 0 0 0 0 0 1 2 2 2 2 2 2 2 0
1 0 2 0 0 0 0 2 0 0 1 0 0 0 2 2 1 1 1 2 2 0
1 0 2 0 0 0 0 1 0 0 0 0 1 0 2 2 1 2 0 1 2 0
0 0 2 0 0 0 0 2 0 0 2 0 0 0 2 0 0 2 0 2 2 0
2 0 2 0 0 1 0 1 0 0 0 0 0 0 2 1 1 2 0 2 2 0
0 0 1 0 0 0 0 2 0 0 1 0 0 0 2 1 1 2 0 2 2 1
0 0 2 0 0 0 0 2 0 0 2 0 0 0 2 2 1 2 0 2 2 0
1 0 2 0 0 0 0 1 0 0 1 0 0 0 2 1 1 1 1 2 1 0
0 0 2 0 0 1 1 2 0 0 1 0 0 0 2 1 0 2 1 0 2 0
0 0 2 0 0 0 1 2 0 0 1 0 1 1 2 2 0 2 0 2 1 0
0 0 2 0 0 0 0 2 0 0 2 0 0 0 2 2 2 2 0 1 1 0
0 0 2 0 0 1 0 1 0 0 1 0 0 0 2 2 1 2 0 0 2 0
0 0 2 0 0 1 0 1 0 0 1 0 1 0 2 2 1 2 1 2 2 0
1 0 2 1 0 1 0 2 0 0 1 0 0 0 2 2 1 2 0 1 2 0
1 1 2 1 0 1 0 2 0 0 1 1 0 1 2 2 1 1 0 2 2 0
0 0 2 0 0 0 0 2 0 1 1 0 0 0 2 1 1 1 0 2 2 0
1 0 2 0 0 0 0 2 0 0 0 0 0 0 2 1 0 2 0 2 2 0
0 0 2 0 0 0 0 2 0 0 1 0 0 0 2 2 1 2 0 1 2 0
2 0 2 1 0 1 0 2 0 0 1 0 0 0 2 1 2 2 0 1 2 0
0 1 2 1 0 0 1 2 0 0 2 0 0 0 2 2 1 2 0 1 2 1
0 0 2 0 0 1 0 2 1 0 1 1 1 0 2 2 2 1 1 2 2 0
1 0 2 1 0 0 0 2 0 0 0 0 0 1 2 1 2 1 0 2 2 0
1 0 2 0 0 0 0 2 0 0 1 0 0 1 2 2 0 1 0 2 2 0
0 0 2 1 0 0 0 2 0 0 1 1 0 0 2 1 1 0 1 2 2 0
1 1 2 1 1 0 0 1 0 0 1 0 0 0 2 1 1 2 0 2 1 0
0 0 2 0 0 0 0 2 0 0 0 0 0 0 2 1 1 2 1 2 2 0
0 0 2 0 0 1 0 2 0 0 0 0 0 0 2 2 1 2 0 2 2 0
