rs855943 rs4072037 rs2685150 rs11890946 rs13396528 rs2278480 rs4624587 rs7696711 rs11961212 rs3801993 rs3002377 rs7085779 rs2894014 rs10762139 rs10883753 rs11223703 rs9319432 rs2024892 rs3810818 rs12454718 rs11659753 rs1316450
2 1 0 2 1 1 2 0 0 2 1 2 1 1 1 1 0 1 0 2 2 1
2 2 0 2 2 1 1 0 0 2 1 2 1 1 0 1 0 2 1 2 2 0
2 2 0 2 2 2 2 0 0 2 1 1 1 1 1 1 0 1 1 1 1 2
2 1 0 2 1 0 2 0 0 2 0 2 1 2 1 1 1 2 1 2 2 1
2 2 1 1 2 0 2 0 0 2 2 2 1 0 0 2 0 2 1 2 2 1
2 1 1 2 2 1 1 0 0 2 1 1 0 2 0 1 0 2 0 2 1 1
2 1 1 2 1 1 2 0 0 2 1 1 0 1 1 0 0 1 0 2 2 2
1 0 1 2 2 0 2 0 0 2 1 0 0 1 1 0 0 1 2 2 1 1
2 2 1 2 2 2 1 0 0 2 1 2 2 1 2 0 0 1 1 2 1 1
1 0 0 2 2 0 1 0 0 2 1 1 0 1 2 0 0 2 0 2 2 1
2 1 1 1 2 0 0 0 0 2 0 2 0 1 0 0 0 1 0 2 1 0
1 0 0 2 2 0 1 0 0 2 2 1 1 0 0 0 0 2 0 2 2 1
2 0 1 1 2 1 2 0 0 1 1 2 0 0 2 0 0 2 0 2 2 0
2 1 0 2 2 0 2 0 0 2 0 1 1 1 1 1 0 1 0 2 1 0
1 2 0 2 2 1 1 0 0 2 1 1 1 1 1 0 0 2 1 2 2 2
2 0 1 2 2 1 1 0 0 2 1 1 1 2 2 0 0 2 1 2 2 1
2 1 0 2 2 1 1 0 0 2 0 1 0 1 1 0 0 1 0 2 2 2
0 1 0 2 2 0 0 0 0 2 0 2 1 2 1 0 0 1 1 2 2 1
1 0 1 2 2 0 1 0 0 2 1 1 1 0 2 1 0 1 0 2 2 1
2 0 0 2 2 2 0 0 1 2 1 1 0 2 1 0 0 2 1 2 2 1
2 1 0 2 2 1 1 0 0 1 1 1 0 1 0 1 0 2 2 2 2 0
1 1 0 2 2 1 1 0 0 2 2 2 1 2 1 0 0 2 0 2 2 0
2 0 0 2 2 0 2 0 0 2 2 2 2 1 0 0 0 2 0 2 2 0
2 0 1 2 2 0 2 0 0 2 1 1 2 1 0 2 0 2 1 2 1 2
2 0 0 2 2 0 2 0 0 2 1 1 0 1 1 0 0 2 0 2 2 1
2 0 1 2 1 0 1 0 0 2 2 1 0 2 1 2 0 1 1 2 2 0
2 1 0 2 2 1 1 0 0 2 1 1 0 1 1 0 0 2 0 2 2 1
1 1 0 2 2 0 1 0 0 2 1 2 1 0 2 1 0 2 1 2 2 1
2 1 1 1 2 0 2 0 0 2 1 2 1 2 0 0 0 1 1 2 2 0
2 0 0 2 2 0 1 0 0 2 0 2 1 2 1 0 0 0 0 2 2 0
1 2 0 2 2 2 1 0 0 2 0 1 1 2 2 0 0 2 0 2 2 1
2 1 0 2 2 1 1 0 0 2 1 2 2 2 1 1 0 1 0 2 2 0
2 1 2 2 2 0 2 0 0 2 0 2 1 0 1 0 0 2 0 2 1 0
2 0 1 2 2 0 2 0 0 2 1 2 2 0 1 0 0 0 1 2 2 2
1 0 0 2 2 1 2 0 0 2 1 2 1 1 2 1 0 1 1 2 2 2
2 0 0 2 2 0 1 0 0 2 0 0 0 2 1 2 0 2 1 2 2 0
2 1 0 2 1 1 1 0 0 2 2 1 2 2 2 0 0 2 0 2 2 1
2 2 0 2 2 1 0 0 0 2 1 2 1 2 1 0 0 2 0 2 1 1
2 2 0 2 2 0 2 0 0 2 1 1 1 1 0 0 0 2 1 2 2 2
1 1 0 2 2 2 1 0 0 2 1 1 0 1 0 0 0 2 2 2 2 1
1 0 0 2 2 0 1 0 0 2 2 1 1 2 1 1 0 2 1 2 2 1
2 0 0 2 2 0 0 0 0 2 1 1 0 1 1 0 0 2 1 1 2 1
1 2 1 2 1 0 2 0 0 2 2 2 0 1 2 0 0 1 1 2 2 0
2 1 0 2 2 0 1 0 0 2 2 2 0 2 1 0 0 2 0 2 2 0
1 1 2 2 2 0 1 0 0 2 1 2 2 1 0 0 0 2 1 2 2 1
1 1 2 2 1 0 0 0 0 2 0 2 0 1 2 1 0 2 1 2 2 2
2 0 0 2 1 0 1 0 0 2 0 2 0 1 2 0 0 2 0 2 2 1
1 0 0 2 2 0 2 0 0 2 2 1 1 1 1 0 0 1 0 2 1 2
2 0 1 2 2 0 2 0 0 2 0 2 0 2 1 1 0 2 1 2 2 1
2 1 1 2 1 1 0 0 0 2 2 2 0 0 1 0 0 1 2 2 2 0
1 0 2 2 1 1 1 0 0 2 2 1 0 0 0 0 0 2 0 2 2 1
1 0 0 2 2 1 0 0 0 2 0 2 2 0 0 0 0 1 0 2 1 1
1 1 0 2 2 1 1 0 0 2 0 2 1 1 0 0 0 2 0 2 2 1
2 0 0 2 2 0 2 0 0 1 1 2 2 1 1 0 0 2 0 2 2 1
1 2 0 2 2 0 2 0 0 2 0 1 2 2 2 1 0 2 0 2 1 1
1 1 0 2 2 1 1 0 0 2 1 2 1 0 1 1 0 1 0 2 2 2
1 0 0 2 1 1 1 0 0 2 1 2 0 1 1 1 0 2 1 2 2 1
2 1 0 2 1 2 2 0 0 2 1 0 1 1 0 0 0 1 0 2 2 0
2 1 0 2 2 1 1 0 0 1 1 1 1 1 1 0 0 2 0 2 2 0
2 0 1 2 2 0 1 0 0 2 2 1 1 1 1 0 0 2 0 2 1 0
2 0 0 2 2 0 1 0 0 1 2 2 1 1 2 0 0 2 1 2 1 1
0 1 1 2 2 1 1 0 0 2 1 0 1 1 0 0 0 2 1 2 2 1
2 0 0 2 2 0 1 0 0 2 1 1 1 0 2 0 0 2 1 2 1 2
2 0 0 2 2 0 1 0 0 2 0 2 1 2 0 1 0 2 1 2 2 0
2 2 0 2 0 1 2 0 0 2 1 2 1 0 1 1 0 2 0 2 2 2
1 1 1 2 2 2 1 0 1 1 0 1 1 1 0 1 0 2 1 2 2 1
1 1 1 2 2 0 1 0 0 2 0 2 1 2 0 1 0 2 0 2 2 0
1 1 0 2 1 0 0 0 0 2 1 1 0 1 1 1 0 2 0 2 2 1
2 1 0 2 1 0 0 0 0 2 1 2 0 2 1 1 0 2 1 2 2 1
2 1 0 2 2 1 2 0 0 1 1 2 0 2 1 0 0 2 1 2 2 1
2 2 0 2 2 0 0 0 0 2 0 2 2 1 1 1 0 1 1 2 1 0
1 1 0 2 1 0 2 0 0 2 1 1 1 0 1 0 0 1 0 2 2 1
1 2 0 2 2 1 0 0 0 2 1 1 1 1 1 1 0 2 0 2 2 1
2 1 0 2 2 0 1 0 1 2 1 2 1 1 1 0 0 2 1 2 2 1
2 0 0 2 2 2 1 0 0 1 0 2 1 1 0 0 0 1 0 2 1 0
2 2 0 2 1 1 0 0 0 2 1 1 0 1 1 2 0 2 1 2 2 0
2 1 0 2 2 0 2 0 0 2 1 2 1 0 0 0 0 1 0 2 2 0
2 0 0 2 2 0 2 0 0 2 1 0 2 1 2 0 0 0 1 2 2 0
2 2 1 2 2 0 1 0 0 2 0 0 0 1 1 0 0 2 0 2 1 0
2 0 1 2 2 0 2 0 0 2 1 2 1 0 2 0 0 1 0 2 2 2
2 2 2 1 2 1 1 0 0 2 1 1 1 0 1 0 0 2 0 2 2 2
1 1 0 2 2 0 1 0 0 2 2 1 0 0 2 0 0 1 1 2 1 1
0 2 1 1 2 2 1 0 0 2 0 1 0 1 0 0 0 2 0 2 1 0
1 1 0 2 1 0 1 0 0 2 0 2 0 0 2 1 0 1 0 2 1 1
1 1 0 2 2 2 1 0 0 1 2 2 1 0 1 0 0 2 0 2 2 2
1 0 0 2 1 1 2 0 0 2 0 1 2 1 1 0 0 2 0 2 2 1
1 1 1 2 2 1 1 0 0 2 1 2 0 2 0 1 0 2 2 2 2 1
2 2 0 2 2 1 0 0 0 1 1 1 0 2 2 0 0 1 0 2 2 1
2 2 1 2 2 0 2 0 0 2 2 1 0 0 2 1 0 2 0 2 0 1
1 0 1 2 2 1 0 0 0 2 1 2 1 2 1 0 0 2 1 2 2 1
1 0 1 2 1 0 1 0 0 2 1 1 1 2 2 0 0 1 0 2 2 0
1 0 0 1 2 0 1 0 0 2 1 1 0 2 1 1 0 0 0 2 1 2
2 2 0 2 2 0 2 0 0 2 1 2 1 1 1 1 0 2 0 1 2 0
2 1 1 2 2 2 2 0 0 2 0 2 2 1 2 0 1 1 0 2 2 0
2 0 0 2 2 0 1 0 0 2 1 2 0 1 1 0 0 2 0 2 2 0
2 0 1 2 2 1 1 0 0 2 1 2 0 0 0 0 0 1 0 2 1 2
2 1 1 2 2 0 2 0 0 2 1 2 1 0 1 0 0 2 0 2 2 1
2 0 0 2 2 0 1 0 0 2 2 2 2 0 2 1 0 1 0 2 1 2
2 1 0 2 2 1 1 0 0 2 0 1 2 1 2 1 0 2 0 2 2 2
1 2 0 1 2 0 1 0 0 2 0 1 2 1 1 1 0 1 0 2 2 0
2 0 0 2 2 0 0 0 0 2 0 2 1 1 1 0 0 2 1 2 2 0
1 1 1 1 2 1 1 0 0 2 1 2 0 1 1 1 0 2 0 2 1 1
2 2 0 2 2 0 2 0 0 2 1 0 1 2 0 0 0 2 0 2 1 0
2 1 1 2 2 2 0 0 0 2 1 2 1 2 1 1 0 2 0 2 2 1
2 1 1 2 1 0 2 0 0 1 1 0 0 1 1 0 0 2 0 2 1 0
0 0 0 2 1 0 2 0 0 1 2 2 2 0 0 0 0 1 1 2 2 0
2 1 0 2 1 1 2 0 0 2 1 2 0 0 2 0 0 1 1 2 2 2
2 1 0 2 2 2 1 0 0 2 0 0 1 2 2 0 0 2 1 2 2 1
2 1 0 2 2 0 1 0 0 2 2 2 1 1 0 0 0 2 1 2 2 2
2 1 0 2 2 1 2 0 0 2 0 2 1 0 1 0 0 2 2 2 2 0
2 1 1 2 2 1 0 0 0 2 1 0 0 1 2 1 0 1 0 2 2 1
2 0 1 2 2 0 2 0 0 2 0 1 1 2 2 0 0 1 0 2 2 1
1 1 1 2 2 0 2 0 0 2 2 2 2 2 1 0 0 1 2 2 2 1
1 1 0 2 2 2 1 0 0 2 0 1 2 2 1 0 0 1 1 2 2 0
2 0 1 2 2 1 2 0 0 2 1 2 1 1 0 0 1 2 0 2 2 1
2 1 0 2 1 0 2 0 0 2 1 2 0 1 0 1 0 1 0 2 2 1
1 1 0 2 2 0 1 0 0 2 1 1 0 2 1 0 0 1 1 2 1 0
2 2 0 2 2 0 2 0 0 2 1 2 1 0 0 2 0 2 0 2 2 1
1 2 1 2 2 1 0 0 0 2 1 2 0 0 1 1 0 2 0 2 1 0
2 1 0 2 2 1 0 0 0 2 1 0 0 1 2 0 0 2 1 2 2 0
2 0 0 2 2 1 0 0 0 2 1 2 1 0 2 1 0 1 0 2 1 0
2 0 0 2 2 1 2 0 0 2 1 1 1 0 2 1 0 2 0 2 2 0
2 0 1 2 2 1 1 0 0 2 2 1 2 2 2 0 0 2 0 2 2 1
2 0 0 2 2 0 2 0 0 2 2 2 1 0 1 1 0 2 0 1 2 0
2 2 1 2 2 0 2 0 0 2 1 2 0 0 0 0 0 1 1 2 2 1
2 1 0 1 2 0 2 0 0 2 1 2 1 1 2 0 0 2 0 2 2 0
1 1 0 2 2 1 2 0 0 2 2 2 1 0 2 0 0 2 0 2 2 0
2 0 1 2 2 0 2 0 0 2 1 1 1 1 1 0 0 2 0 2 2 1
1 1 0 1 2 0 1 0 0 2 2 2 1 1 0 0 0 1 0 2 2 0
1 2 0 2 2 1 0 0 0 2 0 2 2 1 0 0 0 1 0 2 1 1
2 1 0 2 2 0 2 0 0 2 1 2 1 0 1 0 0 1 0 2 2 2
1 0 0 2 1 0 2 0 0 2 0 1 1 2 1 0 0 2 1 2 1 0
2 2 0 2 2 0 2 0 0 2 0 2 1 2 2 1 0 2 0 2 1 0
2 1 0 2 1 0 2 0 0 2 0 2 2 0 2 1 0 1 0 2 2 1
1 1 1 2 2 1 1 0 0 2 1 1 0 2 2 0 0 2 0 2 1 0
2 0 1 2 2 0 1 0 0 2 0 1 1 0 2 0 0 1 1 2 2 2
2 1 0 2 2 1 2 0 0 1 1 2 1 1 0 0 0 1 1 2 2 0
1 1 0 2 1 0 0 0 0 1 2 1 0 1 0 0 0 2 1 2 2 2
2 1 0 2 1 0 1 0 0 2 2 1 1 1 1 0 0 2 1 2 2 0
2 1 0 2 2 0 0 0 0 1 1 1 0 1 2 0 0 2 0 2 2 0
2 1 1 2 2 0 1 0 0 2 1 2 0 1 2 0 0 2 0 2 2 0
2 2 1 2 1 1 1 0 0 2 0 2 0 2 2 0 0 2 0 2 2 1
2 1 0 2 2 0 2 0 0 2 2 2 0 2 1 1 1 2 1 2 2 2
2 2 0 2 2 0 1 0 0 2 2 2 0 1 0 1 0 2 1 2 2 0
1 2 1 2 1 1 0 0 0 2 1 1 1 1 0 1 0 2 0 2 1 1
2 2 0 2 2 0 1 0 0 2 0 1 0 0 1 0 0 2 0 2 2 2
2 0 2 2 2 0 1 0 0 2 1 2 2 1 0 0 0 2 1 2 2 2
2 2 0 2 2 0 0 0 0 1 1 2 0 1 1 1 0 1 1 2 2 2
1 1 0 2 2 1 1 0 0 1 2 2 1 2 1 0 0 2 1 2 2 0
1 0 1 2 2 0 2 0 0 2 0 2 0 1 0 0 0 2 1 2 2 0
2 1 1 2 2 0 0 0 0 2 2 2 1 1 1 0 0 1 0 2 2 2
1 1 0 2 2 1 1 0 0 2 2 1 1 2 2 0 0 2 1 2 2 2
0 1 0 2 2 0 0 0 0 2 2 2 1 2 2 0 0 2 2 2 2 1
2 2 1 2 2 0 2 0 1 2 1 2 1 0 1 1 0 2 1 2 2 2
1 0 0 2 2 0 2 0 0 2 1 2 1 1 0 0 0 2 0 2 2 1
2 0 1 2 2 0 1 0 0 2 1 1 0 1 1 0 0 2 0 2 1 0
1 1 0 2 1 0 1 0 0 2 1 0 1 1 1 0 0 2 1 2 2 1
1 2 0 2 2 2 0 0 0 2 0 2 0 1 0 0 0 2 0 2 2 0
2 0 0 2 2 0 1 0 0 2 1 1 1 0 2 0 0 1 0 2 2 1
2 1 1 2 2 0 1 0 0 2 0 1 1 0 2 0 0 2 1 2 2 2
2 1 0 2 2 0 2 0 0 2 0 1 2 0 1 0 0 2 0 2 2 1
2 1 1 2 2 0 1 0 0 1 2 2 1 0 1 0 0 2 1 2 2 2
2 0 0 2 2 0 1 0 0 2 0 2 1 1 0 1 0 2 0 2 2 0
2 2 0 2 1 0 1 0 0 2 1 1 0 1 1 0 0 0 0 2 2 0
2 1 1 2 2 2 2 0 0 2 1 2 0 1 1 1 0 2 0 2 2 1
2 0 0 2 2 1 2 0 0 2 0 0 0 0 1 1 0 1 2 2 1 1
2 1 0 2 2 0 2 0 0 2 1 1 1 0 1 1 0 2 0 2 2 1
2 2 2 2 2 0 1 0 0 2 1 0 2 1 1 0 0 2 0 2 2 1
2 0 1 2 2 1 2 0 0 2 0 2 2 1 1 0 0 2 0 2 2 0
1 2 1 2 2 0 2 0 0 2 1 2 1 2 0 0 0 1 0 2 1 1
2 1 0 2 2 2 1 0 0 2 1 1 1 2 1 0 0 2 1 2 2 0
1 1 0 2 2 0 1 0 0 2 2 1 1 0 1 0 0 2 1 2 2 1
2 1 0 2 2 0 1 0 0 1 2 2 0 2 2 1 0 2 1 2 1 2
2 0 0 2 2 0 2 0 0 2 1 2 2 1 2 0 0 2 0 2 2 1
2 1 1 2 2 0 0 0 0 2 1 1 0 1 1 0 0 1 2 2 2 0
2 0 0 2 1 0 1 0 0 2 1 2 0 0 0 0 0 2 0 2 1 1
2 2 1 2 2 1 2 0 0 2 1 1 1 1 1 0 0 1 0 2 2 2
2 2 0 2 2 1 2 0 0 2 1 1 1 2 2 1 0 2 0 2 1 1
2 0 0 2 2 0 0 0 0 2 0 2 0 0 0 1 0 1 0 2 2 1
2 2 1 2 2 0 1 0 0 1 1 1 0 0 1 0 0 1 0 1 2 1
2 0 0 2 2 0 1 0 1 2 2 2 1 2 0 0 0 1 1 2 2 1
2 1 0 2 2 1 2 0 0 2 0 1 2 1 2 0 0 1 1 2 2 1
2 0 0 2 2 0 2 0 0 2 0 1 0 1 2 1 0 2 0 2 2 0
2 1 0 2 2 0 2 0 0 2 1 2 0 1 2 1 0 1 0 2 2 0
2 1 1 2 1 1 1 0 0 2 0 2 0 1 1 0 0 1 0 2 2 2
2 1 1 2 2 1 2 0 0 2 1 1 1 0 1 0 0 2 1 2 2 0
2 2 0 2 2 0 1 0 0 2 0 2 0 2 1 1 0 1 1 2 2 0
2 2 0 2 2 0 2 0 0 1 2 1 2 1 1 0 0 2 1 2 2 2
2 1 0 2 2 0 2 0 0 2 1 1 2 2 1 0 0 2 0 2 1 1
2 2 1 2 2 0 1 0 0 2 1 2 2 2 1 0 0 2 1 2 2 0
2 2 0 1 2 0 2 0 0 2 1 1 2 1 2 0 0 1 0 2 0 0
2 1 0 2 2 1 1 0 0 2 1 1 0 0 2 2 0 2 0 2 2 0
2 0 0 2 1 0 1 0 1 2 1 1 1 1 1 1 0 2 0 2 2 1
2 1 0 2 1 0 1 0 0 2 0 1 1 0 1 0 0 2 0 2 1 1
2 1 0 2 2 0 2 0 0 2 1 0 1 1 1 0 0 2 0 2 2 1
2 1 0 2 1 0 2 0 0 2 0 2 1 1 0 1 0 2 1 2 2 1
1 1 0 2 2 0 2 0 0 2 2 2 0 2 1 0 0 1 1 2 2 1
2 2 0 2 2 0 2 0 0 2 2 2 1 1 1 2 0 2 1 2 2 1
1 1 0 2 2 1 0 0 0 2 2 1 0 0 0 0 0 2 1 2 1 0
2 1 0 2 2 0 1 0 0 1 1 2 0 1 0 0 0 2 1 2 2 1
0 2 0 2 2 0 2 0 0 1 2 2 0 1 2 0 0 1 1 2 2 0
2 1 0 2 2 2 1 0 0 2 1 2 1 1 0 0 0 0 0 2 2 2
1 1 0 2 1 1 2 0 0 2 1 1 0 1 1 0 0 1 1 2 2 0
2 1 0 2 2 0 2 0 0 1 0 2 0 2 2 1 0 2 0 2 2 0
2 2 1 2 2 0 1 0 0 2 0 0 1 1 1 0 0 2 0 2 2 1
0 0 0 2 2 0 1 0 0 2 1 1 1 2 1 1 0 2 0 2 1 1
2 0 0 2 2 2 1 0 0 2 1 1 1 1 1 0 0 1 2 2 2 0
1 0 0 2 2 0 1 0 0 2 2 2 0 1 0 0 0 1 1 2 2 0
1 1 1 2 2 0 1 0 0 2 2 2 0 2 2 0 0 2 1 2 2 1
2 0 0 2 2 1 0 0 0 2 1 2 2 2 1 0 0 2 0 2 2 1
2 2 0 2 2 0 1 0 0 2 1 2 0 1 1 1 0 2 0 2 1 1
1 1 1 2 1 1 0 0 1 1 0 1 0 1 1 1 0 2 1 2 2 1
1 2 1 2 2 0 1 0 0 2 1 2 0 2 2 0 0 2 0 2 1 0
2 0 0 2 1 0 2 0 1 2 2 0 2 1 2 0 0 1 0 2 2 0
1 0 0 2 1 0 0 0 0 2 0 2 1 2 1 1 0 2 1 2 2 0
2 0 1 2 2 2 1 0 0 1 1 2 0 1 1 1 0 2 1 1 2 1
2 1 0 2 1 1 1 0 0 2 1 2 2 2 1 0 0 2 1 2 2 0
2 0 0 2 2 1 0 0 0 2 2 2 0 1 0 0 0 2 0 1 2 2
2 2 0 2 2 1 1 0 0 2 0 1 1 2 1 1 0 2 0 2 2 1
2 2 1 2 2 0 1 0 0 2 2 1 0 2 2 1 0 1 0 2 2 0
2 1 0 2 2 0 1 0 0 2 1 0 1 2 2 0 0 2 0 2 1 0
2 0 0 2 2 0 2 0 0 2 2 1 1 0 1 0 0 2 2 2 2 0
2 2 2 2 2 2 1 0 0 2 0 1 0 0 1 0 0 1 2 2 1 1
2 1 1 2 2 0 2 0 0 2 1 0 1 0 1 1 0 2 1 2 1 1
2 1 0 2 2 1 1 0 0 2 1 2 1 0 0 0 0 1 1 2 2 1
2 1 0 2 2 1 0 0 0 2 1 1 0 1 1 0 0 2 0 2 2 1
2 2 0 2 2 1 1 0 0 2 1 2 1 1 1 1 0 1 1 2 2 0
0 1 0 2 2 1 1 0 0 1 2 1 1 1 2 1 0 2 0 2 2 0
1 1 1 2 1 1 2 0 0 2 0 1 0 1 2 0 0 2 1 2 0 0
2 0 0 2 2 0 1 0 0 1 1 2 0 1 2 0 0 2 2 2 2 0
2 1 0 2 2 1 1 0 0 2 1 0 0 2 1 0 1 1 1 2 2 0
0 2 0 2 1 1 1 1 0 2 2 1 1 2 1 0 0 1 0 2 2 0
2 1 0 2 2 2 2 0 0 2 0 1 2 2 1 0 0 2 0 2 2 1
2 0 0 2 2 1 1 0 0 1 2 0 0 1 2 1 0 1 1 2 2 1
2 2 0 2 2 0 2 0 0 2 1 2 2 1 1 0 0 1 0 2 1 0
2 1 1 2 2 1 2 0 0 2 1 2 0 0 1 0 0 2 1 2 2 1
1 1 0 2 2 1 2 0 0 1 0 2 0 2 2 2 1 1 2 2 2 1
1 0 0 2 2 1 2 0 0 2 0 1 0 2 1 0 0 2 1 2 2 0
1 1 0 2 2 0 2 0 0 1 1 2 2 2 1 0 0 1 0 2 1 1
1 0 1 2 2 0 1 0 0 2 0 2 1 1 1 0 0 2 0 2 2 0
2 2 0 1 1 1 1 0 0 1 0 2 0 0 2 0 0 2 0 2 1 2
1 2 0 2 2 0 1 0 0 2 1 2 1 2 0 0 0 2 0 2 2 1
1 1 1 2 2 1 1 0 0 2 0 2 1 0 0 0 0 2 1 2 2 1
1 1 0 2 2 0 2 0 0 2 0 1 1 2 1 0 0 2 0 2 2 1
2 1 0 2 2 0 1 0 0 2 0 2 1 2 0 0 0 1 0 2 1 1
2 1 1 2 1 1 1 0 0 2 0 2 0 1 1 0 0 2 0 2 2 0
2 1 0 2 2 0 1 0 0 2 2 1 0 0 2 0 0 2 0 2 2 1
2 1 0 2 1 2 1 0 0 2 2 1 0 1 0 0 0 2 0 2 2 2
2 0 0 2 2 0 1 0 0 2 0 0 1 0 2 0 0 2 0 2 2 0
2 1 0 2 2 0 1 0 0 2 0 2 1 2 2 1 0 2 1 2 2 1
2 1 1 2 1 0 1 0 0 2 2 1 1 0 1 0 0 2 0 2 2 2
2 1 1 2 2 2 0 0 0 2 1 2 1 0 1 1 0 0 0 2 2 1
2 0 0 1 1 0 1 0 0 2 1 2 0 2 1 0 0 1 0 2 2 1
0 0 0 2 2 0 2 0 0 2 0 1 2 1 1 0 0 1 1 2 1 1
2 1 0 2 2 1 0 0 0 2 1 1 0 1 1 0 0 0 0 2 1 2
2 1 0 2 2 2 0 0 0 2 0 2 0 1 0 0 0 1 0 2 2 2
2 1 1 2 1 1 2 0 0 2 0 1 0 0 2 1 0 2 1 2 2 1
1 2 0 2 2 1 1 0 0 2 1 2 1 2 1 1 0 1 0 2 2 0
2 0 0 2 2 0 1 0 0 2 2 1 0 1 0 1 0 2 0 2 1 1
2 1 0 1 2 0 2 0 0 2 1 2 0 2 0 0 0 2 2 2 2 0
1 0 0 2 2 2 2 0 0 2 1 2 2 0 0 1 0 1 1 2 0 0
2 1 1 2 2 1 1 0 0 2 2 2 1 1 1 0 0 1 0 2 2 0
2 1 1 2 2 1 0 0 0 1 1 1 2 0 1 0 0 1 0 2 2 1
2 1 1 2 2 0 2 0 0 2 2 2 1 1 0 0 0 2 0 2 2 2
1 2 0 2 1 1 2 0 0 2 1 2 1 2 2 0 0 2 0 2 2 0
2 0 1 2 2 2 2 0 0 2 1 2 2 2 2 1 0 2 0 2 2 1
1 0 0 2 2 1 2 0 0 1 2 1 0 0 2 0 0 2 0 2 1 0
2 1 0 2 2 1 1 0 0 2 2 1 1 1 1 0 0 2 1 2 2 1
2 0 0 2 2 1 1 0 0 2 0 2 1 0 0 0 0 2 0 2 2 2
2 1 0 2 2 0 0 0 0 2 0 2 0 1 2 1 0 2 1 2 2 0
2 1 2 2 1 0 1 0 0 2 1 2 2 1 2 0 0 2 1 2 2 1
2 1 0 2 2 0 2 0 0 2 0 1 0 1 0 0 0 1 1 2 2 1
2 1 0 2 2 0 1 0 0 2 0 2 1 2 1 0 0 2 1 2 2 1
1 1 1 2 2 1 0 0 0 2 2 1 1 2 1 1 0 2 1 2 2 0
2 0 0 2 2 0 2 0 0 2 1 2 1 2 0 0 0 2 1 2 2 1
2 1 0 2 2 0 1 0 0 2 2 2 0 0 1 1 0 2 1 2 2 1
2 1 0 2 2 0 0 0 0 2 2 2 0 1 1 0 0 2 1 2 2 1
1 1 0 2 2 0 1 0 0 2 1 1 1 2 0 0 0 1 1 2 2 1
2 1 1 2 2 1 1 0 0 2 1 2 1 1 0 0 0 2 0 2 2 0
2 1 1 1 2 0 2 0 0 2 1 1 1 0 1 1 0 1 1 1 2 0
1 1 1 2 1 0 1 0 0 1 0 2 0 1 1 1 0 2 0 2 2 0
2 2 0 2 2 1 1 0 0 2 1 2 2 1 2 0 0 2 0 2 1 2
2 1 0 2 2 0 0 0 0 2 1 0 0 1 0 0 0 2 2 2 2 2
2 1 0 2 1 0 2 0 0 2 1 2 2 1 1 0 0 2 0 2 1 2
2 1 1 2 2 1 1 0 0 2 1 1 0 1 2 1 0 2 0 2 2 1
2 1 0 2 2 0 0 0 0 2 1 2 2 1 1 0 0 1 2 2 2 1
2 2 0 2 2 0 0 0 0 2 1 2 1 0 2 1 0 2 0 2 2 0
1 2 0 2 1 0 1 0 0 2 1 2 0 1 1 1 0 2 0 2 2 1
2 1 1 2 2 0 2 0 0 1 1 1 1 2 0 1 0 1 0 2 2 0
1 1 1 2 2 1 0 0 0 2 1 2 2 1 1 1 0 2 0 2 2 1
2 0 1 2 1 1 0 0 0 2 0 1 0 2 1 1 0 2 1 2 2 1
2 0 0 2 2 2 1 0 0 2 1 1 0 2 2 1 0 2 0 2 2 1
2 1 0 2 0 0 0 0 0 2 0 1 1 2 2 0 0 1 0 2 1 0
2 2 0 2 2 1 1 0 0 2 0 1 1 2 1 0 0 2 0 2 2 0
1 0 0 2 2 2 1 0 0 2 1 0 1 1 1 0 0 2 1 2 1 2
2 1 0 2 2 1 2 0 0 2 1 2 1 1 1 1 0 2 0 2 2 1
2 0 0 2 2 0 1 0 0 2 2 1 0 0 0 1 0 1 0 2 2 2
2 2 1 2 2 0 2 0 0 2 1 1 1 2 0 1 0 1 1 2 2 0
2 1 0 2 1 0 1 0 0 2 0 1 2 0 1 0 0 1 0 2 1 0
2 1 0 2 1 0 1 0 0 2 1 2 1 2 0 0 0 2 0 2 2 1
1 1 0 2 2 1 2 0 1 2 0 1 1 2 2 0 0 2 1 2 2 0
2 2 1 2 1 0 2 0 0 2 0 2 1 1 2 2 0 2 2 2 2 2
2 0 0 2 2 0 1 0 0 1 1 1 1 1 1 1 0 2 2 2 2 1
1 0 0 2 2 0 0 0 0 1 1 2 1 2 1 0 0 2 0 2 1 2
2 1 0 2 2 0 0 0 1 2 2 2 1 1 1 1 0 1 0 2 2 0
2 1 1 2 2 0 1 0 0 2 2 2 1 1 0 1 0 2 1 2 1 0
1 1 1 2 2 1 1 0 0 2 0 1 0 1 0 0 0 2 1 2 2 1
2 1 0 2 2 0 2 0 0 2 1 2 1 2 1 0 0 2 1 2 2 2
0 1 0 2 2 1 0 0 0 2 1 2 1 2 2 0 0 1 1 2 2 1
2 0 1 2 2 0 1 0 0 2 1 1 0 2 1 0 0 1 1 2 2 2
2 1 0 1 2 1 1 0 0 2 0 2 1 2 0 0 0 1 0 2 2 1
1 0 1 2 2 0 2 0 0 2 0 1 2 1 1 0 0 1 1 2 2 0
2 1 0 2 2 0 0 0 0 2 1 1 1 2 1 0 0 2 0 2 2 2
2 1 0 2 2 1 2 0 0 2 1 1 1 1 2 0 0 1 1 2 2 1
2 0 0 2 2 1 2 0 0 2 0 2 1 1 2 0 0 2 1 2 2 2
2 1 0 2 2 1 1 0 0 2 2 1 1 2 0 2 0 2 0 2 1 1
2 0 0 2 2 0 1 0 0 2 0 2 1 1 2 1 0 2 1 2 2 0
1 0 0 2 2 1 1 0 0 1 2 1 2 1 1 0 0 2 1 2 2 2
2 2 0 2 2 1 2 0 0 2 1 2 1 1 0 0 0 2 0 2 2 0
2 1 1 2 2 0 1 0 0 2 0 2 2 0 1 0 0 1 0 2 1 1
1 2 0 2 2 2 2 0 0 2 2 2 2 2 0 0 0 2 1 2 1 0
2 1 0 2 1 0 1 0 0 2 0 2 0 2 2 0 0 2 1 2 1 1
2 2 0 1 2 1 2 0 0 2 1 2 1 1 2 1 0 2 0 2 2 1
1 1 0 2 2 0 2 0 0 1 1 1 1 1 2 1 0 1 0 2 1 0
2 0 0 2 2 0 1 0 0 2 1 1 1 1 1 0 0 2 1 2 2 0
1 1 1 2 2 1 1 0 0 1 1 0 0 0 2 0 0 1 1 2 2 1
2 1 0 2 2 0 2 0 0 2 2 1 2 2 1 0 0 1 0 2 1 1
2 1 1 2 2 1 1 0 0 2 1 2 1 2 0 0 0 2 1 2 1 1
2 0 0 2 2 0 1 0 0 2 1 2 0 0 2 0 0 1 0 2 2 1
1 2 0 2 2 0 0 0 0 2 1 1 0 2 1 0 0 2 0 2 2 0
1 1 1 2 2 1 1 0 0 2 1 1 0 1 0 0 0 2 0 2 2 0
2 2 1 2 2 1 2 0 0 2 2 1 1 1 1 0 0 2 0 2 1 0
2 1 0 2 2 1 1 0 0 2 0 2 2 1 1 0 0 2 0 2 2 2
1 0 0 2 0 0 1 0 0 1 2 2 1 2 2 1 0 2 0 2 2 1
2 0 0 2 1 1 2 0 0 2 1 1 1 0 1 0 0 0 1 2 1 0
1 0 1 2 2 1 1 0 0 2 2 2 0 0 2 0 0 1 1 2 2 0
1 0 2 2 2 0 1 0 0 2 1 1 1 1 2 0 0 1 1 2 2 1
2 0 0 2 2 0 1 0 0 2 1 1 0 1 2 1 0 2 1 2 1 1
2 1 2 2 2 1 1 0 1 2 2 1 0 0 1 0 0 2 1 2 2 1
2 0 1 2 2 1 2 0 0 2 1 0 2 2 1 0 0 1 0 2 2 0
2 1 0 2 2 1 1 0 0 2 1 2 2 1 2 0 0 1 0 2 0 1
2 1 0 2 2 1 1 0 0 2 2 2 0 0 1 0 0 1 1 2 1 1
2 1 0 2 2 0 1 0 0 2 1 1 2 1 1 0 0 2 0 2 2 2
2 0 1 2 2 1 2 0 0 1 0 2 0 1 1 0 0 2 2 2 1 2
1 1 1 2 2 1 1 0 0 2 2 2 1 1 2 0 0 1 0 2 2 2
2 1 0 2 1 1 1 0 0 2 1 2 1 0 1 0 0 2 0 2 2 1
2 1 0 2 2 0 0 0 0 2 1 2 2 1 2 0 0 2 1 2 2 1
2 1 0 2 2 1 1 0 1 2 2 2 0 2 2 0 0 1 0 2 1 1
2 1 2 2 2 0 1 0 0 2 0 2 2 2 2 0 0 2 0 2 1 2
2 1 0 2 2 0 2 0 1 2 1 1 1 1 2 0 0 2 0 2 2 0
2 1 0 2 1 0 1 0 0 2 2 1 2 0 1 1 0 2 0 2 1 1
2 1 0 2 2 1 0 0 0 2 1 2 1 1 1 0 0 2 0 2 2 1
2 1 2 2 2 0 2 0 0 2 1 2 1 2 1 1 0 2 0 2 2 1
1 0 0 1 2 1 1 0 0 2 1 2 1 1 1 0 0 1 0 2 2 1
1 1 1 2 2 0 0 0 0 2 1 0 1 2 0 1 0 2 1 2 2 0
1 1 0 2 1 0 2 0 0 2 1 2 1 2 0 1 0 1 1 2 1 1
2 0 0 2 2 1 1 0 0 2 1 2 1 2 0 0 0 2 0 2 1 1
2 2 0 2 2 0 0 0 0 2 1 1 1 2 1 0 0 2 2 2 2 0
2 2 0 1 2 0 0 0 0 2 1 2 0 1 1 0 0 2 0 2 1 1
2 1 0 2 2 0 1 0 0 2 1 1 1 1 1 0 0 1 0 2 2 1
1 1 1 2 2 0 1 0 0 2 1 2 1 2 1 0 0 2 0 2 2 0
1 0 0 2 2 0 2 0 0 2 2 1 2 1 0 2 0 2 2 2 2 1
2 1 0 2 2 1 0 0 0 1 0 2 1 2 0 0 0 1 2 2 2 0
2 2 1 2 2 1 2 0 0 2 2 1 1 1 1 0 0 1 1 2 1 1
1 0 2 2 2 0 1 0 0 2 1 2 1 1 1 1 0 2 0 2 2 1
2 2 1 2 2 1 2 0 0 2 0 1 1 0 1 1 0 2 1 2 2 0
2 0 0 2 1 0 2 0 0 2 1 1 0 1 1 1 0 2 0 2 1 1
1 2 0 2 2 0 2 0 0 2 2 2 1 2 1 0 0 1 1 2 2 2
2 1 1 2 2 0 1 0 0 2 0 2 1 1 0 0 0 2 0 2 1 1
1 0 1 2 2 0 0 0 0 2 2 2 2 1 1 1 0 2 1 2 2 1
2 1 1 1 1 1 0 0 0 2 1 2 1 1 0 1 0 2 1 2 2 0
2 1 0 2 2 0 1 0 0 2 0 1 0 1 2 1 0 1 0 2 1 1
1 2 1 2 2 0 1 0 0 2 1 1 1 1 2 1 0 2 0 2 2 1
1 0 1 2 1 0 0 0 0 2 2 2 1 2 2 0 0 2 1 2 2 0
2 2 0 2 1 0 2 0 0 2 1 2 1 1 2 0 0 2 1 2 2 0
1 1 0 2 1 1 1 0 0 2 1 1 0 0 2 2 0 0 0 2 2 1
2 0 1 2 2 0 2 0 0 2 0 1 1 0 0 0 0 1 0 2 2 0
1 1 0 2 1 0 1 0 0 2 0 1 0 1 1 0 0 2 0 2 2 1
2 1 1 2 2 0 1 0 0 2 1 1 1 0 1 0 0 2 1 2 2 0
2 2 1 2 2 1 1 0 0 2 1 2 2 2 1 1 0 2 1 2 2 0
2 0 1 2 2 2 1 0 0 2 2 2 1 2 1 0 0 1 0 2 1 2
2 1 0 2 2 0 0 0 0 2 2 0 1 1 0 0 0 2 1 2 2 2
2 2 1 2 2 1 1 0 0 1 0 1 2 1 0 0 0 2 1 2 2 0
2 2 0 2 2 1 0 0 0 2 0 1 2 1 1 0 0 2 1 2 2 0
2 1 0 2 1 1 0 0 0 2 2 0 1 2 2 1 0 2 0 2 2 1
1 1 1 2 1 1 0 0 0 2 1 2 1 2 1 0 0 2 0 2 2 0
2 0 0 2 2 1 2 0 1 2 1 0 2 2 0 0 0 2 1 2 2 1
2 2 1 2 2 1 1 0 0 2 0 1 1 1 0 1 0 2 0 2 2 2
2 0 0 2 2 1 0 0 0 2 1 0 0 2 1 1 0 2 0 2 2 0
2 2 0 2 1 1 1 0 0 2 0 2 1 1 2 0 0 2 0 2 2 2
2 2 1 2 2 0 2 0 0 2 1 2 1 1 1 0 0 1 2 2 2 1
1 2 0 2 2 1 1 0 0 0 1 1 2 1 2 1 0 1 0 2 2 0
2 1 0 2 1 0 2 0 0 2 2 2 1 1 1 0 0 1 0 2 1 1
2 2 0 2 2 2 2 0 0 1 0 2 1 1 1 0 0 2 0 2 1 0
2 2 0 2 1 0 2 0 0 2 0 2 1 1 2 0 0 1 1 2 2 0
1 1 0 2 2 0 2 0 0 2 1 2 1 2 1 2 0 1 1 2 1 1
2 2 0 2 2 1 1 0 0 2 0 1 1 2 2 1 0 1 1 2 1 0
2 0 0 2 1 0 1 0 0 1 2 2 1 1 1 0 0 1 0 2 2 1
2 1 0 1 2 1 2 0 0 2 1 1 0 2 2 0 0 1 1 2 2 0
1 1 0 2 1 1 0 0 1 2 0 1 0 1 1 1 0 2 0 2 2 2
2 2 1 2 2 0 2 0 0 2 0 2 0 1 0 0 0 1 1 2 2 0
2 0 0 2 2 0 0 0 0 2 0 2 1 1 1 1 0 1 0 2 2 0
2 1 1 2 2 0 1 0 0 2 1 2 1 2 1 1 0 2 0 2 2 1
2 1 0 2 2 1 1 0 0 1 2 0 1 2 0 0 0 2 1 2 2 0
1 0 0 2 2 2 1 0 0 2 0 0 1 2 1 1 0 2 0 2 2 0
2 1 0 2 2 1 1 0 0 2 1 1 2 2 0 1 0 2 1 2 2 1
2 1 1 2 2 1 1 0 0 1 1 2 1 0 2 0 0 2 1 2 2 1
2 1 0 2 2 1 2 0 0 2 1 2 2 1 0 0 0 2 0 2 2 0
2 2 0 2 2 0 2 0 0 1 2 1 1 0 0 1 0 2 0 2 1 0
1 1 0 2 1 0 2 0 0 1 2 2 0 2 1 0 0 2 0 2 2 1
2 0 0 2 2 1 1 0 0 2 0 1 1 0 1 0 0 2 1 2 2 1
1 1 1 2 2 0 1 0 0 2 1 0 2 0 1 0 0 2 1 2 2 0
2 2 0 2 1 2 2 0 0 2 1 2 2 1 1 0 0 1 0 2 2 2
2 0 0 2 1 0 2 0 0 2 1 1 0 1 0 0 0 1 0 2 2 1
2 0 1 2 2 0 1 0 0 2 0 1 0 2 0 0 0 1 1 2 2 1
2 2 1 2 2 0 1 0 0 1 0 1 1 1 0 0 0 2 0 2 2 2
2 1 0 2 2 2 2 0 0 2 0 1 1 2 1 0 0 2 2 2 2 2
2 1 0 2 2 1 1 0 0 1 1 2 1 2 1 0 0 2 1 2 2 0
2 1 1 2 2 1 1 0 0 2 2 2 0 2 0 0 0 2 1 2 2 0
2 0 1 2 1 2 2 0 0 2 1 2 0 0 1 0 0 2 0 2 2 1
2 2 0 2 2 2 2 0 0 2 1 2 1 2 2 1 0 1 0 2 2 1
2 1 1 2 2 2 1 0 0 2 0 2 1 0 0 0 0 2 0 2 2 0
0 1 0 2 2 1 2 0 0 2 1 0 0 0 0 1 0 2 2 2 2 1
2 1 0 2 2 0 1 0 0 2 1 2 1 1 0 0 0 1 1 2 2 2
2 1 0 2 2 1 0 0 0 1 2 2 2 2 1 1 0 2 1 2 2 2
2 0 0 2 1 1 2 0 0 2 1 2 1 0 0 0 0 1 0 2 2 2
2 2 0 2 2 1 1 0 0 1 1 2 0 1 0 1 0 1 0 2 1 0
2 1 0 2 2 0 1 0 0 2 0 1 1 1 1 0 0 2 0 2 2 1
2 1 0 2 2 1 1 0 0 2 0 1 1 2 0 2 1 2 0 2 2 0
1 1 0 2 2 0 2 0 0 2 1 2 1 2 0 0 0 2 1 2 2 0
1 1 0 2 2 0 2 0 0 2 2 1 2 0 1 1 0 2 0 2 2 1
2 1 1 2 2 1 2 0 0 1 1 2 1 1 1 0 0 2 2 2 2 1
1 2 1 2 2 2 2 0 0 1 0 1 0 1 1 1 0 2 0 2 2 1
2 0 0 2 2 2 2 0 0 2 1 0 0 2 0 1 0 2 0 2 2 1
2 0 1 2 2 0 1 0 0 2 1 1 1 2 1 0 0 2 1 2 2 1
2 1 0 2 1 1 1 0 0 1 2 2 0 1 2 2 0 2 1 2 2 1
1 2 0 2 2 1 0 0 0 1 1 2 2 2 2 0 0 1 1 2 2 1
2 2 0 2 1 1 1 0 0 1 2 2 2 1 1 0 0 1 0 2 2 1
2 2 0 2 2 1 2 0 0 1 1 1 0 0 2 0 0 2 2 2 2 0
2 2 0 2 1 2 1 0 0 1 1 1 1 1 1 0 0 2 1 2 2 2
2 1 0 2 2 1 1 0 0 2 2 2 0 1 1 0 0 1 0 2 2 1
2 1 0 2 2 0 0 0 0 2 2 1 1 2 1 0 0 2 0 2 2 0
0 0 1 2 1 1 1 0 0 1 0 2 1 1 2 1 0 2 1 2 2 2
2 1 0 2 2 0 2 0 0 2 1 1 0 0 1 0 0 2 1 2 2 1
1 1 0 2 1 0 1 0 0 2 0 2 1 2 0 0 0 2 0 2 2 1
2 2 0 2 2 0 1 0 0 1 0 2 1 1 2 0 0 2 0 2 2 2
1 0 0 2 2 0 1 0 0 2 2 2 0 0 2 1 0 2 0 2 2 0
2 1 0 2 2 2 1 0 0 2 1 1 1 1 1 1 0 2 1 2 2 1
2 0 0 2 2 1 1 0 0 2 1 2 0 2 0 0 0 2 0 2 2 0
2 1 0 2 2 1 0 0 0 2 2 1 1 1 2 0 0 2 0 2 1 1
2 0 0 2 2 1 1 0 0 2 2 2 0 0 1 0 0 1 0 2 2 1
1 1 0 1 2 1 1 0 0 1 0 2 2 2 1 0 0 1 0 2 2 1
1 0 0 2 2 0 1 0 0 2 2 1 0 1 1 0 0 1 2 2 2 1
2 0 0 2 2 0 2 0 0 2 1 0 0 2 1 0 0 1 1 2 2 1
1 2 0 2 2 2 2 0 0 2 2 2 1 2 2 0 0 1 0 2 2 1
2 2 0 2 1 0 1 0 0 1 2 1 1 1 1 0 0 2 0 2 2 1
2 1 0 2 1 0 1 0 0 2 2 2 0 1 0 0 0 2 1 2 2 2
2 2 1 2 2 1 1 0 0 2 1 2 1 1 1 0 0 0 1 1 2 0
1 1 0 2 2 1 1 0 0 2 2 2 0 2 2 0 0 2 0 2 2 1
1 1 0 2 2 0 0 0 0 2 0 2 1 1 0 1 0 1 0 2 2 0
2 0 0 1 2 1 2 0 0 1 1 2 2 1 1 0 0 1 1 2 2 1
2 2 0 2 2 1 0 0 0 1 1 2 1 2 1 0 0 2 0 2 2 1
2 1 0 2 2 0 1 0 0 2 0 0 2 1 0 0 0 1 0 2 2 1
1 0 0 2 1 2 1 0 0 0 2 1 1 1 1 1 0 1 1 2 2 1
1 0 0 2 2 0 0 0 0 2 1 0 1 2 2 0 0 2 0 2 2 1
2 2 0 1 2 2 0 0 0 2 0 1 2 1 1 0 0 2 2 2 2 1
2 2 0 2 2 1 1 0 0 2 1 1 2 1 2 0 0 1 0 2 2 0
2 0 2 2 2 2 0 0 0 1 0 2 1 1 2 1 0 2 0 2 2 1
1 1 0 2 2 1 0 0 0 2 2 1 2 1 1 0 0 2 0 2 2 0
2 0 0 2 1 1 1 0 0 2 2 2 1 1 1 0 1 2 1 2 1 0
2 0 0 2 2 0 1 0 0 2 0 1 1 1 0 0 0 1 1 2 2 1
2 0 0 2 2 0 0 0 0 1 2 1 1 0 1 1 0 2 0 2 2 1
2 1 0 2 2 1 0 0 0 2 0 1 1 1 1 1 0 2 0 2 2 2
2 0 1 2 0 0 0 0 0 2 1 2 2 2 1 0 0 1 0 2 2 0
2 2 1 2 2 1 2 0 0 2 1 1 0 2 0 1 0 1 0 2 2 0
2 1 0 2 2 0 2 0 0 2 2 2 0 1 0 0 1 2 0 2 2 2
2 2 1 2 2 0 1 0 0 2 1 0 1 2 2 0 0 2 1 2 2 1
2 1 1 2 2 0 0 0 0 2 2 1 1 2 1 0 0 2 1 2 2 2
1 1 1 2 2 1 2 0 0 1 0 2 0 1 1 0 0 2 0 2 1 1
2 1 2 2 2 1 1 0 0 1 1 2 1 2 1 0 0 2 0 2 2 1
2 0 0 2 2 0 2 0 0 0 1 2 0 0 1 0 0 2 1 2 1 0
2 1 0 2 2 1 2 0 0 1 2 2 0 0 1 0 0 2 1 1 1 0
2 2 0 2 2 1 2 0 0 2 0 1 1 1 0 0 0 1 0 2 2 1
2 1 0 2 2 0 2 0 0 2 1 2 2 1 1 1 0 1 0 2 1 1
2 1 0 2 1 1 1 0 0 1 1 2 1 0 1 2 0 1 2 2 2 2
2 1 0 2 2 0 0 0 0 1 2 0 2 1 1 0 0 2 0 2 2 0
2 1 0 2 2 1 1 0 0 2 1 1 1 1 1 0 0 1 0 2 2 2
2 0 0 2 2 0 1 0 0 2 0 1 1 1 1 1 0 0 0 2 2 2
2 1 0 2 2 0 1 0 0 2 2 1 0 2 1 0 0 1 2 2 2 1
2 1 0 2 2 0 1 0 0 2 1 2 1 1 1 0 0 1 0 2 1 0
1 1 0 2 1 0 2 0 0 2 1 2 0 1 0 0 0 2 0 1 2 1
1 1 0 2 2 0 1 0 0 2 1 1 2 2 1 0 0 1 1 2 2 2
1 1 0 2 1 0 2 0 0 2 2 2 0 1 2 0 0 2 0 2 2 0
1 2 0 2 2 1 2 0 0 2 1 2 1 2 1 0 0 2 1 2 2 2
2 0 0 2 2 0 1 0 0 2 1 1 1 2 0 0 0 2 0 2 2 2
2 1 1 2 2 0 2 0 0 1 0 1 0 1 2 0 0 2 1 2 2 1
1 1 0 2 2 2 2 0 0 1 1 2 0 2 1 0 0 2 0 2 2 0
2 1 1 2 1 1 0 0 0 2 2 2 1 2 0 0 0 2 1 2 1 2
1 1 0 2 2 0 0 0 0 2 1 2 1 0 2 2 0 1 0 2 2 0
2 1 1 2 2 0 1 0 0 2 2 0 0 2 1 0 0 1 1 2 1 1
2 0 0 2 2 1 2 0 0 2 1 1 2 1 1 0 0 2 1 2 2 2
2 2 0 2 2 0 1 0 0 2 1 1 0 1 2 1 0 1 2 2 1 0
2 0 1 2 1 0 1 0 0 2 1 1 1 0 2 1 0 1 0 2 2 1
2 1 0 2 2 0 1 0 0 2 1 1 1 1 1 1 0 1 0 2 1 1
2 0 0 2 2 2 2 0 0 1 2 2 0 1 1 1 0 1 0 2 1 0
1 1 1 2 1 0 0 0 0 1 1 1 0 1 1 0 0 2 0 2 2 0
2 2 0 2 2 1 1 0 0 2 1 2 1 1 0 1 0 2 0 2 2 1
2 1 1 2 2 1 1 0 0 2 0 2 0 2 0 0 0 2 1 2 1 1
2 0 1 2 2 0 1 0 0 2 1 2 1 2 1 1 0 2 0 2 2 0
2 1 2 2 2 0 0 0 0 1 0 1 2 0 1 1 0 1 0 2 2 1
2 1 0 2 1 0 1 0 0 2 1 2 1 1 1 0 0 0 1 2 2 1
2 2 0 2 2 1 1 0 0 2 0 2 0 1 0 0 0 1 1 2 2 1
2 0 1 2 2 0 1 0 0 1 2 0 2 1 1 0 0 1 0 2 2 1
2 0 0 2 2 1 0 0 0 2 0 0 1 0 2 0 0 2 1 2 2 0
2 1 0 2 2 0 2 0 0 2 0 2 1 1 0 1 0 2 1 2 2 0
2 0 0 2 1 1 2 0 0 2 2 2 0 1 0 0 0 1 0 2 2 0
2 1 0 2 2 1 2 0 0 2 1 1 0 1 1 0 0 1 0 2 2 0
2 0 0 2 1 0 1 0 0 2 1 1 1 1 1 1 0 2 0 2 2 0
2 1 1 2 2 2 0 0 0 0 1 0 2 1 1 0 0 2 0 2 2 1
0 0 1 2 2 2 1 0 0 2 1 0 0 0 1 0 0 2 1 2 2 1
2 2 0 2 2 1 1 0 0 2 1 2 1 2 2 2 0 1 1 2 2 1
2 1 0 2 2 0 2 0 0 1 2 2 1 1 1 0 0 2 0 2 2 0
1 1 0 2 1 0 1 0 0 2 0 2 0 1 2 0 0 2 0 2 2 0
1 0 0 2 2 1 2 0 0 2 0 1 1 0 1 0 0 2 1 2 1 1
2 0 1 2 1 1 0 0 0 2 2 2 1 1 2 0 0 2 0 2 2 1
2 1 0 2 2 0 1 0 0 2 0 2 1 2 1 0 0 2 0 2 2 1
2 2 1 2 2 1 1 0 0 2 1 2 1 2 1 0 0 1 0 2 2 1
2 0 1 2 2 1 2 0 0 2 1 2 0 2 2 0 0 2 0 2 2 2
2 1 0 2 2 1 1 0 0 2 1 1 0 1 1 0 0 2 1 2 2 1
1 2 0 2 1 1 1 0 0 2 2 1 0 1 2 1 0 2 0 2 2 2
2 0 0 2 2 0 2 0 0 2 1 2 0 1 1 0 0 2 0 2 2 1
2 0 0 2 2 1 1 0 0 2 2 2 0 2 1 0 0 1 0 2 2 1
2 0 0 2 2 0 1 0 0 2 1 1 1 0 2 1 0 1 0 2 1 2
1 0 1 2 2 0 1 0 0 2 1 0 1 1 2 0 0 2 1 2 2 1
0 0 1 2 1 1 2 0 0 2 1 2 0 1 2 1 0 1 1 2 2 1
1 2 0 2 2 1 1 0 0 1 0 2 0 2 2 1 0 1 0 2 2 2
2 1 1 2 1 1 1 0 0 1 0 2 1 0 0 1 0 2 1 2 2 1
0 1 1 2 2 0 2 0 0 2 1 1 1 1 1 1 0 2 0 2 2 1
2 1 0 2 1 1 0 0 0 2 2 1 1 1 1 1 0 1 0 2 1 1
1 0 0 2 2 1 2 0 1 2 2 2 0 1 1 0 0 2 1 2 2 1
1 1 0 2 2 0 0 0 0 2 2 2 0 1 2 0 0 2 0 2 2 1
2 1 0 2 2 0 1 0 0 2 1 0 1 1 1 0 0 1 0 2 2 1
1 1 0 1 2 1 2 0 0 2 1 1 1 1 2 0 0 2 0 2 1 1
2 0 0 1 2 1 1 0 0 2 1 1 1 1 2 0 0 2 0 2 2 0
2 2 0 2 2 0 1 0 0 2 1 1 1 1 2 0 0 1 1 2 2 1
2 2 0 2 2 1 1 0 0 2 2 2 1 1 2 0 0 2 1 2 2 1
2 0 0 2 1 0 2 0 0 1 1 1 0 0 1 0 0 2 0 2 2 1
2 0 0 2 1 0 0 0 0 1 1 1 0 0 1 0 0 2 1 2 2 1
2 0 0 2 2 0 1 0 0 2 2 2 2 2 1 0 0 2 0 2 2 1
2 1 1 2 2 1 1 0 0 2 1 1 1 1 2 0 0 2 0 2 1 1
2 1 1 2 1 0 2 0 0 2 2 1 0 2 1 1 0 1 0 2 2 1
1 0 0 2 1 0 1 0 0 1 0 1 2 1 1 0 0 2 0 2 0 1
2 0 0 2 1 0 2 0 1 2 2 1 1 1 1 1 0 1 1 2 2 2
2 0 0 2 2 1 0 0 0 1 1 0 1 1 1 0 0 2 0 2 2 2
2 0 1 2 2 1 1 0 0 1 1 2 1 1 1 0 0 2 0 2 2 2
2 2 0 2 2 0 1 0 0 2 0 1 1 1 2 1 0 1 0 2 2 0
2 1 1 2 2 1 1 0 0 2 1 2 1 0 2 0 0 2 1 2 1 0
1 1 1 2 1 1 2 0 0 2 1 2 1 0 0 0 0 1 0 2 2 0
1 1 1 2 2 0 2 0 0 1 1 1 1 2 1 1 0 1 1 2 2 1
2 1 0 2 1 0 1 0 0 2 2 2 2 2 2 0 0 2 1 2 1 1
2 1 1 2 1 1 1 0 0 2 0 1 1 1 0 1 0 1 0 2 2 2
1 0 0 1 2 1 1 0 0 2 0 1 1 1 1 1 0 1 0 2 2 1
1 0 0 2 1 1 1 0 1 1 1 2 0 1 2 1 0 2 1 2 2 0
2 1 0 2 2 0 2 0 0 0 1 0 0 1 1 1 0 1 0 1 2 0
1 1 0 2 2 0 0 0 0 2 1 2 1 1 0 0 0 2 0 2 2 2
2 1 0 2 1 1 0 0 0 1 2 2 1 1 2 0 0 2 1 2 1 2
2 1 0 2 2 1 1 0 0 2 2 0 1 1 2 0 0 1 1 2 2 1
1 1 0 2 2 1 0 0 0 2 1 2 1 0 0 1 0 0 0 2 2 1
1 0 0 2 2 0 0 0 0 2 1 1 0 2 0 0 0 2 1 2 1 2
2 0 1 2 2 2 1 0 0 2 1 2 1 0 2 0 0 2 0 2 2 1
2 1 0 2 1 1 1 0 0 2 1 0 1 0 2 1 0 2 0 2 1 0
2 1 0 2 2 1 1 0 0 2 2 1 1 2 1 1 0 2 0 2 2 1
2 0 0 2 2 0 1 0 0 2 1 1 0 1 1 1 0 1 0 2 2 0
1 0 0 2 1 1 2 0 0 2 0 1 1 1 0 0 0 2 0 2 2 1
2 1 0 2 2 0 1 0 0 2 1 2 2 2 2 1 0 2 1 2 2 1
1 0 0 2 2 1 0 0 0 2 1 1 1 1 1 2 0 1 0 2 2 0
2 1 1 2 2 0 1 0 0 2 2 1 1 0 1 0 0 1 0 2 2 1
2 0 2 2 2 0 1 0 0 2 1 1 1 2 1 0 0 2 0 2 2 0
2 1 1 2 2 2 0 0 0 2 0 1 1 0 1 0 0 2 0 2 2 1
1 1 2 2 2 2 0 0 0 2 1 1 1 1 0 0 0 2 0 2 2 2
2 1 1 2 2 0 1 0 0 2 1 1 1 0 2 0 0 2 0 2 1 1
2 0 0 2 2 1 1 0 0 2 0 2 0 0 1 1 0 2 0 2 2 0
2 0 0 2 2 0 0 0 1 2 1 2 0 1 2 1 0 2 1 2 2 1
2 1 0 2 2 0 1 0 0 1 2 1 1 2 1 1 0 2 0 2 2 1
2 1 0 2 2 1 1 0 1 2 1 2 1 2 0 0 0 2 2 2 1 0
2 0 0 2 1 1 0 0 0 2 2 2 1 2 1 1 0 2 1 2 2 1
2 1 0 2 2 0 2 0 0 2 1 2 1 2 0 1 0 2 0 2 2 1
2 0 1 2 2 0 2 0 0 2 1 2 0 2 1 1 0 2 0 2 2 2
1 1 0 2 2 1 0 0 0 2 0 2 2 1 0 0 0 2 0 2 2 2
1 0 0 2 2 0 0 0 0 2 0 1 1 1 1 0 0 2 0 2 2 0
2 0 0 2 2 1 1 0 0 2 1 1 0 1 2 2 0 2 0 2 2 0
2 2 0 2 2 1 0 0 0 2 0 1 0 1 0 0 0 1 0 2 2 0
2 0 0 2 2 0 1 0 0 2 2 2 0 0 1 1 0 2 0 2 1 1
2 0 0 2 2 1 0 0 1 2 2 2 0 1 2 0 0 2 1 2 1 1
2 0 0 2 2 0 1 0 0 2 2 2 0 1 0 1 0 2 1 2 2 1
2 0 0 2 2 1 1 0 1 2 1 1 0 1 2 0 0 1 2 2 1 0
2 0 0 2 2 0 0 0 0 2 1 2 0 2 2 0 0 2 2 2 2 1
0 0 0 2 1 0 2 0 0 1 1 1 0 0 2 0 0 2 0 2 1 2
2 1 0 2 2 1 0 0 0 2 1 2 1 1 1 0 0 2 0 2 2 0
2 0 0 2 1 1 1 0 0 2 1 1 1 2 1 0 0 1 2 2 0 1
2 0 0 2 2 0 1 0 0 2 1 2 0 2 2 1 0 1 0 2 2 0
2 0 1 2 2 0 1 0 0 2 0 2 1 1 1 1 0 2 0 2 2 2
1 1 1 2 2 0 1 0 0 2 2 2 1 2 0 0 0 1 1 2 2 1
2 2 1 2 2 1 1 0 0 2 1 1 0 1 2 1 0 2 0 2 2 1
2 1 1 2 2 0 1 0 0 2 1 2 0 1 2 1 0 2 0 2 2 0
1 1 0 2 0 1 2 0 0 2 2 1 1 1 2 1 0 2 1 2 2 1
2 0 0 2 2 0 2 0 0 2 1 2 0 0 2 0 0 2 1 2 1 0
1 1 0 2 2 0 1 0 0 2 1 1 1 1 1 0 0 2 1 2 2 1
1 1 0 2 2 1 2 0 0 2 0 1 2 1 0 0 0 2 0 2 2 1
2 1 0 2 1 1 1 0 0 2 0 1 0 1 1 1 0 1 1 2 2 2
2 1 0 2 2 1 1 0 0 2 2 2 0 0 1 0 0 1 0 2 2 2
2 0 0 2 2 0 0 0 0 2 2 1 0 2 2 1 0 1 0 2 2 0
2 1 0 2 2 0 1 0 0 2 1 2 1 0 0 1 0 2 1 2 2 0
1 0 0 2 2 0 2 0 0 2 1 1 2 0 1 0 0 1 0 2 2 1
2 1 1 2 1 1 1 0 0 2 1 1 0 1 2 0 0 2 0 2 2 0
2 1 0 2 2 1 2 0 0 1 2 2 0 0 2 1 0 1 0 2 2 2
0 2 1 2 1 0 0 0 0 1 2 2 2 0 1 0 0 2 0 2 1 2
1 2 1 2 2 1 0 0 0 2 1 1 0 1 1 0 0 2 0 2 2 1
2 2 0 2 2 1 1 0 0 1 0 1 1 1 1 1 0 2 1 1 2 1
2 0 0 2 2 1 0 0 0 2 2 2 1 1 1 0 0 2 0 2 2 2
2 1 0 2 2 1 2 0 0 1 1 1 0 1 2 0 0 2 0 2 2 1
2 0 0 2 2 0 2 0 0 2 1 1 1 2 1 0 0 1 0 2 2 1
0 1 0 1 2 1 0 0 0 2 1 0 2 0 1 1 0 2 0 2 2 1
2 0 0 2 2 1 2 0 0 2 1 2 0 1 2 0 0 1 0 2 1 0
1 1 0 2 1 2 1 0 0 2 2 2 1 1 1 0 0 2 0 2 2 0
2 1 0 1 2 1 2 0 0 2 2 1 0 2 2 0 0 1 0 1 1 0
2 2 1 2 1 0 2 0 0 2 1 2 0 2 1 0 0 1 1 2 2 1
1 0 1 2 1 0 2 0 0 2 1 2 2 1 1 1 0 0 0 2 2 2
2 0 0 2 2 1 2 0 0 2 1 2 2 0 2 1 0 2 0 1 2 1
1 1 0 1 2 0 1 0 0 2 1 2 1 0 1 0 0 1 0 2 2 1
1 0 0 2 2 0 1 0 1 2 0 0 1 2 1 0 0 2 1 2 2 0
2 0 1 2 2 1 1 0 0 1 2 1 0 0 2 1 0 0 0 2 2 1
2 1 1 2 1 0 0 0 0 2 1 2 1 1 2 0 0 2 1 2 2 0
2 1 0 2 1 0 1 0 0 1 1 2 0 2 2 1 0 2 0 1 2 0
2 1 0 2 2 0 0 0 0 1 1 2 0 0 0 0 0 2 1 2 2 0
2 1 0 2 2 0 2 0 0 1 1 1 1 1 1 0 0 2 1 2 1 1
1 0 0 2 2 1 1 0 0 2 2 2 2 0 1 1 0 1 1 2 2 1
2 0 1 2 2 0 1 0 0 2 2 1 1 2 1 0 0 2 0 2 2 0
2 1 1 2 1 0 0 0 0 2 0 2 0 1 0 0 0 2 1 2 2 2
1 1 0 2 2 0 1 0 0 2 1 1 1 2 0 1 0 2 0 2 1 0
2 1 1 2 2 1 1 0 0 2 1 1 1 1 1 0 0 2 0 2 2 2
2 0 0 2 2 1 0 0 0 2 1 2 2 2 1 1 0 1 0 2 2 1
2 1 0 2 1 0 2 0 0 2 1 1 0 2 1 0 0 2 1 2 2 2
2 1 1 1 2 1 2 0 0 2 1 1 1 2 2 2 0 2 0 2 2 0
2 2 0 2 1 1 1 0 0 2 0 1 2 1 2 0 0 2 0 2 2 0
1 1 0 2 2 1 2 0 0 2 0 2 1 1 1 1 0 2 0 2 1 0
2 1 0 2 1 2 1 0 0 1 0 2 0 0 1 1 0 1 1 2 2 0
1 0 0 2 2 0 0 0 0 2 1 2 1 0 1 1 0 0 1 2 1 1
1 1 1 2 2 1 0 0 0 2 0 2 0 2 1 0 0 1 0 2 2 1
1 0 0 2 2 1 2 0 0 2 1 1 0 0 2 0 0 2 1 2 1 0
2 1 1 2 2 1 2 0 0 2 1 2 2 1 1 0 0 1 0 2 2 2
1 0 1 2 2 1 1 0 0 2 0 1 0 1 1 0 0 2 0 2 1 0
2 1 1 2 2 1 1 0 0 2 1 2 0 2 1 0 0 2 0 2 2 1
1 1 0 2 0 0 0 0 0 1 2 1 0 1 1 1 0 1 0 2 1 1
2 1 1 2 2 1 2 0 0 2 1 1 1 0 0 1 1 1 1 2 2 1
0 2 0 2 2 1 0 0 0 2 0 1 0 0 2 0 0 2 0 2 2 1
0 0 0 2 1 0 1 0 0 2 1 1 2 1 0 0 0 1 0 2 2 2
2 0 0 1 2 1 2 0 1 2 1 1 1 1 2 0 0 1 0 2 1 1
2 2 0 2 2 1 1 0 0 2 1 1 0 2 2 0 0 2 0 2 2 0
1 1 0 2 2 0 1 0 0 2 1 0 2 0 2 1 0 2 0 2 2 1
1 1 1 2 2 0 1 0 0 2 2 1 0 1 2 0 0 1 1 2 2 0
1 1 0 2 2 0 0 0 0 1 0 1 1 0 2 0 0 2 0 2 2 0
2 0 0 2 2 1 1 0 0 2 1 1 1 0 0 1 0 1 0 2 2 1
2 1 0 2 2 1 2 0 0 2 1 2 1 2 0 1 0 2 0 2 1 1
2 1 0 2 2 0 2 0 0 1 0 1 1 2 2 1 0 2 0 2 2 1
1 2 0 2 2 1 1 0 0 2 2 2 0 0 0 0 0 2 1 2 2 1
1 1 0 2 0 0 0 0 0 2 1 2 0 0 2 0 0 2 1 2 2 1
1 2 0 2 2 0 1 0 0 2 1 1 0 1 1 0 0 2 0 2 1 1
2 1 0 2 2 0 2 0 0 2 1 2 1 1 1 1 0 1 1 2 2 0
2 0 0 2 1 1 1 0 0 2 2 1 2 1 2 0 0 2 2 2 2 1
2 1 0 2 1 0 2 0 0 2 2 2 0 0 1 0 0 1 2 2 0 1
2 1 0 2 2 0 0 0 0 2 1 2 0 1 2 1 0 2 0 2 1 1
2 1 0 2 2 0 1 0 0 1 1 1 1 2 0 1 0 1 1 2 1 1
2 0 0 2 1 0 1 0 0 2 1 2 0 0 0 2 0 2 1 2 1 0
2 1 0 2 2 1 1 0 0 2 2 2 1 1 0 0 0 1 0 2 2 2
2 0 1 2 2 1 2 0 0 2 2 1 1 0 2 1 0 2 1 2 1 0
2 2 1 1 2 1 2 0 0 2 2 2 1 1 1 0 0 2 1 2 2 2
2 2 0 2 2 1 1 0 0 2 1 1 0 2 1 0 0 2 0 2 1 0
2 2 1 2 2 0 2 0 0 2 0 2 1 1 2 0 0 2 0 2 2 0
1 1 1 2 1 1 2 0 0 2 0 2 0 1 1 0 0 2 0 2 0 1
1 1 1 2 2 0 2 0 0 2 1 1 1 0 2 0 0 2 0 2 2 1
2 0 0 2 2 1 1 0 0 1 0 1 0 0 1 0 0 2 0 2 2 2
1 1 0 2 2 0 1 0 0 1 1 1 0 0 1 1 0 2 0 2 2 0
1 2 0 2 1 1 1 0 0 2 1 2 1 2 1 0 0 1 0 2 1 2
2 0 0 2 2 1 1 0 0 1 2 1 0 1 1 0 0 2 0 2 1 1
2 0 0 2 2 0 2 0 0 2 0 1 1 0 1 0 0 2 0 2 2 0
1 0 0 2 2 1 2 0 0 2 0 1 0 1 1 1 0 2 0 1 1 2
1 2 0 1 2 0 1 0 0 2 2 2 1 0 2 0 0 1 0 2 2 0
2 1 0 2 2 0 0 0 0 2 1 1 1 1 2 0 0 2 1 2 2 1
2 1 0 2 2 0 2 0 0 2 1 1 2 1 1 0 0 0 0 2 2 1
2 2 0 2 1 0 1 0 0 2 2 1 2 2 0 0 0 1 1 2 2 0
2 0 1 2 1 0 1 0 0 2 1 2 0 1 1 1 0 2 1 2 2 2
0 1 0 1 1 0 1 0 0 1 1 2 0 1 2 0 0 1 0 2 2 0
1 1 0 2 1 0 2 0 1 2 1 1 2 2 1 0 0 2 1 2 2 1
2 2 1 1 2 2 1 0 0 2 0 2 0 0 1 0 0 2 0 1 1 1
2 1 1 2 0 0 1 0 0 1 0 1 1 1 1 0 0 1 0 2 2 2
2 1 0 2 2 0 2 0 0 2 1 1 2 1 0 0 0 1 0 2 2 1
2 0 2 2 2 0 1 0 0 2 1 1 0 1 0 2 0 2 0 2 2 2
2 1 0 2 2 0 0 0 0 2 1 1 1 1 2 0 0 1 0 1 1 0
2 1 1 2 2 1 2 0 0 2 1 1 2 2 0 1 0 2 2 2 2 0
1 1 0 2 2 1 0 0 0 2 1 1 1 1 1 0 0 2 1 2 2 1
2 1 1 2 1 1 2 0 0 2 1 1 0 1 2 0 0 1 1 2 1 1
2 0 0 2 2 0 1 0 0 2 0 2 2 2 1 0 0 2 0 2 2 1
2 0 1 2 2 0 0 0 0 2 1 2 0 1 1 0 0 1 0 2 2 1
2 0 0 2 2 0 2 0 0 2 2 2 2 1 0 0 0 1 0 2 2 0
0 2 0 2 2 0 2 0 0 2 1 1 2 0 1 0 0 2 0 2 2 2
0 1 0 2 1 1 2 0 0 2 1 0 1 2 1 0 0 2 0 2 2 1
2 2 0 2 2 0 2 0 0 2 1 1 1 2 1 0 0 2 0 2 2 2
2 2 1 2 2 1 2 0 0 2 0 1 0 1 2 0 0 2 0 2 1 1
0 1 0 2 2 1 1 0 0 2 0 2 0 0 1 1 0 2 0 2 2 0
0 0 0 2 2 2 1 0 0 2 2 2 1 2 2 0 0 1 1 2 2 2
1 1 0 2 2 0 1 0 0 2 1 2 0 0 2 0 0 1 1 2 2 0
2 2 0 2 1 0 0 0 0 2 1 1 0 2 2 0 0 2 2 2 2 1
2 1 0 2 2 1 2 0 0 2 1 1 0 2 1 1 0 1 0 2 2 1
1 0 0 2 2 0 1 0 0 2 0 1 1 1 1 0 0 2 0 2 2 1
2 2 0 2 2 0 1 0 0 1 0 2 0 2 1 1 0 2 0 2 2 0
2 0 2 2 2 1 1 0 0 2 1 1 2 1 2 0 0 2 0 2 2 0
2 2 0 2 2 0 2 0 0 2 2 2 2 2 0 0 0 1 0 2 1 0
2 1 0 2 2 0 1 0 0 2 1 2 0 1 1 0 0 2 2 2 2 2
2 1 0 2 2 1 2 0 0 2 2 1 1 2 1 0 0 2 0 2 2 2
2 1 1 2 2 2 2 0 0 2 1 2 0 0 1 0 0 1 0 2 2 1
1 1 0 2 2 1 0 0 0 2 0 2 0 0 2 0 0 1 0 2 2 0
2 0 0 2 1 1 0 0 0 2 2 1 0 1 1 0 0 2 0 2 2 1
2 2 0 2 1 0 1 0 0 1 2 1 1 1 2 0 0 2 0 2 2 2
2 0 0 2 1 1 2 0 1 2 1 2 1 1 0 0 0 2 0 2 2 1
1 1 2 2 2 0 0 0 0 2 0 0 0 2 0 0 0 2 0 2 2 1
2 2 0 2 2 0 1 0 0 2 1 2 0 1 1 0 0 1 0 2 2 1
2 1 0 2 2 0 1 0 0 2 1 2 2 2 2 1 1 2 0 1 2 1
2 1 0 2 2 0 2 0 0 2 1 2 0 0 1 0 0 0 1 2 2 2
2 0 1 2 2 1 2 0 0 2 2 2 1 1 0 1 0 2 0 2 2 1
2 0 0 2 2 1 1 0 0 2 1 0 1 1 2 0 0 2 0 2 1 1
0 0 0 2 2 1 1 0 0 2 1 2 1 0 0 0 0 1 1 2 2 1
2 0 0 2 2 0 2 0 0 2 1 1 1 1 2 1 1 2 0 2 1 1
2 1 1 2 2 0 1 0 0 1 1 1 1 2 1 0 0 2 0 2 2 2
2 0 1 2 2 0 1 0 0 2 1 2 1 2 1 0 0 2 1 2 1 1
2 2 0 2 2 1 1 0 0 2 1 2 0 1 0 2 1 2 0 2 1 1
2 2 0 2 2 1 2 0 0 2 2 0 1 2 1 1 0 2 0 1 2 0
0 1 0 2 2 0 1 0 0 2 1 2 1 2 1 0 0 1 0 2 2 1
2 0 0 2 2 1 1 0 0 2 2 0 1 2 0 0 0 1 2 1 1 2
1 1 1 2 2 0 2 0 0 1 1 2 1 1 0 0 0 2 1 2 2 0
1 1 0 2 1 1 2 0 0 1 0 1 1 2 0 0 0 2 0 2 1 0
0 2 0 2 2 1 1 0 0 2 0 2 0 1 1 0 0 2 0 2 2 1
2 1 0 2 2 1 2 0 0 2 0 2 0 1 1 0 0 2 1 2 1 1
2 1 0 2 2 1 0 0 0 1 2 1 2 1 1 0 0 1 1 2 1 0
2 1 0 2 2 0 0 0 1 2 1 2 0 0 0 0 0 1 1 2 1 0
2 2 0 1 2 1 1 0 0 2 2 1 2 1 2 0 0 2 0 2 2 2
1 2 0 2 2 1 2 0 0 2 0 1 1 2 1 0 0 1 0 2 2 0
2 0 0 2 2 0 2 0 0 2 2 1 1 1 1 0 0 1 0 2 2 1
2 1 1 2 2 0 1 0 0 2 2 1 1 0 2 0 0 1 1 2 2 1
2 0 0 2 2 1 1 0 0 2 1 2 1 2 1 1 0 2 0 2 2 1
2 1 1 2 2 1 2 0 0 2 0 1 1 1 1 0 0 2 1 1 2 1
1 1 0 2 2 1 1 0 0 2 1 2 0 1 2 1 0 2 0 2 0 1
2 1 0 1 2 0 2 0 0 2 0 0 0 2 1 0 0 2 1 2 1 0
2 1 0 2 2 0 2 0 0 2 2 1 1 1 0 0 0 2 0 2 2 1
2 2 1 2 0 0 1 0 0 2 2 2 1 1 1 0 0 2 0 2 2 1
2 2 0 2 1 0 2 0 0 2 2 1 1 2 0 1 0 2 0 2 2 1
0 1 2 2 2 1 2 0 0 2 1 2 1 0 0 1 0 2 0 2 1 1
2 0 0 2 1 0 0 0 0 2 1 2 1 1 2 0 0 2 1 2 2 2
2 1 0 2 2 0 2 0 0 2 1 2 0 1 2 0 0 2 0 2 1 2
1 1 0 2 1 1 2 0 0 2 2 2 1 0 0 1 0 1 0 2 2 2
2 0 0 2 0 1 2 0 0 2 2 1 1 1 2 0 0 2 0 2 2 2
2 1 0 2 1 1 2 0 0 2 1 2 2 1 2 0 0 2 0 2 1 1
2 2 0 2 2 0 2 0 0 2 2 1 0 1 1 0 0 2 1 2 2 1
2 1 0 2 1 0 2 0 0 2 1 2 0 2 0 1 0 2 1 2 2 2
2 1 0 2 2 0 2 0 0 2 1 2 0 0 1 0 0 2 1 2 2 1
1 2 1 2 2 1 0 0 0 2 1 2 1 2 0 1 0 2 0 2 2 0
1 1 0 2 2 1 2 0 0 2 0 1 0 0 1 0 0 1 0 2 2 1
1 2 0 2 2 1 1 0 0 1 0 1 0 1 1 0 0 1 0 2 2 0
2 1 0 2 0 1 1 0 0 2 0 0 1 1 2 1 0 0 0 2 2 1
2 0 0 1 2 0 1 0 0 2 1 1 0 1 0 1 0 1 0 1 2 0
2 2 0 2 2 1 2 0 0 1 1 2 0 0 0 1 0 1 0 2 1 0
2 1 0 2 2 0 1 0 0 2 2 2 2 1 0 2 0 2 0 2 2 1
2 1 2 2 1 1 2 0 0 2 2 2 1 1 1 0 0 2 0 2 1 0
1 0 0 2 2 0 0 0 0 2 2 2 0 2 1 2 0 2 0 2 2 2
1 2 1 2 2 0 1 0 0 2 1 1 0 1 0 0 0 2 0 1 2 1
1 2 0 2 0 0 1 0 0 2 0 2 2 0 2 1 0 1 1 2 1 1
1 2 1 2 2 1 2 0 0 2 0 1 0 1 1 0 0 2 1 2 2 1
2 0 0 2 2 1 1 0 0 2 1 2 0 1 0 0 0 1 0 2 2 1
1 1 1 2 2 1 2 0 0 2 2 2 0 1 1 1 0 2 1 2 1 1
2 0 2 2 1 0 2 0 0 1 1 2 0 1 1 0 0 1 1 2 2 0
2 0 1 2 1 0 2 0 0 1 1 2 1 1 1 0 0 2 2 2 2 2
2 2 0 2 2 1 2 0 0 1 1 2 1 2 2 0 0 2 0 2 1 0
2 1 0 2 2 2 1 0 0 2 2 2 0 1 2 0 0 1 0 2 2 2
2 0 0 2 2 0 2 0 0 2 2 2 0 0 2 0 0 2 1 2 1 2
1 1 0 2 1 0 2 0 0 2 1 2 2 2 1 0 0 0 1 2 2 2
1 2 0 2 2 0 2 0 0 2 1 1 0 1 1 0 0 2 0 2 2 0
1 2 1 2 2 0 1 0 0 2 1 1 1 1 2 0 0 2 1 2 2 1
2 1 1 2 2 1 2 0 0 2 0 2 0 2 2 1 1 2 1 2 2 1
1 1 0 2 2 1 2 0 0 2 1 1 2 2 1 1 0 2 1 2 2 1
1 1 0 2 2 0 1 0 0 2 0 2 0 2 0 0 0 1 1 2 2 1
1 1 0 2 2 2 1 0 0 2 0 2 0 1 1 0 0 2 0 1 1 1
2 1 0 2 1 1 1 0 0 2 0 0 0 1 1 0 0 2 0 2 1 1
2 1 1 2 2 0 1 0 0 2 0 2 1 0 2 0 0 2 1 2 1 0
1 1 0 2 1 0 2 0 0 2 2 0 2 1 1 0 0 2 0 2 2 1
1 0 0 2 2 1 1 0 0 1 0 0 1 1 2 0 0 2 0 2 1 0
1 1 0 2 0 2 0 0 0 2 1 1 2 1 0 0 0 2 0 2 2 0
1 1 0 2 2 0 0 0 0 2 0 2 2 1 1 0 0 2 0 2 2 1
2 1 0 2 2 0 2 0 0 2 0 1 1 2 2 0 0 2 2 2 2 1
1 0 2 2 2 0 1 0 0 2 0 2 1 1 1 0 0 1 1 2 1 2
1 1 0 2 2 0 1 0 0 2 1 2 1 1 1 0 0 2 1 2 2 0
1 0 0 2 2 1 2 0 0 2 0 1 1 0 0 1 0 2 0 2 2 1
2 2 1 2 2 1 1 0 0 2 2 0 2 1 1 0 0 2 0 2 1 1
2 2 1 2 2 0 1 0 0 2 0 0 1 2 2 0 0 2 0 2 1 0
1 1 0 2 2 1 2 0 0 1 1 2 1 1 2 0 0 2 0 2 2 2
2 2 2 2 2 1 0 0 0 2 1 2 2 1 1 0 0 1 0 2 1 1
2 2 0 1 2 1 2 0 0 2 1 0 1 2 1 0 0 2 1 2 2 1
2 1 1 2 2 0 1 0 0 2 1 2 1 1 2 0 0 1 0 2 2 1
2 1 1 2 1 1 0 0 0 2 0 2 1 0 1 0 0 2 0 2 2 1
2 1 0 2 2 1 2 0 0 2 1 2 2 1 0 0 0 1 0 2 1 2
2 0 1 2 2 0 2 0 0 2 1 1 1 1 1 0 0 2 0 2 2 1
2 1 0 2 1 0 1 0 0 2 1 1 2 0 2 0 0 1 1 2 2 1
2 1 1 1 2 0 2 0 0 2 2 2 1 2 1 0 0 2 1 2 2 0
2 2 1 2 1 0 1 0 0 2 1 0 0 0 1 0 0 2 0 2 2 2
2 0 0 2 2 0 2 0 0 2 0 1 1 1 1 0 0 2 0 2 2 0
2 0 1 2 2 0 1 0 0 2 2 2 0 0 0 1 0 2 0 2 2 0
2 1 0 2 2 1 1 0 0 2 0 2 0 1 1 0 0 1 0 2 1 2
1 2 0 2 2 1 1 0 0 1 0 0 2 1 2 1 0 2 1 2 2 1
2 1 0 2 2 0 2 0 0 2 2 2 0 1 1 1 0 0 0 2 1 1
1 1 0 2 2 1 1 0 0 1 0 2 1 2 2 0 0 2 0 2 2 1
0 1 1 2 2 1 1 0 0 2 0 2 1 1 1 0 0 2 1 1 1 1
1 1 0 2 2 0 1 0 0 2 1 1 0 1 2 0 0 2 1 2 2 2
2 2 0 1 2 1 0 0 0 1 2 2 2 2 2 0 0 0 0 2 1 2
2 2 0 2 2 1 1 0 0 2 0 0 1 1 2 0 0 0 2 2 1 1
2 2 1 2 2 0 1 0 0 2 2 2 1 2 1 0 0 1 1 2 1 1
1 1 0 2 2 1 2 0 0 2 1 2 2 2 1 0 0 1 0 2 2 0
2 1 0 2 2 0 2 0 0 1 1 1 2 2 0 0 0 2 1 2 1 1
2 2 0 2 2 0 1 0 0 1 1 1 1 2 1 0 0 2 0 2 1 0
2 2 0 2 2 0 1 0 0 2 2 1 1 2 2 0 0 2 1 2 1 0
2 1 0 2 2 0 0 0 0 2 0 1 2 1 1 0 0 2 1 2 2 2
2 1 0 2 1 1 0 0 0 2 0 1 0 1 2 1 0 2 0 2 2 2
1 1 0 2 2 0 0 0 0 2 0 1 1 1 2 0 0 2 2 2 2 0
2 1 0 2 2 0 2 0 0 2 0 1 1 2 1 0 0 2 1 2 2 2
2 1 2 2 1 0 1 0 0 2 2 1 1 2 2 0 0 2 0 2 2 1
2 0 0 2 2 0 2 0 0 1 1 1 1 2 2 0 0 1 0 2 1 1
2 1 0 2 0 1 1 0 0 2 2 2 1 2 0 0 0 2 1 2 2 1
2 2 1 2 1 1 2 0 0 2 1 1 0 2 2 0 0 2 0 2 1 0
2 1 0 2 2 0 0 0 0 2 1 1 1 1 2 0 0 0 0 1 1 1
2 1 0 2 2 0 1 0 0 2 1 2 0 1 1 1 0 2 2 2 2 2
1 0 0 2 2 1 2 0 0 1 0 2 0 2 0 1 0 2 0 2 2 2
2 2 1 2 2 2 1 0 0 2 1 2 2 1 1 0 0 2 0 2 1 1
2 1 0 2 2 1 1 0 0 2 1 2 1 0 1 0 0 2 1 2 2 2
1 1 0 2 2 0 1 0 0 2 2 1 1 2 1 0 0 2 0 2 2 0
1 1 1 2 2 1 1 0 0 2 1 1 2 2 2 0 0 2 1 2 2 1
2 1 0 2 2 0 2 0 0 2 0 2 0 0 0 0 0 2 1 2 2 1
2 1 0 2 1 0 1 0 0 2 0 2 1 1 1 0 0 2 0 2 2 1
2 1 0 2 1 1 1 0 0 2 1 2 0 2 2 0 0 2 1 2 2 0
2 2 0 2 2 0 1 0 0 2 1 2 0 1 1 0 0 2 0 1 2 1
2 0 1 2 1 0 2 0 0 2 2 2 0 1 1 0 0 2 1 2 2 1
2 2 0 2 2 0 2 0 0 2 0 1 2 0 0 1 0 1 1 2 1 1
2 2 0 2 2 0 2 0 0 2 1 2 1 0 1 0 0 2 0 2 2 0
2 1 0 2 1 0 1 0 0 2 0 1 0 1 0 1 0 2 1 2 2 1
2 1 0 2 2 0 0 0 0 2 2 1 1 0 1 1 0 2 0 2 0 1
2 1 1 2 1 0 0 0 0 2 1 1 1 0 0 0 0 1 0 2 0 1
1 1 0 2 1 0 1 0 0 2 1 2 0 1 2 0 0 2 0 2 1 1
2 2 1 2 2 1 2 0 0 1 2 2 1 1 1 0 0 1 1 2 1 1
2 0 0 2 2 0 0 0 0 2 1 1 1 1 1 2 0 1 0 2 1 2
1 1 0 2 2 0 1 0 0 2 1 1 2 1 2 0 0 1 1 2 2 2
2 0 0 2 2 0 2 0 0 2 1 2 0 2 1 0 0 2 1 2 1 0
2 0 1 2 1 2 1 0 0 1 1 1 1 1 1 0 0 2 1 2 2 1
2 1 0 2 2 1 1 0 0 2 1 2 2 1 1 0 0 2 0 2 1 1
2 1 1 1 2 1 2 0 0 2 1 2 0 1 1 1 0 2 0 1 2 1
2 2 0 2 2 0 2 0 0 2 2 0 0 2 1 0 0 2 1 2 1 1
1 1 0 2 2 0 0 0 0 2 2 2 1 1 2 0 0 2 1 2 1 0
2 2 0 2 1 0 2 0 0 2 0 1 0 0 2 0 0 1 0 2 2 2
1 1 0 2 2 1 0 0 0 2 0 1 1 1 2 0 0 2 0 2 2 1
2 1 1 2 2 0 0 0 0 2 1 0 2 1 1 1 0 1 2 2 2 0
1 1 0 2 2 1 1 0 0 2 1 0 2 2 1 0 0 1 0 2 2 0
2 2 0 2 2 0 2 0 0 2 1 2 1 1 2 1 0 1 2 2 2 2
1 2 0 2 2 1 1 0 0 2 1 0 1 1 0 1 0 1 1 2 2 1
1 2 0 2 2 1 0 0 0 2 1 1 1 2 1 1 0 2 0 2 2 1
2 0 0 2 2 1 1 0 0 2 1 2 1 2 1 0 0 2 0 2 1 1
2 1 0 2 2 1 1 0 0 2 1 1 1 1 2 0 0 2 0 2 1 1
2 1 0 1 2 0 1 0 0 2 2 1 0 1 2 0 0 1 0 2 2 0
2 0 1 2 2 0 0 0 0 2 2 1 0 0 1 0 0 2 1 2 2 0
1 1 0 2 2 1 1 0 0 2 0 1 1 0 1 0 0 2 0 2 2 2
2 2 0 2 2 1 1 0 1 2 0 2 1 1 2 0 0 2 0 2 2 1
1 1 0 2 2 0 1 0 0 1 0 2 0 2 0 0 0 0 1 2 2 0
0 1 1 2 2 1 1 0 0 2 1 2 1 1 2 0 0 1 1 2 1 0
2 2 1 2 2 1 1 0 0 2 0 1 0 0 1 0 0 0 0 2 2 1
1 0 0 2 1 0 2 0 0 2 0 0 2 1 1 0 0 1 0 2 2 0
2 2 0 2 2 1 1 0 0 2 1 2 1 0 1 0 0 1 1 2 2 1
2 1 2 2 2 1 0 0 0 2 2 1 1 2 2 0 0 2 0 2 2 1
2 1 1 2 2 0 2 0 0 2 1 1 1 0 0 0 0 1 0 2 2 2
1 0 1 2 2 1 2 0 0 2 2 2 2 1 1 0 0 2 0 2 1 0
2 0 0 2 1 1 1 0 0 2 2 1 0 0 0 0 0 2 1 2 2 1
2 0 0 2 2 0 1 0 0 2 0 2 1 2 0 0 0 1 1 2 2 2
1 0 0 2 2 1 1 0 0 2 1 1 0 2 1 0 0 2 0 2 2 0
2 0 0 2 1 2 1 0 0 1 1 1 1 1 2 0 0 2 0 2 1 1
0 1 1 2 1 0 2 0 0 2 2 1 1 0 1 0 0 1 0 2 2 1
1 1 1 2 0 0 0 0 0 2 2 1 1 2 1 1 0 2 0 2 2 2
2 1 0 2 2 1 2 0 0 2 2 0 1 0 0 0 0 2 0 2 2 1
2 0 0 2 2 0 1 0 0 2 0 1 1 0 1 0 0 2 0 2 1 1
2 0 0 2 1 0 1 0 0 2 1 0 2 1 1 0 0 2 1 2 2 0
1 0 0 2 1 1 1 0 0 2 1 1 1 1 1 1 0 2 0 2 2 2
1 1 0 2 2 1 2 0 0 2 1 2 1 1 0 0 0 2 0 2 2 1
2 1 0 2 2 0 2 0 0 2 2 1 1 1 1 0 0 1 0 2 2 0
1 1 0 2 2 0 1 0 0 2 1 2 1 1 1 0 0 0 0 2 2 1
1 1 0 2 2 1 2 0 0 1 1 2 1 0 1 1 0 2 1 2 2 2
1 2 0 2 2 0 1 0 0 2 0 2 0 2 0 0 0 2 1 2 2 0
2 2 0 2 2 1 2 0 0 1 2 2 1 2 1 1 0 2 0 2 2 0
1 1 1 2 2 1 1 0 0 2 1 1 1 1 1 0 0 2 0 2 1 1
2 0 0 2 2 0 0 0 0 2 0 1 1 2 2 0 0 1 1 2 2 1
1 2 0 2 2 1 1 0 0 2 1 2 0 1 2 0 0 1 0 2 2 2
2 2 1 2 2 0 2 0 0 2 1 2 2 1 1 0 0 1 1 2 2 1
1 0 0 2 2 1 2 0 1 2 0 1 0 1 0 1 0 2 0 2 2 0
2 1 1 2 2 1 1 0 0 1 1 2 1 0 1 1 0 2 0 2 0 2
1 1 0 2 2 0 2 0 0 2 0 1 1 0 1 0 0 2 1 2 2 0
2 1 0 2 0 0 1 0 0 1 0 1 0 1 2 0 0 1 1 2 2 1
2 1 0 2 2 1 1 0 0 1 1 2 1 0 2 1 0 2 0 2 2 1
2 0 0 2 2 0 2 0 0 2 2 1 2 2 2 0 0 1 1 2 2 1
2 0 2 2 2 1 2 0 0 2 1 1 1 1 1 0 0 1 1 2 2 1
2 1 0 2 2 0 1 0 0 0 2 1 1 1 0 0 0 2 0 2 1 1
2 1 2 2 2 0 1 0 0 2 1 2 0 1 1 1 0 2 0 2 2 2
2 2 0 1 2 1 2 0 0 2 0 2 1 1 2 0 0 2 0 2 2 1
2 1 1 2 2 1 0 0 0 2 1 2 1 2 2 0 0 2 1 2 2 2
2 1 0 2 2 1 1 0 0 2 1 1 0 1 0 1 0 2 1 2 2 0
1 2 0 2 2 0 1 0 0 2 1 2 1 0 2 0 0 2 1 2 2 0
1 0 0 2 2 0 1 0 0 2 0 2 0 1 1 0 0 2 0 2 2 2
2 2 1 2 2 1 2 0 0 2 0 2 2 1 1 0 0 2 1 2 1 2
2 1 0 2 2 0 0 0 0 2 2 2 0 0 1 0 0 2 1 2 1 0
2 1 0 2 2 0 2 0 0 2 0 2 1 0 2 0 0 1 0 2 1 1
1 1 0 2 2 0 0 0 0 2 1 2 0 2 1 0 0 1 0 2 2 1
2 1 1 2 1 0 1 0 0 2 1 0 2 1 1 0 0 2 0 2 0 0
1 1 1 2 2 0 1 0 0 2 1 2 0 2 2 0 0 1 0 2 2 2
2 2 1 2 2 1 1 0 0 2 1 1 0 1 0 0 0 2 0 2 2 2
1 1 0 2 1 0 2 0 0 1 2 1 1 2 1 0 0 2 0 2 2 1
1 1 0 2 2 1 2 0 0 2 0 0 0 0 2 1 0 2 0 2 2 2
2 2 0 1 2 0 1 0 0 2 0 2 2 1 1 0 0 2 1 2 2 1
2 1 1 2 2 1 2 0 0 1 1 2 0 1 2 1 0 2 0 2 2 1
2 2 0 2 2 0 1 0 0 2 2 2 1 2 1 0 0 2 0 2 2 1
2 1 0 2 2 0 1 0 0 2 1 2 1 1 2 0 0 2 0 2 2 0
2 0 0 2 2 0 2 0 0 2 2 2 0 1 2 1 0 2 1 2 2 2
2 1 0 2 2 1 2 0 0 2 2 2 0 1 1 0 0 2 0 2 2 2
1 1 0 1 2 0 2 0 0 2 0 1 2 1 2 1 0 2 0 2 2 1
1 1 0 2 2 2 2 0 0 2 2 2 0 2 2 1 0 2 0 2 2 0
2 0 0 2 2 0 2 0 0 2 2 2 2 1 1 0 0 1 0 2 2 2
2 0 1 2 1 1 2 0 0 2 1 2 1 1 2 0 0 2 1 2 2 1
2 2 0 2 1 0 1 0 0 2 2 2 1 2 0 1 0 1 1 2 1 0
2 1 0 2 2 0 1 0 1 2 1 0 1 2 1 1 0 2 1 2 1 1
2 0 1 2 2 1 2 0 0 2 1 2 1 1 1 0 0 2 0 2 0 2
2 1 1 1 2 1 2 0 0 2 1 2 0 2 1 0 0 2 0 2 2 2
1 0 0 2 2 0 1 0 0 2 0 1 0 1 2 1 0 1 1 2 2 0
2 2 1 2 2 0 1 0 0 2 1 0 0 0 0 2 0 2 0 2 2 1
2 1 0 2 1 1 1 0 0 2 2 2 1 1 2 0 0 2 0 2 2 2
2 1 0 2 2 1 2 0 0 2 0 2 1 1 1 0 0 2 0 2 2 0
2 1 0 2 2 0 1 0 0 2 0 0 0 1 1 1 0 2 1 2 2 0
1 0 0 2 2 0 0 0 0 2 0 0 1 1 0 0 0 1 2 2 2 0
2 1 0 2 1 0 1 0 0 2 0 2 0 1 2 0 0 2 0 2 2 2
2 0 0 2 2 0 2 0 0 2 2 2 1 0 0 0 0 2 0 2 2 0
2 1 0 2 2 2 0 0 0 2 0 1 1 2 2 0 0 2 1 2 2 0
2 0 0 2 2 1 2 0 0 2 2 2 1 0 1 0 0 2 1 2 1 0
0 2 0 2 2 1 1 0 1 2 2 1 1 1 1 1 0 2 0 2 2 0
2 1 1 2 1 0 1 0 0 1 2 1 0 1 2 1 0 2 0 2 1 1
2 0 0 2 2 1 1 0 0 2 0 2 0 1 0 0 0 1 0 2 2 0
2 0 0 2 2 2 1 0 0 2 1 2 0 1 1 1 0 1 0 2 2 0
2 0 0 2 2 0 1 0 0 2 1 2 1 1 0 1 0 2 0 2 2 1
1 0 1 2 1 0 0 0 0 2 1 2 1 2 1 1 0 2 1 2 1 2
1 2 1 2 2 2 0 0 0 2 0 2 0 0 1 1 0 2 0 2 2 0
2 0 0 2 2 0 2 0 1 2 1 2 0 1 2 0 1 1 0 2 2 2
1 0 0 2 2 1 2 0 0 2 0 2 1 2 2 2 0 2 0 2 2 0
1 0 0 2 2 0 2 0 0 2 2 2 1 1 1 1 0 2 0 2 1 1
1 1 0 2 2 0 1 0 0 2 2 2 2 0 2 0 0 2 0 2 1 0
2 1 1 2 2 0 1 0 0 2 2 2 0 0 0 0 0 1 0 2 2 1
2 0 1 2 2 1 2 0 0 2 2 1 1 1 2 0 0 2 0 2 1 1
0 1 0 2 2 0 1 0 0 2 2 1 2 1 0 0 0 2 0 2 1 0
2 1 0 2 1 0 2 0 0 2 1 2 2 1 2 0 0 2 0 2 1 2
2 2 0 2 2 1 2 0 1 1 1 2 2 0 1 0 0 0 0 2 2 2
1 1 0 2 2 0 1 0 0 1 0 1 0 1 2 1 0 2 0 2 2 1
2 2 1 2 1 1 2 0 0 2 1 2 1 2 1 0 0 1 2 2 2 2
2 0 0 2 2 1 1 0 0 2 0 2 1 0 2 2 0 1 1 2 1 1
2 2 0 2 2 0 2 0 0 2 2 1 0 1 0 0 0 1 0 2 2 2
2 1 0 2 2 1 1 0 0 2 0 1 0 1 1 0 0 2 0 2 2 1
1 0 1 2 2 0 0 0 0 2 1 2 0 1 1 1 0 0 1 2 1 1
2 0 1 2 2 1 1 0 0 1 1 2 0 1 1 0 0 2 0 2 2 2
2 0 0 2 2 0 2 0 0 2 1 1 0 0 0 1 0 0 2 2 2 2
1 2 0 2 2 0 2 0 0 2 1 1 1 1 1 1 0 1 1 2 2 2
2 1 1 2 2 0 1 0 0 2 2 2 0 0 2 1 0 2 0 2 1 2
2 1 1 2 1 1 1 0 0 2 1 2 1 1 2 1 0 2 0 2 2 1
2 1 0 2 2 0 2 0 0 2 1 1 0 1 2 1 0 1 0 2 1 1
2 1 0 1 2 1 2 0 0 2 0 2 2 0 2 0 0 2 0 2 1 1
2 0 0 2 1 0 1 0 0 2 1 1 2 2 1 1 0 1 1 2 2 1
2 2 0 2 2 1 1 0 0 2 2 2 0 1 1 0 0 2 0 2 2 1
2 1 0 2 2 1 2 0 0 2 0 2 0 1 1 0 0 1 1 2 2 1
2 0 0 2 2 1 2 0 0 2 2 1 2 2 0 0 0 2 0 2 1 2
2 1 0 2 2 1 1 0 0 2 1 1 1 2 2 0 0 2 2 2 2 1
1 0 0 2 2 0 1 0 0 2 0 1 0 0 1 0 0 1 1 2 2 1
1 0 0 2 2 1 2 0 0 2 0 2 0 2 1 1 0 2 1 2 1 2
2 0 0 2 2 0 0 0 0 2 0 2 1 1 2 0 0 2 1 2 2 1
2 1 0 2 2 0 1 0 0 2 1 1 0 1 2 0 0 0 0 2 1 2
2 1 0 2 0 0 1 0 0 1 1 2 1 0 2 1 0 2 0 2 2 1
2 2 0 2 2 1 1 0 0 2 1 2 0 1 2 0 0 1 0 2 1 1
2 0 1 2 2 0 1 0 0 2 1 2 0 1 1 1 0 2 0 2 2 1
2 2 1 2 2 1 2 0 0 2 0 1 2 1 1 1 0 2 2 2 1 1
1 0 1 2 2 0 1 0 0 1 1 1 1 1 2 0 0 1 0 2 2 1
1 0 0 2 1 1 1 0 0 1 0 2 0 0 1 0 0 1 0 2 1 2
2 1 0 2 2 1 1 0 0 1 0 2 2 2 2 0 0 1 0 2 2 1
2 1 0 2 2 1 0 0 0 2 1 1 0 1 1 0 0 1 0 2 2 1
2 0 0 2 1 0 2 0 1 2 1 2 1 1 1 0 0 2 1 2 2 0
2 0 1 1 2 2 2 0 0 2 2 2 2 1 0 1 0 2 0 2 1 1
2 2 2 2 1 1 2 0 0 2 1 1 1 1 1 1 0 2 0 2 1 0
2 2 1 2 2 0 1 0 0 2 1 1 1 2 0 0 0 2 0 2 1 0
1 1 0 2 2 1 2 0 0 2 2 2 2 1 1 0 0 2 0 2 2 1
2 0 0 2 2 0 1 0 0 2 2 1 0 2 2 0 0 2 1 2 1 1
2 1 0 2 2 0 2 0 0 2 2 1 1 2 2 0 0 2 0 2 1 1
1 2 0 2 2 0 1 0 0 2 1 0 1 2 1 1 0 2 0 2 1 0
2 0 1 2 2 1 2 0 0 2 1 2 0 2 2 1 0 2 0 2 2 1
2 1 0 2 2 0 1 0 0 2 1 1 1 1 2 0 0 2 1 2 2 2
2 0 0 2 2 0 0 0 0 2 2 2 1 1 0 0 0 1 0 2 2 2
2 2 0 2 2 0 2 0 0 2 2 2 1 2 0 1 0 2 0 2 2 0
2 1 0 2 2 0 2 0 0 2 2 1 0 2 1 1 0 1 0 2 1 0
1 0 1 2 2 1 2 0 0 2 1 1 0 1 2 2 0 2 0 1 2 1
2 1 0 2 2 0 1 0 0 2 1 2 0 1 2 0 0 1 1 2 2 1
2 1 0 2 1 1 1 0 0 2 0 1 1 2 1 0 0 2 0 2 2 0
2 1 0 2 2 1 1 0 1 2 1 1 1 2 2 0 0 2 0 2 2 1
1 1 0 2 2 1 1 0 0 2 1 2 2 0 1 0 0 2 1 2 2 2
2 0 1 2 2 0 1 0 0 2 1 2 1 1 1 0 0 2 1 2 2 1
2 2 0 2 2 0 1 0 0 1 1 2 2 2 1 1 0 2 0 2 1 1
2 1 0 2 2 0 1 0 0 2 0 1 1 1 0 0 0 1 1 2 2 2
2 0 0 2 2 0 2 0 0 2 1 2 1 1 1 0 0 2 0 2 2 1
2 0 1 2 2 0 1 0 0 2 0 1 1 1 2 0 0 2 1 2 2 1
1 2 0 2 2 1 1 0 0 1 1 1 1 1 0 1 0 2 0 2 2 0
1 1 0 2 1 0 2 0 0 2 2 2 0 1 2 0 1 2 0 2 2 0
2 1 0 2 1 0 1 0 0 1 2 1 0 2 0 0 0 2 0 2 2 0
2 2 1 2 1 1 1 0 0 2 2 1 0 1 1 1 0 2 0 2 2 0
2 2 0 2 2 0 1 0 0 2 0 2 2 1 1 1 0 2 1 2 2 0
2 0 1 2 2 0 2 0 0 2 2 2 2 1 2 0 0 2 1 2 2 0
2 2 0 2 2 0 2 0 0 2 1 0 2 1 1 0 0 2 0 2 2 1
2 2 2 2 2 0 1 0 1 2 1 2 0 1 0 1 0 2 0 2 2 0
2 1 0 2 2 0 0 0 0 2 1 1 0 0 1 0 0 2 0 2 2 1
2 2 0 2 1 1 2 0 0 1 0 1 1 1 1 0 0 2 1 2 2 1
2 1 0 2 2 1 2 0 0 2 1 0 1 1 1 0 0 1 1 2 2 1
2 1 1 2 2 1 0 0 0 2 1 2 1 0 2 1 0 2 1 2 2 0
2 0 0 2 1 0 2 0 0 2 0 1 1 0 1 0 0 2 2 2 1 0
2 0 0 2 2 1 2 0 0 2 1 0 1 2 1 1 0 2 0 2 2 0
1 1 2 2 2 0 2 0 0 2 1 1 1 0 0 0 0 2 1 2 2 0
2 1 0 2 2 0 1 0 0 2 0 0 2 0 1 0 0 2 1 2 2 0
2 0 0 2 2 0 2 0 0 2 2 2 0 2 2 0 0 2 0 2 1 1
1 0 1 2 2 1 0 0 0 2 0 1 1 0 1 0 0 2 0 2 2 2
2 0 0 2 2 0 2 0 0 2 1 2 0 1 1 0 0 1 0 2 2 2
2 0 2 2 1 0 2 0 0 2 2 1 1 2 2 0 0 1 1 2 2 1
2 1 0 1 2 1 2 0 0 2 2 0 1 1 2 0 0 2 1 2 1 1
2 1 0 2 2 1 1 0 0 2 2 1 1 2 2 0 0 2 0 2 2 1
1 0 0 2 2 0 2 0 0 2 1 2 0 0 1 0 0 2 0 2 2 1
1 0 1 2 1 0 1 0 0 2 2 2 1 1 0 0 0 2 0 2 2 1
2 0 0 2 1 1 1 0 0 2 1 1 2 0 2 1 0 2 0 2 2 1
1 0 0 2 2 0 0 0 0 2 1 2 2 1 1 0 0 1 1 2 1 0
1 0 0 2 2 2 1 0 0 2 0 0 2 1 2 1 0 2 0 2 2 0
2 0 1 2 2 1 1 0 0 2 0 0 0 0 2 0 0 2 0 2 2 1
1 0 0 2 2 0 1 0 0 2 2 1 1 0 0 0 0 2 2 2 2 1
2 1 0 2 2 1 1 0 0 2 0 2 0 0 1 1 0 2 0 1 1 0
1 0 0 1 2 0 2 0 0 2 2 1 1 1 2 0 0 2 0 2 2 0
2 0 0 2 2 0 2 0 0 2 1 1 1 1 0 0 0 2 1 2 2 2
2 0 1 2 2 1 1 0 0 2 1 2 1 2 1 0 0 2 0 2 2 0
0 0 1 2 2 1 1 0 0 2 1 2 0 1 2 0 0 1 1 2 2 1
2 1 2 2 1 1 1 0 0 2 1 1 2 1 1 0 0 1 1 2 2 0
2 1 1 2 2 1 2 0 0 2 1 1 2 0 0 1 0 1 1 2 1 1
0 1 0 2 2 1 1 0 0 2 2 2 2 1 1 0 0 2 0 2 2 0
2 0 1 2 2 1 2 0 0 2 2 1 0 2 0 0 0 1 0 2 2 2
2 0 1 1 2 0 0 0 0 2 0 2 0 1 1 0 0 2 0 2 2 0
1 2 2 2 2 1 2 0 0 2 2 1 1 2 1 1 0 1 1 2 1 2
1 0 0 2 2 0 2 0 0 2 1 1 1 1 0 0 0 2 1 2 1 1
2 1 2 2 1 1 2 0 0 2 0 2 1 2 1 0 0 2 0 2 1 2
1 1 1 2 2 1 2 0 0 2 1 0 1 1 2 1 0 2 0 2 2 0
1 0 0 2 2 2 1 0 0 2 0 1 0 1 1 0 1 2 2 2 1 2
2 1 1 2 1 1 2 0 0 1 2 2 0 1 1 0 0 1 0 2 2 1
2 0 1 2 2 1 2 0 0 2 2 2 1 1 1 1 0 2 1 2 2 1
2 1 1 2 2 2 2 0 0 2 1 1 0 1 0 1 0 2 0 2 1 0
1 0 1 2 2 2 1 0 0 2 1 2 1 2 2 0 0 2 0 2 1 0
2 1 1 2 2 1 1 0 0 2 2 1 2 1 2 0 0 2 0 2 0 1
1 0 1 2 2 1 2 0 0 2 1 1 1 1 0 0 0 2 1 2 2 1
2 0 0 2 2 1 1 0 0 2 1 0 2 1 2 0 0 1 1 2 2 2
1 2 0 2 2 0 2 0 0 2 1 2 0 0 0 0 0 2 0 2 2 2
1 2 1 2 2 0 2 0 0 2 1 0 1 2 1 0 0 1 1 2 1 1
2 1 1 2 2 1 1 0 0 2 1 2 1 0 2 0 0 1 1 2 2 1
2 1 2 2 2 0 2 0 0 2 0 1 1 2 2 0 0 2 0 2 2 0
2 1 0 2 1 0 1 0 0 2 1 1 1 2 2 0 0 2 1 2 2 1
0 1 0 2 1 1 2 0 0 2 0 2 1 0 1 0 0 1 1 2 2 1
1 0 0 2 2 0 2 0 0 1 2 2 0 0 1 0 0 1 0 2 1 1
1 0 0 2 2 1 1 0 0 1 2 2 1 1 2 1 0 1 1 2 1 2
2 0 0 2 1 1 1 0 0 2 0 2 0 2 0 1 0 1 1 2 2 1
2 1 1 2 2 0 1 0 0 1 0 1 0 0 2 1 0 2 1 2 2 2
2 1 0 2 1 2 2 0 0 2 1 2 1 1 0 0 0 1 0 2 2 0
2 1 1 2 2 0 1 0 0 2 1 1 0 1 0 1 0 1 0 2 2 0
1 0 0 2 2 1 1 0 0 2 1 1 0 1 2 0 0 2 1 2 2 1
0 1 1 2 1 0 1 0 0 2 0 1 0 1 2 0 0 2 0 2 2 0
1 1 1 2 1 0 1 0 0 2 1 1 0 2 1 0 0 2 1 1 2 1
1 1 1 2 2 1 1 0 0 2 1 1 1 0 1 0 0 2 0 2 1 1
2 1 1 2 2 0 2 0 0 1 0 0 1 0 1 0 0 2 2 2 1 2
1 1 0 2 1 1 1 0 0 2 1 1 0 2 1 0 0 2 0 2 1 2
1 0 0 2 2 0 1 0 0 2 1 2 1 2 1 0 0 2 0 2 2 2
2 0 0 2 2 0 1 0 0 2 1 1 1 2 0 0 0 2 1 2 2 1
1 0 1 2 2 1 1 0 0 2 1 1 1 0 2 0 0 2 0 2 2 1
2 1 0 2 1 0 1 0 0 2 0 0 2 1 2 2 0 2 1 2 1 0
2 1 0 2 1 0 2 0 0 2 0 1 2 1 1 2 0 2 0 2 1 0
1 1 0 2 2 1 2 0 0 2 2 0 1 1 1 1 0 0 0 1 2 1
2 1 0 2 2 0 2 0 0 2 0 2 0 1 2 0 0 2 0 2 2 1
1 0 0 2 2 0 1 0 0 2 1 1 1 0 1 1 0 1 1 2 2 0
1 1 0 2 2 0 1 0 0 2 2 0 1 1 0 0 0 1 1 2 2 0
1 2 0 2 1 0 2 0 0 2 2 1 1 2 1 1 0 2 0 2 1 0
2 0 0 2 1 1 2 0 0 1 1 0 1 0 2 0 0 1 0 2 2 1
1 1 0 2 2 0 1 0 0 2 1 2 0 1 0 0 0 0 0 2 2 2
1 1 1 2 2 1 2 0 0 2 0 1 0 1 2 0 0 2 0 2 2 1
1 1 0 2 2 0 2 0 1 2 0 0 1 2 0 0 0 2 1 1 0 1
0 0 0 2 2 0 2 0 0 2 1 2 2 0 2 0 0 2 2 2 2 2
1 1 1 2 2 1 1 0 0 2 1 1 0 2 1 1 0 2 1 2 1 0
2 1 2 2 2 0 0 0 0 2 2 0 0 2 2 1 0 2 0 2 2 0
1 1 0 2 1 1 1 0 0 2 1 1 1 0 1 0 0 1 2 2 1 2
2 1 0 2 2 1 0 0 0 2 1 1 0 0 1 0 0 2 0 2 2 0
1 0 0 2 1 0 1 0 0 2 1 1 2 1 0 0 0 1 1 2 2 1
1 1 0 2 2 1 1 0 0 2 2 2 1 2 1 0 0 1 0 2 2 1
2 1 0 2 2 2 2 0 0 2 1 1 0 0 1 0 0 1 0 2 1 2
0 2 1 2 2 1 2 0 0 2 1 2 2 1 2 0 0 2 0 2 2 0
2 2 0 2 1 0 1 0 0 2 0 1 1 1 2 0 0 2 1 2 2 0
0 2 0 2 2 1 2 0 0 2 1 1 2 0 2 0 0 1 0 2 2 1
1 0 1 2 2 0 2 0 0 1 1 1 1 1 1 1 0 2 1 2 2 2
2 2 0 2 2 1 2 0 0 2 1 2 1 2 2 0 0 2 0 2 2 1
1 0 0 2 2 1 2 0 0 2 1 2 1 0 1 1 0 1 1 1 1 1
1 1 0 2 1 1 2 0 0 2 1 1 0 1 0 1 0 2 1 2 2 1
1 1 0 2 2 0 1 0 0 2 1 1 1 1 0 0 0 2 1 2 2 0
2 1 1 2 1 0 1 0 0 2 0 1 1 1 0 2 0 2 0 2 2 1
1 2 0 2 2 2 1 0 0 2 2 2 1 2 2 1 1 2 1 2 2 2
0 0 1 2 2 2 2 0 0 2 0 2 1 1 2 0 0 1 0 2 2 1
2 0 0 2 2 2 2 0 0 2 0 2 1 1 1 1 0 1 1 2 2 1
1 1 1 2 1 0 2 0 0 2 2 0 2 1 2 1 0 1 0 2 0 1
1 2 0 2 2 0 1 0 0 2 0 1 2 2 1 0 0 1 0 2 1 0
2 0 0 2 2 0 1 0 1 2 2 1 0 2 2 0 0 1 2 2 2 1
1 2 2 2 1 0 1 0 0 2 1 1 0 2 2 1 0 2 1 2 2 0
1 0 0 2 2 1 1 0 0 2 0 0 2 1 2 0 0 2 0 2 1 0
2 1 0 2 2 1 1 0 0 2 1 2 2 1 1 1 0 2 1 2 2 2
2 1 0 2 2 2 2 0 0 2 2 1 1 2 1 1 0 2 1 2 2 0
1 0 1 2 2 0 2 0 0 2 0 1 2 0 0 0 0 2 1 2 2 1
1 2 1 2 2 1 1 0 0 2 0 2 1 1 1 1 0 1 1 2 2 1
2 1 0 1 2 1 0 0 0 2 1 2 2 1 1 1 0 1 0 2 2 1
2 1 0 2 2 1 0 0 0 2 1 1 2 0 1 1 0 2 1 2 2 1
1 2 1 2 2 1 1 0 0 2 0 2 2 1 0 0 0 0 1 2 2 2
2 1 1 2 2 0 1 0 0 2 0 1 1 1 2 1 0 2 1 2 2 0
2 2 1 2 2 1 2 0 0 2 1 0 1 1 0 0 0 2 1 2 2 1
2 1 0 2 2 0 0 0 0 2 1 2 1 0 0 0 0 1 0 2 2 1
1 0 1 2 2 1 2 0 0 2 1 0 1 1 1 1 0 2 0 2 2 0
2 0 0 2 2 1 2 0 0 1 2 2 1 0 2 0 0 2 0 2 1 2
1 1 0 2 1 1 1 0 0 2 2 1 1 0 1 0 0 2 0 2 2 0
1 1 1 2 2 0 0 0 0 2 2 1 1 1 1 0 0 2 0 1 2 2
2 2 0 2 2 0 2 0 0 2 0 2 1 2 1 0 0 1 0 2 2 2
1 0 1 2 1 0 2 0 0 2 2 1 2 1 1 2 0 2 1 2 2 1
2 1 0 2 2 1 1 0 0 2 2 2 0 1 1 0 0 2 1 2 2 1
1 1 1 2 1 0 1 0 0 2 2 1 2 0 2 0 0 1 0 2 1 1
2 1 0 2 2 1 2 0 0 2 1 2 1 2 0 0 0 2 0 2 1 0
2 2 2 2 2 1 1 0 0 2 0 1 2 1 2 0 0 1 1 2 2 0
2 1 0 2 2 1 1 0 0 2 1 2 1 2 1 0 0 2 0 2 2 1
2 0 0 2 2 0 2 0 0 2 0 1 0 2 1 0 0 2 0 2 1 0
2 1 0 2 2 1 2 0 0 2 2 2 1 0 2 0 0 2 0 2 0 0
2 0 2 2 1 2 1 0 0 2 1 2 0 2 0 0 0 2 2 2 1 0
2 2 0 2 2 1 2 0 0 2 0 2 1 1 1 0 0 1 1 2 2 1
2 0 1 2 2 0 2 0 0 2 1 1 1 0 0 1 0 1 0 2 2 1
0 0 0 2 2 1 0 0 0 2 1 2 1 1 1 0 0 2 1 2 2 1
1 1 0 2 2 1 2 0 0 2 0 2 1 0 0 0 0 2 0 2 2 1
2 1 0 2 2 1 1 0 0 2 1 2 0 2 2 1 0 2 1 2 2 1
2 0 0 2 2 1 2 0 0 2 0 2 1 1 1 0 0 0 0 2 2 1
0 1 2 1 2 2 1 0 0 2 0 1 1 1 1 0 0 2 0 2 2 1
2 1 1 2 2 0 1 0 0 2 1 2 0 1 2 0 0 2 0 2 1 1
0 0 0 2 2 0 0 0 0 2 2 2 1 1 1 0 0 1 1 2 1 1
1 2 0 2 2 1 2 0 0 1 1 2 2 1 2 1 0 2 0 2 2 0
1 1 1 2 2 0 2 0 0 2 2 1 1 1 1 1 0 2 0 2 1 2
2 1 1 2 2 0 2 0 0 2 0 1 2 2 1 0 0 2 0 2 2 1
2 1 0 2 2 0 1 0 0 2 0 2 1 1 1 0 0 2 1 2 1 2
1 0 1 2 2 0 2 0 0 2 1 2 1 1 2 0 0 2 1 2 2 2
2 2 0 2 2 0 0 0 0 1 0 1 0 1 1 1 0 2 0 2 2 1
1 2 0 2 2 0 2 0 0 2 1 1 0 2 0 1 0 1 2 2 2 1
2 0 0 2 2 0 1 0 0 2 0 2 1 1 1 0 0 2 0 2 1 0
2 0 0 2 2 1 2 0 0 2 0 2 1 1 2 0 0 0 0 2 2 1
2 0 1 2 2 1 2 0 0 2 2 1 0 0 2 0 0 2 0 2 1 1
1 1 1 2 2 0 0 0 0 2 1 2 1 1 1 0 0 2 0 2 2 0
2 2 0 2 0 1 1 0 0 2 1 1 1 1 2 0 0 1 1 2 2 0
0 2 0 1 2 1 1 0 0 1 0 1 1 0 2 1 0 2 0 2 2 2
2 0 0 2 2 0 0 0 0 2 0 0 1 1 1 0 0 2 0 2 2 1
1 2 1 2 2 0 2 0 0 2 1 2 2 0 1 0 0 1 0 2 1 0
2 0 1 2 2 2 1 0 0 1 0 1 1 2 2 0 0 2 0 2 2 1
0 1 0 2 2 0 2 0 0 2 0 2 2 0 0 1 0 0 1 2 2 0
1 0 1 2 2 1 2 0 0 2 1 0 2 1 1 0 0 0 0 2 1 0
1 1 0 2 2 1 1 0 0 2 1 1 0 1 1 0 0 2 1 2 2 1
2 0 0 2 2 0 2 0 0 2 2 1 1 1 1 1 1 2 0 2 1 0
2 2 1 2 2 2 2 0 0 2 1 2 0 1 0 0 0 1 0 2 2 0
2 0 0 2 2 0 2 0 0 2 2 0 0 0 0 1 0 2 0 2 2 2
0 2 0 2 2 0 1 0 0 1 1 1 0 2 1 0 0 1 0 2 1 0
0 2 0 2 2 0 1 0 0 2 1 2 2 2 2 1 0 2 1 2 2 1
2 2 0 1 2 0 2 0 0 2 1 2 0 2 2 1 0 2 0 2 2 1
2 1 1 2 2 1 1 0 0 2 2 2 2 2 0 1 1 2 2 2 1 1
1 0 0 2 1 0 1 0 0 2 1 2 1 0 1 0 0 2 1 2 1 2
1 0 0 2 2 0 2 0 0 2 0 2 0 1 2 0 0 2 2 2 2 0
1 0 0 2 2 0 2 0 0 2 2 2 0 2 0 0 0 1 0 2 1 1
2 2 0 2 2 1 2 0 0 2 1 2 0 1 1 1 0 2 1 2 2 0
1 1 0 2 2 0 2 0 0 2 2 1 1 2 2 0 0 2 0 2 1 1
1 0 0 2 2 1 1 0 0 2 1 1 2 0 0 0 0 2 1 2 1 0
1 2 0 2 2 0 1 0 0 1 2 2 1 1 1 0 0 1 0 2 2 1
1 1 1 2 1 1 0 0 0 2 0 2 1 2 1 0 0 2 0 2 2 2
0 1 0 2 2 0 0 0 0 2 1 2 2 1 0 0 0 1 0 2 2 1
2 1 0 1 2 0 2 0 0 2 2 2 0 2 1 1 0 1 0 2 1 1
1 0 0 2 1 2 0 0 0 1 2 2 1 0 1 0 0 0 1 2 2 2
1 0 0 2 2 1 0 0 0 1 2 1 0 2 1 1 0 2 1 2 2 0
1 2 0 2 2 1 1 0 0 2 2 2 0 1 1 0 0 1 0 2 2 2
2 2 0 2 2 0 1 0 0 2 2 2 2 1 2 0 0 1 1 2 1 1
2 2 0 2 2 0 1 0 0 2 0 2 1 2 2 0 0 2 0 2 2 1
2 1 0 2 1 0 0 0 0 2 2 1 2 0 1 0 0 1 0 2 2 1
2 1 0 1 2 0 1 0 0 2 2 1 0 0 1 0 0 0 1 2 2 0
2 1 1 1 2 1 2 0 0 2 0 1 2 2 2 0 0 1 1 2 0 0
2 1 0 2 2 1 0 0 0 2 1 0 0 1 1 0 0 1 1 2 2 1
1 1 0 2 0 0 2 0 0 2 2 0 0 2 1 0 0 2 2 2 1 1
2 0 0 2 2 0 2 0 0 2 2 0 0 1 2 0 0 2 0 2 1 2
2 2 0 2 1 1 1 0 0 2 1 1 1 0 1 1 0 2 0 2 1 1
2 2 0 2 2 1 2 0 0 2 1 1 0 2 1 0 0 2 0 2 1 1
2 0 1 2 2 1 2 0 0 2 2 1 2 1 1 1 0 2 0 2 1 1
2 2 0 2 2 0 2 0 0 2 2 2 1 2 1 0 0 2 0 2 2 1
2 0 1 2 2 1 2 0 1 2 1 2 1 2 2 0 0 1 0 2 2 0
1 2 1 2 2 0 1 0 0 2 2 2 2 1 1 0 0 1 1 2 2 1
0 2 0 1 2 1 2 0 0 2 2 2 0 1 2 1 0 2 0 2 1 2
2 0 1 2 1 0 1 0 0 2 1 1 2 1 1 1 0 1 1 2 1 0
2 2 0 2 2 0 1 0 0 2 2 1 2 2 2 0 0 2 1 2 2 0
2 0 0 1 2 0 0 0 0 2 2 2 0 2 2 0 0 2 1 2 2 1
2 0 0 2 1 0 2 0 0 2 2 2 0 2 1 0 0 2 1 2 2 0
1 0 0 2 2 0 1 0 0 2 0 1 2 1 2 0 0 2 1 2 2 2
2 1 0 2 2 0 0 0 0 2 0 2 0 1 1 0 0 2 0 2 2 1
2 0 0 2 2 0 2 1 0 2 1 1 1 2 2 0 0 1 1 2 1 1
2 0 0 2 2 1 2 0 0 2 0 2 2 1 2 0 0 2 0 2 2 2
1 0 1 2 2 0 2 0 0 2 1 1 1 1 2 0 0 2 0 2 2 1
1 0 0 2 2 0 2 0 0 2 2 0 1 0 2 1 0 2 0 2 2 1
2 1 1 2 2 1 0 0 1 2 1 1 1 1 1 0 1 1 0 2 2 1
2 2 0 2 1 0 1 0 0 2 2 1 0 1 1 0 0 1 1 2 2 1
2 1 0 1 1 1 1 0 0 2 2 1 1 1 2 2 0 0 1 2 2 1
1 0 0 1 1 0 1 0 0 2 0 1 1 2 2 0 1 2 0 2 2 0
2 1 0 2 2 0 1 0 0 2 1 1 1 0 0 0 0 1 1 2 2 1
2 1 0 1 2 1 0 0 0 2 0 1 1 2 1 0 0 2 1 2 2 1
2 0 0 2 1 0 1 0 0 2 2 1 1 0 1 0 0 2 0 2 2 1
1 1 0 2 2 2 2 0 0 2 1 1 0 1 1 0 0 2 1 2 2 0
1 2 0 2 2 2 1 0 0 2 0 2 1 1 1 0 0 0 0 2 2 0
1 1 0 2 2 0 2 0 0 2 1 0 2 1 2 0 1 1 1 2 1 1
2 0 1 2 2 0 0 0 0 2 1 1 0 0 2 1 0 2 0 2 2 1
2 1 0 2 1 0 0 0 0 2 1 1 0 2 2 0 1 2 1 2 1 1
1 1 1 2 2 1 1 0 0 2 0 2 1 1 2 1 0 2 0 2 2 2
1 0 0 2 2 0 2 0 0 1 1 1 1 1 1 0 0 1 0 2 2 2
1 2 0 2 2 0 2 0 0 0 0 2 1 2 0 0 0 2 1 2 2 0
2 1 1 2 2 1 1 0 0 2 0 1 1 2 2 0 0 1 0 2 1 1
1 1 1 2 2 1 2 0 0 2 1 2 1 2 2 0 0 2 2 2 2 2
1 2 0 2 2 0 1 0 0 2 0 1 1 0 2 0 0 2 0 2 2 1
1 1 0 1 2 0 1 0 0 2 1 2 0 1 1 0 0 2 1 2 2 1
2 1 0 2 1 0 2 0 0 2 1 2 0 1 1 0 0 1 1 1 2 0
2 2 0 2 1 2 2 0 0 2 2 2 2 1 0 2 0 2 1 2 2 2
2 1 1 2 2 0 1 0 0 2 0 1 2 1 2 0 0 2 1 2 2 1
2 2 0 2 1 1 1 0 0 2 1 1 1 0 1 0 0 1 0 2 2 1
2 1 0 1 2 0 0 0 0 2 0 2 1 0 1 0 0 1 0 2 2 1
0 2 0 2 2 1 1 0 0 1 1 1 2 1 1 0 0 1 1 2 2 1
1 2 0 2 2 0 1 0 0 2 1 1 1 1 2 0 0 2 0 2 2 2
1 2 0 2 2 0 1 0 0 1 0 1 2 0 1 1 0 1 1 2 2 0
2 0 1 1 0 0 2 0 0 2 0 1 1 1 2 0 0 2 0 2 1 1
1 2 1 2 2 1 2 0 0 2 1 2 1 1 2 0 0 2 0 1 2 0
2 0 1 2 2 2 1 0 0 2 1 1 1 0 2 0 0 2 0 2 1 1
0 0 0 2 2 1 1 0 0 2 1 1 1 2 1 0 0 1 1 2 2 0
2 0 1 2 2 0 2 0 0 2 2 2 2 0 2 0 0 2 0 2 2 1
1 1 0 1 2 1 1 0 0 2 0 2 1 2 1 0 0 1 1 2 1 1
2 1 0 1 2 1 2 0 0 2 1 1 2 1 2 0 0 1 2 2 2 0
1 1 0 2 2 0 1 0 0 2 1 2 1 1 0 0 0 2 1 2 2 0
2 1 0 2 1 0 2 0 0 2 0 2 2 1 1 0 0 2 0 2 2 0
1 2 1 2 2 1 1 0 0 2 1 0 1 1 2 0 0 1 1 2 2 1
0 1 0 2 0 0 1 0 0 2 2 1 0 0 2 0 0 2 1 2 2 1
2 1 0 2 1 0 0 0 0 1 2 1 1 2 1 0 0 2 1 2 1 1
1 1 0 2 2 0 1 0 0 1 1 1 0 0 1 0 0 2 0 2 2 1
2 1 1 1 1 1 2 0 0 2 2 1 0 0 0 1 0 1 1 2 1 0
0 1 0 2 1 0 1 0 0 2 2 2 0 1 2 0 0 1 0 2 2 2
2 2 0 2 1 0 1 0 0 2 1 0 0 0 1 1 0 1 1 2 1 1
2 1 0 2 2 1 2 0 0 2 1 0 0 1 2 0 0 2 0 2 1 0
1 2 1 2 2 0 2 0 0 2 2 1 1 0 1 0 0 2 1 2 2 1
2 2 0 2 2 0 1 0 0 2 1 2 1 1 2 1 0 2 0 2 2 0
2 0 0 2 2 2 1 0 0 2 1 2 1 1 2 1 0 2 1 2 2 1
2 0 1 2 2 0 1 0 0 2 1 2 0 1 2 0 0 1 0 2 1 2
2 1 0 2 2 0 0 0 0 2 0 1 1 1 1 1 0 2 1 2 1 0
2 0 1 2 2 1 2 0 0 1 1 0 0 1 2 0 0 1 0 2 1 1
1 1 0 2 2 0 2 0 0 2 2 2 1 1 1 0 0 1 1 2 2 0
1 1 0 2 2 0 1 0 0 2 0 1 1 2 0 0 0 1 1 2 2 0
1 1 0 2 2 0 1 0 0 2 2 1 0 1 1 0 0 2 2 2 2 2
1 1 0 2 1 0 2 0 1 2 1 1 2 2 2 0 0 2 1 2 2 1
1 0 0 2 2 0 2 0 0 2 1 1 0 2 1 1 0 1 1 2 2 0
0 1 2 2 1 1 0 0 0 2 0 0 1 1 2 0 0 2 0 2 2 0
1 0 0 2 2 0 2 0 0 2 1 1 1 2 0 1 0 2 0 2 2 1
1 1 0 2 2 0 1 0 1 1 1 1 1 0 2 0 0 2 0 2 1 1
2 1 0 2 2 1 1 0 0 1 1 0 0 0 2 1 0 1 0 2 2 1
1 0 0 2 2 1 2 0 0 2 1 1 2 0 1 0 0 2 1 2 2 0
2 2 2 2 2 0 1 0 0 2 2 0 0 1 1 0 0 2 2 2 2 1
1 0 1 1 2 0 2 0 0 2 2 1 1 1 1 0 0 2 0 2 2 0
2 0 0 2 2 0 1 0 0 2 2 2 0 2 0 0 0 2 1 2 1 0
1 1 0 2 2 0 0 0 0 2 2 2 1 0 1 0 0 1 1 2 2 1
2 1 0 2 2 1 1 0 0 2 1 1 2 0 2 0 0 2 0 2 2 2
2 1 0 2 1 0 1 0 0 2 0 1 0 2 2 0 0 1 0 2 2 1
2 0 0 2 2 1 0 0 0 1 0 2 1 1 0 0 0 2 0 2 2 1
1 1 1 2 2 0 1 0 0 2 0 1 2 0 1 0 0 1 1 2 1 2
2 1 1 2 2 0 1 0 0 2 0 1 2 0 2 0 0 2 1 2 2 1
2 1 1 2 1 0 2 0 0 2 1 1 1 1 2 0 0 2 1 1 2 1
0 0 0 2 2 0 2 0 0 2 0 1 1 0 1 0 0 1 1 2 2 2
2 0 0 2 2 0 1 0 0 1 1 1 1 1 2 0 0 2 1 2 2 2
2 1 0 2 1 0 2 0 0 2 1 2 0 1 1 0 0 1 0 2 2 1
0 1 2 2 2 1 2 0 0 2 2 1 1 1 2 0 0 2 0 2 1 0
2 0 1 2 2 1 1 0 0 1 1 1 1 0 0 0 0 1 0 2 2 1
1 1 0 2 1 1 2 0 0 2 0 1 0 2 1 1 0 2 0 2 2 1
1 2 0 2 2 0 2 0 0 2 1 2 0 0 0 0 0 2 0 2 1 1
2 1 0 2 2 0 2 0 0 2 0 2 0 0 2 0 0 1 0 2 1 1
1 2 0 2 2 0 1 0 0 2 2 1 1 2 1 1 0 2 0 2 2 1
2 1 0 2 2 0 1 0 0 2 2 2 1 1 1 0 0 2 1 2 2 1
2 0 1 2 2 1 1 0 0 2 2 0 0 0 1 0 0 2 2 2 2 2
2 1 0 1 2 0 2 0 0 2 2 2 2 2 2 0 0 2 1 2 1 1
2 1 0 2 1 2 1 0 0 2 1 1 2 1 1 0 0 1 0 2 2 0
2 1 1 2 2 0 2 0 1 2 2 2 0 2 0 1 0 1 0 2 2 1
1 1 1 2 1 1 1 0 0 2 1 2 1 1 1 0 0 2 1 2 2 0
0 2 0 2 1 0 1 0 0 2 2 2 1 1 0 0 0 1 1 2 2 1
1 1 0 2 2 1 1 0 0 2 0 1 1 2 2 0 0 2 2 2 2 1
2 0 1 2 2 0 2 0 0 2 1 1 0 1 1 0 0 2 0 2 1 1
2 2 1 2 2 1 2 0 0 2 2 2 1 2 1 1 0 2 1 2 1 2
1 0 0 2 1 1 0 0 0 2 2 1 2 1 1 0 0 2 0 2 1 2
2 0 0 2 0 0 1 0 0 2 2 1 2 1 1 0 0 2 0 2 2 1
1 1 0 2 2 0 1 0 0 2 1 2 2 0 2 0 0 1 1 2 2 0
2 2 0 2 2 1 1 0 0 2 2 2 0 1 1 0 0 1 1 1 0 1
1 0 1 2 1 0 1 0 0 2 1 1 1 0 1 0 0 1 0 2 2 0
2 1 0 2 2 1 2 0 0 2 1 0 1 0 1 1 0 2 1 2 1 0
2 2 2 1 2 1 2 0 0 1 2 2 1 1 1 0 0 2 0 2 1 0
2 2 0 2 2 1 2 0 0 2 2 1 1 0 1 1 0 1 0 2 2 1
1 2 0 2 2 1 2 0 0 1 0 2 0 2 2 0 0 2 0 2 1 1
2 1 0 2 1 0 1 0 0 2 2 1 0 0 2 0 0 2 0 2 1 2
2 1 0 2 1 0 2 0 0 2 2 2 2 1 0 0 0 2 0 2 2 0
2 1 1 2 2 1 2 0 0 2 0 1 0 1 2 0 0 2 0 2 2 0
2 0 2 2 2 0 2 0 0 2 1 2 0 1 2 0 1 2 0 2 2 1
1 0 0 2 2 0 1 0 0 2 0 0 1 0 1 1 0 2 1 2 2 0
0 1 0 2 2 1 2 0 0 2 1 0 0 0 2 0 0 0 1 2 2 1
2 1 0 1 2 1 1 0 0 2 2 2 1 1 0 0 0 1 1 2 2 1
1 0 0 2 2 1 1 0 0 1 1 2 1 1 2 1 0 1 0 2 1 1
1 0 1 2 2 2 2 0 0 1 1 1 0 1 1 0 0 2 1 2 1 2
1 2 0 2 2 2 2 0 1 2 1 2 1 1 0 0 0 2 1 2 1 2
1 1 1 2 2 0 1 0 0 2 1 2 1 1 1 1 0 2 1 2 2 0
1 1 0 2 2 0 2 0 0 2 1 0 1 1 1 0 0 0 0 2 2 1
2 0 1 2 1 0 2 0 0 2 0 1 1 1 1 0 0 2 1 2 2 1
0 0 2 1 2 1 0 0 0 2 1 0 1 0 2 0 0 2 1 2 2 1
2 1 0 2 1 1 2 0 0 2 2 0 1 1 2 0 0 2 1 2 2 1
2 0 0 2 2 1 1 0 0 2 0 2 1 2 0 0 0 1 1 2 2 1
2 2 0 2 1 1 2 0 0 2 2 2 0 1 2 0 0 2 0 2 2 2
2 1 0 1 2 0 1 0 0 1 1 1 1 0 2 0 0 2 1 2 2 0
2 1 0 2 1 0 1 0 0 2 1 1 0 1 0 0 0 2 0 2 1 0
2 0 0 1 2 0 1 0 0 2 2 2 1 1 2 0 0 2 1 2 2 0
1 1 1 1 0 1 2 0 0 2 2 2 2 1 1 0 0 2 0 2 2 2
2 2 0 2 2 0 1 0 0 2 1 0 1 1 1 0 0 2 0 2 0 0
1 0 0 2 2 0 2 0 0 2 1 2 1 0 1 2 0 2 0 1 2 0
2 1 0 2 2 1 1 0 0 2 2 0 1 1 0 0 0 1 1 2 2 2
1 0 1 2 2 0 2 0 0 2 0 1 1 2 1 0 0 2 0 2 2 0
1 0 0 2 2 0 2 0 0 2 2 1 1 1 2 0 0 1 0 2 2 0
2 0 0 2 2 2 0 0 0 2 1 2 0 0 2 1 0 2 1 2 2 0
1 1 1 2 2 1 2 0 0 2 2 2 0 0 1 0 0 2 0 2 2 0
2 2 1 2 2 0 2 0 0 2 2 1 0 1 2 0 0 2 1 2 2 0
1 2 1 2 2 1 2 0 0 1 2 1 0 0 1 0 0 2 0 2 1 0
2 2 0 2 2 0 2 0 0 2 1 0 1 2 2 1 0 2 1 2 1 2
1 0 0 2 1 2 0 0 0 2 0 2 1 0 2 0 0 1 1 2 2 2
2 0 1 2 2 0 1 0 0 2 1 1 1 2 1 0 0 0 0 2 0 1
2 1 0 2 1 1 2 0 0 2 1 2 0 0 0 0 0 2 0 2 1 2
1 1 0 2 2 0 1 0 0 2 2 0 0 2 2 0 0 1 1 2 1 1
2 0 0 1 2 0 0 0 0 2 2 2 1 0 1 0 0 2 1 2 2 1
1 1 1 2 2 0 1 0 0 2 1 2 1 0 0 0 0 1 0 2 2 2
2 1 0 2 2 0 2 0 0 2 0 2 1 1 2 0 0 2 1 1 2 0
2 0 0 1 2 0 2 0 0 2 0 2 0 1 1 0 0 1 0 2 2 1
2 1 1 2 2 1 2 0 0 2 2 1 1 1 1 0 0 2 0 2 2 2
2 2 0 2 2 1 1 0 0 2 1 1 0 2 1 1 0 2 1 2 2 0
1 1 0 2 1 0 2 0 0 2 1 0 1 1 2 0 0 2 1 2 2 2
0 0 0 2 1 0 1 0 0 2 1 1 1 2 2 1 0 2 1 2 0 2
2 2 0 1 2 0 2 0 0 2 0 2 0 2 1 0 0 1 1 2 2 0
2 1 0 2 2 1 2 0 0 2 1 2 0 1 2 0 0 1 0 2 2 1
2 1 0 2 1 2 1 0 0 2 1 2 1 1 0 0 0 2 0 2 2 0
1 1 0 2 1 1 2 0 0 2 2 2 1 1 1 0 0 1 1 2 2 1
1 1 0 1 2 1 1 0 0 1 1 2 0 0 1 0 0 2 0 2 2 1
2 1 1 2 1 2 1 0 0 1 1 0 1 2 1 0 0 1 1 2 2 1
1 0 0 2 2 0 2 0 0 2 1 1 1 1 0 1 0 2 0 2 2 0
1 2 1 2 2 0 1 0 0 2 1 1 1 1 1 0 0 2 1 2 1 0
2 2 1 2 2 1 1 0 0 2 1 2 1 2 1 0 0 2 1 2 2 2
2 1 0 2 2 2 1 0 0 2 1 1 2 2 2 0 0 2 0 2 2 2
1 1 0 2 2 0 1 0 0 2 1 2 0 2 1 1 0 2 1 2 2 1
2 1 0 2 2 2 2 0 0 2 1 1 2 1 1 0 0 1 0 2 2 0
2 1 0 2 1 1 1 0 0 2 2 2 0 1 1 0 0 2 1 2 1 1
2 1 1 2 2 1 2 0 0 2 0 1 0 1 2 0 0 1 0 2 2 1
2 0 0 2 2 0 1 0 0 2 2 1 1 0 1 0 0 2 0 2 2 2
0 0 0 2 2 0 1 0 0 2 1 2 1 1 1 0 0 1 0 2 2 0
2 1 0 2 2 0 1 0 0 2 1 1 1 2 2 0 0 2 0 2 2 2
2 1 0 2 2 0 1 0 0 2 2 2 0 1 1 0 0 2 0 2 2 2
2 1 0 2 2 1 2 0 0 2 0 1 1 1 1 1 0 2 1 2 1 0
1 1 0 1 2 0 1 0 0 2 0 1 1 1 0 0 0 2 0 2 2 1
2 1 0 2 2 1 1 0 0 2 1 2 0 0 1 0 0 2 0 2 2 1
2 0 0 2 2 2 1 0 0 2 0 2 0 1 1 0 0 1 2 2 2 1
2 1 0 2 1 1 1 0 0 2 1 1 0 0 2 0 0 2 0 2 2 0
1 2 1 2 2 1 2 0 0 2 0 0 0 1 0 0 0 2 1 2 1 0
2 1 0 2 2 1 2 0 0 2 2 1 1 0 1 0 0 2 0 2 2 0
2 1 1 2 2 0 2 0 0 2 1 1 1 0 0 1 0 2 0 1 1 1
2 1 1 2 2 1 1 0 0 2 0 2 1 2 1 0 0 2 0 2 1 1
1 1 0 2 2 0 0 0 0 2 1 2 0 1 0 0 0 2 0 2 2 2
1 1 0 2 1 1 1 0 0 2 1 2 1 1 2 0 0 1 0 2 2 1
1 2 1 2 2 1 2 0 0 2 0 1 0 1 1 0 0 1 0 2 2 2
2 1 0 2 2 1 2 0 0 1 2 2 1 0 2 0 0 1 0 2 2 1
1 2 0 2 2 2 2 0 0 2 1 1 1 0 0 0 0 2 0 2 2 2
1 1 1 2 2 0 1 1 0 2 1 1 1 1 2 0 0 2 1 2 2 1
1 1 1 2 2 2 2 0 0 2 2 2 2 1 1 1 0 1 1 2 1 2
2 0 0 2 2 0 2 0 0 2 0 2 2 1 1 0 0 2 1 2 2 1
0 2 0 2 2 0 1 0 0 2 1 2 2 0 2 0 0 2 1 2 2 1
0 0 1 2 2 0 1 0 0 2 1 1 1 1 2 1 0 2 0 2 2 1
2 2 0 2 1 1 1 0 0 2 1 0 1 2 2 0 0 1 0 2 2 0
2 1 0 2 1 0 2 0 0 2 2 2 2 1 0 0 0 2 0 2 2 0
2 0 0 2 1 0 2 0 0 2 2 1 1 2 2 0 0 2 1 2 2 2
2 1 0 2 1 0 1 0 0 2 1 1 1 2 1 0 0 2 1 2 1 0
1 0 0 2 2 1 1 0 0 2 1 2 0 1 0 0 0 2 2 2 1 1
2 1 0 2 2 0 1 0 0 2 1 1 1 0 2 1 0 1 0 2 2 1
2 2 0 2 2 1 0 0 0 2 1 2 1 2 0 0 0 2 0 2 2 1
1 2 1 2 2 1 2 0 1 2 1 1 0 1 2 0 0 2 1 2 2 0
1 0 0 2 2 1 2 0 0 1 2 2 0 2 1 0 0 2 0 2 2 2
2 0 0 2 2 0 2 0 0 2 1 1 1 2 1 1 0 1 1 2 1 0
1 1 0 2 2 1 0 0 0 2 2 2 0 2 0 0 0 1 0 2 1 0
2 1 1 2 2 0 2 0 0 2 1 1 0 0 1 0 0 1 0 2 2 0
1 2 0 2 1 1 1 0 0 2 1 2 0 2 2 0 0 2 0 2 1 1
2 0 0 2 2 0 0 0 0 2 1 2 2 1 0 0 0 2 2 2 2 0
1 1 0 2 2 2 2 0 0 2 1 2 2 1 1 0 0 2 1 2 2 1
1 1 0 2 1 1 0 0 0 2 1 1 0 1 1 1 0 1 0 2 2 1
0 0 0 2 1 1 1 0 0 2 0 1 1 0 0 0 0 2 0 2 2 1
2 2 0 1 2 0 1 0 1 2 0 1 0 1 2 0 0 2 0 2 2 0
1 0 0 2 2 0 1 0 0 2 1 1 0 2 1 1 0 2 0 2 2 0
2 0 2 2 2 1 2 0 0 2 2 2 1 2 1 0 0 2 0 2 2 1
2 1 0 2 0 2 1 0 0 2 0 2 2 0 1 0 0 1 0 2 2 0
1 2 0 2 2 0 1 0 0 2 1 2 1 2 1 0 0 1 0 2 2 2
1 1 0 2 1 0 2 0 0 2 1 2 0 2 2 1 0 1 0 2 2 2
2 1 0 2 2 0 1 0 0 2 1 1 0 1 1 0 0 0 1 2 1 1
1 0 1 2 1 1 2 0 0 1 0 1 0 0 1 0 0 2 0 2 2 1
2 1 0 2 2 1 1 0 0 1 0 1 1 1 2 0 0 2 1 2 1 1
2 2 0 1 2 0 0 0 0 2 2 1 2 2 0 0 0 1 0 2 2 0
1 2 0 2 2 0 2 0 0 2 2 1 1 2 1 0 0 1 0 2 2 2
2 0 0 2 1 0 2 0 0 2 1 1 2 1 1 0 0 1 0 2 2 1
2 2 0 2 2 0 2 0 0 2 0 1 2 0 1 0 0 1 1 2 1 0
1 2 0 2 2 0 2 0 0 2 1 2 0 0 1 0 0 2 0 2 2 0
1 2 1 2 1 2 1 0 0 2 0 0 2 1 2 0 0 2 1 2 2 1
2 2 1 2 2 0 1 0 0 2 1 2 1 0 2 0 0 1 1 2 2 1
2 2 0 2 2 2 0 0 0 2 0 2 0 2 1 1 0 1 0 2 2 0
2 1 1 2 2 0 2 0 0 2 1 1 2 1 1 0 0 2 1 2 2 1
1 1 1 2 2 0 2 0 0 2 1 1 1 1 2 0 0 2 0 2 2 0
0 1 0 2 1 1 1 0 0 2 2 1 1 1 2 1 0 2 1 2 1 0
1 0 1 2 2 1 1 0 0 2 1 1 0 2 2 1 0 2 1 2 2 1
1 2 0 2 2 1 2 0 0 2 1 1 2 1 0 0 0 1 0 2 2 2
2 1 0 2 2 0 1 0 0 2 0 2 0 1 1 0 0 1 2 2 1 2
2 0 0 1 2 0 0 0 0 2 2 1 0 0 1 1 0 2 0 2 2 0
2 0 1 2 2 0 1 0 0 2 1 1 2 1 1 0 0 2 0 2 2 0
2 1 0 2 2 0 2 0 0 2 1 2 0 1 0 1 0 2 1 2 2 0
2 1 0 2 1 2 2 0 0 2 0 0 0 1 2 0 0 2 0 2 2 2
2 1 0 2 2 0 2 0 0 2 2 2 2 0 2 0 0 2 0 2 2 1
2 2 0 2 1 1 1 0 0 2 0 2 1 1 1 0 0 2 0 2 2 2
1 1 0 2 2 1 1 0 0 2 0 2 1 2 2 1 0 1 0 2 2 1
2 1 1 2 2 1 1 0 0 2 0 2 2 1 1 0 0 2 0 2 2 0
1 2 0 2 2 0 1 0 0 2 1 1 2 0 2 0 0 2 1 2 2 0
2 1 0 2 1 1 1 0 0 2 1 2 1 0 0 0 0 1 0 2 2 2
2 1 0 2 2 0 2 0 1 2 1 2 0 1 1 0 0 1 1 2 2 1
2 0 0 2 2 1 1 0 0 2 1 2 1 2 1 0 0 2 1 2 1 0
2 1 1 2 2 0 2 0 0 2 1 1 2 2 2 0 0 2 1 2 0 0
2 2 0 2 2 1 1 0 0 2 2 1 0 1 1 0 0 2 0 2 1 0
1 0 1 2 2 1 1 0 0 2 1 2 0 1 1 0 0 2 0 2 1 1
1 2 0 2 2 2 1 0 0 2 1 1 0 0 2 0 0 2 1 2 2 0
1 1 1 2 1 1 2 0 0 2 2 1 2 1 2 1 0 1 1 2 1 0
1 1 0 2 2 0 2 0 0 2 1 1 0 1 1 0 0 2 0 2 2 1
1 0 0 1 1 0 2 0 0 2 1 1 0 1 1 1 0 0 0 2 2 1
2 0 1 2 1 1 1 0 0 2 0 2 1 1 2 0 0 2 1 2 2 0
2 0 0 2 2 1 2 0 0 2 1 0 1 0 1 1 0 2 0 2 2 0
1 1 0 2 2 1 2 0 0 2 1 1 1 0 1 1 0 2 0 2 2 1
1 0 1 2 2 1 0 0 0 2 1 0 0 2 1 1 0 1 1 2 0 0
2 1 1 2 2 1 1 0 0 1 2 2 1 0 2 0 0 1 0 2 2 2
2 0 0 2 2 1 0 0 0 2 0 1 1 1 1 1 1 1 1 1 0 1
2 0 0 2 2 0 0 0 1 2 1 2 0 1 2 0 0 2 0 2 2 0
2 1 0 2 2 0 2 0 0 2 2 1 1 0 1 0 0 2 1 2 2 1
1 1 1 2 2 0 2 0 0 2 1 2 1 2 1 1 0 1 0 2 2 1
2 1 0 2 2 1 2 0 0 2 1 1 1 1 1 1 0 2 0 2 1 2
1 1 0 2 2 0 1 0 0 2 1 2 0 0 1 0 0 1 1 2 2 1
1 1 0 1 2 0 0 0 0 2 1 0 2 0 1 0 0 2 0 2 2 1
2 1 0 2 2 1 1 0 0 2 1 2 1 1 1 0 0 2 0 2 2 1
1 1 0 2 1 0 1 0 0 2 1 2 1 1 1 0 0 1 0 2 2 2
1 1 0 1 2 1 1 0 0 2 1 1 2 2 1 0 0 2 1 2 1 2
2 1 0 2 1 1 2 0 0 2 1 2 0 1 0 0 0 2 0 2 2 2
2 0 0 2 1 1 1 0 0 2 1 2 1 0 1 0 0 2 1 2 1 1
1 2 0 2 1 2 2 0 0 1 1 2 1 1 1 0 0 0 0 2 2 0
2 2 0 2 2 1 1 0 0 2 2 2 1 1 2 0 0 0 1 2 2 1
2 1 0 2 2 1 2 0 0 2 1 1 1 2 1 0 0 1 0 2 2 0
1 2 1 2 1 0 1 0 0 2 1 2 1 1 2 0 0 1 0 2 1 2
2 0 0 2 2 0 2 0 0 2 2 1 0 1 1 1 0 1 0 2 2 0
2 0 0 2 2 0 1 0 0 2 1 1 1 1 0 0 0 1 0 2 2 1
2 2 1 2 1 0 2 0 0 1 0 2 0 1 2 2 0 1 0 2 2 1
2 0 0 2 1 0 1 0 0 1 2 1 1 2 1 0 0 2 0 2 2 2
1 2 1 2 2 0 1 0 0 2 1 1 0 2 1 0 0 1 1 2 2 2
1 1 2 2 2 0 1 0 0 2 0 2 2 1 1 1 0 1 0 2 2 0
1 2 1 2 2 0 1 0 0 2 1 2 0 0 1 0 0 2 1 2 2 0
2 1 1 2 2 0 2 0 0 2 0 2 1 1 2 0 0 2 0 2 2 0
1 2 1 2 2 0 1 0 0 2 2 2 1 1 1 0 0 2 0 2 1 1
2 1 0 2 2 1 1 0 0 2 2 2 1 1 2 1 0 2 0 2 2 1
1 1 0 2 1 1 1 0 0 2 2 1 0 0 2 0 0 2 0 2 2 1
1 1 1 2 2 0 1 0 0 1 0 2 1 1 1 0 0 2 1 2 2 1
2 1 1 2 2 0 2 0 0 2 1 2 2 1 2 1 0 2 0 2 1 1
1 0 2 2 2 0 2 0 0 2 1 2 2 0 0 1 0 2 0 2 2 2
2 1 2 1 2 0 1 0 0 2 0 2 1 1 2 1 0 2 0 2 2 2
2 0 0 2 2 0 2 0 0 2 2 2 1 1 1 1 0 1 0 2 2 1
1 1 0 2 2 0 1 0 0 2 1 2 1 0 2 1 0 2 0 2 2 0
2 2 2 2 2 0 2 0 0 2 0 1 1 1 1 0 0 2 1 2 2 1
2 2 1 2 1 0 2 0 0 2 1 2 0 0 0 1 0 2 1 2 1 1
1 1 0 2 2 0 1 0 0 2 0 1 0 0 1 0 0 1 1 2 2 0
2 1 1 2 2 0 2 0 0 2 1 2 1 1 1 0 0 2 0 2 2 1
2 1 0 2 1 0 0 0 0 2 1 1 1 1 2 1 0 2 0 2 1 1
1 1 0 2 2 0 1 0 0 2 1 2 1 1 1 0 0 2 1 2 2 2
1 0 0 2 2 1 1 0 0 2 2 1 1 1 2 2 0 1 0 2 2 1
2 1 1 2 2 0 2 0 0 1 0 1 1 0 1 0 0 2 0 2 2 1
1 1 1 2 2 0 1 0 1 2 1 2 1 2 1 0 0 1 0 2 1 1
2 1 0 1 2 0 2 0 0 2 1 0 1 2 1 1 0 1 1 2 2 0
1 0 0 2 2 0 1 0 0 2 0 2 2 0 0 0 0 2 0 2 2 1
2 2 0 2 1 0 1 0 0 2 0 2 1 2 1 0 0 2 1 2 2 2
2 0 0 2 2 1 1 0 0 2 1 2 2 0 2 0 0 1 0 2 2 0
0 1 0 2 1 0 1 0 0 2 2 2 2 1 1 0 0 1 0 2 2 1
2 0 1 2 2 0 2 0 0 2 0 0 1 2 2 0 0 2 0 2 2 1
2 0 1 2 2 1 1 0 0 2 1 1 2 1 1 0 0 2 0 2 1 0
1 1 1 2 1 1 2 0 0 2 2 2 2 1 2 0 0 2 0 2 2 1
2 1 0 2 2 2 1 0 0 2 2 2 2 1 0 0 0 2 0 2 2 0
1 2 1 2 1 1 2 0 0 2 1 0 2 2 1 1 0 1 0 2 1 1
0 1 0 2 1 1 2 0 1 2 0 0 2 0 1 1 0 1 0 2 1 0
2 2 0 2 2 1 1 0 0 2 2 1 2 2 1 0 0 2 1 2 1 1
2 0 2 2 2 0 0 0 0 2 1 1 1 2 0 0 0 2 1 2 2 2
1 1 0 2 1 0 1 0 0 2 2 1 0 1 0 0 0 2 1 2 0 1
1 2 1 2 2 1 2 0 0 2 2 1 0 1 1 0 0 1 0 2 2 1
2 1 0 2 2 0 2 0 0 1 1 2 1 0 1 1 0 2 0 1 2 0
2 2 0 1 2 0 2 0 0 2 0 1 0 1 0 0 0 1 0 2 2 0
2 1 1 2 2 1 1 0 0 1 0 1 2 1 1 0 0 2 1 2 1 1
2 0 0 2 2 0 2 0 0 1 2 1 0 2 0 0 0 1 0 2 1 2
2 0 0 2 2 0 2 0 0 2 1 2 1 1 0 1 0 1 0 2 1 1
1 2 2 2 2 0 2 0 0 2 2 1 1 2 2 0 0 2 1 2 2 1
1 0 0 2 2 0 2 0 0 2 2 2 1 1 2 0 0 2 1 2 1 0
2 2 0 2 2 1 1 0 0 2 1 2 2 1 1 1 0 2 0 2 1 0
0 1 0 2 1 1 2 0 0 2 2 2 1 1 0 0 0 0 1 2 2 1
1 1 0 1 2 1 2 0 0 2 0 2 1 1 1 0 0 2 1 2 2 0
2 1 0 2 2 2 1 0 0 2 1 2 0 1 0 0 0 2 0 2 2 1
2 2 0 1 2 0 2 0 0 2 1 2 1 1 2 0 0 1 1 2 1 1
2 1 1 2 2 1 1 0 0 2 1 0 0 0 2 2 0 2 0 1 2 2
2 1 1 2 2 1 1 0 0 2 1 1 0 0 0 0 0 1 1 2 2 0
1 0 1 2 2 0 0 0 0 2 1 1 0 0 1 0 0 2 0 2 2 0
2 0 1 2 2 0 1 0 0 2 1 2 2 1 1 1 0 2 1 2 2 0
2 2 1 2 2 1 2 0 0 2 2 2 1 1 2 0 0 2 0 2 0 1
2 1 1 2 2 0 2 0 0 2 1 1 0 1 1 1 0 2 0 2 2 2
2 1 0 2 2 0 1 0 0 2 2 1 1 1 0 0 0 2 2 2 2 1
0 1 0 2 2 0 1 0 0 2 0 0 2 0 1 0 0 2 0 2 2 0
1 0 1 2 2 1 2 0 0 2 0 2 0 2 1 0 0 2 2 1 1 1
1 2 0 2 1 1 1 0 0 2 2 2 1 2 2 0 0 2 1 2 2 2
2 1 0 2 2 0 2 0 0 1 1 2 0 1 1 1 0 1 0 2 1 1
2 0 0 2 2 0 2 0 0 2 0 1 1 2 2 0 0 2 0 2 2 0
1 2 1 2 2 1 2 0 0 2 1 2 2 0 2 0 0 2 0 2 2 1
2 1 0 2 2 1 0 0 0 2 1 2 2 1 1 1 0 2 1 2 1 1
1 1 1 2 2 1 1 0 0 2 1 2 0 0 1 0 0 1 1 2 1 0
1 1 0 2 1 0 2 0 0 2 1 2 1 1 2 0 0 1 0 2 2 0
2 0 0 2 2 0 0 0 0 2 0 1 0 1 1 1 0 2 1 2 1 1
2 1 0 2 2 0 1 0 0 2 0 2 0 2 1 0 0 1 0 2 2 1
1 1 0 1 2 0 2 0 0 2 1 2 0 0 1 0 0 1 0 2 2 1
2 2 0 2 1 0 1 0 0 2 1 2 0 1 2 0 0 2 0 2 2 0
2 1 0 2 2 0 2 0 0 2 1 1 0 1 2 0 0 2 1 2 2 1
2 0 0 2 2 0 2 0 0 2 1 1 1 0 0 0 0 2 1 2 2 1
1 0 0 2 2 0 2 0 0 2 1 2 0 1 1 0 0 2 0 2 2 1
1 1 0 2 2 1 1 0 0 2 2 2 1 1 1 0 0 2 0 1 2 2
2 1 0 2 2 1 2 0 0 2 2 2 2 2 1 0 0 2 0 2 1 1
1 0 1 1 2 0 2 0 0 2 1 2 2 2 1 0 0 2 1 2 2 2
2 2 1 2 2 1 0 0 0 2 1 0 1 1 1 1 0 1 0 2 2 0
2 1 0 2 2 1 2 0 0 2 2 2 0 2 0 0 0 2 2 1 2 1
1 1 0 2 2 0 1 0 1 2 1 1 1 2 1 0 0 2 0 2 2 1
2 0 1 2 1 1 2 0 0 2 1 1 2 0 0 0 0 2 1 2 1 2
1 0 1 2 1 0 2 0 0 1 2 0 1 2 2 0 0 2 0 2 2 1
2 2 1 2 2 1 1 0 0 2 1 2 1 1 0 0 0 2 0 2 2 1
2 0 0 2 1 1 2 0 0 2 1 1 1 0 1 0 0 0 1 2 2 0
1 0 0 2 2 0 0 0 0 2 2 1 2 1 1 0 0 2 0 2 1 1
2 0 1 2 2 1 1 0 0 2 1 2 2 2 2 0 0 2 0 2 1 1
1 0 1 2 1 0 2 0 0 2 0 2 0 1 1 0 0 2 0 2 1 0
0 1 0 2 2 0 2 0 0 1 0 0 2 0 1 1 0 2 0 2 2 0
1 0 0 2 2 2 2 0 0 2 0 2 2 2 1 0 0 2 0 2 2 0
2 0 0 2 2 0 2 0 0 2 0 2 0 1 1 1 0 2 0 2 2 2
1 1 0 1 2 1 2 0 0 2 1 2 0 1 1 0 0 0 0 2 2 1
2 0 0 1 2 0 1 0 0 2 1 1 1 2 1 0 0 2 0 2 1 1
2 1 1 2 2 0 1 0 0 2 2 1 1 1 2 0 0 1 1 2 2 1
2 0 0 2 2 0 1 0 0 2 0 2 1 1 2 0 0 1 0 2 2 2
2 2 0 2 2 0 1 0 0 2 2 2 0 1 1 0 0 2 0 2 2 2
2 2 0 2 2 0 1 0 0 2 1 1 1 1 2 1 0 2 1 2 2 1
1 1 0 2 2 2 2 0 0 2 0 1 0 0 0 1 0 1 1 2 2 0
2 0 0 2 2 1 1 0 0 2 1 2 1 1 0 0 0 1 1 2 2 1
2 1 0 1 2 1 1 0 0 2 1 1 0 0 1 0 0 2 0 2 1 1
1 0 0 2 2 1 2 0 0 2 1 2 0 1 1 0 0 2 0 2 1 1
2 0 1 2 2 2 1 0 0 2 1 1 1 0 1 1 0 2 2 2 2 0
1 0 0 2 2 0 1 0 0 2 1 1 1 1 2 0 0 2 0 2 0 0
2 1 0 2 0 2 0 0 0 1 0 2 0 2 0 0 0 2 0 2 2 1
2 1 1 2 2 0 1 0 0 2 0 1 2 1 1 0 0 2 1 2 1 0
1 1 0 2 2 0 2 0 0 2 1 2 1 0 0 1 0 1 0 2 2 1
1 2 0 2 2 0 2 0 0 2 1 1 0 2 1 0 0 2 0 2 1 0
2 0 0 2 2 1 1 0 0 2 2 2 0 0 2 0 0 1 1 2 2 0
1 2 0 2 2 0 2 0 0 2 1 2 2 1 2 1 0 2 0 2 2 1
1 1 0 2 1 0 1 0 0 2 2 1 1 1 1 1 0 2 1 2 2 0
1 1 1 2 2 0 1 0 0 2 1 2 2 1 2 0 0 2 0 2 2 0
2 1 2 2 2 0 2 0 0 2 2 2 0 1 0 0 0 2 0 2 2 0
2 1 1 2 2 0 1 0 0 2 0 2 1 0 1 0 0 2 1 2 2 0
2 1 0 2 1 0 1 0 0 1 2 2 1 0 1 1 0 2 1 2 1 2
2 0 1 2 2 0 2 0 0 2 1 0 0 1 2 0 0 2 1 2 2 0
0 1 1 2 2 1 2 0 0 2 2 2 1 1 0 0 0 2 1 2 1 0
1 1 1 2 2 0 2 0 0 2 2 1 1 0 1 0 0 2 0 2 2 0
2 0 1 2 2 2 1 0 0 2 2 2 0 2 1 0 0 1 0 2 2 1
1 1 1 2 2 1 2 0 0 1 2 2 1 1 2 0 0 1 0 2 2 1
1 0 0 2 2 0 1 0 0 2 1 0 1 1 2 0 0 1 0 2 2 1
1 1 0 2 2 1 2 0 1 2 1 2 0 2 1 0 0 2 0 2 1 0
2 1 0 2 2 0 1 0 0 2 2 1 1 0 1 0 0 2 0 2 2 0
1 1 1 2 2 0 1 0 0 2 0 1 0 0 0 1 0 1 1 2 2 1
1 1 1 2 1 1 2 0 0 2 2 1 0 1 1 1 0 2 0 2 2 2
2 1 0 2 1 0 1 0 0 1 1 2 1 2 1 1 0 2 0 2 2 0
1 2 0 2 1 0 1 0 0 2 2 1 1 0 1 1 0 1 1 2 2 2
2 1 0 2 2 0 1 0 0 1 1 2 0 1 0 0 0 1 2 2 2 0
1 2 1 2 1 0 1 0 0 1 0 2 1 1 2 0 0 0 1 2 2 0
1 2 0 2 2 1 1 0 0 2 1 1 0 1 1 0 0 2 1 2 2 1
1 1 0 2 1 1 1 0 0 2 1 1 1 2 2 0 0 1 1 2 2 0
2 1 0 2 2 0 1 0 0 2 0 1 1 0 1 1 0 1 2 2 2 0
2 1 0 2 2 0 1 0 0 2 0 1 1 1 1 0 0 2 1 2 2 1
2 1 0 2 2 1 1 0 0 1 1 1 1 0 2 0 0 2 2 2 2 0
2 2 1 2 2 1 1 0 0 1 2 1 1 1 1 0 0 2 0 2 2 1
2 1 0 2 2 1 2 0 0 2 2 1 2 0 1 0 0 1 0 2 0 0
1 0 0 2 2 0 2 0 0 2 2 1 1 2 2 0 0 1 0 2 1 1
2 2 1 2 2 2 1 0 0 2 0 1 1 0 1 1 0 2 0 2 2 1
2 1 1 2 2 1 1 0 0 2 1 2 0 1 0 0 0 2 1 2 2 2
1 2 0 2 2 0 1 0 0 2 1 1 0 0 2 0 0 2 0 2 2 0
2 1 0 2 2 0 0 0 0 2 2 1 1 0 2 0 0 2 0 2 2 0
2 0 0 2 2 0 1 0 0 2 1 1 0 1 2 0 0 2 1 2 1 1
2 0 1 2 2 0 1 0 0 2 1 1 1 1 1 0 0 1 1 2 2 0
2 2 0 2 2 0 2 0 0 2 0 2 2 1 1 0 0 1 0 2 1 1
2 1 0 2 2 0 1 0 0 2 2 2 0 1 2 0 0 1 0 2 2 0
1 2 0 2 2 2 2 0 0 2 1 0 0 1 2 0 0 2 1 2 1 0
1 2 1 2 2 0 0 0 0 2 2 1 1 1 1 0 0 2 1 2 2 1
1 0 0 2 2 2 2 0 0 2 1 2 0 2 0 0 0 2 1 2 2 1
1 2 0 2 2 1 0 0 0 2 2 2 2 0 1 1 0 2 1 2 2 1
2 0 1 2 2 2 0 0 0 2 2 1 2 1 1 0 0 2 0 2 2 1
2 2 1 2 2 0 0 0 0 2 2 1 1 0 0 0 0 2 0 2 2 2
2 0 0 2 2 1 2 0 0 1 1 2 1 1 1 0 0 1 0 2 2 1
2 1 0 2 1 1 1 0 0 2 2 2 1 0 2 0 0 2 2 2 1 2
1 2 0 2 2 1 1 0 0 2 1 1 2 1 1 0 0 2 2 2 2 2
1 0 0 2 0 0 2 0 0 2 1 2 0 2 1 0 0 2 0 2 2 1
2 0 1 2 2 1 2 0 0 1 1 2 1 1 2 1 0 2 0 2 2 1
0 1 1 2 1 0 0 0 0 2 1 2 2 2 1 1 0 2 0 2 2 0
2 1 1 1 1 0 1 0 0 2 1 1 1 0 0 0 0 2 0 2 2 1
2 0 1 2 2 0 1 0 0 2 0 1 0 1 1 0 0 2 0 2 2 0
1 1 0 2 2 1 1 0 0 2 1 2 0 0 1 0 0 2 1 2 0 2
2 0 0 2 2 1 2 0 0 2 2 2 0 1 1 1 0 2 1 2 2 1
2 2 1 1 2 0 2 0 0 2 1 1 0 0 2 0 0 2 0 2 1 0
2 0 1 2 2 1 1 0 0 2 0 2 1 2 1 0 0 1 0 2 1 1
2 1 1 2 2 0 0 0 0 2 1 1 1 0 1 0 0 1 0 2 2 0
2 2 0 2 2 0 1 0 0 1 1 2 0 1 2 0 0 2 1 2 2 2
1 1 1 2 2 2 1 0 0 2 1 2 2 1 0 0 0 2 0 2 2 1
1 1 0 1 2 0 2 0 0 2 0 2 1 0 1 0 0 1 0 2 2 0
2 1 0 2 2 0 1 0 0 2 1 2 1 0 2 0 0 1 0 2 2 1
1 2 0 2 1 0 2 0 0 2 0 1 2 0 1 0 0 2 0 2 2 0
2 0 0 2 2 0 0 0 0 2 1 0 1 1 1 0 0 1 0 2 2 2
0 0 0 2 2 0 2 0 0 2 1 1 1 1 2 0 0 2 0 2 2 1
2 1 1 2 1 2 2 0 0 2 1 2 1 1 2 0 0 1 0 2 2 2
2 1 0 2 2 1 2 0 0 2 1 1 1 1 1 0 0 1 1 2 1 0
1 0 0 1 2 0 1 0 0 1 1 2 1 0 0 1 0 2 0 2 2 0
1 0 0 2 2 0 1 0 0 2 1 2 0 1 2 0 0 2 0 2 2 1
2 1 0 2 2 1 0 0 0 2 2 2 1 0 1 1 0 1 1 2 2 0
1 0 1 2 2 0 2 0 0 2 1 2 1 2 1 1 0 1 0 2 1 0
2 1 0 2 2 0 2 0 0 1 0 2 1 0 0 1 0 2 1 2 2 0
2 2 0 2 2 1 1 0 0 1 0 1 1 1 1 0 0 1 0 2 2 0
