rs10489736 rs10920169 rs11890847 rs149248 rs13410475 rs11564465 rs8179917 rs6826012 rs17288292 rs2442633 rs4237255 rs12761845 rs10822881 rs11594391 rs17114803 rs7960291 rs9943922 rs3917209 rs1530088 rs9950633 rs7236492 rs2252678
2 0 0 0 1 2 2 1 2 1 1 2 2 1 0 2 0 0 0 2 1 1
2 0 0 0 0 2 2 2 2 1 1 2 2 1 1 2 0 0 1 2 1 1
2 0 0 1 0 1 0 1 2 0 2 2 2 1 0 2 0 0 1 2 2 0
2 0 0 0 0 1 1 0 2 2 0 2 2 2 0 1 1 0 1 2 1 1
2 0 0 1 0 1 1 1 1 1 2 2 2 0 1 2 0 0 1 2 2 0
2 0 0 1 0 1 1 1 2 0 1 1 2 2 1 2 0 0 0 2 2 0
2 0 0 0 1 1 0 1 2 0 2 2 2 1 0 2 2 0 0 2 1 0
2 1 0 0 0 1 1 1 2 1 1 2 0 1 0 2 2 0 2 2 2 1
2 0 0 1 0 1 1 1 2 1 0 2 2 1 0 2 0 0 0 2 2 2
1 0 0 0 0 1 1 1 2 2 2 2 2 1 0 2 1 0 0 2 2 1
2 0 0 0 0 1 1 1 2 0 2 2 2 1 0 2 0 0 0 2 2 0
2 0 0 1 0 1 1 1 2 2 2 2 1 2 0 2 2 0 0 2 2 1
2 0 0 0 0 1 1 0 2 0 0 2 2 0 0 2 2 0 0 2 1 1
2 0 1 0 0 2 0 1 2 0 1 2 1 1 1 2 0 0 0 2 2 1
2 0 0 0 0 2 1 2 2 2 1 2 1 1 0 2 1 0 1 2 2 2
2 0 0 0 0 1 0 0 2 1 1 2 1 2 0 2 1 0 1 2 2 1
2 0 0 0 1 1 1 2 2 1 1 2 2 1 0 2 0 0 0 2 1 2
2 1 0 0 0 0 0 1 2 0 0 2 2 2 0 2 0 0 1 2 1 1
1 1 1 1 0 1 1 1 2 2 0 1 2 1 0 2 1 0 0 2 2 1
2 0 0 1 0 2 0 1 2 1 0 2 1 1 1 2 2 0 1 2 2 2
2 1 0 0 0 1 1 0 2 1 0 2 2 2 1 2 0 0 2 2 2 1
2 0 0 0 0 0 1 1 2 1 1 2 2 2 0 2 1 0 0 2 1 2
2 0 0 0 0 1 1 0 2 0 1 0 2 1 0 2 0 0 0 2 1 0
2 0 0 0 1 0 0 2 2 2 2 2 2 2 0 2 1 0 1 2 1 2
2 0 0 1 0 0 0 1 2 1 1 2 1 1 1 0 1 0 0 2 2 0
2 0 0 0 0 1 2 2 2 1 1 1 2 2 0 2 1 0 1 2 2 0
2 0 0 0 0 2 2 1 2 1 1 2 2 1 0 0 1 0 0 2 2 1
2 0 0 0 0 1 1 1 2 1 1 1 2 0 0 2 1 0 1 2 2 1
2 0 0 0 0 1 1 1 2 1 0 2 2 2 0 2 2 0 1 2 0 1
2 0 0 0 0 1 2 2 2 2 2 1 2 2 0 2 2 0 0 2 2 1
2 0 0 1 0 1 0 1 2 2 1 2 1 2 0 1 1 0 0 2 1 2
2 1 1 0 0 2 1 0 2 1 0 2 2 2 1 1 1 0 0 2 2 1
2 0 0 0 0 2 0 2 2 1 0 2 1 1 0 1 1 0 0 2 2 1
2 0 0 1 0 1 0 1 0 1 1 2 2 1 0 2 0 0 1 2 2 0
1 0 0 0 0 0 1 2 2 0 1 2 1 1 0 2 0 0 1 2 2 1
2 0 0 0 0 2 1 2 2 2 0 2 2 2 0 2 2 0 1 2 2 0
2 0 0 0 0 1 0 0 2 1 1 2 2 1 0 2 1 0 0 2 2 1
2 0 0 0 0 1 1 0 2 2 0 2 2 2 0 1 2 0 0 1 2 2
2 1 0 0 0 1 1 1 2 0 1 1 2 2 0 2 2 0 1 2 1 1
2 0 0 0 0 2 1 1 2 0 2 2 2 2 0 2 1 0 2 2 2 2
2 1 0 0 0 2 0 1 2 2 1 2 1 2 0 2 1 0 1 2 1 2
2 0 0 0 0 0 1 1 2 2 1 2 1 2 0 2 1 0 1 2 1 2
2 0 0 0 0 0 1 1 2 1 0 2 1 1 0 2 1 0 1 2 2 1
2 0 0 0 0 1 1 0 2 1 0 2 2 2 0 2 0 0 0 2 2 2
1 0 0 0 0 2 1 1 2 1 2 1 2 1 0 2 1 0 1 1 2 1
2 0 0 0 0 2 0 1 2 0 1 2 1 1 0 2 1 1 2 2 2 2
2 0 0 0 0 1 0 1 2 1 1 2 1 1 0 2 2 0 0 2 2 2
1 0 0 1 1 2 0 1 2 0 1 1 1 1 0 2 2 0 0 2 2 2
2 0 0 0 1 2 2 0 2 0 1 2 1 2 0 1 0 0 1 2 2 1
2 0 0 0 0 2 0 1 2 0 1 2 1 0 0 2 0 0 2 2 2 0
2 0 0 0 0 1 1 1 2 1 0 2 2 0 0 2 1 0 0 2 2 2
2 0 1 2 0 2 0 2 2 1 1 2 2 1 0 2 2 0 0 2 2 1
2 0 0 1 0 0 1 0 2 1 1 1 2 1 0 2 0 0 0 2 2 0
2 1 0 0 0 2 2 1 2 2 2 1 2 2 0 1 2 0 0 2 1 1
1 0 0 0 0 1 0 0 2 1 2 2 2 2 0 2 1 0 0 2 2 2
2 0 0 0 0 1 2 0 2 0 0 1 2 0 0 2 1 0 0 2 2 0
2 0 0 0 0 1 0 0 2 1 1 2 2 2 1 2 2 0 1 2 2 0
2 0 0 0 0 1 1 2 2 0 1 2 2 1 1 2 0 0 0 2 1 0
2 0 0 1 0 1 0 1 2 2 2 2 2 2 0 1 2 0 0 2 2 1
2 1 0 0 0 2 1 1 2 2 1 2 2 1 0 2 1 0 0 2 2 1
2 0 0 0 0 1 1 2 2 1 2 2 2 2 0 2 1 0 1 2 2 1
1 0 0 0 0 2 1 2 2 1 1 2 1 1 1 2 1 0 1 2 1 1
2 2 2 0 1 0 1 2 1 0 1 2 2 1 0 2 2 0 1 2 2 2
2 0 0 0 0 2 2 2 2 1 1 2 1 2 0 2 1 0 1 2 2 1
2 0 1 0 0 1 1 1 2 1 2 2 2 1 0 2 2 0 0 2 2 0
2 0 0 0 0 1 1 1 2 1 0 2 2 1 0 1 2 0 1 2 1 2
1 0 1 0 0 1 0 1 2 1 1 2 2 2 0 2 1 0 0 2 1 1
2 1 0 1 0 1 1 0 2 0 1 2 2 2 1 1 1 0 0 2 2 1
2 0 0 0 0 0 1 0 2 1 0 2 0 2 0 2 1 0 0 2 1 1
2 0 0 1 0 2 0 2 2 0 1 1 2 2 0 2 1 0 0 1 1 0
2 0 0 1 0 0 1 1 2 0 2 2 2 1 0 1 1 0 1 2 2 1
2 0 0 0 0 1 2 1 2 1 1 2 2 1 0 1 1 0 0 2 1 1
1 0 0 0 0 1 2 1 2 0 2 1 1 1 0 2 1 0 0 2 2 1
2 0 0 0 0 2 1 2 2 0 1 2 2 1 0 1 1 0 1 2 0 1
2 0 0 0 0 1 2 1 2 1 0 2 2 1 0 1 1 0 0 2 2 1
2 0 0 0 0 2 1 1 2 0 0 2 2 1 1 2 1 0 1 2 1 2
2 0 0 0 0 1 1 1 2 1 0 1 2 2 0 0 0 0 0 2 1 2
2 0 0 0 0 1 2 2 2 0 0 2 1 2 0 1 0 0 1 2 2 2
2 0 0 0 1 2 1 1 2 2 1 2 2 1 0 2 1 0 0 2 2 1
2 0 0 1 0 0 1 0 2 0 1 2 2 1 0 1 1 0 1 2 2 0
2 0 0 0 1 1 0 2 2 0 1 2 2 0 0 0 0 0 0 2 2 1
1 0 0 1 0 2 1 2 2 0 1 2 2 1 0 2 1 0 1 2 2 1
1 1 0 0 0 1 1 2 2 2 2 2 0 1 0 2 2 0 0 2 2 1
1 0 0 0 0 1 0 1 2 1 1 2 1 0 0 1 2 0 0 2 1 1
2 0 0 1 0 1 0 1 2 1 1 2 2 1 1 0 1 0 0 2 2 1
1 0 0 1 0 0 0 1 2 1 1 2 2 2 0 2 1 0 0 2 2 2
2 0 0 0 0 1 0 2 2 1 1 2 2 2 0 1 1 0 2 2 2 1
2 0 0 0 0 2 0 1 2 0 2 2 2 2 0 2 2 0 0 2 1 0
2 0 0 0 0 1 1 1 2 1 2 2 2 0 0 1 0 0 0 2 2 1
2 0 0 0 0 2 1 1 2 1 0 2 2 2 0 2 1 0 1 2 1 1
2 1 0 0 0 0 1 1 1 2 1 2 1 2 0 2 1 0 1 2 2 2
1 0 0 0 0 1 0 2 2 0 0 2 1 2 0 2 1 0 0 2 2 1
2 0 0 1 0 1 1 0 2 0 0 2 1 1 0 2 0 1 0 2 2 1
2 1 0 1 0 2 1 2 2 1 1 2 1 1 0 2 1 0 0 2 2 1
2 0 0 1 0 1 0 2 2 2 0 2 1 0 0 2 2 0 0 2 2 1
2 0 0 0 1 1 2 0 2 2 1 2 2 0 1 2 0 0 0 2 2 2
2 0 0 0 0 1 1 1 2 0 2 2 2 0 1 2 1 0 0 2 2 0
2 0 0 0 0 1 1 0 2 1 1 2 2 2 0 2 2 0 0 2 2 2
2 0 0 0 0 1 0 1 2 1 0 2 2 1 0 2 2 0 0 2 1 2
1 0 0 0 0 1 1 0 2 2 1 2 1 1 0 2 1 0 0 2 2 1
2 1 0 0 0 2 1 2 2 1 1 2 2 2 0 2 1 0 1 2 1 0
1 0 0 1 0 1 0 1 2 2 1 2 1 2 0 2 2 0 0 2 2 1
2 0 0 0 1 2 1 0 2 1 1 2 2 2 0 2 0 0 0 2 2 1
2 0 0 0 1 2 1 0 2 1 1 2 2 2 0 2 1 0 0 2 2 2
2 0 1 0 0 2 0 1 2 1 1 2 1 1 0 2 0 0 0 2 2 0
1 1 0 1 0 0 0 0 2 1 2 2 1 1 0 2 0 0 1 2 2 1
2 0 0 0 0 2 1 1 2 1 2 2 2 0 0 2 0 0 0 2 1 2
2 0 0 0 0 1 0 0 2 0 2 2 2 2 0 2 1 0 1 2 1 2
2 0 1 0 0 2 0 1 2 2 1 2 2 2 0 2 2 0 1 2 2 1
2 0 0 0 0 1 2 0 2 0 1 1 1 1 0 1 0 0 2 2 1 1
2 0 0 0 0 2 1 0 2 2 1 2 2 2 0 2 1 0 0 2 2 1
2 0 0 1 0 2 0 1 2 1 0 2 1 2 0 1 0 0 0 2 1 1
2 0 1 0 0 1 0 1 2 1 1 1 2 2 0 2 2 0 2 2 1 2
2 0 0 0 0 0 1 0 2 0 1 1 2 2 0 2 0 0 1 2 1 1
2 0 0 0 0 0 1 2 2 1 1 2 2 1 0 1 0 0 0 2 2 1
2 0 0 0 0 2 1 1 2 0 2 2 2 0 0 1 2 0 0 2 2 0
2 0 0 0 0 2 1 1 2 2 0 2 2 2 0 2 1 0 1 2 2 0
2 0 0 1 0 1 2 1 2 1 0 2 1 0 0 1 1 0 0 2 2 1
2 0 0 0 0 1 0 1 2 0 2 2 1 0 1 2 1 0 0 2 2 0
2 0 0 0 0 1 1 1 2 1 0 2 2 2 0 1 1 0 1 1 2 1
2 0 0 0 1 1 1 0 2 1 1 2 2 0 0 2 1 0 0 2 1 1
2 1 0 0 0 1 1 0 2 2 0 2 2 1 0 2 2 0 0 2 2 1
2 0 0 0 0 1 1 2 2 1 0 1 2 2 0 2 0 0 0 2 2 2
2 0 0 0 0 1 0 1 2 0 0 2 2 0 0 2 1 0 0 2 2 2
2 0 0 0 1 1 1 0 2 1 1 2 2 1 1 2 1 0 1 2 2 0
2 0 1 0 0 1 1 1 2 1 2 2 2 1 0 2 1 0 0 2 2 1
2 1 0 1 0 2 1 2 2 0 2 2 2 2 0 1 1 0 0 2 2 1
2 0 0 0 0 2 0 1 2 0 1 2 2 1 0 2 1 0 0 2 1 2
1 0 0 0 0 1 1 0 2 0 2 2 2 1 0 2 2 0 0 1 2 0
2 0 1 0 0 2 0 0 2 1 1 2 2 1 0 2 1 0 0 2 2 0
2 0 0 1 0 1 0 1 2 0 1 2 0 0 1 2 1 0 0 2 2 1
2 0 0 0 0 2 1 0 2 1 2 2 2 2 0 1 1 0 1 2 2 0
2 0 0 1 0 1 0 0 2 0 1 2 2 2 0 2 0 0 0 2 2 1
2 0 1 0 0 1 1 2 2 0 0 2 2 0 0 2 1 0 0 2 2 2
2 0 0 0 0 1 0 1 2 1 1 2 2 2 0 2 1 1 0 2 2 1
2 0 0 0 0 1 0 0 2 1 0 2 2 1 0 2 0 0 1 2 0 1
2 0 0 0 0 2 1 1 2 1 2 2 1 1 0 2 0 0 0 2 0 2
1 0 0 0 0 1 1 2 2 2 2 2 1 1 0 1 1 0 0 2 2 1
2 0 0 0 0 0 1 2 2 1 2 1 2 1 0 2 2 0 1 2 0 1
2 0 0 1 0 2 1 2 2 2 1 2 1 1 0 2 1 0 0 2 2 1
2 1 0 1 0 0 1 1 2 0 1 1 2 1 0 2 0 0 0 2 2 0
2 0 0 0 0 1 1 1 2 1 1 2 1 2 0 2 0 0 0 2 2 2
2 0 0 0 1 2 1 1 2 1 1 2 2 2 1 2 0 0 1 2 1 1
2 0 0 2 0 0 1 1 2 1 1 1 2 1 1 2 1 0 1 2 1 2
2 0 0 0 0 1 0 2 2 1 2 2 2 1 1 2 1 0 0 2 2 2
2 1 0 0 0 2 0 1 2 0 2 2 2 0 0 2 2 0 0 2 2 0
2 1 0 0 0 0 1 1 2 0 0 2 2 1 0 2 1 0 0 2 1 0
2 0 0 0 0 2 0 2 2 1 1 2 0 2 0 1 0 0 1 2 2 1
2 0 0 0 0 2 0 1 2 1 1 2 2 2 0 2 2 0 1 2 2 1
1 0 0 0 1 2 1 0 2 0 1 2 1 1 0 1 0 0 1 2 1 1
2 0 0 1 0 2 1 2 2 1 1 1 1 1 0 2 2 0 0 2 2 1
1 1 0 0 0 1 1 1 2 1 0 2 2 2 0 2 1 0 1 2 2 2
1 0 0 0 0 2 1 0 2 0 1 2 2 2 0 2 1 0 2 2 2 1
2 0 0 0 0 1 0 2 2 0 1 1 1 0 0 2 2 0 1 2 2 2
1 0 0 0 0 2 0 1 2 1 2 1 0 1 0 2 1 0 0 2 1 2
2 0 0 0 0 1 0 1 2 1 1 2 1 1 0 2 2 0 0 2 2 2
2 0 1 0 0 1 0 1 2 0 1 2 2 1 0 2 1 0 1 2 1 2
1 0 0 0 0 2 1 1 2 2 2 1 2 1 0 2 1 0 0 2 1 1
2 1 0 0 1 0 0 0 2 1 1 2 2 2 0 2 1 0 0 2 2 0
2 0 1 0 0 0 2 2 2 2 0 1 2 1 0 1 0 0 1 2 2 1
2 0 0 0 1 1 2 1 2 0 1 2 2 0 1 2 2 0 0 1 2 1
2 0 1 0 0 1 0 1 2 1 1 2 2 0 0 1 2 0 1 2 2 1
2 0 0 0 0 0 0 1 2 1 1 2 2 1 0 2 0 0 0 2 1 2
2 1 1 0 1 0 0 1 2 1 0 2 1 1 0 1 2 0 0 2 1 0
2 0 0 0 1 1 0 0 2 1 0 1 2 1 0 2 2 0 0 2 2 0
2 0 0 0 0 1 1 2 2 0 1 2 1 0 0 2 1 0 2 2 2 0
2 0 0 0 0 2 2 2 2 2 2 2 1 0 0 2 1 0 0 2 2 1
2 0 0 0 0 1 0 2 2 1 0 2 2 1 0 1 1 0 0 2 2 2
2 0 0 1 0 1 2 0 2 1 2 2 2 1 0 2 1 0 0 2 0 2
2 0 1 0 0 2 1 2 2 0 1 2 1 2 0 2 2 0 0 2 1 1
2 1 0 1 0 1 1 1 2 1 1 2 2 2 0 2 0 0 1 2 1 1
1 1 0 1 0 0 1 1 2 0 1 1 1 0 0 2 0 0 1 2 1 1
2 0 0 0 0 1 1 0 2 0 2 2 2 2 0 2 2 0 1 2 2 2
2 0 1 0 1 1 1 1 2 0 1 2 2 1 0 2 2 0 0 2 1 2
2 1 0 0 0 0 0 1 2 1 2 2 2 2 0 2 2 0 1 2 2 0
2 0 0 0 0 1 1 2 2 1 1 2 2 1 0 2 1 0 0 2 2 2
2 1 0 0 0 1 1 1 2 1 1 2 2 2 0 1 1 0 0 2 1 1
2 1 1 0 0 2 1 2 2 1 0 1 0 2 0 2 2 0 0 2 2 2
2 2 0 0 0 2 1 0 2 0 2 1 1 0 0 2 2 0 0 2 1 1
2 0 0 0 0 2 1 2 2 1 1 2 2 1 0 2 0 0 0 2 2 2
2 0 0 1 0 1 0 0 2 0 1 2 2 2 0 1 1 0 1 2 1 1
2 0 0 0 0 1 0 0 2 1 0 1 2 1 0 2 1 0 1 2 1 1
2 0 1 0 0 1 1 2 2 0 0 2 1 1 0 1 2 0 0 2 2 0
2 0 0 0 0 0 2 2 2 1 1 1 1 1 0 2 0 0 0 2 2 0
2 0 0 0 0 1 0 1 2 1 0 2 2 1 0 2 0 0 0 2 1 1
2 0 0 0 0 2 1 1 2 0 0 2 1 1 1 1 2 0 1 2 2 1
2 0 0 1 0 2 1 0 2 0 2 2 1 2 1 2 1 0 0 2 2 1
2 0 1 0 0 1 0 1 2 2 1 2 2 1 0 2 1 0 1 2 1 2
2 0 1 0 0 0 0 0 2 1 1 2 2 2 1 2 2 0 0 2 1 2
2 0 0 0 0 1 1 2 2 1 2 2 2 2 0 2 0 0 1 2 0 1
2 0 1 0 1 2 0 1 2 0 0 1 2 1 0 2 1 0 0 1 2 0
2 0 0 0 0 0 1 1 2 1 2 2 2 1 0 2 1 0 0 2 2 2
2 1 0 0 1 1 2 1 2 1 1 2 2 1 1 1 1 0 0 2 2 2
2 0 0 0 0 2 1 0 2 2 1 2 2 0 0 1 1 0 0 2 2 1
2 0 0 0 0 1 1 1 2 2 0 2 2 2 0 2 0 0 0 2 0 2
2 0 0 0 1 1 0 1 2 2 1 1 2 1 0 2 1 0 1 2 2 0
2 0 0 0 0 1 0 2 2 2 2 1 2 2 0 2 1 0 1 2 1 1
2 0 1 0 0 0 0 0 2 0 0 2 2 2 0 2 1 0 1 2 1 2
1 0 0 0 0 1 2 1 2 0 2 2 2 0 0 1 0 0 1 2 2 1
2 0 1 0 0 1 0 1 2 1 0 2 2 1 0 2 1 0 1 1 2 1
1 0 0 1 0 2 2 1 2 1 1 2 2 2 0 2 2 0 1 2 2 1
2 0 0 0 0 2 0 2 2 1 2 2 2 1 2 1 1 0 0 2 2 2
1 0 1 0 0 0 1 1 2 1 2 2 2 1 0 2 2 0 1 2 1 0
2 0 0 0 0 2 0 1 2 1 0 1 2 2 0 2 0 0 0 2 1 1
2 0 0 0 0 1 0 0 2 1 0 2 2 1 0 2 1 0 0 2 2 1
1 0 0 0 1 1 1 1 2 0 1 2 1 2 1 0 1 0 0 2 1 2
2 0 0 0 0 0 0 1 2 0 2 1 1 1 0 1 2 0 2 2 2 1
1 0 0 0 0 2 0 1 2 0 1 2 1 1 0 2 1 0 1 2 1 0
2 0 0 0 0 1 1 1 2 0 1 2 1 2 0 2 1 0 1 2 2 2
2 0 0 0 0 1 2 1 2 0 2 1 2 2 0 2 1 0 0 2 2 2
2 0 0 0 0 1 2 1 2 0 0 2 2 1 0 2 1 0 0 2 1 1
2 0 0 0 1 1 0 1 2 2 0 2 2 2 0 1 1 0 1 2 1 2
2 1 0 0 0 1 1 1 2 1 0 2 2 2 0 2 1 0 0 2 2 1
2 0 0 0 0 1 1 1 2 2 2 2 2 1 0 1 0 0 0 1 2 2
1 0 0 1 0 1 2 1 2 0 1 1 2 2 0 2 2 0 1 2 0 0
2 1 0 0 1 1 1 2 2 1 2 1 1 1 0 2 0 0 1 2 2 2
2 0 1 1 0 1 1 1 2 2 1 2 2 2 0 1 1 0 1 2 1 1
2 0 1 0 0 2 1 0 2 1 1 2 2 1 0 2 0 0 0 2 1 1
2 0 0 0 0 2 0 1 2 1 1 2 2 2 0 2 2 0 0 2 2 2
2 0 0 0 0 1 0 0 2 0 1 2 1 2 0 2 1 0 0 2 1 0
2 0 2 0 0 0 2 2 2 1 2 2 2 2 0 2 1 0 0 2 2 1
2 0 0 1 0 0 0 1 2 2 1 2 1 0 0 2 1 0 2 2 2 1
2 0 0 0 0 1 1 2 2 2 1 2 2 0 0 2 0 0 2 2 1 2
2 0 1 0 1 0 1 1 2 0 2 2 2 1 0 2 1 0 1 2 2 0
2 1 0 0 0 2 0 1 2 0 0 1 2 0 0 2 1 0 1 2 1 1
2 0 0 1 0 0 0 0 2 0 1 2 0 2 0 2 1 0 0 2 1 2
2 0 0 0 1 0 1 1 2 2 2 1 2 2 0 2 1 0 1 2 2 0
1 0 0 0 1 2 1 1 2 2 1 1 2 2 0 2 1 0 0 2 2 2
2 0 1 0 0 2 1 2 2 0 0 2 2 2 0 2 1 0 1 2 2 1
2 0 0 1 0 1 1 1 2 0 1 2 2 2 0 2 2 0 2 2 2 1
2 0 0 0 0 2 0 0 2 0 1 2 2 2 0 2 0 0 1 2 0 1
0 0 0 0 0 1 1 1 2 1 1 2 2 2 0 1 2 0 0 2 2 0
2 1 0 0 0 1 1 2 2 0 0 2 2 2 0 2 1 0 0 2 2 1
2 0 0 0 0 1 0 1 2 0 2 2 2 1 0 2 0 0 1 2 2 2
2 0 0 0 0 0 1 1 2 1 2 2 2 1 1 2 1 0 0 2 2 0
2 1 0 0 0 2 2 0 2 2 1 1 2 0 0 2 1 0 1 2 1 1
2 0 0 0 0 1 1 1 2 2 0 2 2 2 0 2 1 0 2 2 2 1
2 0 0 0 0 2 0 1 2 2 1 2 1 2 0 2 2 0 1 2 2 1
1 0 0 0 0 1 1 1 2 2 1 2 2 2 1 2 1 0 1 2 2 1
1 1 0 0 0 0 0 2 2 0 0 1 2 2 0 2 2 0 0 2 2 0
2 0 0 0 0 1 0 0 2 1 2 2 1 1 0 2 0 0 0 2 2 1
1 0 0 0 0 1 1 0 2 2 1 1 1 2 1 2 0 0 0 1 1 1
2 0 0 0 0 2 0 2 2 0 1 2 2 1 0 2 1 0 1 2 2 1
1 0 0 0 0 0 0 2 2 2 1 2 1 2 1 2 1 0 0 2 2 2
2 0 1 1 0 0 0 0 2 1 0 2 1 2 1 2 1 0 0 2 2 2
2 0 0 0 1 1 1 1 2 0 1 2 2 1 0 2 0 0 0 0 1 0
2 1 0 1 0 1 1 0 2 2 1 1 2 0 0 2 2 0 0 1 1 0
2 1 1 0 0 1 1 2 2 0 1 2 1 2 1 2 1 0 0 2 2 0
2 0 0 0 0 2 1 1 2 1 1 2 2 1 0 2 2 0 0 2 2 1
2 0 0 0 1 0 0 1 2 2 2 0 2 2 0 1 0 0 1 2 1 0
2 0 0 0 0 2 0 2 2 2 1 2 2 1 1 1 1 0 0 2 2 1
2 0 0 0 0 1 1 0 2 1 2 2 2 1 0 2 2 0 0 2 2 1
2 0 1 0 0 0 1 2 2 1 0 1 2 2 0 2 1 0 0 2 1 2
1 0 0 0 0 1 0 1 2 1 0 2 2 1 0 1 1 0 1 2 2 0
2 0 0 0 0 0 1 1 2 2 1 2 2 2 0 2 2 0 0 2 1 1
2 0 0 0 0 0 2 1 2 0 2 1 2 2 1 1 1 0 0 2 2 0
2 0 0 0 0 0 1 1 2 0 1 2 1 0 0 2 0 0 1 2 2 1
2 0 0 0 0 1 1 2 2 2 2 2 2 2 0 2 1 0 0 2 2 2
2 0 0 0 0 0 0 2 2 2 0 2 1 1 0 2 2 0 0 2 1 1
2 0 0 0 0 2 1 0 2 1 0 2 2 2 0 2 1 0 2 2 1 0
1 0 0 0 0 1 1 1 2 1 1 2 2 1 0 2 1 0 1 2 2 1
2 1 0 1 0 1 0 1 2 0 1 2 2 2 0 2 2 0 0 2 2 2
2 2 0 0 0 1 1 1 2 0 0 2 2 2 0 1 2 0 0 1 1 2
2 0 0 0 0 2 1 2 2 0 0 1 2 2 1 1 0 0 0 2 2 1
2 0 0 0 0 1 2 1 2 2 1 2 2 2 0 2 1 0 0 2 2 1
2 0 0 0 0 0 2 1 2 2 0 2 2 1 0 2 1 0 0 2 2 2
1 0 0 0 0 1 1 1 2 1 1 2 2 0 0 2 2 0 0 2 2 1
2 0 0 0 0 0 0 1 2 0 1 1 1 1 1 1 0 0 1 2 1 1
2 1 1 1 1 2 2 2 2 2 2 1 2 1 0 2 0 0 0 2 2 2
2 0 0 0 0 1 0 0 2 0 1 2 1 2 0 2 1 0 1 2 2 2
2 0 0 0 0 1 0 2 2 0 1 1 2 1 0 2 1 0 1 2 1 1
2 0 0 0 0 1 0 1 2 1 0 2 2 1 0 2 1 0 1 2 2 1
2 0 0 0 0 0 0 2 2 1 0 2 1 2 0 2 1 0 1 2 2 0
1 0 0 0 0 2 1 1 2 0 1 2 1 2 0 2 1 0 1 2 1 2
2 0 0 0 0 1 1 0 2 2 1 1 2 2 1 1 0 0 1 2 2 2
2 0 2 0 0 0 0 0 2 1 0 2 2 1 0 2 1 0 1 2 1 1
2 0 0 0 0 1 0 0 2 1 1 2 2 2 1 2 2 0 1 2 2 2
1 0 0 0 0 2 1 0 2 2 1 2 2 2 1 2 1 0 1 2 2 0
2 0 0 0 0 0 0 1 2 1 2 2 2 1 0 2 1 0 0 2 2 2
2 0 0 0 0 2 0 0 2 1 1 2 2 1 0 2 1 0 1 2 2 0
2 1 0 0 0 0 0 2 2 2 2 2 2 1 0 2 2 0 0 2 2 1
2 0 0 1 0 0 0 2 2 1 1 2 2 2 0 2 1 0 0 2 2 0
2 0 0 0 0 1 1 0 2 1 2 2 1 2 0 2 1 0 2 2 2 2
2 1 0 0 0 1 1 1 2 1 2 1 2 1 0 2 1 0 0 2 2 2
2 0 0 0 0 2 2 2 2 1 1 2 1 1 0 2 0 0 0 2 2 2
2 0 0 0 0 1 1 1 2 0 2 2 2 1 1 1 2 0 2 2 2 1
2 0 0 0 0 1 0 0 2 0 2 2 1 1 0 1 1 0 0 2 2 1
1 0 0 0 0 0 1 2 2 0 1 1 2 1 0 2 1 0 0 2 1 2
2 0 0 1 0 1 0 1 2 0 0 2 2 2 1 1 2 0 0 2 1 0
2 0 0 0 0 1 0 1 2 0 0 2 2 2 0 2 0 0 0 2 1 2
2 0 0 0 0 2 1 1 2 1 1 1 2 2 0 1 1 0 1 2 1 0
2 0 0 0 0 1 2 1 2 1 1 2 2 2 0 1 1 0 0 1 2 2
2 1 0 1 0 2 0 0 2 1 1 2 1 2 0 2 1 0 0 2 1 1
2 0 1 0 0 1 1 1 2 2 2 1 2 2 1 2 0 0 0 2 2 1
1 0 0 0 0 0 1 0 2 1 1 2 2 1 1 2 2 0 1 2 2 2
2 0 0 1 0 1 1 2 2 0 1 2 1 1 0 2 0 0 0 2 2 2
2 0 1 1 0 1 1 0 2 0 1 2 2 2 0 1 1 0 0 2 2 2
2 0 0 1 0 0 0 1 2 1 2 2 2 2 0 2 1 0 1 2 2 1
2 0 0 0 0 1 2 0 2 1 2 2 2 1 1 1 2 0 0 2 1 1
2 0 0 0 0 0 0 0 2 1 0 1 1 2 0 2 1 0 0 2 1 0
1 0 0 1 0 1 0 0 2 1 1 2 2 2 0 2 2 0 1 1 2 2
2 0 0 1 0 1 0 1 2 1 1 2 2 1 0 2 2 0 2 2 2 2
2 1 0 0 0 0 0 0 2 1 0 2 1 2 0 2 2 0 2 2 2 0
2 0 0 0 0 2 1 1 2 1 1 2 2 2 0 2 1 0 0 2 1 2
2 0 0 0 0 0 2 0 2 1 1 0 2 1 0 1 1 0 0 2 2 0
2 1 0 0 0 1 1 1 2 0 1 0 1 1 1 2 1 0 1 2 2 0
2 0 0 0 0 1 1 0 1 2 2 2 2 1 1 1 1 0 1 2 1 0
2 0 0 2 0 1 0 0 2 0 1 2 2 2 1 2 2 0 1 2 1 2
1 0 0 0 0 1 1 0 2 1 1 2 2 2 0 2 1 0 0 2 2 0
2 0 0 0 0 2 1 2 2 1 1 1 1 2 0 2 2 0 1 1 2 1
2 1 0 0 1 2 0 1 2 0 1 2 1 2 0 2 1 0 0 2 2 0
1 1 0 1 0 0 1 0 2 1 1 2 2 2 0 1 2 0 1 2 2 1
2 0 0 1 0 1 0 2 2 1 0 2 2 2 0 2 1 0 0 2 1 1
2 0 0 1 0 2 2 1 2 2 2 2 2 1 0 1 1 0 1 2 1 2
2 0 0 0 0 1 2 0 2 2 1 1 2 2 0 2 2 0 1 1 1 0
2 0 0 0 0 0 1 1 2 2 1 2 1 2 0 2 0 0 0 2 1 2
2 0 0 0 0 2 1 1 2 1 2 2 2 2 0 2 1 0 1 2 1 0
1 0 0 0 0 2 1 0 2 0 1 2 2 2 0 1 2 0 1 2 2 0
2 0 0 0 0 0 1 0 2 1 1 1 2 1 0 2 1 0 0 2 1 0
2 0 0 0 1 0 1 0 2 1 0 2 2 1 1 2 0 0 0 2 2 2
2 0 0 0 0 1 0 1 2 1 1 1 2 2 1 2 0 0 1 2 2 0
2 1 0 0 0 1 1 2 2 0 1 1 1 2 0 2 0 0 1 2 1 0
2 1 0 0 0 0 0 0 2 0 1 1 1 1 0 2 1 0 0 2 2 0
2 0 0 0 0 2 0 2 2 2 0 2 0 1 0 1 2 0 0 2 2 2
2 1 0 1 0 2 1 1 2 0 2 1 2 1 0 1 1 0 1 2 2 2
1 0 0 0 0 1 1 1 2 1 1 2 1 0 0 2 2 0 1 1 1 1
2 0 1 0 0 2 0 1 1 1 1 1 2 2 0 2 0 0 0 2 2 1
2 0 0 0 1 1 1 1 2 2 2 2 2 2 0 2 1 0 0 2 2 1
2 0 0 0 0 1 1 1 2 1 0 2 2 1 0 2 0 0 0 2 2 1
2 0 0 1 0 1 0 1 2 1 2 2 1 2 0 2 2 0 0 2 2 0
2 0 0 1 0 1 2 0 2 2 0 2 2 2 2 1 1 0 0 2 1 2
2 0 0 0 0 0 0 1 2 0 1 1 0 1 0 2 0 0 0 2 2 1
2 0 0 0 0 0 1 2 2 0 2 2 1 1 0 2 1 0 0 2 2 1
2 0 0 0 0 2 2 1 2 1 1 0 1 2 0 2 0 0 0 2 2 0
2 0 0 1 0 1 1 0 2 1 1 2 2 2 0 2 1 0 1 2 2 2
1 0 0 0 0 0 2 2 2 1 2 2 2 0 0 1 1 0 1 2 2 0
1 0 0 1 1 1 1 0 2 1 0 2 1 1 0 2 2 0 1 2 2 1
2 0 0 0 0 1 1 1 2 0 1 2 2 1 0 2 1 1 1 2 2 0
2 0 0 0 0 2 0 2 2 0 1 2 1 0 0 2 2 0 1 2 2 2
2 2 0 0 0 2 2 0 2 1 1 2 2 2 0 2 0 0 0 1 2 1
2 0 0 0 1 1 0 0 2 1 1 2 2 1 0 0 1 0 0 2 2 1
2 0 1 0 0 1 1 2 2 1 1 2 2 0 0 0 0 0 1 2 2 2
2 1 0 0 0 1 1 2 2 2 1 2 2 1 0 2 1 0 0 2 2 2
2 0 0 0 0 1 1 1 2 0 2 1 2 1 0 1 1 0 2 2 2 2
2 0 0 0 1 1 1 1 2 1 1 1 2 1 0 1 1 0 0 2 2 2
2 0 1 0 0 2 1 1 2 1 1 1 2 1 0 2 1 0 0 2 2 2
2 0 0 1 0 2 2 1 2 1 1 2 1 1 0 1 1 0 1 2 2 1
2 0 0 0 0 1 1 0 2 0 1 2 2 2 0 2 2 0 0 2 2 1
2 0 0 1 0 1 0 1 2 1 1 1 2 2 0 1 0 0 0 2 2 2
2 0 0 0 0 2 1 0 2 0 1 2 1 2 0 1 1 0 0 2 2 2
2 0 0 0 0 2 1 1 2 0 2 1 1 1 0 2 2 0 0 2 2 1
2 0 0 0 0 0 1 1 2 1 1 2 1 1 0 2 2 1 0 2 2 1
2 0 0 1 0 2 2 1 2 1 2 1 1 2 1 1 0 0 0 2 2 0
1 0 1 0 0 2 0 0 2 1 1 2 2 1 0 2 2 0 0 2 2 1
2 0 0 0 0 1 2 1 2 1 1 2 2 2 0 1 1 0 1 2 2 1
1 0 0 0 0 1 1 1 2 2 0 2 2 1 0 2 1 0 1 2 1 1
2 0 0 0 0 2 2 0 2 1 1 2 1 2 0 2 1 0 0 2 2 0
2 0 1 1 0 2 0 1 2 1 1 2 2 2 1 2 1 0 2 2 1 1
2 0 0 0 0 1 1 2 2 1 2 2 2 2 0 1 1 0 0 2 2 1
2 0 0 0 0 0 1 1 2 0 1 2 2 1 0 2 2 0 0 1 2 1
1 0 1 1 0 2 0 0 2 1 1 2 1 2 0 1 1 0 0 2 2 0
2 0 2 1 0 1 1 2 2 0 0 2 2 1 0 2 2 0 2 2 2 1
2 0 0 0 0 1 2 1 2 1 0 2 1 2 0 2 2 0 1 2 2 2
2 0 0 1 0 1 0 2 2 0 1 2 2 1 0 2 2 0 1 2 2 2
1 0 0 1 0 1 2 1 2 0 2 2 2 1 0 2 0 0 0 2 2 0
2 0 0 1 0 1 2 0 2 1 2 2 2 1 0 1 2 0 1 2 1 2
2 0 0 1 0 1 2 0 2 0 0 2 1 1 0 2 0 0 0 2 2 2
1 1 0 0 0 2 2 2 2 1 0 2 2 2 0 1 1 0 1 1 2 1
2 0 0 0 0 0 0 1 2 1 1 1 2 1 0 2 0 0 0 1 2 2
1 0 0 0 0 2 2 1 2 1 1 2 2 1 0 2 2 0 1 2 2 2
2 0 1 0 0 2 0 1 2 1 1 0 1 1 2 2 1 0 0 2 2 1
2 1 0 0 0 1 0 1 2 0 2 1 0 1 0 2 1 0 0 2 2 2
2 1 1 0 1 2 0 1 2 0 1 2 2 2 0 2 2 0 0 2 1 1
2 0 0 0 0 2 2 0 2 1 2 2 1 2 0 1 2 0 1 2 2 2
2 0 0 0 0 0 0 0 2 2 2 2 2 1 0 1 1 0 1 2 2 0
1 0 1 0 0 0 1 0 2 1 0 2 2 0 0 2 2 0 0 2 2 1
2 0 0 1 0 1 2 1 2 1 1 2 2 0 0 2 0 0 0 2 1 1
2 0 0 1 0 1 1 1 2 1 0 2 2 1 0 2 1 0 0 2 1 2
2 0 0 0 0 1 0 0 2 0 1 1 1 1 0 2 2 0 1 2 1 1
2 0 0 0 0 0 2 0 2 1 0 2 2 2 0 2 1 0 1 2 2 1
2 0 0 0 0 0 1 0 2 0 0 2 2 2 0 2 2 0 0 2 2 1
2 0 0 1 0 1 1 0 2 2 1 2 2 1 0 2 1 0 1 2 2 2
2 0 0 1 0 1 1 1 2 1 1 2 2 1 0 1 1 0 1 1 1 1
2 1 0 0 1 1 1 0 2 1 2 2 2 1 0 2 1 0 1 2 1 1
2 0 0 0 0 2 0 1 2 0 2 2 2 2 0 1 1 0 0 1 2 1
2 0 0 0 0 1 0 1 2 0 1 1 2 2 0 2 2 0 0 1 2 1
2 0 0 0 0 2 0 1 2 1 1 2 2 2 0 1 1 0 1 2 1 1
2 0 0 0 0 1 2 1 2 1 1 2 2 2 1 2 0 0 0 2 2 2
2 0 0 0 0 2 1 1 2 0 2 2 2 2 0 1 0 0 0 2 2 1
2 0 0 0 0 1 1 1 2 2 0 2 2 1 0 2 2 0 0 2 2 1
2 0 0 0 0 1 1 1 2 0 0 1 1 2 0 2 1 0 2 2 2 1
2 0 0 0 0 0 0 2 2 1 1 2 2 1 0 2 1 0 0 2 1 1
2 1 1 0 1 1 1 0 2 1 1 2 2 1 0 2 1 0 0 2 1 2
2 0 1 1 0 1 0 1 2 1 1 2 2 2 0 1 2 0 0 2 2 2
2 0 0 0 0 0 0 2 2 1 2 2 2 1 0 2 2 0 1 2 2 1
1 1 2 0 1 1 1 1 2 1 0 1 2 2 0 2 1 0 1 2 2 0
2 0 0 0 0 2 1 2 2 1 1 2 2 2 0 2 2 0 1 2 2 0
2 0 0 0 0 1 0 0 2 1 2 1 1 1 0 2 0 0 0 2 2 2
2 0 0 0 0 1 2 1 2 0 1 2 1 2 0 2 1 0 1 2 2 1
1 0 0 0 0 1 0 0 2 1 2 1 2 1 0 2 1 0 0 2 2 1
2 0 1 0 1 0 1 1 2 2 2 1 2 2 0 2 1 0 1 2 2 1
2 1 0 1 0 0 2 2 2 0 2 0 1 1 1 2 1 0 0 2 2 2
2 0 0 0 0 1 2 2 2 2 2 2 2 1 1 1 1 0 0 2 2 1
2 0 0 0 0 1 1 0 2 1 2 2 1 2 1 2 1 0 1 2 2 2
2 0 0 1 0 0 1 1 2 0 1 2 2 2 0 2 1 0 0 2 1 1
2 0 1 1 0 2 1 1 2 1 1 2 2 2 0 2 2 0 1 2 1 0
2 0 0 0 0 1 0 1 2 1 1 2 2 0 0 2 2 0 1 2 2 2
2 1 1 0 0 2 0 0 2 1 2 1 2 1 1 2 0 0 0 1 2 1
2 0 0 0 0 2 1 1 2 1 1 1 2 0 1 2 2 0 0 2 1 1
2 0 0 0 0 1 1 0 2 2 1 2 0 2 1 1 0 0 0 2 2 1
2 0 0 0 1 0 0 1 2 1 1 2 1 0 0 2 1 0 1 2 2 1
2 0 0 0 0 1 0 2 2 0 2 2 2 2 0 2 1 0 1 2 2 0
2 0 0 0 0 1 1 1 2 1 0 2 2 1 1 2 2 0 0 2 0 1
2 0 0 0 1 0 0 0 2 0 1 1 2 2 0 2 2 0 0 2 2 2
2 0 0 0 0 2 0 0 1 0 2 2 1 2 0 2 1 0 1 2 1 1
2 1 0 0 0 1 2 0 2 2 0 2 2 2 0 2 1 0 0 2 1 0
2 1 0 0 0 1 0 1 2 2 0 2 2 2 0 2 2 0 2 2 2 1
2 1 0 0 0 0 1 1 2 0 0 2 2 2 1 2 2 0 1 2 1 0
2 0 0 0 0 2 1 2 2 2 0 1 2 2 0 1 2 0 1 2 2 0
2 0 1 0 0 1 0 2 2 1 1 2 2 2 0 2 1 0 0 2 1 1
2 0 0 0 0 1 1 0 2 0 1 2 0 2 0 1 0 0 0 2 2 2
2 0 0 0 0 1 0 1 2 1 0 2 2 1 0 1 1 0 0 2 2 0
1 1 0 0 0 0 0 2 2 1 1 2 2 0 0 2 2 0 2 2 2 1
2 1 0 1 0 0 0 0 2 1 2 2 2 1 0 2 2 0 0 2 2 2
2 0 0 0 0 2 0 2 2 1 1 2 2 2 0 1 1 0 1 2 2 1
2 0 0 0 0 2 1 2 2 0 2 0 1 1 0 2 0 0 0 2 1 2
2 0 0 0 0 1 0 2 2 1 0 2 2 1 0 1 2 0 0 2 2 1
2 0 0 0 0 2 1 1 2 0 1 2 2 1 0 2 0 0 0 2 2 1
2 0 0 0 0 1 0 2 2 1 2 2 2 2 0 2 0 0 0 2 1 0
2 0 1 0 0 1 1 1 2 0 1 2 2 2 0 2 1 0 1 2 2 1
1 0 0 1 0 1 1 0 2 1 0 2 2 1 0 2 0 0 0 2 2 2
2 0 0 0 0 2 0 1 2 0 1 2 2 1 0 2 0 0 2 2 2 1
1 1 0 0 0 0 1 0 2 2 2 2 2 1 0 2 1 0 0 2 2 1
2 0 0 0 0 1 1 2 2 1 2 2 2 2 0 2 1 0 0 2 0 2
2 0 0 0 0 2 1 1 2 0 2 2 2 2 0 2 0 0 0 2 1 1
2 1 0 0 1 1 1 0 2 0 1 2 2 1 0 2 1 0 1 2 1 2
2 1 0 0 0 1 0 2 2 1 0 2 2 2 0 2 0 0 1 2 1 0
2 1 0 0 0 1 1 1 2 1 2 2 2 2 0 2 0 0 0 2 1 2
2 0 0 0 0 2 1 1 2 1 2 1 2 0 0 1 0 0 2 2 0 0
2 1 0 0 0 0 1 1 2 1 1 2 2 1 1 1 2 0 1 2 1 2
2 0 0 0 0 0 0 0 2 2 1 1 1 1 0 2 0 0 0 2 0 1
2 0 0 0 0 2 0 2 2 1 1 2 2 2 0 2 2 1 0 2 2 1
2 1 0 0 0 1 1 1 2 0 2 2 1 1 0 1 1 0 1 2 2 1
2 0 0 0 0 0 1 1 2 1 1 1 1 0 1 2 0 0 1 2 2 1
2 2 0 0 0 0 1 1 2 2 1 1 1 2 1 2 2 0 0 2 2 1
2 0 1 0 0 0 2 1 2 0 2 2 2 1 0 1 1 0 0 2 1 1
2 0 0 1 0 2 1 1 2 1 1 2 2 1 0 2 0 0 0 2 1 1
2 0 0 0 0 1 0 1 2 1 2 2 2 2 1 1 1 0 1 2 2 1
2 0 0 0 0 1 0 1 2 1 0 2 2 2 0 2 0 0 0 2 2 0
2 0 0 0 1 2 1 0 2 2 0 2 2 2 0 2 1 0 0 2 2 1
2 0 0 0 0 2 0 0 2 1 1 1 2 1 1 2 2 0 0 2 0 2
2 0 0 0 0 1 1 0 2 1 1 2 2 2 0 2 0 0 0 2 2 2
1 0 0 0 1 0 0 1 2 0 1 2 2 2 0 2 2 0 2 2 2 1
2 0 0 0 0 2 1 0 2 1 1 2 1 2 0 2 1 0 1 1 2 1
2 0 1 0 0 1 0 2 2 2 1 2 2 2 0 2 0 0 0 2 0 1
2 0 0 0 0 2 1 1 2 1 1 2 2 1 0 2 0 0 0 2 2 2
2 0 0 0 0 2 0 2 2 1 0 2 2 1 0 2 1 0 1 2 2 2
2 1 0 0 1 2 1 2 2 1 2 2 2 2 0 2 1 0 1 2 2 1
2 0 0 0 0 0 0 1 2 2 1 0 2 2 0 1 1 0 0 2 0 1
1 0 0 0 0 2 0 1 2 1 2 2 2 2 0 2 1 0 0 2 2 0
2 0 1 0 1 2 2 1 2 0 0 2 1 1 0 2 1 0 1 2 2 1
2 1 0 0 0 2 0 0 2 0 0 1 2 2 1 2 2 0 0 2 2 0
2 0 1 0 0 1 1 1 2 2 1 2 2 1 0 2 2 0 0 2 1 1
1 0 0 0 1 2 0 1 2 1 1 2 2 1 0 1 0 0 1 2 2 0
1 0 0 0 0 2 0 2 2 2 1 2 2 2 0 2 0 0 0 2 1 2
2 0 1 0 1 2 0 1 2 1 2 2 2 2 0 1 1 0 2 2 1 1
2 0 1 0 0 1 1 0 2 1 2 2 2 1 0 2 0 1 0 2 0 2
2 0 0 0 0 0 1 2 2 0 2 1 1 1 0 2 1 0 0 2 2 2
2 0 0 0 0 0 0 1 2 2 2 2 2 1 0 2 1 0 0 1 2 1
2 0 0 0 0 2 1 0 2 1 2 2 2 1 0 2 1 0 0 2 2 1
2 0 0 0 0 1 1 1 2 0 2 2 2 1 1 2 0 0 1 2 1 1
2 0 0 0 0 1 2 2 2 1 1 2 2 1 0 2 1 0 1 2 2 0
2 1 0 0 0 1 0 0 2 1 0 2 2 1 1 2 2 0 0 2 2 0
2 0 0 0 0 0 0 2 2 1 1 1 2 2 0 2 1 0 0 2 2 0
2 1 0 0 1 2 0 1 2 2 0 2 2 2 0 0 0 0 0 2 2 1
2 0 0 0 0 0 1 1 2 0 0 2 2 1 0 1 1 1 0 2 2 1
2 0 0 0 0 0 1 2 2 1 1 2 2 2 0 2 0 0 1 2 2 1
2 0 0 0 1 1 1 1 2 2 1 2 2 2 0 1 1 0 1 2 2 1
1 0 0 0 0 2 0 1 2 0 0 2 2 1 0 2 1 0 0 2 1 0
2 1 0 0 1 1 2 0 2 1 2 2 1 2 0 2 1 0 0 2 1 0
2 0 0 0 0 1 1 0 2 1 1 2 2 1 1 1 0 0 1 2 2 0
2 0 1 0 0 1 0 1 2 2 1 2 0 1 0 2 2 0 1 2 2 1
2 0 0 0 0 2 1 1 2 0 0 2 1 1 1 1 2 0 0 2 2 1
2 1 0 1 0 0 1 1 2 2 0 2 2 1 0 2 1 0 0 2 2 2
2 0 0 1 0 1 0 2 2 1 0 2 2 0 0 2 2 0 2 2 1 1
2 1 0 0 0 2 0 1 2 0 1 2 2 1 0 2 2 0 0 2 1 1
2 0 0 0 0 0 1 1 2 1 0 2 2 1 0 2 0 0 0 2 2 2
2 1 1 0 0 1 1 1 2 0 1 2 2 2 0 2 0 0 0 2 2 2
2 0 0 0 0 2 0 2 2 1 2 2 1 2 0 2 1 0 1 2 2 1
2 0 0 0 0 0 2 2 2 0 2 1 2 2 0 2 1 0 0 2 2 1
2 0 0 0 0 2 2 2 2 0 1 1 2 1 0 2 0 0 0 2 1 1
1 2 0 0 0 2 0 2 2 2 1 2 2 2 0 2 0 0 1 2 2 2
2 0 0 1 0 2 1 0 2 2 1 2 1 1 0 1 0 0 0 2 2 1
2 0 1 0 0 1 2 0 2 2 2 2 2 2 0 2 2 0 1 2 1 1
2 0 0 0 1 1 1 0 2 1 2 2 2 2 1 2 1 0 0 2 2 2
2 1 0 0 0 1 1 2 2 2 0 2 2 1 0 2 2 0 1 2 2 2
1 0 0 0 0 2 0 0 2 1 1 1 2 1 1 1 0 0 0 2 2 1
2 0 0 0 0 1 0 1 2 2 2 1 2 2 0 2 2 0 1 2 2 2
2 0 0 0 0 1 1 2 2 0 1 2 2 2 0 2 2 0 0 2 2 1
2 0 0 1 0 1 2 0 2 0 1 2 0 2 1 2 1 0 1 2 2 2
2 1 1 0 0 2 0 1 2 1 1 2 2 1 0 2 1 0 1 2 2 1
2 0 0 0 0 2 1 1 2 1 1 2 2 1 0 2 2 0 2 2 2 1
2 0 1 0 0 2 0 1 2 0 2 2 2 0 0 2 1 0 0 2 1 1
2 0 0 0 0 0 1 2 2 2 2 2 1 2 1 2 0 0 0 2 1 1
2 0 0 0 0 2 1 1 2 2 2 2 2 2 1 2 2 0 0 2 2 2
1 1 0 0 0 2 0 0 2 0 2 2 1 1 1 2 1 0 0 2 2 1
2 0 0 0 0 1 0 0 2 1 2 2 2 2 1 2 1 0 0 2 2 0
2 0 0 0 0 1 1 0 2 1 2 1 2 2 0 2 1 0 1 2 1 2
2 0 1 0 0 0 2 0 2 0 2 2 2 2 0 2 1 0 0 2 2 1
2 1 0 0 0 0 1 2 2 1 0 1 2 0 0 2 2 0 0 2 1 1
2 0 0 0 0 0 2 0 2 0 1 2 2 1 0 2 2 0 1 2 1 2
2 0 0 1 0 0 1 1 2 1 0 2 2 1 0 2 2 0 1 2 1 2
2 0 0 0 0 1 2 1 2 1 2 2 2 1 0 1 1 0 0 2 1 0
2 2 0 0 0 0 0 1 2 1 1 2 1 0 0 2 2 0 1 2 2 0
2 1 0 0 0 1 0 1 2 1 1 2 2 2 0 1 2 0 0 2 1 2
2 1 0 0 0 1 1 2 2 2 2 2 2 1 0 1 2 0 0 1 2 1
2 0 0 0 0 0 1 0 2 1 1 1 2 1 0 2 0 0 0 2 1 0
2 0 0 0 0 0 2 2 2 1 1 2 1 1 1 2 0 0 0 2 1 0
2 1 0 0 1 2 1 1 2 1 1 2 2 1 1 2 0 0 0 2 2 2
1 0 0 0 0 1 0 1 2 1 0 2 2 2 0 2 1 0 1 2 1 1
2 0 0 0 0 0 0 2 2 0 1 2 2 2 0 2 2 0 1 2 2 0
2 0 0 0 0 0 2 1 2 0 1 2 0 1 0 2 1 0 0 2 2 0
1 0 0 0 0 2 1 1 2 1 0 2 1 1 0 2 2 0 0 2 2 1
1 0 0 1 0 1 0 1 2 1 2 2 1 2 0 1 1 0 1 2 2 2
2 0 0 0 0 1 2 1 2 1 0 2 2 1 0 2 0 0 0 1 1 2
2 1 0 0 0 2 0 1 2 2 1 2 2 2 0 2 1 0 0 2 2 1
2 0 1 0 1 1 1 0 2 1 1 1 2 2 0 2 2 0 0 2 2 1
2 0 0 0 0 1 0 0 2 2 2 1 2 2 0 2 2 0 0 2 2 1
2 1 0 0 1 0 2 0 2 1 2 2 2 2 1 2 1 0 1 2 2 1
2 1 0 0 0 1 1 2 2 1 0 1 2 1 0 1 1 0 0 2 0 1
2 0 1 0 0 2 1 0 2 1 2 1 2 2 0 1 2 0 0 2 2 2
2 0 0 0 1 2 1 2 2 2 1 2 2 2 0 2 2 0 0 2 1 1
2 1 0 0 0 0 1 1 2 1 1 1 2 1 0 2 1 0 0 2 2 1
2 0 0 0 0 1 0 2 2 0 2 2 2 1 0 2 1 0 1 2 1 0
1 1 0 0 0 1 0 0 2 1 1 0 1 1 0 1 1 0 1 2 2 0
2 1 0 0 0 1 1 1 2 2 2 2 1 2 0 2 2 0 0 2 2 2
2 1 0 0 0 0 1 1 2 0 1 1 2 0 1 1 1 0 1 2 2 1
1 0 0 0 0 1 1 1 2 0 0 2 2 2 1 1 1 0 0 2 2 1
2 0 0 0 0 1 1 1 2 0 2 2 2 1 0 2 1 0 0 2 2 2
2 0 0 0 0 1 0 0 2 0 2 0 1 2 0 2 0 0 1 2 1 1
2 0 0 1 0 0 0 0 2 0 0 2 2 1 0 2 1 0 0 2 2 2
2 0 0 0 0 2 1 0 2 2 1 2 2 1 1 2 0 0 0 2 2 0
2 0 0 0 0 2 2 1 2 1 1 2 2 1 0 2 2 0 1 2 2 1
2 1 1 0 0 2 0 2 2 0 0 2 2 1 0 2 1 0 0 2 1 1
2 0 0 0 0 1 1 1 2 0 1 2 2 1 0 2 2 0 0 2 2 2
2 0 0 0 0 0 1 1 2 2 2 2 2 2 0 1 0 0 1 2 2 1
2 0 0 0 0 0 2 1 2 1 0 1 2 0 0 2 1 0 0 2 2 1
2 0 0 0 0 1 1 1 2 0 1 2 2 1 0 1 2 0 1 2 2 1
2 0 0 0 0 1 1 0 2 0 2 2 1 2 0 2 1 0 0 2 2 0
2 0 0 0 0 2 0 2 2 1 1 2 2 1 0 2 2 0 1 2 1 1
2 1 1 0 1 0 0 2 2 1 0 1 1 2 0 2 1 0 0 2 2 0
1 0 1 0 0 1 1 0 2 0 1 2 0 1 1 2 2 0 0 2 2 2
2 0 0 0 0 2 0 1 2 2 1 2 2 1 0 1 0 0 1 2 2 1
2 0 0 1 0 1 0 1 2 1 1 2 1 1 0 2 0 0 0 2 2 2
2 1 0 0 0 2 2 1 2 1 1 1 2 1 0 2 2 0 0 2 2 1
2 0 0 1 1 2 1 1 2 0 2 1 2 2 0 2 0 0 0 2 0 0
2 0 0 0 0 0 1 2 2 0 0 2 2 1 0 2 2 0 1 2 1 2
2 0 0 0 0 0 0 1 2 1 0 2 2 0 0 1 2 0 0 2 1 2
1 0 0 1 0 2 1 1 2 1 1 2 2 2 0 1 2 0 1 2 1 1
2 0 0 0 0 1 0 1 2 1 0 2 1 2 0 2 1 0 1 2 2 1
2 0 0 0 1 1 1 0 2 1 1 2 2 1 0 2 1 0 0 2 1 1
1 0 0 0 0 1 1 0 2 0 1 2 2 2 1 2 1 0 0 2 2 2
2 0 0 0 0 1 2 0 2 0 1 2 2 1 0 2 0 0 1 2 1 2
2 0 0 0 0 1 0 0 2 1 2 2 2 2 0 2 1 0 0 2 2 2
2 0 1 0 0 0 1 2 2 1 0 1 1 1 0 2 0 0 0 2 2 1
2 0 0 0 0 1 2 1 2 1 1 1 1 2 0 2 1 0 1 2 1 2
2 0 0 0 0 1 0 1 2 1 1 2 2 2 0 2 1 0 1 2 2 1
2 1 0 0 1 1 1 0 2 0 1 2 2 1 0 2 1 0 0 2 1 1
2 0 0 0 0 0 1 1 2 2 0 2 2 2 0 1 0 1 1 1 2 2
2 0 1 0 0 1 2 0 2 1 1 2 2 1 0 2 2 0 0 2 2 2
2 0 1 0 0 0 0 1 2 0 0 2 2 0 0 2 1 0 0 2 2 2
2 1 0 0 1 2 1 0 2 2 0 1 2 2 0 2 1 0 0 2 2 1
2 0 0 0 0 1 2 2 2 1 2 1 2 2 0 1 1 0 0 2 2 0
1 0 0 0 0 1 0 1 2 1 1 2 1 1 0 2 1 0 0 2 2 0
2 0 0 1 0 2 0 1 2 1 1 2 1 2 0 2 1 0 1 1 2 1
1 0 0 0 0 1 0 1 2 1 0 2 1 1 0 2 2 0 0 2 2 0
2 0 0 0 0 0 2 2 2 1 1 2 2 0 0 2 0 0 0 2 2 2
2 1 0 0 0 1 1 2 2 2 1 2 2 1 0 2 2 0 1 2 2 1
2 0 1 1 0 1 1 2 2 1 0 2 2 0 0 2 2 0 0 2 2 2
1 1 0 0 0 1 0 1 2 2 1 2 2 1 1 0 1 0 0 2 1 2
2 0 0 0 0 1 1 2 2 0 1 2 2 1 0 2 0 0 0 2 2 1
2 0 1 0 0 2 1 0 2 2 2 2 2 0 0 1 2 0 0 2 1 1
2 1 0 1 0 2 1 0 2 2 2 2 2 2 0 2 1 0 1 2 2 0
2 0 0 0 1 1 1 1 2 0 1 2 2 2 0 1 2 0 0 2 2 1
2 0 0 0 0 2 0 1 2 0 2 2 2 2 1 2 0 0 1 1 2 1
2 0 1 1 0 2 0 1 2 2 1 2 2 2 0 2 0 0 1 2 2 0
2 0 0 0 0 1 0 1 2 1 0 2 2 2 1 2 1 0 0 2 2 1
2 0 0 1 0 1 1 1 2 1 1 2 1 2 0 2 2 0 0 2 1 1
1 1 0 0 0 2 0 0 2 1 2 1 2 1 0 2 1 0 0 2 1 2
2 0 0 0 0 1 2 2 2 0 0 2 2 1 0 2 1 0 0 2 2 1
2 0 0 0 0 1 1 1 2 0 2 2 2 1 0 2 2 0 0 2 1 1
2 0 1 0 0 2 2 0 2 0 0 2 2 1 0 2 0 0 0 2 2 1
2 0 0 0 0 0 0 1 2 1 0 2 2 0 0 2 1 0 0 2 2 1
2 0 1 0 0 1 2 0 2 1 1 0 2 1 0 2 0 0 1 2 2 2
2 0 0 0 0 1 0 1 2 2 2 2 2 1 1 2 1 0 1 2 0 1
2 0 0 1 1 1 2 0 2 2 0 2 2 2 0 2 2 0 2 2 1 1
2 0 0 0 0 1 1 1 2 1 1 2 2 2 0 2 0 0 2 2 1 1
0 0 0 0 0 1 0 2 2 1 1 1 1 1 0 2 1 0 0 2 1 1
2 0 0 1 0 0 0 2 2 1 1 1 2 2 0 2 1 0 0 2 2 0
2 0 0 0 0 2 0 2 2 0 0 2 2 2 0 2 1 0 1 2 2 1
2 0 0 1 0 1 2 0 2 1 2 2 2 2 0 2 1 0 0 2 2 0
2 0 0 0 0 1 1 0 2 0 1 2 2 1 0 2 0 0 0 2 2 0
2 1 0 1 0 0 0 1 2 0 1 2 2 2 1 2 1 0 1 2 2 2
2 0 0 0 0 1 1 1 2 0 0 2 2 1 0 0 1 0 0 2 1 0
2 1 0 0 0 0 1 1 2 0 2 2 2 1 0 2 2 0 0 2 2 0
2 1 0 1 0 2 0 1 2 0 0 2 2 1 0 1 0 0 1 2 1 1
2 0 0 0 0 1 1 1 2 0 0 2 2 1 0 1 1 0 0 2 2 2
1 0 0 1 0 0 1 1 2 1 0 1 2 1 0 2 0 0 1 2 2 1
2 0 1 0 1 0 1 0 2 0 2 1 2 2 1 2 0 0 0 2 1 1
2 0 0 0 1 2 1 1 2 1 1 2 2 1 0 2 1 0 1 2 2 1
2 0 0 1 0 0 1 2 2 0 1 1 2 0 0 2 1 0 0 2 1 0
2 0 0 0 1 1 0 1 2 1 1 2 2 2 0 2 1 0 0 2 2 1
2 0 0 1 1 1 1 1 2 0 2 2 1 1 0 2 1 0 1 2 2 1
2 0 0 0 1 0 0 0 1 1 1 2 2 0 0 2 0 0 0 2 2 1
2 0 0 0 0 1 1 0 2 0 1 2 2 1 0 2 2 0 1 2 2 1
2 0 0 0 0 1 0 1 2 1 0 1 1 0 0 2 2 0 0 2 2 1
0 0 1 1 0 2 1 1 2 0 0 2 1 0 0 1 2 0 0 2 1 0
1 0 0 0 0 1 1 1 2 1 2 2 1 1 1 2 2 0 0 2 2 0
2 0 0 0 0 2 0 0 2 1 2 2 2 1 1 2 2 0 1 2 2 2
2 0 0 0 0 2 0 1 2 0 1 2 1 1 0 2 0 0 0 2 2 1
2 0 0 0 0 0 1 1 2 1 1 2 2 2 0 2 1 0 0 2 2 1
2 1 0 0 0 0 0 2 2 1 1 2 2 2 1 1 2 0 0 2 2 1
2 0 0 0 0 1 0 1 1 2 1 2 2 0 0 1 2 0 0 1 1 2
2 1 0 0 0 1 2 2 2 1 2 1 1 1 0 2 0 0 0 2 2 1
2 0 0 0 0 2 1 2 2 0 1 2 1 2 1 1 1 0 0 2 2 1
2 1 1 0 0 1 1 2 2 2 0 2 1 2 0 2 1 0 0 2 2 2
2 0 0 1 0 0 0 2 2 0 0 2 2 2 0 2 1 0 1 2 1 0
2 0 0 0 0 1 2 1 2 1 1 1 2 1 0 2 0 0 0 1 2 2
2 0 0 0 0 2 1 1 2 0 2 2 2 1 0 2 1 0 0 2 1 2
1 0 0 1 0 0 2 0 2 0 1 2 1 2 1 2 1 0 0 2 2 1
2 1 0 0 1 0 0 1 2 0 0 2 1 2 0 2 1 0 1 2 1 0
2 0 0 0 0 1 1 0 2 1 2 2 1 1 0 1 1 0 0 2 1 2
2 0 0 0 0 1 2 2 2 1 0 1 2 2 0 2 1 0 1 2 2 1
2 0 0 0 0 0 1 0 2 2 2 2 2 2 0 2 0 0 0 2 0 0
2 0 0 0 0 2 1 2 2 1 1 1 1 1 0 2 1 0 0 2 2 1
2 0 0 0 0 1 1 2 2 1 0 2 2 1 0 2 1 0 1 2 2 2
2 0 0 0 0 1 1 1 2 0 1 2 2 1 0 2 1 0 1 2 2 2
2 0 0 0 1 1 0 0 2 1 1 2 2 1 0 1 0 0 0 2 2 1
2 1 0 1 0 1 2 2 2 2 2 2 1 1 0 2 1 0 1 2 2 0
2 0 0 0 0 1 1 1 2 0 1 2 1 2 2 1 2 0 0 2 2 1
2 1 0 0 0 0 1 1 2 2 1 2 2 1 1 2 1 0 0 1 1 1
2 0 0 0 0 1 1 1 2 1 1 2 2 2 0 2 0 0 0 2 1 1
2 2 1 1 0 2 0 1 2 1 2 2 1 2 0 2 1 0 1 2 1 2
2 0 0 0 0 1 2 1 2 2 1 1 2 2 0 2 2 0 0 2 2 1
2 0 0 0 0 2 1 1 2 1 2 2 2 1 0 1 0 0 0 2 1 1
1 0 1 0 0 2 2 0 2 1 1 2 1 2 0 1 1 0 0 2 1 0
2 0 0 0 0 2 2 1 2 1 1 2 2 2 0 2 0 0 1 2 2 1
2 1 0 0 0 0 0 1 2 0 1 2 2 1 0 2 1 0 1 2 2 0
2 1 0 0 0 1 0 0 2 1 1 2 2 2 1 2 1 0 0 2 1 2
1 0 0 0 0 1 0 0 2 0 1 1 1 1 0 2 2 0 1 2 2 1
2 0 0 0 0 1 0 1 2 1 2 2 2 1 0 1 1 0 0 2 2 1
1 1 0 0 0 0 0 2 2 1 0 2 1 1 0 2 1 0 0 2 2 1
2 1 0 0 0 2 1 2 2 1 1 1 2 2 0 2 1 0 0 2 2 0
2 0 0 1 0 2 2 0 2 1 0 2 2 2 0 2 1 0 0 1 2 2
2 0 0 1 0 1 2 2 2 1 1 2 2 1 0 2 0 0 1 2 2 1
1 0 0 0 0 0 1 1 2 2 1 2 2 1 0 1 2 0 0 2 2 1
1 1 0 1 1 1 0 1 1 0 1 2 2 1 1 1 1 0 0 2 2 0
2 0 0 0 0 1 1 1 2 2 1 2 2 1 0 1 2 0 0 2 2 1
2 0 0 0 0 0 1 2 2 1 1 2 0 2 0 2 1 0 0 2 2 0
1 0 0 0 0 1 2 2 2 0 1 2 2 0 0 2 0 0 0 2 1 2
1 0 0 0 0 0 2 0 2 2 1 2 2 1 0 1 1 0 1 2 1 0
2 0 0 0 0 2 0 0 2 1 0 2 2 2 0 1 1 0 0 2 2 1
2 0 0 0 0 1 2 2 2 0 1 1 2 0 0 2 2 0 0 2 2 1
2 1 1 0 0 1 1 0 2 2 2 2 1 2 0 2 2 0 0 2 2 2
2 0 1 0 0 1 1 1 2 1 1 2 2 2 0 2 2 0 0 2 2 2
2 0 1 1 0 1 0 1 2 0 0 1 2 1 0 1 2 0 1 2 1 0
2 0 1 0 0 1 0 1 2 1 2 2 2 0 0 2 1 0 1 2 2 1
1 0 0 0 0 1 0 2 2 1 0 2 1 2 1 2 1 0 0 2 2 2
2 0 0 0 0 1 1 1 2 1 1 2 2 1 1 1 0 0 1 2 2 2
2 0 0 0 0 1 0 0 2 0 2 2 2 2 0 2 1 0 2 2 2 1
2 0 1 0 1 2 0 2 2 1 0 2 2 0 0 2 0 0 2 2 2 1
2 0 0 0 0 1 0 0 2 2 0 1 1 1 0 2 0 0 0 2 2 0
2 0 0 0 0 2 1 1 2 2 1 2 2 2 0 1 0 0 1 2 2 0
2 0 1 0 0 2 1 0 2 1 1 2 0 1 0 2 1 0 0 2 2 1
2 0 0 0 0 1 1 1 2 0 1 1 2 2 1 2 2 0 0 2 2 1
2 0 0 0 0 2 1 1 2 1 0 2 2 1 0 2 0 0 1 2 2 0
2 0 0 0 0 2 2 2 2 1 0 2 1 1 1 2 0 0 1 2 1 2
2 0 0 0 0 1 0 1 2 1 1 2 1 2 0 2 1 0 0 2 1 2
2 0 0 0 0 2 1 1 2 0 0 2 2 1 0 1 1 0 0 2 2 1
2 0 0 0 1 2 1 2 2 2 0 2 1 2 0 2 0 0 0 2 2 1
1 0 0 1 0 2 1 1 2 1 2 2 2 0 0 1 2 0 0 1 2 2
2 1 0 0 0 1 1 2 2 0 0 2 2 0 1 2 2 0 0 2 2 1
2 0 1 1 1 2 1 1 2 0 0 2 2 2 0 2 2 0 0 2 2 1
2 0 0 2 0 1 2 0 2 0 1 2 2 2 0 2 2 0 0 1 1 1
2 0 1 0 0 2 0 2 2 1 1 2 2 1 0 2 1 0 0 2 2 2
2 0 1 1 0 1 1 1 2 1 1 2 2 1 0 2 1 0 0 2 2 2
1 1 0 0 0 1 2 2 2 1 2 2 2 1 0 2 0 0 0 2 1 2
2 0 0 0 0 2 2 1 2 2 1 1 2 2 0 2 0 0 0 2 1 1
2 0 0 1 0 1 2 2 2 2 1 2 1 1 0 2 2 0 1 2 2 1
2 0 0 0 0 1 0 2 2 1 0 2 2 1 1 1 0 0 0 2 2 1
2 0 0 0 0 0 0 1 2 1 0 2 1 2 1 2 1 0 1 2 2 2
2 0 0 0 0 1 0 0 2 1 2 2 1 1 0 2 1 0 1 2 2 1
1 0 0 1 0 1 0 1 2 0 2 2 2 2 0 2 1 0 0 2 2 1
2 0 1 0 0 1 1 0 2 0 2 2 2 2 1 2 1 0 1 2 1 1
2 1 0 1 0 2 0 2 2 1 0 2 2 1 0 2 0 0 0 2 2 1
2 0 0 1 0 1 2 0 2 1 0 2 1 1 1 2 1 0 0 2 2 1
2 0 0 0 0 2 0 1 2 2 2 2 1 1 2 1 2 0 0 2 2 2
2 0 0 0 0 1 0 0 2 1 0 2 2 1 1 1 1 0 0 1 2 1
2 0 0 0 1 1 0 2 2 2 1 2 2 1 0 2 1 0 0 2 2 1
2 0 0 0 0 0 0 1 2 1 1 2 2 1 0 2 0 0 2 2 1 2
2 0 0 0 0 1 2 1 2 0 1 2 2 1 0 2 1 0 1 2 2 1
2 0 0 1 0 1 0 2 2 1 1 2 1 2 0 2 0 0 1 2 2 2
2 0 0 0 0 1 0 1 2 1 1 2 2 2 1 2 0 0 0 2 1 1
2 0 0 0 0 1 1 1 2 2 2 1 1 2 0 2 1 0 0 2 1 2
2 0 0 0 0 1 0 1 2 2 2 1 1 2 1 1 1 0 0 2 2 0
2 0 0 0 0 0 0 1 2 2 2 2 2 1 1 2 1 0 0 2 2 2
2 1 0 0 0 1 0 0 2 0 1 2 2 2 1 2 1 0 0 1 2 0
2 0 0 0 0 2 1 0 2 1 1 2 2 2 0 1 2 0 1 1 1 0
2 0 0 1 0 2 1 0 2 1 1 2 2 2 0 2 1 0 0 2 2 2
0 0 0 0 0 1 1 1 2 2 0 1 1 1 0 2 1 0 0 2 2 1
1 1 0 0 0 2 1 0 2 1 1 1 1 2 0 2 1 0 1 2 2 2
2 1 0 0 0 1 1 2 2 1 0 2 1 1 0 2 1 0 1 2 2 1
2 0 0 0 0 2 0 1 2 0 0 2 1 2 0 2 0 0 2 2 2 2
2 0 0 0 0 1 1 1 2 1 1 2 0 2 1 2 1 0 0 2 2 0
2 0 0 0 0 2 1 1 2 2 1 2 2 2 1 2 1 0 0 2 2 0
2 0 0 0 0 2 1 1 2 2 0 2 0 2 0 2 1 0 0 2 1 2
2 0 0 0 0 1 1 1 2 2 1 2 2 1 0 0 2 0 0 2 2 0
2 0 1 0 0 2 0 1 2 0 1 1 2 2 0 1 1 0 0 2 2 2
2 0 0 0 0 1 0 2 2 1 1 2 2 1 1 2 2 0 2 2 2 2
2 0 0 0 0 0 1 2 2 2 1 2 2 1 0 2 0 0 0 2 2 1
2 0 0 1 0 1 0 2 2 1 1 2 1 0 0 2 1 0 0 1 2 1
1 0 0 0 0 1 1 0 2 1 1 2 2 1 0 1 2 0 0 2 2 0
2 0 0 0 0 1 0 1 2 1 1 2 2 1 0 1 0 0 0 2 2 0
2 0 0 0 0 2 0 1 2 2 1 2 2 1 0 2 2 0 0 2 1 1
2 0 1 0 0 2 0 2 2 1 1 2 2 1 1 2 0 0 0 2 2 1
2 0 0 0 1 2 1 1 2 1 1 2 1 2 0 1 0 0 0 2 2 0
2 0 0 0 0 2 1 1 2 1 0 2 2 1 0 0 1 0 0 2 1 1
2 1 0 0 0 1 2 1 2 2 1 2 2 2 0 2 0 0 0 2 1 0
2 0 0 0 0 2 0 1 2 2 1 2 2 2 1 2 0 0 1 2 2 1
2 0 0 0 0 2 1 2 2 1 1 1 2 1 0 2 0 0 0 2 2 2
2 0 0 0 0 2 0 1 2 1 1 2 2 1 0 2 0 0 0 2 2 1
1 0 1 1 0 1 2 1 2 0 1 1 1 0 1 2 1 0 1 2 2 1
2 0 0 1 0 0 1 1 2 1 2 2 2 1 0 1 1 0 0 2 2 2
2 0 1 0 0 1 1 1 2 2 1 2 1 2 0 2 2 0 0 2 2 2
2 0 0 0 1 0 1 0 2 1 0 2 2 2 0 1 1 0 1 2 2 1
2 0 0 0 0 2 2 0 2 2 2 0 2 1 0 2 1 0 0 2 2 2
2 0 0 0 0 2 1 1 2 0 1 2 2 2 0 2 1 0 0 2 1 1
0 0 0 0 0 0 2 1 2 0 1 1 2 2 0 1 0 0 0 2 2 1
2 0 0 1 0 2 0 1 2 0 2 2 2 2 0 2 1 0 2 2 2 0
2 0 0 0 0 1 0 1 2 0 2 2 1 2 2 2 2 0 1 2 1 1
1 0 0 0 0 2 0 0 2 1 1 2 2 2 1 2 0 0 0 2 2 1
1 0 0 0 0 2 1 2 2 1 0 2 2 1 1 1 2 0 0 2 0 2
2 0 0 1 0 2 0 0 1 1 0 2 2 1 0 1 0 0 1 2 2 1
2 0 0 0 0 1 1 0 2 0 1 2 2 2 0 2 2 0 1 2 2 1
2 0 0 0 1 1 1 2 2 0 0 2 2 0 0 2 1 0 1 2 2 1
2 0 0 0 0 1 2 1 2 0 1 2 1 2 0 2 0 0 0 2 1 1
1 0 1 0 0 2 1 0 2 2 0 2 2 2 0 2 0 0 0 2 2 2
2 0 0 0 0 1 0 1 2 1 2 2 2 2 0 2 1 0 0 2 2 1
2 1 1 1 0 1 1 1 2 1 1 2 2 1 0 2 1 0 1 2 2 2
2 0 1 0 0 0 1 1 2 0 2 1 2 2 0 2 1 0 0 2 2 1
2 0 1 0 0 0 1 2 2 0 1 2 2 2 0 2 2 0 1 2 2 2
2 1 0 0 0 0 1 0 2 1 2 1 2 2 0 2 2 0 0 2 2 0
2 1 0 0 1 1 0 0 2 1 1 2 1 2 0 2 1 0 0 2 2 1
2 0 0 0 0 1 1 2 2 1 0 2 2 1 0 2 0 0 0 2 2 2
2 0 0 0 0 2 1 2 2 0 1 2 2 2 0 2 0 0 0 1 2 0
2 1 0 0 0 2 1 1 2 0 1 2 2 2 1 2 1 0 0 2 2 0
1 0 0 0 0 0 1 2 2 0 1 2 2 1 0 1 2 0 0 2 2 1
2 0 0 0 0 1 1 0 2 0 1 2 2 1 0 1 0 0 1 2 1 2
2 0 0 1 0 1 0 1 2 2 1 2 2 2 0 2 2 0 0 2 2 2
1 0 1 0 0 1 0 1 2 1 0 2 1 2 1 2 1 0 0 2 2 0
2 0 0 0 0 1 0 1 2 0 1 1 2 1 0 2 2 0 0 2 1 0
2 0 0 0 0 1 1 0 2 0 1 2 2 1 0 2 1 0 0 2 2 1
2 0 0 1 0 2 1 1 2 1 2 2 2 1 1 2 1 0 1 2 2 1
2 0 1 0 0 2 0 2 2 1 1 1 2 2 0 2 1 0 1 2 2 1
2 0 0 0 0 1 1 1 2 1 0 2 2 0 0 2 1 0 1 2 2 2
1 1 0 0 0 1 2 0 2 2 1 0 2 2 0 2 1 0 0 2 1 1
1 0 0 1 0 1 1 1 2 1 1 2 2 0 1 2 1 0 0 2 2 1
2 0 0 0 1 1 1 2 2 1 0 2 2 2 1 2 2 0 0 2 1 1
2 1 0 1 0 1 1 0 2 1 1 2 1 1 0 2 0 0 0 2 2 0
2 0 1 0 0 2 2 1 2 2 1 2 2 1 0 2 1 0 0 2 2 0
2 0 0 0 0 0 0 2 2 2 2 2 2 1 0 2 1 0 0 2 2 2
2 0 1 0 1 1 0 0 2 0 0 2 2 2 0 2 0 0 0 2 2 1
2 1 0 0 0 2 0 1 2 2 0 2 2 1 0 2 1 0 0 2 2 1
1 0 0 0 0 1 1 0 2 1 1 2 2 2 0 2 2 0 0 2 2 0
2 1 0 0 0 2 1 1 2 0 0 2 1 1 0 2 1 0 0 2 1 1
1 0 0 0 0 1 0 1 2 1 1 2 2 1 0 1 2 0 1 2 2 1
2 0 1 0 0 1 0 2 2 1 1 2 0 1 0 2 2 0 1 2 2 0
2 0 1 0 0 2 1 0 2 1 1 2 2 2 0 1 1 0 0 2 2 0
2 0 0 0 0 1 0 0 2 1 0 2 2 1 1 2 1 0 1 2 2 1
2 0 0 0 0 1 1 1 2 0 1 2 2 1 0 1 2 0 1 2 2 1
2 0 0 0 0 0 0 2 2 0 1 2 1 1 0 2 0 0 2 2 2 2
2 0 1 0 0 0 0 2 2 0 2 2 2 2 0 2 1 0 0 2 1 1
2 0 0 0 0 0 0 1 2 1 0 2 1 1 0 2 0 0 0 2 2 0
2 1 0 0 1 2 0 2 2 1 1 0 2 0 0 2 0 0 1 2 2 2
2 0 0 0 0 1 1 0 2 0 1 2 2 2 1 2 1 0 1 2 2 2
2 1 0 1 0 2 2 1 2 1 1 2 2 1 0 2 2 0 0 2 2 1
2 0 0 0 0 1 1 1 2 0 2 2 2 1 0 2 1 0 1 2 2 0
2 0 1 0 1 2 1 1 2 2 1 2 2 2 0 2 1 0 0 2 2 1
1 0 1 0 0 1 1 1 2 1 1 2 2 2 0 1 1 0 1 2 2 0
2 0 0 0 0 2 1 0 2 1 0 2 2 2 0 2 1 0 1 2 2 0
2 0 0 0 0 2 0 2 2 0 0 2 2 1 0 2 2 0 0 2 2 1
2 0 0 0 0 1 0 0 2 1 2 2 2 1 0 2 1 1 0 2 1 0
2 0 0 2 0 1 0 1 2 0 2 2 2 0 0 2 2 0 1 2 1 2
2 0 0 0 0 2 2 1 2 0 0 2 2 2 0 2 2 0 0 2 1 2
1 0 0 0 0 0 2 0 2 1 0 2 2 2 0 1 2 0 0 2 2 1
1 0 1 0 0 1 2 1 2 0 0 2 2 2 0 1 1 0 0 2 2 0
2 0 0 0 0 2 1 1 2 0 2 1 2 1 0 1 0 0 0 2 2 0
2 1 0 0 0 1 0 1 2 2 1 2 2 2 0 1 1 0 2 2 2 0
1 0 0 0 1 0 1 2 2 1 0 2 2 1 0 2 2 0 1 2 1 1
2 0 0 0 0 0 0 2 2 1 0 2 2 1 0 2 1 0 0 2 1 1
2 0 1 0 0 2 1 2 2 0 1 1 2 1 1 2 0 0 0 2 2 0
2 0 0 0 0 2 1 1 2 1 0 2 2 1 0 1 0 0 0 2 2 1
2 0 0 1 0 2 0 1 2 1 2 2 2 2 0 2 0 0 0 2 2 1
2 0 0 0 0 2 1 0 2 1 0 2 2 1 0 2 2 0 0 2 2 2
2 0 0 0 0 0 0 2 2 1 1 2 2 2 1 1 2 0 0 2 2 2
2 0 0 0 0 2 2 0 2 1 2 2 2 2 0 2 1 0 1 2 1 1
2 0 0 0 0 2 1 1 2 1 2 1 1 1 0 2 1 0 0 2 2 1
2 0 0 1 0 2 0 1 2 0 0 1 2 1 0 2 0 0 0 2 2 1
2 0 0 0 0 0 1 1 2 1 1 2 1 1 0 2 1 0 0 2 1 1
2 0 0 0 0 2 1 1 2 1 0 2 2 1 1 2 2 0 0 2 2 1
2 1 0 0 0 2 2 1 2 1 1 2 2 0 0 2 1 0 1 2 2 1
2 0 0 0 0 1 0 0 2 0 0 2 2 2 1 2 1 1 1 2 2 1
2 0 0 1 1 1 1 1 2 1 2 2 2 0 0 2 2 0 0 2 2 2
2 0 0 1 0 0 1 1 2 0 2 2 2 1 0 1 1 0 0 2 1 1
2 0 0 0 1 2 1 1 2 0 1 2 1 0 1 1 1 0 0 2 2 0
2 0 0 0 0 0 0 2 2 1 1 1 2 1 1 2 1 0 0 2 2 1
2 1 0 1 0 0 0 0 2 1 1 2 2 1 0 2 1 0 1 2 2 2
2 0 0 0 1 1 0 1 2 0 1 1 2 1 0 1 0 0 0 2 2 1
2 0 0 0 0 1 0 2 2 1 1 2 2 2 0 2 1 0 0 2 1 1
0 0 0 0 0 2 1 2 2 0 1 2 2 1 1 2 2 0 1 2 1 1
2 2 0 0 0 1 1 0 2 2 2 2 2 1 0 1 1 0 1 2 1 2
2 0 0 0 0 1 1 2 2 1 1 2 2 2 0 2 0 0 0 2 2 1
2 0 0 0 0 2 1 0 2 1 2 2 1 1 0 2 2 0 2 2 2 0
2 0 0 0 0 1 1 1 2 0 0 1 2 1 0 1 0 0 1 2 2 2
2 0 1 0 0 1 0 0 2 1 0 2 2 2 0 2 0 0 0 2 2 0
2 0 0 0 1 2 2 0 2 0 1 2 2 2 1 2 1 0 1 2 2 2
2 0 1 0 0 0 1 2 2 2 1 2 0 2 0 1 0 0 0 2 1 1
2 0 0 0 0 2 0 1 2 1 1 2 1 2 0 2 2 0 1 2 2 1
2 1 0 0 0 1 2 1 2 2 2 1 2 2 1 2 1 0 1 2 1 2
2 0 0 0 0 1 0 2 2 0 2 2 2 2 0 2 1 0 0 2 2 2
2 1 0 0 0 2 0 1 1 2 1 2 1 1 0 2 2 0 2 2 1 1
2 0 1 0 0 1 0 0 2 2 2 2 0 2 1 2 1 0 1 2 2 1
2 0 0 0 0 1 0 1 2 1 1 1 2 2 0 2 0 0 0 2 2 1
2 0 0 0 1 2 0 1 2 1 2 2 2 2 0 2 1 0 0 2 2 2
2 0 0 1 0 0 1 1 2 1 0 2 1 2 0 1 1 0 1 2 1 2
2 0 0 0 0 2 0 1 2 0 1 1 1 2 0 1 0 0 0 2 2 1
2 1 0 0 0 2 1 1 2 1 0 2 2 2 0 2 1 0 0 2 2 1
2 0 0 0 0 0 0 1 2 2 1 2 2 2 0 2 2 0 2 2 0 2
2 1 0 1 0 0 1 1 2 0 1 0 2 2 1 2 1 0 0 2 2 1
2 0 0 0 0 1 0 1 2 0 1 1 2 2 0 2 1 0 0 2 1 1
2 0 0 0 0 1 0 0 2 2 1 2 2 0 0 2 1 0 1 2 2 1
1 0 0 0 0 1 0 1 2 2 1 2 1 2 1 2 0 0 0 2 2 0
1 1 0 1 1 0 1 1 2 1 0 2 2 2 0 2 0 0 1 2 2 1
2 0 0 0 0 1 1 0 2 0 2 2 2 1 0 2 0 0 1 2 2 1
2 0 0 0 0 2 2 1 2 1 1 2 2 2 0 2 0 0 0 2 2 1
2 0 0 0 0 1 0 1 2 0 0 1 1 2 0 2 0 0 1 2 1 2
2 0 1 0 0 1 1 2 2 1 2 2 2 1 0 2 1 0 0 2 1 2
2 0 0 0 0 1 0 1 2 1 1 2 2 1 0 1 0 0 1 2 2 2
2 0 0 0 0 1 1 2 2 1 0 1 2 1 0 1 0 0 0 1 2 1
2 0 1 0 0 2 1 0 2 1 2 1 2 0 0 2 1 0 0 2 2 2
2 0 1 0 1 0 0 1 2 1 2 2 2 2 1 1 0 0 1 2 1 2
2 0 0 0 1 2 1 0 2 0 0 2 1 0 0 2 1 0 0 2 2 1
2 0 0 0 0 1 1 1 2 1 2 2 2 1 0 2 1 0 0 2 2 1
1 1 0 0 0 1 2 1 2 0 1 2 2 2 0 0 2 0 0 2 2 1
2 0 0 0 2 0 0 0 2 1 1 2 2 2 1 1 1 0 1 2 2 2
2 0 0 1 0 2 1 1 2 0 2 2 1 1 0 2 2 0 0 2 2 2
2 0 1 0 1 0 1 1 2 1 0 2 2 1 0 2 0 0 1 2 2 1
2 0 0 0 0 2 1 0 1 1 1 2 2 1 0 1 2 0 1 2 2 1
2 0 0 0 0 2 0 1 2 0 1 2 2 1 0 2 0 0 1 2 2 1
2 0 0 0 0 1 1 1 2 1 1 1 2 1 1 2 2 0 0 2 2 2
2 0 0 0 0 1 0 1 2 0 1 2 2 1 1 2 1 0 0 2 1 2
2 0 1 0 0 2 0 0 2 1 1 2 2 2 1 2 2 0 1 2 2 1
2 0 0 0 0 1 1 0 2 0 2 1 1 2 0 1 1 0 0 2 1 2
2 0 0 0 0 1 0 1 2 1 0 2 1 0 0 2 1 0 0 2 2 2
2 0 1 0 1 1 1 1 2 1 1 2 2 1 0 2 1 0 0 2 1 2
2 0 0 0 0 1 1 2 2 1 1 2 2 1 0 2 0 0 2 2 0 1
1 0 0 0 1 1 1 1 2 1 1 2 2 2 0 1 2 0 0 2 2 1
2 0 0 0 1 1 0 1 2 0 2 1 2 1 0 2 1 0 2 1 1 1
1 1 0 0 0 2 2 2 2 0 1 2 2 2 1 1 1 0 1 2 1 0
1 0 0 0 0 2 1 2 2 0 1 2 2 2 0 2 1 0 0 2 1 2
2 0 0 0 0 2 0 1 2 0 0 2 1 2 1 1 0 0 0 2 1 0
2 1 0 0 0 0 1 1 2 0 1 2 2 2 0 2 2 0 0 2 2 2
2 1 0 0 0 2 2 1 2 1 1 1 2 1 0 1 1 0 0 2 2 1
2 1 0 0 1 0 1 0 2 0 1 1 1 0 0 2 1 0 1 2 1 0
2 0 0 0 0 1 0 0 2 0 0 2 2 1 0 2 0 0 0 2 2 0
2 0 0 0 1 1 1 0 2 0 0 2 2 1 0 1 0 0 0 2 2 0
2 0 0 0 0 1 1 1 2 1 1 2 1 2 0 2 1 0 1 2 2 2
0 0 2 0 0 1 0 2 2 1 1 2 1 2 0 2 2 0 1 2 2 1
2 0 0 1 0 0 0 1 2 0 1 1 1 1 0 1 1 0 0 2 2 0
1 0 0 0 0 2 0 1 2 0 2 2 1 1 0 2 1 0 0 2 1 0
2 0 0 0 0 1 1 0 2 1 1 2 0 2 0 2 0 0 1 2 2 1
2 0 0 0 0 1 0 1 2 2 0 2 1 2 0 2 1 0 0 2 2 2
2 0 0 0 0 1 1 0 2 1 2 2 0 0 0 2 0 0 0 2 1 1
2 0 0 0 0 2 1 0 2 1 1 1 2 1 0 1 2 0 0 2 2 1
2 0 1 0 0 1 1 1 2 0 1 2 2 2 1 2 1 0 1 2 2 1
2 0 0 0 0 2 0 2 2 1 2 2 1 2 0 1 2 0 1 2 2 2
2 0 0 0 0 1 1 0 2 2 0 2 2 2 1 2 1 0 0 2 2 2
2 0 0 0 0 2 0 2 2 1 0 2 2 2 0 1 0 0 0 2 2 1
1 0 0 0 0 1 1 1 2 0 0 2 2 1 0 2 0 0 0 2 2 2
1 0 0 0 0 2 2 1 2 0 1 2 2 2 0 1 2 0 0 2 0 1
2 0 0 0 0 0 0 2 2 0 1 2 2 1 2 1 2 0 0 2 2 1
2 1 0 0 0 1 0 1 2 1 0 2 2 1 0 2 0 0 0 2 2 1
2 0 0 0 0 1 0 0 2 0 2 2 2 1 0 1 1 0 0 2 2 2
1 0 0 0 0 1 0 0 2 2 1 2 2 1 0 2 1 0 0 2 1 0
2 0 0 0 0 2 1 0 2 1 1 2 1 1 0 2 1 0 0 2 1 0
2 0 0 1 0 1 0 0 2 1 0 1 2 1 0 2 1 0 0 2 0 2
2 0 0 0 0 2 0 2 2 0 1 1 1 1 0 2 1 0 0 2 2 1
2 0 0 0 0 2 1 1 2 0 1 2 2 1 0 2 0 0 1 1 2 1
1 1 0 0 0 1 1 0 2 0 0 2 1 2 0 2 1 0 1 2 2 1
2 1 0 0 0 2 0 1 2 0 2 2 1 2 1 2 1 0 0 2 2 2
1 0 0 0 0 1 2 0 2 0 1 1 2 2 0 1 2 0 0 2 2 2
2 0 0 0 1 1 1 1 2 2 0 2 1 2 0 2 1 0 1 2 2 1
2 1 1 0 0 2 0 1 2 0 2 2 2 1 0 1 0 0 0 2 2 1
2 1 0 1 0 0 2 2 2 1 1 2 1 1 0 2 1 0 1 2 1 1
2 1 1 0 1 0 1 0 2 2 1 2 2 1 1 1 0 0 0 2 1 1
2 0 0 0 0 1 1 1 2 1 1 2 2 1 1 2 2 0 0 2 2 2
1 0 0 0 0 1 0 1 2 1 0 2 2 2 1 2 0 0 1 2 1 2
2 0 0 0 1 2 1 0 2 2 0 2 2 1 0 1 0 0 1 1 2 2
2 0 0 0 0 1 0 1 2 0 1 2 2 0 0 2 1 0 0 2 2 1
2 1 0 0 0 2 1 0 2 0 1 2 2 2 0 2 2 0 1 2 1 1
2 0 0 0 0 2 0 2 2 1 2 2 2 2 0 2 2 0 1 2 2 0
2 0 0 0 0 1 2 1 2 0 2 2 2 1 0 2 2 0 0 2 2 1
2 0 0 0 0 1 0 0 2 0 2 1 2 2 1 2 1 0 0 2 2 0
2 0 0 0 0 0 1 2 2 0 0 2 2 1 0 2 0 0 0 2 2 2
2 0 0 0 0 1 2 1 2 1 1 2 1 2 0 2 1 0 1 2 1 1
2 1 0 0 0 0 0 2 2 0 1 2 2 1 0 1 0 0 1 2 2 2
2 0 1 0 0 1 0 2 2 1 2 2 2 0 0 2 1 0 1 2 1 0
2 0 1 1 0 2 1 0 2 1 1 1 2 2 1 0 1 0 0 2 2 1
2 1 0 0 0 0 0 0 2 1 1 2 2 1 1 1 0 0 0 2 2 1
2 0 0 0 0 0 1 1 2 1 0 0 2 2 0 1 1 0 1 2 2 0
2 0 0 0 0 1 0 0 2 1 1 2 2 0 0 2 1 0 0 2 1 0
1 1 0 0 0 2 1 1 2 0 2 2 2 2 0 2 1 0 0 2 2 1
2 0 0 0 0 1 0 1 2 1 0 2 2 2 0 2 1 0 0 2 2 1
1 0 0 0 0 0 1 1 2 1 1 1 2 2 0 2 2 0 0 2 2 1
2 0 0 0 0 1 1 1 1 1 0 2 1 1 1 2 1 0 0 2 2 1
2 1 1 0 0 2 1 2 2 0 1 1 2 2 1 2 1 0 0 1 2 2
1 0 0 0 0 1 2 1 2 0 2 2 2 0 0 1 2 0 0 2 1 2
2 0 0 0 0 2 0 0 2 0 2 1 2 2 0 2 1 0 1 2 2 1
2 0 0 0 0 2 1 1 2 2 0 1 1 2 0 2 1 0 0 2 2 2
2 1 0 0 0 2 0 1 2 1 1 1 2 2 1 2 0 0 0 2 2 0
2 0 0 0 0 1 1 1 2 1 1 2 2 2 0 1 1 0 0 2 1 0
2 0 0 1 1 2 1 0 2 0 2 2 2 1 0 2 2 0 1 2 2 1
2 0 0 0 0 1 0 0 2 1 0 2 2 1 0 2 2 0 0 2 2 2
2 1 1 0 0 2 1 2 2 0 0 2 2 1 0 2 1 0 0 2 2 1
1 0 0 1 0 1 2 2 2 1 1 2 2 2 0 1 1 0 0 2 2 1
2 0 0 0 0 2 0 2 2 1 1 2 2 1 0 2 0 0 0 2 1 1
2 0 0 0 0 1 1 2 2 0 1 2 2 1 0 2 2 0 1 2 2 0
2 0 0 0 0 2 0 2 2 2 0 1 2 2 0 2 1 0 1 2 2 2
2 0 0 0 0 1 1 1 2 1 2 2 0 2 0 2 2 0 1 2 2 1
2 0 1 0 0 1 1 2 2 1 1 2 2 2 1 1 1 0 0 1 2 2
2 0 0 0 0 2 1 1 2 0 0 1 2 2 1 2 0 0 0 2 2 2
1 0 0 0 0 1 1 1 2 1 1 2 2 2 0 2 1 0 1 2 2 0
2 1 0 0 0 1 1 1 2 2 2 2 2 0 1 1 1 0 0 2 2 1
2 0 0 0 0 0 1 1 2 1 2 0 2 1 0 2 1 0 0 2 2 1
2 0 0 0 1 0 0 0 2 1 0 1 2 1 0 2 1 0 0 2 2 2
2 0 0 0 0 1 1 2 2 2 1 2 2 1 0 2 0 0 1 2 2 1
2 1 0 0 0 0 1 1 2 0 1 2 1 1 0 1 1 0 2 2 2 0
2 0 1 0 0 1 1 2 2 1 0 2 1 1 0 2 1 0 0 2 1 2
2 1 0 0 0 2 0 1 2 0 1 2 2 0 0 2 0 0 0 2 1 0
2 1 0 0 0 1 0 2 2 1 0 1 2 1 0 2 1 0 1 2 2 1
2 1 0 1 0 1 2 2 2 1 1 1 1 1 0 1 2 0 1 2 2 1
1 0 0 0 0 2 0 2 2 1 2 2 2 2 0 2 2 0 0 2 0 1
2 0 0 0 0 0 1 1 2 0 2 2 2 2 0 2 0 0 0 2 1 2
2 0 0 0 0 0 0 2 2 0 1 2 2 1 0 2 0 0 0 2 2 2
2 0 0 1 0 1 0 0 2 2 1 1 1 1 0 2 1 0 0 2 2 2
2 0 0 0 0 1 1 1 2 2 1 1 2 1 0 2 2 0 0 2 2 2
1 0 0 1 0 2 1 2 2 1 0 2 2 2 0 1 0 0 1 2 2 1
2 0 0 0 0 0 1 2 2 1 2 2 1 1 0 2 2 0 0 2 1 1
2 0 0 0 0 1 0 1 2 2 1 2 2 0 0 0 1 0 0 2 2 1
2 0 0 0 1 1 0 1 2 2 1 1 2 2 0 2 2 0 0 2 0 0
2 0 0 1 0 1 1 2 2 0 1 2 2 1 0 0 0 0 0 2 2 0
2 0 0 0 0 1 1 2 2 2 1 2 1 1 0 2 1 0 0 2 2 0
2 0 0 0 0 1 1 1 2 0 1 1 2 1 1 2 1 0 0 2 2 1
2 0 0 1 0 1 1 2 2 2 0 2 2 2 0 2 1 0 0 2 2 1
2 0 1 0 0 1 0 1 2 1 2 1 2 1 1 1 1 0 0 2 2 1
2 0 0 0 0 1 2 1 1 0 0 1 2 1 0 2 1 0 0 1 2 1
2 0 0 0 0 1 0 1 2 1 1 2 2 1 1 1 2 0 0 2 2 2
1 1 0 0 0 2 0 2 2 0 1 2 2 1 0 2 1 0 0 2 1 1
2 0 0 0 0 1 1 0 2 2 0 2 2 2 1 1 0 0 2 2 0 1
2 0 0 1 0 2 2 1 2 1 1 2 2 1 0 2 0 0 1 2 2 0
2 0 1 1 0 2 0 1 2 1 2 2 0 2 1 2 1 0 0 2 1 1
2 0 0 0 0 1 0 2 2 0 1 2 2 1 0 2 1 0 0 2 2 2
2 0 0 0 0 2 0 1 2 1 1 2 1 1 0 2 2 0 1 2 2 0
2 0 0 0 0 2 1 0 2 1 2 1 1 1 0 1 1 0 0 2 1 2
2 0 1 0 0 1 2 0 2 1 1 2 2 0 0 1 1 0 2 2 2 2
1 0 0 0 0 1 1 1 2 1 1 2 2 1 0 2 1 0 1 2 2 0
2 0 0 1 1 0 0 2 2 2 1 0 2 0 0 2 1 0 0 2 2 2
2 0 0 0 0 0 1 0 2 2 0 2 2 1 0 2 1 0 0 2 2 1
2 0 0 0 0 1 0 2 2 1 0 2 1 1 0 1 1 0 0 2 2 1
2 0 0 0 0 1 1 0 2 1 2 2 2 1 0 2 1 0 0 1 2 1
2 0 0 0 0 0 1 0 2 2 1 2 2 2 0 2 1 0 1 2 2 1
2 0 0 1 0 2 1 1 2 1 0 2 2 1 1 1 1 0 0 2 2 2
2 0 1 1 0 2 0 0 2 1 0 2 1 1 0 1 2 0 1 2 2 0
2 0 0 0 0 0 1 0 2 1 0 2 2 2 0 0 1 0 0 2 2 1
2 0 0 0 0 1 0 0 1 1 0 2 2 2 0 2 1 0 2 2 2 2
2 0 0 0 0 2 1 1 2 1 1 2 1 1 1 1 0 0 1 2 2 2
1 0 1 2 0 2 0 0 2 0 2 2 1 2 0 2 1 0 1 1 2 2
2 0 0 0 0 2 1 2 2 0 1 2 2 2 0 2 2 0 1 2 2 2
2 1 0 0 0 2 1 1 2 1 1 2 2 1 0 1 2 0 0 2 2 2
2 0 1 0 0 2 1 1 2 1 0 2 1 1 0 2 0 0 0 2 2 2
2 1 0 0 0 1 2 0 2 1 1 1 0 1 0 2 0 0 0 2 1 1
2 0 0 0 0 2 0 0 2 1 2 0 0 1 0 0 2 0 0 2 1 1
2 0 0 0 0 2 0 1 2 2 1 2 2 2 0 2 1 0 2 2 2 1
2 0 0 0 0 1 1 0 2 1 0 1 2 1 0 2 0 0 0 2 1 2
2 0 0 0 0 1 1 1 2 1 1 0 0 1 1 2 1 0 0 2 2 1
2 0 0 0 0 2 1 0 2 0 1 2 2 1 0 1 2 0 0 2 1 1
2 0 0 0 0 1 0 1 2 0 1 2 1 1 0 2 1 0 0 2 2 2
2 1 0 0 1 0 1 1 2 1 2 2 2 1 1 2 2 0 1 2 2 1
2 0 0 0 0 2 2 1 2 1 1 0 1 2 0 0 1 0 0 2 2 1
2 0 0 0 0 1 0 1 2 1 1 2 1 2 0 2 0 0 0 2 2 1
2 0 0 0 0 1 0 1 2 1 1 2 2 2 0 2 2 0 0 2 2 1
2 0 0 0 1 0 1 0 2 2 2 2 1 1 0 1 1 0 0 2 1 0
2 1 0 0 0 1 0 0 2 2 1 2 2 2 0 2 2 0 1 2 2 1
2 0 1 0 0 1 1 0 2 0 0 2 2 2 0 2 0 0 0 2 2 1
1 0 0 1 0 1 2 1 1 0 2 2 1 2 0 2 2 0 0 2 2 0
2 0 0 0 0 1 0 2 2 0 1 2 2 2 0 1 1 0 0 2 2 1
2 0 0 1 0 1 0 2 2 1 0 1 2 2 0 2 1 0 1 2 2 2
2 0 0 1 0 0 2 1 2 1 1 1 2 1 0 2 2 1 0 2 1 0
2 0 0 0 0 2 0 1 2 2 1 2 2 2 0 2 1 0 0 1 1 1
2 0 0 0 0 0 0 0 2 0 1 2 2 2 1 2 1 0 0 2 2 2
2 0 0 1 0 1 0 0 2 1 1 2 1 1 0 2 1 0 0 2 2 0
2 0 0 0 0 0 1 0 2 0 0 2 2 1 0 1 0 0 1 2 2 0
2 0 1 1 0 1 1 1 2 2 1 2 2 2 0 2 0 0 0 2 1 2
2 1 0 0 0 0 2 1 2 1 2 2 1 2 0 2 1 0 0 2 2 1
1 1 0 0 0 1 0 0 2 1 0 2 2 2 1 2 1 0 1 2 2 2
2 0 0 0 0 1 1 0 2 0 1 1 0 1 0 2 2 0 0 2 2 1
2 0 0 0 0 2 1 1 2 0 2 1 2 2 0 1 2 0 0 1 2 1
2 0 1 0 0 0 0 1 2 1 2 2 2 2 1 2 2 0 1 2 2 2
2 0 0 0 1 1 1 0 2 0 1 2 1 1 1 2 0 0 0 2 1 2
2 0 0 0 0 1 1 1 2 1 1 2 2 1 0 2 1 0 1 2 1 1
2 0 0 0 0 2 1 1 2 0 1 2 2 1 0 2 1 0 0 2 2 1
2 1 0 1 0 1 0 1 2 1 1 2 1 1 0 1 1 0 0 2 2 1
2 0 0 1 0 2 1 1 2 1 1 2 0 2 0 2 1 0 0 2 2 1
2 0 0 0 0 1 0 0 2 2 0 2 2 1 0 2 1 0 0 2 1 1
2 0 1 0 0 2 1 0 2 1 1 2 2 1 0 2 2 0 1 2 2 1
2 1 0 0 0 1 1 2 2 1 1 2 2 1 0 1 2 0 1 2 2 2
2 0 0 0 0 0 1 1 2 1 1 2 2 2 0 1 1 0 0 2 1 0
2 0 0 0 0 1 1 1 2 1 1 2 2 1 0 2 0 0 0 2 2 1
2 0 0 1 0 1 0 1 2 1 1 2 2 0 0 2 1 0 0 2 2 2
2 0 0 0 1 1 0 1 2 1 1 1 2 1 0 2 1 0 1 2 2 2
2 0 0 0 0 2 1 1 2 2 1 2 2 1 0 2 1 0 1 2 2 0
2 0 0 1 0 0 2 1 2 2 1 2 1 1 0 1 1 0 1 2 2 0
2 0 0 0 0 2 1 2 2 0 2 2 2 0 1 2 2 0 2 2 2 1
2 0 0 0 0 0 1 1 2 2 1 2 2 2 0 2 1 0 0 2 2 1
1 0 0 0 0 2 0 2 2 1 1 2 2 0 1 2 0 0 1 2 1 1
2 1 0 0 0 0 0 1 2 2 0 2 2 0 1 2 2 0 1 2 1 1
2 0 0 1 0 1 0 1 2 1 1 2 0 2 0 2 2 0 0 2 2 1
2 0 0 1 0 2 0 1 2 2 2 1 2 2 0 2 1 0 0 2 2 1
2 1 0 0 0 0 1 0 2 1 2 2 2 1 1 2 1 0 0 2 1 0
2 1 0 0 0 2 0 1 2 2 1 2 1 2 0 2 1 0 1 2 1 0
2 0 0 0 0 1 1 0 2 1 2 2 2 2 0 2 1 0 1 2 1 1
2 0 0 0 0 1 0 1 2 2 1 2 2 2 0 2 1 0 0 2 1 1
2 0 0 1 0 1 1 1 2 1 2 2 1 0 0 2 1 0 0 2 2 0
2 1 0 0 0 1 2 2 2 0 0 2 2 0 1 2 1 0 0 2 1 0
2 0 0 1 0 1 1 2 2 0 1 2 2 1 0 2 1 0 0 2 2 2
1 0 0 0 0 2 1 2 2 2 2 2 2 2 0 2 1 0 1 2 2 1
2 0 0 1 0 1 0 0 2 1 1 2 2 2 0 2 2 0 0 1 2 0
2 0 1 0 1 2 1 2 2 2 1 2 1 2 0 2 1 0 0 2 2 0
2 1 0 0 0 0 1 1 2 1 1 2 2 0 1 2 1 0 2 2 2 1
2 0 0 0 0 1 1 2 2 1 1 2 2 0 0 1 2 0 0 2 2 0
1 0 0 0 0 0 1 1 2 1 1 2 2 2 0 2 1 0 0 2 1 1
2 1 0 0 0 1 1 1 2 0 2 2 2 1 0 2 0 0 1 2 1 1
2 1 0 0 0 0 0 1 2 1 2 1 2 2 0 2 2 0 0 2 2 1
1 1 0 0 0 1 2 2 2 1 0 2 2 1 0 2 2 0 1 2 2 0
2 0 0 0 0 1 1 2 2 1 1 2 2 2 0 1 2 0 1 2 2 1
2 0 0 0 0 0 0 1 2 1 0 2 2 0 1 2 0 0 1 2 2 0
0 0 0 0 0 1 1 2 2 2 1 2 2 2 0 2 2 0 0 2 2 2
2 0 0 0 0 0 1 0 2 1 2 2 2 2 0 1 1 0 0 1 1 1
2 0 0 0 2 1 1 1 2 0 2 2 1 2 0 2 1 0 0 2 2 0
2 0 0 0 0 1 0 2 2 0 2 2 2 2 0 2 1 0 1 2 2 2
2 0 0 0 0 1 1 1 2 0 0 2 2 1 2 2 1 0 1 2 2 0
2 0 0 0 0 2 1 2 2 1 2 1 0 2 0 2 0 0 0 2 2 1
1 0 0 1 0 1 2 2 2 2 1 2 2 2 0 1 1 0 0 2 2 0
1 0 1 0 0 0 1 1 2 1 2 2 0 1 0 1 1 0 2 2 2 2
2 0 0 0 0 1 1 1 2 1 0 2 2 1 0 2 0 0 0 2 2 1
2 0 0 0 0 2 2 0 2 2 1 2 2 1 0 2 0 0 1 2 1 1
2 0 0 0 0 2 1 0 2 0 1 1 2 2 1 2 0 0 0 2 2 1
2 0 0 0 0 0 0 2 2 1 2 2 1 2 0 1 2 0 0 2 2 1
2 0 0 0 0 0 2 1 2 0 1 2 2 1 0 1 1 0 0 2 2 1
2 0 0 0 0 2 0 1 2 2 1 2 1 2 1 2 0 0 1 2 2 1
2 0 0 0 0 2 1 0 2 0 0 2 2 2 0 2 2 0 1 2 2 1
1 0 0 1 0 2 1 1 2 0 1 1 2 0 0 1 0 0 0 2 2 2
1 0 0 0 0 1 1 2 2 0 1 2 2 2 0 2 1 0 0 2 2 0
2 0 0 0 0 1 1 0 2 1 2 2 2 1 0 2 1 0 1 2 1 1
2 1 0 0 0 1 1 2 2 1 0 2 2 2 0 2 1 0 0 2 1 0
2 0 1 0 1 2 1 0 2 1 1 1 2 2 0 2 0 0 1 2 2 0
1 0 0 0 0 1 2 1 2 1 1 2 2 0 1 1 1 0 1 2 2 1
1 0 0 1 0 2 1 0 2 1 1 2 2 0 1 2 2 0 0 2 2 0
1 0 0 0 0 1 2 1 2 1 1 2 2 1 0 1 1 0 1 2 1 0
2 0 0 1 0 1 2 0 2 1 1 2 2 2 0 2 2 0 1 2 0 2
2 0 0 0 0 2 2 0 2 0 1 2 2 1 0 2 1 0 1 2 2 1
2 0 0 1 0 0 2 1 2 1 1 2 1 0 1 1 2 0 0 2 2 1
2 0 0 0 0 1 1 0 2 1 2 2 2 0 0 2 2 0 0 2 2 1
2 0 0 0 0 0 0 1 2 2 1 2 2 1 0 2 0 0 1 2 1 2
0 0 0 1 0 2 0 1 2 0 1 2 2 2 0 2 0 0 0 2 2 2
2 0 0 0 0 1 1 1 2 2 1 2 2 1 0 2 2 0 1 2 2 1
1 0 0 0 0 1 2 0 2 0 2 2 2 1 0 1 2 0 0 2 2 1
2 0 0 0 0 2 0 1 2 0 1 2 2 1 0 2 1 0 2 1 2 2
1 0 1 1 0 1 2 1 2 1 1 2 2 2 0 2 2 0 0 2 2 1
1 0 0 0 0 2 1 2 2 2 0 2 1 2 0 2 2 0 0 2 2 2
2 1 0 0 1 0 1 2 2 1 2 1 2 2 0 2 1 0 1 2 2 1
2 0 1 0 0 1 1 0 2 1 1 2 2 1 0 2 2 0 0 2 1 2
2 1 0 2 0 1 1 1 2 1 2 2 2 2 0 2 0 0 1 2 2 0
2 0 0 0 0 1 1 2 2 1 0 2 2 1 0 2 2 0 0 2 1 1
1 0 0 0 0 1 1 1 2 1 1 2 2 1 0 2 2 0 0 2 2 0
2 1 0 0 0 2 1 1 2 1 1 2 1 1 0 1 2 0 0 2 2 2
1 0 0 0 0 0 1 1 2 1 0 2 2 0 0 2 1 0 1 2 2 1
2 0 0 0 0 1 2 1 2 2 2 2 2 1 0 2 0 0 1 2 2 0
1 0 0 0 0 2 1 1 2 1 1 2 2 2 1 1 0 0 0 2 2 0
2 0 0 1 0 2 1 1 2 1 1 2 2 1 0 2 0 0 0 2 1 0
2 0 0 0 0 2 0 1 2 0 0 2 1 1 1 2 2 0 0 2 2 1
2 1 0 1 0 0 0 0 2 2 1 2 1 1 0 1 1 0 0 2 2 2
1 0 0 0 0 2 1 1 2 0 2 2 1 2 1 2 0 1 1 2 2 2
1 0 0 0 0 1 0 2 2 0 2 2 2 1 0 2 2 0 2 2 2 2
1 0 0 0 0 0 0 1 2 2 1 2 2 2 1 2 1 0 1 2 2 0
2 0 0 0 1 2 2 2 2 1 0 2 2 2 0 1 2 0 0 2 1 2
2 0 0 1 0 2 0 0 2 0 1 2 2 0 1 1 1 0 2 2 2 1
2 0 1 1 0 1 2 1 2 1 1 2 1 0 0 2 2 0 0 2 2 1
2 0 0 1 0 2 2 1 2 2 0 2 1 1 0 2 1 0 1 2 2 0
1 0 1 1 0 1 2 2 2 1 0 1 2 2 1 2 1 0 0 2 2 1
2 0 0 0 0 1 0 1 2 1 0 2 1 1 0 2 1 0 0 2 2 1
0 0 0 0 0 2 1 1 2 1 1 2 2 2 0 1 1 0 0 2 1 1
2 1 0 1 0 1 1 0 2 0 0 2 2 1 0 2 0 0 1 2 1 0
1 0 0 0 0 2 1 1 2 2 2 2 2 1 0 2 2 0 0 2 1 1
1 0 0 1 0 2 0 1 2 0 0 2 1 1 1 2 2 0 1 2 1 1
2 1 0 0 0 2 0 0 2 1 0 2 2 2 0 2 1 0 0 1 2 0
1 2 0 0 0 2 2 2 2 2 1 2 2 1 0 2 1 0 1 2 2 1
1 0 1 1 0 1 1 1 2 1 1 1 2 1 0 2 1 0 1 2 2 1
1 0 0 0 0 1 1 1 2 0 1 2 2 2 1 2 1 0 1 2 2 2
2 0 0 1 0 0 1 0 2 0 0 2 1 1 1 2 1 0 0 2 2 1
1 1 0 1 0 0 2 0 2 1 0 2 2 2 0 1 1 0 1 2 1 1
0 0 0 0 0 2 2 1 2 1 2 1 1 1 0 2 2 0 0 2 2 1
2 0 0 0 0 1 1 2 2 1 1 1 1 2 0 2 2 0 1 2 1 1
2 0 0 1 0 2 1 2 2 1 0 2 2 1 0 2 0 0 0 2 2 2
2 0 0 1 0 2 2 1 2 1 1 2 2 2 0 1 2 0 0 1 1 1
2 0 0 0 0 2 1 2 2 0 0 2 2 2 0 2 2 0 2 2 2 1
2 0 0 0 0 1 1 0 2 1 1 2 2 2 0 1 2 0 1 2 2 2
1 0 0 0 0 1 1 2 2 1 2 2 2 2 0 2 2 0 0 2 2 1
2 0 0 1 0 2 2 2 2 2 1 2 2 1 1 2 1 0 1 2 2 1
2 0 0 1 0 0 0 2 2 1 0 2 1 2 1 2 1 0 1 2 0 1
1 0 0 1 0 2 2 2 2 1 2 2 2 0 1 2 2 0 1 2 2 0
1 0 0 0 0 0 1 1 2 0 1 2 2 2 0 2 1 0 1 2 1 1
2 0 0 0 1 1 1 1 2 2 2 2 2 1 0 1 0 0 0 2 1 2
2 0 0 0 0 1 1 1 2 0 1 2 1 1 1 2 1 0 1 2 2 2
1 0 1 0 0 2 1 1 2 1 0 2 2 2 0 1 2 0 1 2 2 0
2 0 0 0 0 1 2 1 2 1 0 2 2 2 0 2 2 0 1 2 2 0
2 0 0 0 0 2 1 0 2 1 1 2 2 1 1 2 1 0 1 2 2 2
2 1 0 0 0 1 0 2 2 1 0 2 2 0 0 2 2 0 0 2 1 0
1 1 0 0 0 1 1 2 2 1 0 2 2 2 0 2 2 0 0 2 2 0
2 0 0 0 0 0 1 1 2 1 1 2 0 0 0 2 1 0 0 2 2 1
2 1 0 1 0 1 1 1 2 0 0 2 2 0 0 2 1 0 0 2 1 1
1 1 0 1 0 1 2 2 2 0 2 2 2 2 1 2 2 0 0 2 2 2
2 0 0 0 0 0 0 0 2 1 1 2 2 2 1 1 0 0 0 2 1 2
1 0 0 1 0 2 0 1 2 1 1 2 2 2 0 1 0 0 1 2 2 1
2 0 0 0 0 2 1 1 2 1 0 1 1 0 0 1 2 0 1 2 2 0
2 0 0 0 0 2 0 2 2 2 0 2 2 1 0 2 1 0 0 2 2 1
2 0 0 0 0 1 2 1 2 1 1 2 1 2 2 2 1 0 0 2 1 0
2 0 0 0 0 1 1 1 2 1 0 2 2 2 0 1 1 0 1 2 1 0
2 0 0 0 0 1 0 1 2 1 0 2 2 2 1 2 1 0 0 1 1 2
2 0 0 0 0 1 2 2 2 1 0 2 2 2 0 2 2 0 0 1 2 0
2 1 0 0 0 1 0 1 2 1 0 2 2 0 0 2 1 0 0 2 2 1
2 0 0 1 0 1 2 1 2 2 2 2 1 2 0 1 0 0 2 2 1 0
2 1 0 0 0 0 0 2 2 1 1 2 2 1 0 1 1 0 1 2 2 1
2 1 0 1 0 0 1 2 2 2 1 2 2 1 2 2 1 0 0 2 1 2
1 0 0 0 0 0 2 1 2 0 2 2 2 1 0 0 2 0 1 1 2 2
1 0 0 0 0 2 1 2 2 0 1 2 2 1 0 2 0 0 0 2 2 1
2 0 0 0 0 2 0 2 2 1 1 2 2 1 0 1 2 0 1 2 2 2
2 1 0 1 0 1 0 1 2 2 1 2 2 1 1 2 1 0 0 2 1 1
0 0 0 0 0 1 1 1 2 1 1 2 2 1 0 1 1 0 0 2 2 2
2 1 0 0 0 1 0 1 2 2 1 2 2 2 0 2 1 0 0 2 2 0
1 0 0 0 0 1 0 1 2 2 0 2 1 1 1 1 1 0 1 2 1 0
2 0 1 1 0 1 1 1 2 1 1 2 2 2 0 2 2 0 0 2 2 1
1 0 0 0 0 1 2 0 2 1 1 2 2 1 0 1 0 0 0 2 2 2
2 1 0 1 1 1 1 1 2 1 1 2 0 1 1 2 1 0 0 2 2 0
2 0 0 0 1 2 2 2 2 1 1 2 2 0 0 1 0 0 1 2 2 2
2 0 0 1 0 2 1 2 2 1 2 2 2 1 0 2 0 0 1 1 2 1
2 1 0 1 0 2 1 1 2 0 2 1 2 1 0 2 2 0 1 2 1 2
1 0 0 0 0 0 1 0 2 2 0 1 2 2 0 2 1 0 2 2 2 0
2 1 0 0 0 2 2 2 2 2 1 2 1 1 0 1 2 0 0 2 2 0
2 1 0 0 0 1 0 1 2 0 0 2 2 1 0 2 2 0 0 2 2 2
2 0 0 0 0 2 1 1 2 1 1 2 2 1 0 2 2 0 0 2 2 1
1 0 0 0 0 1 1 2 2 1 2 1 2 1 0 2 2 0 0 2 2 1
2 0 0 0 0 0 1 1 2 0 0 2 2 1 0 2 1 0 1 2 1 2
1 0 0 0 0 2 1 1 2 1 0 2 2 1 0 1 0 0 0 2 1 2
2 0 0 1 0 0 2 1 2 1 0 2 2 2 0 1 2 0 0 2 2 0
1 0 0 0 0 2 2 0 2 2 1 2 2 1 0 2 2 0 0 2 2 0
2 1 0 0 0 1 0 1 2 1 1 2 2 2 0 2 2 0 0 2 2 1
1 0 0 1 1 0 2 2 2 1 1 2 2 0 2 2 1 0 1 2 2 0
1 0 0 0 0 2 0 1 2 2 1 2 2 2 1 1 2 0 0 2 1 1
2 1 0 1 0 1 0 1 2 1 1 2 2 1 0 1 0 0 1 2 1 1
2 0 0 0 1 2 0 1 2 0 1 2 2 1 0 1 1 0 0 1 2 1
2 0 0 0 1 1 1 1 2 0 1 1 2 1 1 2 0 0 0 2 2 2
2 0 0 0 0 0 0 1 2 1 2 2 2 0 0 2 1 0 0 2 2 1
1 0 1 0 0 1 1 1 2 1 1 2 2 2 0 1 1 0 0 2 1 1
0 0 0 0 0 0 2 1 2 0 2 2 2 2 0 2 1 0 1 2 2 1
2 0 0 0 0 1 0 1 2 1 2 2 1 2 0 2 2 0 0 2 2 1
2 0 0 0 0 1 1 2 2 1 1 2 2 2 0 2 1 0 2 2 2 2
1 0 0 0 0 2 0 1 2 2 2 2 2 1 0 2 2 0 1 2 2 2
1 1 0 0 0 2 2 2 2 1 2 1 2 2 0 2 0 0 2 2 0 0
2 0 0 0 0 1 1 1 2 2 1 2 2 2 0 2 1 0 0 2 2 2
2 0 1 0 0 1 1 1 2 1 0 2 1 1 0 2 2 0 1 1 2 0
2 0 0 0 0 1 1 0 2 2 2 2 2 2 0 1 1 0 0 2 2 1
2 0 0 0 0 1 0 0 2 1 1 2 2 1 1 2 2 0 1 2 2 2
1 0 0 0 0 2 1 1 2 0 1 1 2 1 0 2 0 0 0 2 1 0
2 0 0 0 1 0 1 2 2 2 2 2 2 2 1 2 1 0 0 2 2 1
0 1 0 0 0 1 1 0 2 0 1 2 2 1 0 1 1 0 0 2 2 1
2 1 0 0 0 2 1 1 2 1 2 2 1 2 0 2 2 0 0 2 2 1
2 0 0 0 0 1 1 1 2 0 1 1 2 0 0 2 1 0 1 2 2 0
2 0 0 0 0 2 1 1 2 1 0 2 2 2 0 2 2 0 1 2 2 1
2 0 0 0 0 1 1 0 2 0 1 2 2 2 0 2 1 0 0 2 2 2
2 0 0 0 0 1 1 1 2 2 2 1 2 1 0 2 2 0 1 1 2 1
2 0 0 1 0 2 1 1 2 0 1 2 2 2 0 2 2 0 0 2 2 2
2 0 1 0 0 1 0 2 2 1 2 2 2 0 0 2 0 0 0 2 1 1
2 0 0 0 1 1 0 1 2 2 0 2 1 2 1 1 2 0 1 2 1 1
2 0 0 0 1 1 0 1 2 0 2 1 2 2 0 2 2 0 1 2 2 0
2 0 0 1 1 2 2 2 2 0 1 2 2 1 1 2 1 0 1 2 1 1
1 0 0 0 0 1 0 0 2 0 2 2 2 2 0 2 2 0 1 2 2 1
2 2 0 0 1 0 1 1 2 0 0 2 1 2 0 2 1 0 0 2 1 0
2 0 0 0 0 1 0 2 2 0 2 2 2 2 1 2 2 0 0 2 1 1
2 0 0 0 0 0 1 1 2 2 1 2 1 2 1 2 1 0 0 2 1 1
2 1 0 0 0 2 1 2 2 2 0 2 2 1 0 2 0 0 0 1 2 1
2 1 0 0 0 1 1 1 2 1 1 2 1 2 0 2 2 1 0 1 2 0
2 0 1 1 0 1 1 2 2 1 1 2 2 2 0 2 1 0 0 2 0 2
1 0 0 0 0 1 1 1 2 0 2 2 2 2 1 2 2 0 1 1 2 1
0 0 0 0 0 2 0 1 2 2 1 2 1 2 0 1 0 0 0 2 2 1
2 0 0 0 0 0 0 0 2 1 2 1 2 1 0 1 2 0 1 2 1 1
2 0 0 0 0 0 1 1 2 1 2 2 2 2 0 2 0 1 1 2 1 1
2 0 0 0 0 1 0 1 2 1 2 2 2 2 0 2 1 1 1 2 1 2
2 0 0 1 0 1 0 1 2 1 1 2 2 2 0 1 1 0 1 2 1 1
1 0 0 0 0 2 1 2 2 1 1 2 2 1 0 2 2 0 1 2 1 1
2 0 0 0 0 0 1 0 2 2 0 1 2 2 1 2 2 0 0 2 2 0
2 0 0 0 0 1 0 2 2 0 1 2 2 2 0 2 0 1 1 2 2 1
2 0 0 0 0 0 0 0 2 2 2 2 2 2 0 1 1 0 0 2 2 1
2 0 0 0 0 2 0 1 2 0 0 2 2 1 0 2 1 0 0 2 1 0
1 0 0 0 0 2 0 0 2 1 2 2 2 1 0 2 1 0 0 2 1 1
2 0 0 1 0 2 0 1 2 0 1 2 2 1 0 1 1 0 0 2 2 1
2 1 0 0 0 2 1 1 2 2 1 1 1 1 0 2 1 0 1 2 2 1
2 0 0 0 0 1 1 1 2 0 1 2 2 2 0 2 2 1 1 2 2 1
1 1 0 0 0 2 2 2 2 1 2 2 2 2 0 2 0 0 0 2 1 1
2 1 0 0 0 0 1 1 2 1 0 2 2 0 1 1 2 0 1 2 1 1
2 0 1 1 0 0 1 1 2 0 0 2 2 1 0 2 2 0 1 2 2 1
2 0 0 0 0 1 0 1 2 2 2 2 2 1 0 2 1 0 0 2 2 1
1 0 0 0 0 2 1 0 2 1 1 2 2 1 1 1 1 0 1 2 2 0
1 0 0 0 0 1 1 2 2 0 1 1 2 1 1 1 2 0 0 2 2 1
1 0 0 0 1 1 1 2 2 1 2 2 2 1 0 2 0 0 1 2 2 0
2 0 0 0 0 1 1 1 2 1 1 2 2 0 0 2 0 0 0 2 1 2
2 0 0 0 0 1 1 0 2 2 2 2 2 2 0 2 0 0 0 2 2 2
1 1 0 0 0 2 1 1 2 1 2 2 2 1 0 2 1 0 0 2 2 0
2 0 0 0 0 1 2 1 2 2 2 2 2 1 1 2 1 0 0 2 1 0
2 0 0 0 0 1 0 1 2 1 1 2 0 2 1 2 1 0 1 2 2 1
2 0 0 1 0 0 0 2 2 1 0 2 2 1 0 2 2 0 0 2 2 2
2 0 1 0 0 1 1 2 2 1 0 1 1 2 0 2 1 0 2 2 1 1
1 1 0 0 0 2 1 1 2 2 0 2 2 1 0 2 2 0 0 2 2 1
1 1 0 0 0 0 2 1 2 2 1 2 1 1 0 2 1 0 1 2 1 1
2 1 0 0 0 0 0 1 2 2 0 2 2 1 0 2 0 0 1 2 2 0
2 1 0 0 0 2 2 2 2 2 1 2 2 1 0 2 2 0 1 2 2 2
2 0 0 0 1 1 1 0 2 2 1 2 2 2 0 0 1 0 1 2 2 0
2 0 0 0 0 2 0 2 2 0 0 2 2 0 0 2 2 0 0 2 2 1
2 0 0 0 1 1 1 2 2 0 2 2 2 1 0 1 1 0 0 2 2 2
1 0 0 0 0 1 0 2 2 1 2 2 2 1 0 2 2 0 1 2 2 0
1 0 0 0 0 1 1 1 2 1 2 2 2 1 0 1 1 0 0 2 2 1
2 1 0 0 0 1 0 1 1 1 1 2 2 1 0 2 1 0 1 2 2 2
2 0 0 0 0 1 0 1 2 0 1 1 2 1 0 2 1 0 0 2 2 1
2 0 0 0 0 0 1 0 2 1 1 2 2 1 0 2 2 0 0 2 2 0
2 0 0 0 0 1 1 1 2 2 2 2 2 0 0 1 0 0 0 2 2 0
1 0 0 0 0 0 0 1 2 2 1 2 2 2 1 2 2 0 1 2 2 1
2 0 0 1 0 1 1 1 2 2 1 2 2 0 0 2 1 0 0 2 1 2
1 0 0 0 0 0 2 1 2 1 1 2 2 2 1 2 2 0 1 2 2 1
2 0 0 0 0 1 1 1 2 0 1 2 2 2 0 2 1 0 2 2 1 0
1 0 0 0 0 1 0 1 2 1 1 2 2 0 0 2 0 0 1 2 2 1
2 0 0 0 0 0 0 1 2 2 1 2 2 1 0 1 1 0 0 2 2 0
1 0 0 0 0 1 1 1 2 2 1 2 2 1 0 1 1 0 1 2 1 1
1 0 0 0 0 2 1 1 2 1 1 2 2 0 0 2 2 1 1 2 2 1
2 0 0 0 0 0 1 1 2 1 0 2 2 2 0 2 0 0 1 2 2 2
1 1 0 0 0 2 2 0 2 2 1 2 2 0 0 2 1 0 0 2 2 1
2 0 0 0 0 2 0 1 2 2 0 2 2 1 0 2 2 0 1 2 1 0
1 0 1 0 0 2 0 1 2 1 1 1 2 1 0 1 1 0 0 2 1 1
2 0 0 0 1 2 1 0 2 0 1 2 2 0 1 2 1 0 1 2 2 2
2 0 0 0 0 2 1 1 2 1 0 2 0 1 0 1 2 0 0 2 2 2
1 1 0 0 0 2 0 2 2 1 1 2 2 0 0 1 2 0 1 2 2 0
2 1 0 0 0 1 1 1 2 2 1 2 2 1 0 2 1 0 0 2 1 1
2 0 0 0 0 1 0 0 2 1 1 2 2 2 0 2 2 0 1 2 2 0
2 1 0 0 0 1 0 2 2 2 1 1 2 2 0 2 1 0 0 2 2 1
2 0 1 0 0 2 1 1 2 1 0 2 2 1 0 1 1 0 1 2 2 0
2 0 0 0 0 2 0 2 2 2 1 2 2 1 0 2 2 0 0 2 1 2
1 0 0 0 0 2 1 0 2 2 0 2 2 1 0 2 2 0 1 2 2 1
1 0 0 0 0 1 0 0 2 0 1 2 2 1 1 2 2 0 1 2 1 2
1 1 0 0 0 0 1 1 2 2 0 2 2 1 0 2 2 0 2 2 1 1
2 0 1 0 0 1 0 0 2 0 0 2 2 2 0 2 1 0 1 2 2 2
2 1 0 1 0 0 2 1 2 0 2 2 2 2 0 2 1 0 1 2 1 0
2 0 0 0 0 1 1 0 2 1 1 2 2 1 0 2 1 0 0 2 2 1
2 0 1 0 0 1 0 1 2 2 0 1 2 2 1 2 1 0 0 2 2 0
1 0 0 0 0 1 1 0 2 0 2 2 1 0 0 2 2 0 0 2 2 2
2 0 0 0 0 1 1 0 2 1 1 2 1 0 0 2 1 0 0 2 2 2
2 0 0 0 0 1 1 1 2 1 0 2 1 1 0 2 1 0 1 2 2 0
2 1 0 1 0 1 0 1 2 2 2 2 2 1 0 2 1 0 2 2 0 1
2 0 1 0 0 0 1 2 2 1 0 2 2 1 1 1 2 0 0 2 2 0
2 1 0 0 1 0 1 1 2 0 2 2 2 2 1 1 1 0 1 2 2 1
2 0 0 0 0 1 1 2 2 1 1 1 2 0 1 2 2 0 1 2 1 1
2 0 0 0 0 0 1 1 2 0 1 2 2 1 0 1 0 0 0 2 1 2
2 0 0 0 0 1 0 2 2 1 1 1 0 2 0 2 1 0 0 2 2 0
2 0 0 0 0 0 0 0 2 0 0 2 1 1 0 1 2 0 0 2 2 1
2 0 0 0 0 1 1 1 2 1 2 2 2 1 1 1 1 0 1 2 2 2
2 0 1 0 0 0 0 1 2 1 1 2 2 0 0 1 1 0 1 2 1 1
2 0 0 0 0 0 0 0 2 0 0 2 2 1 0 2 1 0 1 2 2 1
0 0 1 0 0 2 0 1 2 2 1 2 2 1 0 2 2 0 1 2 2 1
2 1 1 0 0 1 1 1 2 0 2 2 1 1 0 2 2 0 1 2 2 0
2 0 0 1 0 2 1 2 2 0 2 2 2 1 0 2 0 0 0 2 2 1
1 0 0 0 0 1 1 0 2 1 2 2 2 1 0 2 1 0 1 2 2 1
2 0 0 0 0 2 0 1 2 1 1 2 2 0 1 2 0 0 0 2 2 1
1 1 0 0 0 0 0 1 2 1 1 1 1 2 0 2 2 0 0 2 2 1
1 0 0 0 0 2 1 1 2 1 1 2 2 1 2 1 2 0 0 2 2 0
2 0 0 1 0 2 1 1 2 1 1 2 2 2 0 1 1 0 0 2 2 0
1 0 0 0 0 2 0 1 2 2 1 2 2 2 0 2 2 0 0 2 2 1
2 1 0 0 0 1 0 1 2 2 2 2 2 1 0 2 1 0 1 2 2 1
2 0 0 0 0 1 1 1 2 1 2 2 2 0 1 2 2 0 2 2 2 1
2 0 0 0 0 0 0 2 2 0 0 2 1 2 0 1 1 0 1 2 2 0
2 0 1 0 0 0 0 2 2 1 1 1 2 1 0 1 2 0 0 1 2 1
2 1 0 0 0 2 0 0 2 1 1 2 1 2 0 2 1 0 0 2 2 1
1 0 1 0 0 0 0 2 2 2 0 2 2 2 1 2 0 0 1 2 2 0
1 0 0 0 0 0 1 2 2 1 1 2 2 1 0 2 1 0 1 2 2 2
1 0 1 1 0 1 0 1 2 1 1 2 2 2 0 1 2 0 2 2 2 1
2 0 0 0 0 0 0 1 2 0 0 2 1 1 1 2 2 0 0 2 2 1
2 0 0 0 0 1 2 1 2 2 2 2 1 2 0 1 1 0 1 1 2 2
2 0 1 0 0 1 1 1 2 0 2 2 2 1 1 2 2 0 0 2 2 2
2 0 0 0 0 0 2 1 2 1 1 2 2 1 0 2 1 1 0 2 1 1
1 1 0 0 0 2 1 1 2 0 2 2 2 0 0 2 1 0 1 2 1 1
2 0 0 0 1 1 1 0 2 1 1 1 2 1 0 2 1 0 1 2 2 2
1 0 0 0 0 2 0 1 2 0 1 2 2 0 0 2 1 0 0 2 2 0
2 0 0 0 0 1 1 0 2 1 1 2 1 0 0 2 1 0 1 2 2 2
2 0 0 0 0 1 0 1 2 1 2 2 2 1 0 2 2 0 0 2 2 0
2 0 0 0 0 1 0 1 2 2 1 2 2 1 1 2 0 0 0 2 2 0
2 0 1 0 0 1 1 1 2 2 2 2 1 2 0 2 1 0 0 2 2 1
2 1 0 1 0 2 0 1 2 1 0 1 2 1 0 1 1 0 0 2 2 1
2 1 0 1 0 2 1 2 2 1 1 2 2 1 1 2 0 0 0 2 2 2
2 1 0 0 0 1 1 0 2 0 2 2 2 2 0 2 1 0 0 2 1 1
2 0 0 1 0 0 2 1 2 0 0 2 1 0 0 2 1 0 0 2 2 1
1 0 0 0 0 1 1 1 2 2 1 2 2 1 0 2 1 0 1 2 2 1
2 0 1 0 0 0 1 1 2 1 0 2 1 0 0 2 2 0 1 2 1 1
2 0 0 1 0 2 0 2 2 0 0 2 1 1 1 1 1 0 1 2 2 2
1 0 0 0 0 0 1 0 2 2 2 2 2 1 0 2 1 0 0 2 2 2
2 1 0 0 0 1 0 1 2 1 1 2 1 0 1 2 0 0 1 2 1 2
2 0 0 1 0 1 1 0 2 1 2 2 2 1 1 1 0 0 1 2 2 1
2 0 0 0 0 1 1 1 2 1 1 2 1 1 1 2 2 0 1 2 2 1
2 0 0 0 0 1 0 1 2 1 1 2 2 1 0 2 0 0 0 2 2 2
2 1 0 0 0 1 2 1 2 2 1 2 2 1 0 1 2 0 1 2 2 1
2 0 0 0 0 2 1 1 2 0 0 2 2 0 0 1 1 1 1 2 1 2
2 1 0 2 0 1 0 1 2 1 1 2 2 1 0 0 2 0 1 2 1 1
2 0 0 0 0 0 1 0 2 1 0 2 2 2 1 1 0 0 1 2 2 2
2 0 0 0 0 1 0 1 2 1 1 2 1 1 0 2 0 0 0 2 2 1
2 0 0 0 0 0 1 2 2 0 0 2 2 0 0 2 1 1 1 2 1 0
2 0 0 0 0 2 1 1 2 1 0 2 2 1 0 2 0 0 0 2 2 1
2 0 0 0 0 1 1 2 2 1 1 1 2 1 0 2 2 0 1 2 2 1
2 0 0 0 0 1 1 1 2 0 2 2 2 2 0 1 1 0 0 2 2 1
2 1 1 0 0 2 1 2 2 1 1 2 2 1 0 1 2 0 0 2 2 0
1 1 0 0 0 1 1 1 2 1 1 1 2 0 1 1 2 0 0 2 2 2
2 0 0 0 0 0 1 2 2 1 1 2 2 2 0 2 2 1 1 2 2 2
1 0 0 0 0 1 0 2 2 2 1 2 2 2 0 2 1 0 0 2 2 2
1 0 1 0 0 0 1 2 2 1 2 2 1 1 0 2 1 0 0 2 2 0
2 0 0 0 1 0 0 1 2 1 1 1 2 0 0 1 1 0 1 2 2 0
2 0 0 0 2 1 1 2 2 0 1 2 2 0 1 1 1 0 0 2 2 1
2 0 0 0 0 0 0 2 2 1 2 2 2 1 0 1 0 0 1 2 2 1
1 0 0 0 0 1 1 0 2 0 0 2 2 1 0 2 1 0 0 2 2 2
2 0 0 0 0 1 0 0 2 1 1 2 2 2 0 2 1 0 1 2 2 1
1 0 0 0 0 1 0 2 2 2 2 2 2 2 0 2 1 0 1 2 0 2
2 1 0 0 0 2 1 1 2 0 1 2 2 2 0 2 2 1 0 2 2 2
2 0 0 0 0 0 1 2 2 0 1 0 2 0 0 2 2 1 0 2 1 1
2 0 0 0 0 2 0 0 2 0 1 2 2 2 0 2 0 0 1 2 2 2
2 0 0 0 0 1 1 1 2 1 0 2 2 1 0 2 1 0 1 2 2 1
2 0 0 0 0 0 0 1 2 1 1 1 2 0 1 2 2 0 0 2 2 2
2 0 0 0 0 2 1 1 2 2 2 2 1 1 0 2 2 0 1 2 1 0
2 0 0 0 0 2 0 0 2 2 1 2 2 1 0 2 2 0 0 2 2 0
2 0 0 0 0 1 2 1 2 2 0 2 2 1 1 2 2 0 0 2 0 0
2 0 0 0 0 0 1 2 2 1 1 2 2 2 1 2 1 0 1 2 2 0
2 0 1 0 0 0 1 1 2 2 0 2 2 1 0 2 1 0 1 2 2 1
2 0 1 1 0 2 0 1 2 0 1 2 2 2 0 2 1 0 1 2 2 2
2 0 0 1 0 2 1 0 2 1 2 2 2 2 0 2 0 0 1 2 1 0
2 0 0 0 0 2 0 1 2 1 2 2 1 1 0 2 2 0 0 2 2 2
2 0 0 0 0 1 1 0 2 1 0 2 2 0 1 2 2 0 0 2 2 2
1 0 0 0 0 1 0 1 2 1 2 2 1 1 0 2 2 0 1 2 1 1
2 0 0 1 0 0 1 1 2 1 0 2 2 0 0 2 1 0 0 1 2 0
2 0 0 0 0 2 2 2 2 0 0 2 2 2 1 2 1 0 1 2 2 1
1 0 0 0 0 1 0 1 2 0 1 2 2 1 1 2 1 0 0 2 2 2
1 0 0 0 0 1 1 0 2 1 1 2 2 1 0 2 1 0 1 2 1 1
2 1 0 0 0 1 2 1 2 2 1 2 1 2 0 2 1 0 1 2 2 2
2 0 0 0 0 1 2 1 2 0 1 2 2 2 0 2 0 0 0 2 2 1
2 1 0 0 0 1 2 1 2 2 1 2 1 2 0 2 1 0 1 1 2 2
2 0 1 0 0 1 1 2 2 0 1 2 2 1 0 1 0 0 0 1 0 2
2 0 0 0 1 1 2 1 2 2 0 2 1 1 0 1 2 0 1 2 2 1
2 0 0 1 0 0 0 0 2 1 1 2 2 2 0 2 2 0 0 2 1 2
2 0 0 0 0 2 0 2 2 0 0 2 1 0 0 1 0 0 0 2 2 1
0 0 1 0 0 1 1 1 2 1 0 1 2 2 0 2 2 0 0 2 2 1
2 0 0 0 0 1 0 1 2 2 2 2 2 2 0 2 0 0 0 2 2 1
2 1 0 0 0 1 1 0 2 1 1 2 1 1 0 2 1 0 0 2 2 0
2 1 0 0 0 0 1 1 2 0 1 1 2 2 0 2 1 0 1 2 2 1
2 0 0 0 0 2 2 1 2 0 2 2 1 2 0 2 1 0 0 2 1 2
2 0 0 0 1 1 1 1 2 1 2 2 1 1 0 2 1 0 0 2 1 1
2 0 1 0 0 0 1 1 2 0 1 2 2 1 0 2 2 0 2 2 2 2
2 1 0 0 0 2 0 1 2 0 1 2 2 0 0 2 1 0 0 2 2 1
1 1 0 1 0 1 0 0 2 0 1 2 2 1 0 2 0 0 1 2 2 1
2 0 0 0 0 2 1 1 2 1 1 2 2 1 1 2 0 0 0 2 2 1
2 0 0 0 0 0 0 1 2 1 1 2 2 0 2 1 1 0 0 2 2 1
2 0 0 0 0 2 1 1 2 1 0 2 2 2 0 2 1 0 0 2 2 1
1 0 0 0 0 1 0 2 2 1 2 2 1 1 0 1 1 0 0 2 2 2
1 0 0 1 0 1 0 1 2 0 1 1 2 1 0 1 2 0 0 2 2 1
1 0 0 0 0 2 0 1 2 1 1 2 2 2 0 2 1 0 0 2 1 2
2 0 0 0 1 1 0 1 2 2 2 2 2 1 0 2 1 0 0 1 2 2
1 1 0 0 1 2 1 1 2 1 2 2 2 2 1 2 1 0 0 2 2 2
2 0 0 1 1 0 2 1 2 0 1 2 2 1 0 2 0 0 1 2 2 1
1 0 0 0 0 2 1 1 2 0 1 2 2 1 0 2 1 0 1 2 2 1
2 0 0 0 0 0 0 2 2 2 2 2 2 1 0 1 1 0 1 2 0 1
1 0 0 1 0 2 0 1 2 0 2 1 2 0 0 2 1 0 1 2 2 2
2 1 0 0 0 2 0 0 2 0 1 2 2 2 0 1 0 0 0 2 2 2
2 0 0 1 0 1 1 2 2 2 1 2 2 2 0 2 0 0 0 2 2 1
2 0 0 0 0 1 2 0 2 1 0 2 1 1 0 2 1 0 0 2 2 1
2 1 1 1 0 2 1 1 2 0 1 1 1 2 0 2 1 0 1 2 2 2
2 0 0 0 0 2 1 0 2 1 2 1 2 2 0 2 1 0 1 2 2 1
1 0 0 0 0 2 1 2 2 2 0 1 2 2 1 2 1 0 2 2 2 1
2 0 0 1 0 1 0 0 2 0 0 2 2 1 0 1 1 0 0 2 2 1
2 0 0 0 0 1 0 1 2 1 1 2 2 2 1 2 2 0 0 2 2 2
2 0 0 0 0 2 2 1 2 2 1 2 2 2 0 1 1 1 1 2 1 0
1 0 0 0 0 1 2 2 2 1 2 2 2 2 1 2 1 0 0 2 2 1
2 0 0 0 0 2 0 1 2 2 1 2 2 2 1 0 1 0 1 2 1 0
1 0 0 2 0 1 0 0 2 1 1 2 1 2 0 2 1 0 0 2 2 1
2 0 0 0 0 0 2 1 2 1 1 2 2 2 0 2 0 0 0 2 1 1
2 0 0 0 0 1 1 1 1 0 0 2 2 2 0 2 0 0 0 2 2 1
2 0 0 0 0 0 1 1 2 1 0 1 2 2 1 2 1 1 1 2 1 1
1 1 0 0 0 1 0 0 2 1 1 2 2 1 0 2 1 0 1 1 2 2
2 0 0 0 0 1 1 1 2 1 0 2 1 1 1 2 2 0 0 2 1 1
2 0 0 0 0 2 1 1 2 2 2 2 1 1 0 2 1 0 0 2 1 2
2 0 0 0 0 2 2 2 2 1 0 2 1 2 0 2 1 0 0 2 2 1
2 0 0 0 0 0 1 0 2 1 0 1 0 2 0 1 1 0 0 2 2 1
2 0 0 0 0 1 1 1 2 2 1 2 1 2 0 2 1 0 0 2 2 0
2 1 0 0 0 2 1 1 2 2 1 2 2 0 0 2 0 0 0 2 2 1
2 0 0 0 0 2 0 2 2 1 2 2 2 2 0 2 0 0 0 2 1 0
2 0 0 0 0 1 1 0 2 0 0 2 2 2 0 2 1 0 0 2 2 0
2 0 0 0 0 2 1 1 2 1 2 2 2 1 0 2 1 0 1 2 2 1
2 0 0 0 0 2 0 1 2 1 2 2 2 1 1 2 1 0 0 2 2 2
2 0 0 0 0 2 2 1 2 2 1 2 1 2 0 1 0 0 1 2 2 1
2 0 0 0 0 1 0 2 2 1 2 2 2 2 1 2 2 0 0 2 2 0
2 0 0 0 0 2 0 2 2 0 2 2 2 2 0 2 1 1 0 2 1 2
2 0 0 0 0 0 2 1 2 1 0 2 2 1 0 2 1 0 0 2 2 1
2 0 0 0 1 2 1 1 2 1 2 2 2 1 0 2 1 0 1 2 1 0
2 1 1 0 0 2 1 2 2 1 1 1 0 2 0 2 1 0 0 2 2 0
1 0 0 0 0 0 2 0 2 1 1 2 2 2 0 2 1 0 0 2 2 2
2 1 0 0 0 0 0 0 2 1 0 2 2 0 0 2 0 0 1 2 2 1
2 0 0 0 0 2 1 0 2 0 0 1 1 2 1 1 1 0 0 2 2 1
2 0 0 1 0 0 0 1 2 0 1 2 2 1 0 2 1 0 1 2 2 2
1 0 0 2 0 2 0 1 2 0 1 1 2 1 0 2 1 0 0 2 1 1
2 0 0 0 1 2 1 1 2 0 1 2 2 1 0 2 0 0 1 2 1 2
2 0 0 0 0 1 1 1 2 2 2 2 1 2 0 2 0 0 1 2 2 2
2 1 0 0 0 2 1 2 2 1 0 2 2 1 0 2 1 0 0 2 2 2
2 0 1 0 0 1 0 2 2 0 2 2 1 1 0 2 2 0 2 2 1 2
2 1 0 0 0 2 1 2 2 0 1 2 2 0 0 0 1 0 0 2 2 1
2 0 0 0 0 0 2 1 2 1 1 2 2 1 0 2 1 0 0 2 2 2
2 1 0 0 0 1 0 1 2 2 2 2 2 1 1 1 2 0 1 2 2 0
2 0 0 0 0 2 2 0 2 1 1 2 2 1 0 2 2 0 0 1 2 2
2 1 0 0 0 1 1 0 2 0 0 2 2 1 0 2 2 0 0 2 2 1
2 0 0 0 0 0 2 1 2 1 2 2 2 1 0 2 2 0 0 2 1 0
2 0 0 0 0 2 0 2 2 1 0 1 1 2 0 2 0 0 0 2 2 1
2 0 0 0 1 0 0 0 2 1 1 2 1 2 0 1 2 0 0 2 2 0
1 0 0 0 0 1 1 0 2 0 2 2 2 2 0 2 0 0 1 2 2 1
2 1 0 0 0 1 1 1 2 2 1 2 2 0 0 2 1 0 0 2 2 1
2 0 0 0 0 0 0 2 2 1 1 2 2 1 0 1 2 0 1 2 2 2
2 1 0 0 0 1 0 2 2 0 1 2 2 1 1 2 0 0 1 2 2 1
2 0 0 0 0 0 1 1 2 1 1 2 2 2 0 1 0 0 0 2 2 2
2 0 1 0 0 1 1 1 2 1 1 1 1 1 1 2 0 0 0 2 1 0
2 0 0 0 0 1 1 2 2 1 0 2 2 1 0 2 0 0 0 2 2 1
1 0 0 1 0 1 2 1 2 1 0 2 1 0 0 2 2 0 1 2 2 2
2 0 0 0 0 2 1 0 2 0 2 2 1 2 0 1 0 0 1 2 2 1
2 0 0 0 0 1 2 1 2 0 1 2 2 2 0 2 2 0 0 2 2 0
1 0 0 0 1 2 0 1 2 0 2 2 2 1 1 1 2 0 0 2 2 0
2 0 0 0 0 2 0 1 2 1 2 2 1 2 0 2 1 0 1 2 2 0
2 1 0 0 0 2 1 2 2 2 1 2 2 0 0 0 0 0 0 2 2 0
1 0 0 0 0 2 1 2 2 1 1 2 2 2 0 2 1 0 0 2 1 2
1 1 0 0 0 0 0 1 2 1 1 2 2 2 1 2 2 0 1 2 2 2
2 0 0 1 0 2 1 0 2 0 1 2 2 1 1 1 1 0 0 2 1 1
2 0 0 0 0 1 1 1 2 1 1 1 2 1 0 2 1 0 1 2 2 2
2 0 0 1 0 0 2 2 2 2 0 2 2 1 0 1 1 0 0 2 1 2
2 1 0 0 0 2 1 0 2 1 2 2 2 0 0 2 1 0 1 2 2 2
2 0 0 0 1 1 1 1 2 0 2 1 2 2 0 2 2 0 0 2 2 2
2 0 0 0 0 2 0 2 2 1 1 2 2 1 0 2 1 0 0 2 2 2
1 1 0 0 0 1 1 1 2 2 2 2 2 0 1 2 1 0 1 2 2 1
2 0 0 0 0 2 1 1 2 0 1 2 2 0 0 1 2 0 0 2 1 1
2 0 0 0 0 2 2 1 2 1 0 2 2 2 0 2 1 0 0 2 1 1
1 1 0 0 0 0 0 1 2 0 2 2 2 1 0 2 1 0 0 1 2 2
2 0 0 0 0 1 2 2 2 1 1 2 2 2 0 2 2 0 1 2 1 1
2 0 0 0 0 0 0 1 2 1 1 1 2 1 0 2 1 0 0 2 2 1
2 0 0 2 0 0 2 1 2 1 2 1 2 0 0 1 2 1 1 2 2 2
1 0 1 0 0 1 1 2 2 0 0 2 2 1 1 2 2 0 0 2 1 1
2 0 0 0 0 0 2 1 2 2 2 2 1 1 0 2 2 0 1 2 2 1
2 0 0 0 0 1 0 0 2 0 0 2 2 2 0 2 2 0 0 2 1 0
1 0 0 0 0 0 0 2 2 2 1 2 2 1 0 2 1 0 0 2 2 2
2 0 0 0 1 1 1 2 1 2 1 2 2 2 0 2 2 0 0 2 1 1
2 0 0 0 0 2 1 1 2 0 1 2 2 2 1 2 1 0 0 2 2 0
2 0 0 1 0 2 1 1 2 1 1 2 2 1 0 2 1 0 0 2 2 1
2 0 1 0 0 1 0 2 2 1 1 1 2 2 1 2 0 0 0 2 2 2
2 0 0 0 0 2 0 2 2 0 0 1 1 2 0 0 0 0 1 2 1 2
1 0 0 0 0 1 1 1 2 1 2 2 2 1 1 1 0 0 0 2 2 0
1 0 0 0 0 1 0 0 2 0 2 2 2 1 2 2 0 0 0 2 2 1
2 1 0 0 0 2 2 1 2 0 0 1 1 1 0 2 2 0 0 1 2 0
2 0 0 0 0 2 0 1 2 1 0 2 1 2 0 2 0 0 0 2 1 1
2 0 0 0 0 2 0 1 2 1 1 2 2 1 0 1 1 0 0 2 2 2
2 0 0 0 0 2 0 2 2 1 1 1 2 0 0 1 1 0 0 2 1 0
1 0 0 2 0 1 1 2 2 0 0 2 1 1 0 2 2 0 1 1 2 1
2 1 0 0 0 2 1 0 2 0 1 2 2 2 0 2 0 0 0 2 2 1
1 0 0 0 1 1 0 1 2 1 0 1 2 0 2 2 2 0 0 2 2 1
2 0 0 0 0 2 1 0 2 1 1 2 2 1 0 2 1 0 0 2 2 1
2 0 0 0 0 1 1 0 2 2 1 2 2 1 0 2 1 0 0 2 2 2
2 0 0 1 0 0 0 1 2 2 2 2 2 0 0 2 1 0 0 1 2 1
2 0 0 0 0 1 2 2 2 1 0 2 2 2 1 2 1 0 1 2 2 1
2 0 0 0 1 1 0 2 2 2 1 2 2 0 0 2 1 0 1 2 2 1
2 0 0 0 1 1 2 2 2 1 1 2 1 2 0 2 1 0 0 2 2 1
2 0 0 1 0 1 0 0 2 2 0 1 2 1 1 1 1 0 0 2 2 2
2 0 0 0 0 1 0 2 2 0 1 2 1 2 0 2 1 0 0 2 2 1
2 0 0 0 0 1 0 2 2 1 1 2 2 2 1 2 1 0 1 2 2 2
2 0 0 0 0 1 0 1 2 1 1 2 2 1 0 2 1 0 0 2 2 1
2 0 0 0 0 1 0 2 2 0 1 2 1 2 0 1 1 0 0 2 2 1
2 0 0 0 0 2 1 0 2 0 1 2 2 2 1 2 0 0 0 2 2 1
2 0 0 0 0 0 1 2 2 0 1 2 2 2 0 2 1 0 1 2 1 2
1 0 0 1 0 2 0 2 2 1 1 2 2 0 0 2 1 0 0 2 1 0
2 0 0 0 0 2 0 2 2 1 1 1 2 2 0 2 2 0 1 2 0 2
2 2 0 0 0 0 2 1 2 1 0 2 2 1 0 2 1 0 0 2 1 0
1 0 0 0 0 0 2 1 2 1 1 2 2 1 0 2 1 0 0 2 1 1
2 0 0 1 0 0 1 0 2 1 2 2 2 2 0 2 1 0 0 2 2 1
2 0 0 0 0 2 2 2 2 1 2 2 2 1 0 1 1 0 0 2 2 0
1 0 0 0 0 1 1 0 2 1 2 1 2 1 0 2 2 0 0 2 1 2
2 1 2 0 0 1 1 1 2 1 2 1 2 2 1 1 2 0 0 2 2 2
1 0 0 0 1 0 1 1 2 1 2 2 2 2 0 2 0 0 0 2 2 0
1 0 0 0 0 1 2 1 2 1 1 2 2 0 1 2 0 0 0 2 1 1
2 0 0 0 0 1 0 1 2 1 1 2 2 2 0 2 1 0 1 2 2 0
2 0 0 0 0 1 2 1 2 0 2 2 2 2 1 2 1 0 1 2 1 1
1 0 0 0 0 2 1 2 2 0 2 1 2 1 1 2 2 0 1 2 2 2
2 0 0 1 0 1 1 2 2 2 2 2 2 0 0 1 1 0 0 2 2 2
2 0 0 0 0 1 0 2 2 0 0 2 2 1 0 1 2 0 0 1 2 1
2 0 0 0 0 2 0 2 2 1 0 2 0 1 0 0 2 0 0 2 2 2
2 0 0 2 0 2 0 2 2 1 1 1 2 0 0 2 1 0 1 2 2 0
2 0 0 0 1 1 2 0 2 0 1 2 2 2 0 2 0 0 0 2 2 2
2 0 1 0 0 2 0 1 2 1 1 2 2 2 1 0 2 0 0 2 2 0
2 1 0 0 0 1 0 1 2 2 2 2 1 2 0 2 1 0 1 2 1 0
1 0 0 1 0 2 0 2 2 0 0 2 2 1 0 2 0 0 0 1 2 1
2 0 0 0 0 0 0 2 2 2 2 1 2 1 0 2 1 0 0 2 2 0
1 0 0 0 1 1 1 1 2 0 0 2 1 1 1 2 1 0 1 2 2 1
1 0 0 0 0 1 1 1 2 2 0 2 1 1 1 2 2 0 1 2 2 0
2 1 0 1 0 1 0 0 2 1 0 2 2 1 0 1 1 0 0 2 2 2
2 1 0 0 0 2 1 1 2 1 2 2 2 1 0 2 1 0 1 1 1 1
2 0 0 0 0 1 0 0 2 1 1 2 1 2 0 2 1 0 0 2 1 2
2 0 0 0 0 0 0 1 2 0 2 2 2 0 1 1 1 0 2 2 1 1
2 1 0 0 0 1 2 0 2 0 0 2 1 0 1 1 1 0 0 1 2 1
2 1 0 0 0 0 1 1 2 1 1 2 2 1 1 2 2 0 0 2 2 0
2 0 0 0 0 1 0 1 2 0 2 2 2 2 0 1 1 0 0 2 2 1
2 0 0 0 1 1 1 1 2 1 0 2 1 1 0 1 0 1 0 2 2 2
2 0 0 0 0 0 2 1 2 2 1 2 1 1 0 2 0 0 2 2 2 1
1 0 0 1 0 2 0 2 2 1 2 2 2 1 0 2 1 0 1 2 1 0
2 0 0 0 0 2 0 1 2 1 0 2 2 1 0 2 2 0 1 2 2 1
2 0 1 0 1 2 1 1 2 0 0 1 1 2 0 1 2 0 1 1 1 2
2 1 0 1 0 1 1 0 1 1 1 2 2 1 0 2 1 0 0 2 2 2
2 0 0 0 0 2 2 1 2 2 1 2 2 2 0 1 2 0 0 2 2 1
2 1 0 1 0 2 1 1 2 2 1 2 2 0 0 2 1 0 0 2 2 0
2 0 0 0 0 1 0 1 2 1 2 1 2 1 0 1 0 0 1 2 2 1
2 1 0 0 0 1 2 1 2 1 2 2 2 1 0 2 1 0 1 2 2 2
2 0 1 0 0 1 1 2 2 1 0 2 2 0 0 2 1 0 0 2 1 1
2 0 0 0 1 0 0 1 2 2 1 1 1 1 0 1 0 0 1 2 2 1
2 0 0 0 0 2 1 1 2 1 0 1 2 2 0 2 0 0 0 2 1 1
2 1 0 0 0 0 0 0 2 1 1 1 2 0 1 2 1 0 0 2 2 1
2 1 0 0 1 2 1 1 2 0 0 1 2 1 0 2 1 0 0 2 2 1
2 0 0 1 0 1 1 0 2 2 1 2 1 1 0 1 1 0 1 2 2 1
2 0 0 0 0 0 0 1 2 2 1 2 2 0 1 2 1 0 1 2 1 2
1 0 0 0 0 1 0 1 2 0 1 2 2 2 0 2 0 0 0 2 2 1
1 0 0 0 0 1 1 1 2 0 0 2 2 1 0 2 1 0 0 2 2 1
2 1 0 0 0 2 0 2 2 1 1 0 1 1 0 2 2 0 0 2 2 1
2 0 0 0 0 0 1 1 2 0 1 2 1 2 0 2 2 0 1 2 2 2
2 0 0 0 0 2 2 1 2 0 2 2 2 1 0 2 1 0 0 2 1 1
2 0 0 1 0 2 1 1 2 1 1 2 1 2 1 2 2 0 2 2 1 0
2 1 0 0 0 0 0 2 2 1 2 2 2 2 1 1 1 0 0 1 2 2
2 0 0 0 1 1 0 1 2 1 1 2 2 2 0 0 0 0 1 2 1 2
1 0 0 0 0 2 2 2 2 2 0 2 2 2 0 2 1 0 0 2 2 1
2 0 0 1 0 1 0 2 2 0 2 1 2 1 1 2 0 0 0 2 1 1
2 0 0 0 0 1 1 0 2 0 1 2 2 0 1 2 2 0 1 2 2 2
1 0 0 0 0 1 0 0 2 1 1 1 2 1 0 2 0 0 0 2 2 1
2 1 0 0 0 1 1 1 2 1 1 1 2 2 0 2 0 0 0 2 2 2
2 0 0 0 0 2 2 2 2 1 1 2 0 1 0 2 2 0 0 2 2 2
1 0 0 0 0 1 1 0 2 1 0 2 2 1 0 2 0 0 0 2 2 1
1 0 0 1 0 2 0 1 2 1 2 1 2 2 0 2 1 1 0 2 1 1
2 0 0 1 0 1 1 1 2 1 1 2 2 2 1 0 1 0 0 2 2 2
1 0 0 0 0 2 2 1 2 2 1 1 1 1 0 1 0 0 0 2 2 0
2 0 0 0 1 0 1 2 2 1 2 2 1 2 0 1 1 0 0 2 2 2
2 1 0 0 0 1 2 1 2 1 1 2 2 1 0 2 1 0 1 2 2 1
2 0 0 0 0 0 1 1 2 0 0 2 1 1 0 2 0 0 0 2 2 2
2 0 0 0 0 1 2 0 2 1 1 2 2 1 0 1 2 0 0 2 1 2
2 0 0 0 0 0 0 1 2 2 2 2 2 1 0 1 1 0 1 1 2 1
1 0 0 2 0 2 0 2 2 0 1 2 0 1 1 1 0 0 1 2 1 0
2 0 0 0 0 0 1 1 2 2 2 2 2 1 0 2 2 0 1 2 2 2
2 0 0 1 0 2 2 0 2 1 0 1 2 0 1 1 2 0 0 2 2 1
1 0 0 1 0 1 2 1 2 1 2 2 2 1 0 2 2 0 0 1 2 2
2 0 0 0 0 2 1 1 2 2 2 1 2 1 0 2 0 0 2 2 2 2
2 0 0 0 0 1 2 1 2 1 1 2 2 2 0 2 1 0 0 2 2 0
2 0 0 0 1 2 1 2 2 0 2 2 2 2 0 2 2 0 0 2 2 1
2 0 0 0 0 2 1 1 2 1 1 2 2 2 0 2 2 0 1 1 2 0
2 0 0 1 0 0 0 2 2 2 0 2 2 2 1 2 1 0 0 2 2 0
1 1 1 0 0 2 0 1 2 2 1 2 1 2 0 2 1 1 0 2 2 2
2 0 0 0 0 1 1 0 2 1 0 2 2 0 0 2 1 0 1 2 2 2
2 0 1 0 0 2 0 1 2 1 1 2 2 1 0 1 1 0 0 2 2 1
1 0 0 0 0 2 0 1 2 0 1 2 2 2 0 2 1 0 1 2 1 1
1 1 0 0 0 1 1 0 2 1 0 2 2 1 0 2 2 0 0 2 2 1
2 0 0 0 0 1 0 1 2 1 1 2 2 1 0 2 0 0 0 2 2 1
2 0 0 0 0 1 1 0 2 1 1 2 1 1 1 2 2 0 0 1 2 2
2 0 0 1 0 1 2 1 2 0 1 2 2 1 0 2 0 0 1 2 2 1
2 0 0 0 0 2 0 2 2 1 2 2 2 2 0 2 1 0 1 2 1 1
1 0 0 0 0 0 0 2 2 0 2 2 1 1 0 2 2 0 1 2 1 1
1 0 0 0 0 0 1 2 2 2 1 2 2 1 0 2 1 0 0 2 2 1
2 0 0 0 0 2 0 1 2 0 2 2 1 2 0 2 1 0 0 2 1 1
2 0 0 0 0 1 2 1 2 2 1 2 1 1 0 2 2 0 0 2 2 1
1 0 0 0 1 1 2 2 2 1 0 2 2 2 0 2 2 0 0 2 0 0
2 0 0 0 0 2 0 1 2 2 2 2 1 2 1 2 2 0 0 2 2 0
2 0 0 0 1 1 1 1 2 1 1 2 2 0 0 2 1 0 0 2 2 0
1 0 0 0 0 0 1 1 2 2 1 2 2 1 1 2 0 0 1 2 2 1
1 0 0 0 0 1 0 0 2 1 0 2 1 0 0 2 1 0 0 1 1 0
2 0 0 0 0 2 0 2 2 2 0 2 2 2 0 2 1 0 0 2 2 0
1 0 0 1 0 1 1 1 2 2 1 2 2 0 1 2 1 0 1 2 0 0
2 0 0 0 0 1 1 1 2 1 2 2 2 1 0 2 1 0 2 1 2 2
1 0 0 0 0 1 1 1 2 2 1 2 2 1 0 1 0 0 1 2 2 1
2 0 0 1 0 1 1 2 2 0 0 2 2 1 0 1 0 0 1 2 1 1
2 1 0 0 0 2 0 2 2 1 1 2 2 2 0 2 1 0 1 2 0 1
2 1 0 1 0 0 1 1 2 1 2 1 2 2 0 2 0 0 2 1 1 0
2 1 0 0 0 2 1 1 2 0 2 2 2 2 0 1 0 0 1 2 1 0
2 0 0 0 0 1 1 2 2 1 1 2 2 0 0 1 1 0 2 2 1 2
2 0 0 1 0 0 1 2 2 0 0 2 1 1 1 2 1 0 0 2 2 1
2 0 0 0 0 2 1 0 2 1 1 2 2 1 0 2 0 0 0 2 2 1
1 0 0 1 0 2 0 1 2 1 2 2 2 1 0 1 1 0 0 2 2 2
2 0 1 1 0 1 1 2 2 1 1 2 2 0 0 2 1 0 0 1 2 2
2 0 0 2 0 1 2 1 2 2 1 2 1 2 0 0 1 0 1 2 2 0
1 0 0 0 0 1 1 2 2 2 2 2 2 1 0 2 1 0 0 2 1 0
2 1 0 2 0 1 0 1 2 1 2 2 2 1 0 2 0 0 0 2 2 0
2 0 2 0 0 1 0 2 2 0 1 2 2 1 0 2 1 0 1 2 2 1
2 0 0 0 0 2 1 1 2 1 1 2 2 1 0 2 2 0 1 2 1 1
2 0 1 0 0 2 1 1 2 2 1 0 2 2 0 1 1 0 0 2 2 1
2 0 0 0 0 1 0 1 2 1 0 2 2 2 0 2 1 0 0 2 2 1
2 0 0 0 0 1 2 0 2 2 1 2 2 1 0 2 1 0 1 2 2 0
1 0 0 0 0 0 1 0 2 0 1 2 2 1 0 1 1 0 1 2 2 2
1 0 0 0 1 2 2 2 2 1 1 2 1 2 0 2 2 0 1 2 2 1
1 0 1 0 2 2 1 0 2 2 2 2 2 0 0 2 0 0 1 2 2 1
2 0 0 0 0 2 1 0 2 1 0 2 2 2 0 2 1 0 0 2 1 0
2 0 0 1 0 2 1 1 2 1 1 2 1 0 0 1 1 0 0 2 2 2
2 0 0 0 0 1 0 1 2 2 0 2 1 2 0 1 2 0 0 2 1 1
2 0 0 0 0 1 0 2 2 1 1 1 2 1 0 2 1 0 2 2 2 0
2 0 0 0 0 2 0 1 2 1 1 1 0 1 0 2 0 0 1 2 1 0
2 0 0 0 0 0 1 2 2 2 0 2 2 2 0 2 1 0 0 2 2 1
2 0 0 0 0 2 0 0 2 1 1 1 2 1 0 2 0 0 0 2 1 1
2 0 0 0 1 2 0 0 2 2 1 1 2 2 0 2 1 0 0 2 2 1
2 0 1 0 0 1 1 0 2 1 0 2 1 1 0 2 1 0 0 2 2 2
2 0 0 0 0 0 2 1 2 2 1 2 2 1 1 2 1 0 0 2 2 1
2 0 0 0 0 1 1 1 2 2 1 1 2 0 0 2 1 0 1 2 2 1
2 1 0 0 0 1 0 1 2 0 1 2 2 0 1 2 0 0 1 2 1 1
2 0 0 1 0 2 1 1 1 0 1 2 1 1 0 2 1 0 0 2 1 0
2 0 0 0 0 1 0 0 2 1 0 1 1 2 1 2 2 0 0 2 2 1
2 0 0 0 0 1 1 1 2 1 0 2 1 0 0 2 1 0 0 2 2 1
2 1 0 0 0 2 1 1 2 0 2 2 2 1 0 1 2 0 1 2 2 2
1 0 0 1 0 2 0 1 2 0 1 1 2 1 1 2 1 0 0 2 2 0
1 1 0 0 0 0 1 0 2 1 0 2 1 2 0 2 1 0 0 2 1 0
2 0 0 1 0 2 1 2 2 0 0 2 1 0 0 2 2 0 0 2 1 1
1 1 0 0 0 1 2 1 2 1 1 2 2 0 0 2 0 1 0 2 2 1
2 0 0 0 0 0 0 0 2 1 2 2 1 1 0 1 1 0 0 2 2 2
2 1 0 0 0 0 0 2 2 2 2 2 1 1 0 2 2 0 0 2 2 2
2 0 0 0 0 0 1 1 2 2 1 2 2 2 0 2 1 0 0 2 2 1
2 0 0 0 0 1 0 1 2 1 1 2 2 1 1 2 2 0 1 2 2 1
1 0 0 0 0 1 2 1 2 0 2 1 2 1 1 2 2 0 0 2 2 1
1 0 0 0 0 1 1 1 2 0 1 2 2 2 0 2 1 0 0 2 2 1
2 0 0 0 0 1 0 1 2 2 1 2 2 0 0 1 1 0 1 2 2 0
1 0 0 1 1 1 0 0 2 1 1 2 1 2 0 2 1 0 0 1 2 1
2 0 0 0 0 1 1 1 2 2 0 2 2 0 0 2 1 0 1 2 2 1
2 1 0 0 0 2 1 1 2 1 1 2 2 1 0 2 1 0 0 2 2 0
