rs7541824 rs1572968 rs17715064 rs1348557 rs12622724 rs6805521 rs12486980 rs6537356 rs10498759 rs7838691 rs9409651 rs7915578 rs7912739 rs12217850 rs749596 rs11564258 rs9319434 rs3917194 rs917305 rs1231239 rs11881361 rs6089565
0 1 0 2 1 1 2 1 2 1 2 2 2 0 0 0 2 0 0 0 2 0
0 2 0 2 0 0 2 1 2 0 0 2 0 0 0 0 2 0 1 0 2 0
0 2 2 2 0 0 2 1 1 1 2 1 2 0 0 0 2 0 1 0 1 0
0 2 1 2 0 0 2 2 2 2 0 2 1 0 0 0 1 0 1 0 1 0
0 1 1 1 0 0 2 2 2 0 2 2 1 0 0 0 2 0 1 0 2 0
0 2 1 2 0 1 1 1 2 0 1 2 0 0 0 0 2 0 0 0 2 0
0 2 2 2 1 0 2 1 2 1 0 1 0 0 0 0 1 0 0 1 2 0
1 1 2 2 0 0 1 1 2 0 1 1 0 0 0 0 1 0 2 0 1 0
0 2 2 2 0 0 2 1 2 1 0 2 2 0 0 0 2 0 0 0 2 0
1 2 1 2 0 0 2 0 2 1 1 1 1 0 0 0 2 0 0 0 1 0
0 2 1 1 0 0 2 0 1 0 2 2 2 0 1 0 2 0 0 0 2 0
1 2 2 2 0 0 2 0 1 0 0 2 1 1 1 0 1 0 0 0 2 0
0 2 2 1 0 0 2 0 2 0 2 2 0 0 0 0 1 0 0 0 2 0
0 2 1 2 0 0 2 1 2 0 1 2 0 0 1 0 2 0 0 0 2 0
1 2 2 2 0 0 0 0 2 1 0 1 0 0 0 0 2 0 1 0 2 1
0 2 0 2 0 0 2 1 2 0 2 1 1 0 2 0 1 0 1 1 1 0
0 2 2 2 1 0 2 0 2 1 2 2 0 0 0 0 2 1 0 0 2 0
2 1 2 2 0 0 2 1 2 0 2 2 1 0 0 1 2 0 1 0 2 0
1 1 1 2 0 0 2 1 2 0 1 1 2 0 1 0 0 0 0 0 2 0
0 2 2 2 0 1 2 1 2 0 0 2 0 0 0 0 2 0 1 0 2 0
0 1 2 2 0 1 2 1 2 0 2 2 0 1 1 0 2 0 2 0 2 0
1 1 2 2 0 0 1 1 2 0 1 2 0 0 1 0 2 0 0 0 2 0
0 2 2 2 0 0 2 1 2 1 1 2 1 0 1 0 2 0 0 0 2 0
0 2 2 2 1 0 2 1 2 0 1 1 2 1 1 0 1 0 1 0 2 1
0 2 1 2 0 0 2 1 2 0 0 2 0 0 1 0 2 0 0 0 2 0
0 1 1 2 0 0 2 1 1 0 2 2 1 0 0 0 2 0 1 0 2 0
0 2 2 2 0 0 2 1 2 0 1 2 2 0 0 0 1 0 0 0 2 0
1 2 2 1 0 0 2 0 2 0 2 2 0 0 0 0 2 1 1 0 2 0
0 2 1 1 0 0 2 1 2 0 1 2 2 0 0 0 0 1 1 0 2 0
0 2 1 2 0 0 2 2 2 0 1 2 1 0 1 0 2 0 0 0 2 0
1 1 2 2 0 1 1 1 2 0 1 2 0 0 2 0 1 0 0 0 2 0
0 1 2 1 0 0 2 1 2 0 0 2 2 0 0 0 2 0 0 0 2 0
0 2 1 2 0 1 1 1 2 0 2 2 1 0 1 0 2 0 0 0 2 0
0 2 1 2 0 1 2 2 2 0 1 2 2 0 0 0 2 0 1 0 2 0
1 2 1 2 0 0 1 1 1 1 1 2 0 0 0 0 2 0 1 0 2 0
0 2 1 2 0 0 1 1 1 0 2 1 0 0 1 0 1 0 1 0 2 0
0 2 2 2 0 0 2 1 2 0 1 2 2 0 1 0 1 0 0 0 2 0
0 2 2 2 0 1 2 2 2 0 1 2 0 0 1 0 2 0 0 1 1 0
0 1 1 2 0 0 1 0 2 1 1 1 1 1 0 0 1 0 1 0 2 0
1 1 2 2 0 0 2 1 2 1 0 1 0 1 0 0 2 0 2 0 2 0
1 1 2 1 0 0 1 2 2 0 0 2 0 0 1 0 2 0 1 0 2 0
0 2 1 2 0 0 2 1 2 0 1 2 2 1 0 0 2 0 1 0 2 0
1 2 2 2 0 0 2 0 1 0 1 2 1 0 1 0 1 0 1 0 2 0
0 2 2 1 0 0 2 0 2 1 1 2 1 0 1 0 2 0 0 0 1 0
1 2 0 2 0 1 2 1 2 0 1 2 1 0 0 0 2 0 1 0 2 0
1 2 1 2 0 0 2 1 2 0 1 2 0 0 0 0 2 1 2 0 2 0
0 2 1 2 0 0 2 1 2 0 2 2 0 0 0 0 2 1 0 0 2 0
1 1 2 2 1 0 2 1 2 0 1 2 1 0 1 0 1 0 0 0 1 0
0 2 1 2 1 0 2 2 2 2 1 2 0 0 0 0 2 0 1 0 2 0
0 2 2 1 0 0 2 2 1 0 1 2 0 0 0 0 1 0 2 0 2 0
1 2 0 2 0 1 2 2 2 0 1 1 0 0 1 0 1 0 0 0 1 0
1 2 1 2 0 0 2 2 2 0 1 2 2 1 0 0 1 0 0 1 2 0
1 2 2 2 0 0 2 2 2 0 2 2 1 0 0 0 2 0 0 0 2 0
0 1 2 2 0 0 2 1 2 0 2 2 2 1 0 0 2 0 0 0 2 0
1 1 1 2 0 0 2 2 2 0 0 1 1 0 1 0 2 0 0 1 2 2
1 2 1 2 0 0 2 1 2 0 1 2 1 0 1 0 1 0 0 0 2 0
1 2 0 2 0 0 1 1 1 0 2 2 0 1 1 0 1 0 1 0 1 0
0 2 1 2 0 0 2 1 2 0 1 1 1 0 2 0 2 0 0 0 1 0
0 1 2 2 0 0 2 0 2 0 1 2 1 1 0 0 0 0 0 0 2 0
0 1 2 1 0 0 2 2 1 0 1 2 0 0 0 0 1 0 0 1 1 1
0 2 2 2 0 0 2 2 2 0 2 2 1 1 1 0 2 0 1 0 2 0
2 2 1 2 0 1 2 0 2 0 1 0 0 0 0 0 2 1 1 0 2 0
0 0 2 2 1 0 1 1 2 0 0 1 0 2 0 0 0 0 1 0 2 0
0 2 1 2 0 0 2 2 2 0 1 2 0 0 0 0 2 0 1 0 2 0
0 1 1 2 0 0 2 2 1 0 1 2 0 1 0 0 2 1 0 1 2 0
1 2 1 1 0 0 2 1 2 1 1 2 2 0 1 0 0 0 1 0 2 0
0 1 2 2 0 1 2 0 2 1 1 2 1 0 1 0 2 0 0 0 2 0
1 1 1 2 0 0 2 2 2 0 1 2 2 1 0 0 2 0 0 0 2 0
0 2 1 2 0 0 2 2 2 0 1 2 0 0 2 0 1 1 0 0 2 1
0 2 0 2 0 0 1 0 2 0 2 2 0 0 0 0 2 0 1 0 2 0
0 1 2 2 0 0 2 1 2 1 0 2 2 0 0 0 2 0 1 0 1 0
1 2 1 2 0 0 1 1 2 0 1 1 1 0 1 0 1 0 0 0 2 0
1 1 2 2 0 0 2 2 2 1 1 2 1 0 0 0 2 0 0 0 1 0
0 2 1 1 0 0 2 0 1 0 2 2 1 0 0 0 1 0 1 0 2 0
0 2 2 2 0 0 2 1 2 0 1 2 1 0 0 0 1 0 0 0 2 0
0 1 0 2 0 0 2 1 2 0 1 1 0 0 0 0 2 0 1 1 1 0
0 2 1 2 0 0 2 0 1 0 2 2 0 1 0 0 2 0 0 0 1 0
0 2 0 0 0 0 2 0 1 0 1 1 1 1 1 0 1 0 1 0 1 0
0 2 1 2 1 1 1 1 1 1 1 1 0 0 0 0 2 0 0 0 0 0
0 2 2 2 0 0 1 1 2 0 0 2 1 0 0 0 1 0 1 0 1 0
0 2 1 1 0 0 2 1 0 0 1 1 0 0 0 0 2 0 0 0 2 0
1 1 2 2 0 1 2 1 2 0 2 1 0 1 1 0 2 0 1 0 2 0
2 1 0 1 0 0 2 2 1 0 2 2 0 0 1 0 1 0 0 0 1 1
1 1 1 2 0 0 1 1 2 1 2 2 0 0 0 1 2 1 0 1 2 0
1 1 0 2 0 0 2 0 2 0 0 2 2 0 1 0 2 0 0 0 2 1
1 2 1 2 0 0 1 1 2 0 2 1 1 0 0 1 2 1 0 0 2 0
1 1 0 2 0 1 1 1 2 0 2 2 1 0 1 0 1 0 2 0 2 0
0 2 2 2 0 0 1 1 2 0 0 2 0 0 0 0 1 0 0 0 2 0
0 1 2 2 0 0 2 2 2 0 1 1 1 0 1 0 2 1 0 0 2 0
1 2 0 2 0 0 2 1 2 1 1 2 2 0 1 0 2 0 1 0 2 0
1 1 1 1 0 0 2 2 2 0 1 2 2 0 1 0 2 0 0 0 2 0
1 2 0 1 0 0 1 1 0 0 2 2 0 0 0 1 2 0 0 0 2 0
0 2 2 2 0 0 2 2 2 0 0 2 0 0 1 0 2 1 0 0 2 0
0 1 2 2 0 0 2 1 2 0 1 2 1 0 1 0 1 0 0 0 2 0
0 2 1 1 0 0 1 0 2 0 2 2 0 0 1 1 2 0 0 0 2 1
0 2 1 2 1 0 2 2 2 0 1 2 0 0 0 0 1 0 0 0 2 0
0 2 1 1 0 0 2 1 2 0 1 2 2 0 0 0 2 1 0 0 2 0
0 2 1 2 0 0 1 2 2 0 2 2 2 2 0 0 2 0 0 0 2 0
0 2 2 1 0 1 2 1 2 0 2 2 1 0 0 0 1 0 0 0 2 0
1 2 1 0 0 0 2 1 2 0 1 2 0 0 1 0 1 0 0 1 1 0
0 1 1 2 0 1 2 0 2 0 0 2 2 1 0 0 2 0 1 0 2 0
1 2 0 1 0 0 1 1 1 0 1 2 0 1 1 1 1 0 0 0 2 0
0 1 1 1 1 0 2 1 2 0 1 1 0 0 1 0 2 0 0 0 2 0
0 2 1 2 1 0 2 0 2 0 1 2 1 0 0 0 1 0 0 0 2 0
0 2 1 1 0 0 1 2 2 0 1 2 0 0 1 0 2 0 0 0 2 0
2 1 2 2 0 0 2 1 2 0 2 2 1 0 0 0 2 0 1 0 2 0
0 2 2 1 0 0 2 0 2 0 0 2 1 0 2 0 2 0 0 0 2 0
0 2 2 2 0 0 2 1 2 0 0 1 0 0 0 0 1 1 1 1 2 0
0 2 1 2 0 0 2 1 2 0 1 2 2 0 0 0 2 0 1 0 2 0
0 2 2 2 0 0 2 0 2 0 0 2 1 0 0 0 2 0 2 0 2 0
0 0 1 2 0 0 1 2 2 0 1 1 0 1 1 0 0 0 0 0 1 0
0 2 2 2 0 0 2 1 2 0 1 1 1 0 1 0 2 0 0 0 1 1
1 2 1 2 0 0 2 1 2 0 0 2 2 0 0 0 0 1 2 0 2 1
1 2 2 2 0 0 2 1 2 1 2 1 2 0 0 0 2 0 1 0 2 0
0 2 2 2 0 0 2 2 2 0 1 2 1 0 0 0 1 0 0 0 2 0
0 1 1 2 0 0 2 1 2 0 1 2 0 0 0 0 1 0 0 0 2 0
1 1 1 2 0 0 2 1 2 0 2 2 1 0 0 0 1 0 1 0 2 0
0 1 2 2 0 0 2 1 1 0 1 2 1 0 0 0 2 1 0 0 2 0
1 2 0 2 0 0 2 1 2 0 2 2 0 0 1 0 1 0 0 0 1 0
0 2 0 2 0 1 2 2 2 0 2 0 2 0 0 0 2 0 1 0 2 0
0 1 2 1 1 0 2 2 2 0 2 2 1 0 1 0 1 0 0 0 2 0
0 1 2 1 0 0 2 1 2 0 2 2 2 0 1 0 1 0 0 0 2 0
0 1 2 2 0 0 2 2 2 0 1 2 2 0 0 0 2 0 0 0 2 0
0 2 2 2 0 0 2 1 1 0 0 2 1 0 0 0 2 0 0 1 2 0
0 2 2 2 1 0 2 2 2 0 2 2 0 0 0 0 2 0 1 1 1 0
0 2 1 2 0 0 2 1 2 0 0 2 2 0 0 0 0 1 0 0 2 0
1 1 2 2 0 0 1 0 2 0 1 2 0 1 1 0 2 0 0 0 2 0
0 2 2 2 0 1 2 2 2 0 1 1 1 0 0 0 1 0 0 0 2 0
1 1 2 1 0 0 1 1 1 0 2 2 0 0 0 0 0 0 0 0 2 0
1 1 2 2 0 0 2 2 2 0 1 2 1 0 1 0 2 0 0 0 2 0
0 2 2 2 0 0 2 2 1 0 0 2 0 0 0 0 2 0 0 0 2 1
1 2 2 2 0 0 2 1 1 0 0 1 1 0 0 0 1 0 1 0 2 0
0 2 2 2 0 0 2 1 2 0 1 2 1 0 1 0 2 0 0 0 2 0
0 2 0 2 0 1 2 1 2 0 1 2 1 0 0 0 1 0 0 0 2 0
1 2 0 2 0 0 2 2 1 1 0 1 0 0 1 0 2 1 0 0 2 0
0 2 1 2 0 0 2 1 2 0 1 1 2 0 1 0 2 1 1 0 1 0
0 1 0 2 0 0 2 2 2 1 1 2 0 0 2 0 2 0 0 0 2 1
1 2 1 0 0 0 2 1 2 0 0 2 0 0 1 0 1 0 1 0 2 0
0 2 2 2 1 0 2 2 1 0 1 2 0 0 0 0 2 0 1 0 2 0
0 2 1 2 0 0 1 0 1 0 0 1 1 0 1 0 1 0 0 0 2 0
0 1 1 1 0 0 2 1 2 0 0 2 0 0 1 0 2 0 0 0 2 0
0 2 0 2 0 0 1 2 1 0 0 2 0 0 0 0 2 0 0 0 2 0
0 1 1 2 1 0 2 1 2 0 2 2 2 0 2 0 1 0 1 0 2 0
0 1 2 2 0 0 2 1 2 0 0 2 2 0 0 0 2 0 1 0 2 0
1 2 1 1 0 0 2 0 2 0 0 1 1 0 0 0 2 0 0 0 2 0
0 1 2 0 0 0 1 2 2 0 0 2 0 0 1 0 1 0 0 0 2 0
0 1 1 2 0 0 2 2 2 0 2 2 2 0 1 0 2 0 1 0 2 0
0 2 2 2 0 0 2 1 2 1 1 2 0 1 0 0 2 0 1 0 2 0
1 2 2 2 0 1 2 1 2 0 2 2 1 0 1 0 1 1 1 0 2 0
0 2 1 1 1 0 2 0 1 0 1 2 0 0 0 0 2 0 1 0 2 0
0 2 1 2 0 0 2 1 2 0 2 2 0 0 0 0 2 0 0 0 2 0
1 1 2 2 0 0 2 0 2 0 2 2 1 0 0 0 2 0 1 0 2 0
2 1 1 2 0 0 2 1 2 0 1 2 0 0 0 1 1 0 2 0 1 0
0 2 1 2 0 0 2 1 2 0 2 2 0 0 0 0 1 0 1 0 2 0
1 2 1 2 0 1 2 1 2 0 0 2 0 0 1 0 1 0 0 0 2 0
0 2 1 2 0 0 1 1 2 0 0 2 1 0 0 0 1 0 0 0 2 0
1 2 1 2 0 0 1 1 2 0 2 2 0 0 1 0 1 0 1 0 2 1
1 2 0 1 0 0 2 1 2 0 2 2 1 0 0 0 1 0 0 0 2 0
0 1 2 2 1 1 2 1 2 0 1 1 0 0 0 0 1 0 0 0 2 0
0 2 1 0 0 0 2 1 2 0 0 2 1 0 0 0 2 0 1 0 2 0
0 2 1 1 1 0 2 0 2 0 0 2 2 0 1 0 1 1 0 1 2 0
0 0 1 2 0 0 2 1 2 0 0 2 1 0 0 0 2 0 1 0 2 0
0 2 2 2 0 0 2 1 2 0 2 2 1 0 1 0 2 0 0 0 1 0
0 1 2 2 1 0 2 1 2 0 2 1 0 0 1 0 0 0 0 0 1 0
0 2 1 0 1 0 2 2 2 0 1 2 1 0 1 0 0 0 0 0 1 0
0 1 2 2 0 0 2 1 1 1 2 0 0 0 0 0 2 0 2 0 2 0
0 2 1 2 0 1 2 1 2 0 0 2 1 0 1 0 2 0 0 0 2 0
0 1 1 2 0 0 2 1 1 0 2 1 2 0 0 0 2 0 0 0 2 0
0 2 1 2 0 0 1 1 2 0 2 2 2 0 1 0 2 0 0 1 2 0
1 2 1 2 0 0 2 2 1 0 1 2 1 0 1 0 1 0 0 0 2 0
0 1 2 2 0 0 2 2 2 0 1 2 1 0 0 0 2 0 1 0 2 0
1 1 1 2 0 0 2 1 1 1 2 1 1 0 1 0 2 0 1 0 2 0
0 2 0 2 0 0 2 2 1 0 1 2 1 0 1 0 1 0 1 0 0 0
0 2 1 2 1 2 2 2 2 1 2 2 2 0 0 0 2 0 0 0 2 0
0 1 2 2 0 0 2 0 2 1 1 2 2 0 0 0 2 0 1 0 1 0
0 2 1 2 0 0 1 0 2 0 1 2 1 1 0 0 2 0 0 0 1 0
0 1 2 2 0 0 1 2 2 0 1 2 1 1 0 0 2 0 0 0 2 0
0 1 1 2 0 0 1 2 2 0 0 2 0 0 1 0 2 0 0 0 1 0
0 0 2 2 0 0 2 1 2 0 1 2 0 0 0 0 1 0 0 0 2 0
0 2 1 2 0 0 2 1 2 0 2 2 1 1 1 0 2 0 0 0 2 0
0 2 2 2 0 1 2 1 2 0 1 2 1 0 0 0 0 0 1 0 1 0
0 2 1 2 0 0 2 0 2 0 1 1 2 0 0 0 1 0 1 1 1 0
0 2 2 2 0 0 2 1 2 0 1 1 0 0 1 0 1 1 0 0 2 0
0 1 1 1 0 1 1 2 1 0 0 2 0 0 1 0 2 0 0 0 2 0
0 2 1 2 0 0 2 2 2 0 2 2 1 0 0 0 2 0 0 0 2 0
0 1 2 2 0 0 2 2 1 0 0 1 0 1 0 0 2 0 1 0 2 0
0 2 1 1 0 0 2 1 2 0 1 2 1 0 0 0 2 0 1 0 2 0
0 1 2 2 0 0 2 1 2 0 1 2 1 0 0 0 2 0 1 1 2 0
0 1 2 2 0 0 2 2 2 0 0 2 2 0 0 0 1 1 0 0 2 0
0 1 0 2 0 0 2 1 2 0 1 2 1 0 1 0 2 0 1 0 2 0
0 2 1 2 1 1 1 0 2 0 1 1 0 0 1 0 1 0 0 0 2 0
0 2 2 2 0 2 2 1 1 0 1 1 1 0 0 0 1 0 0 0 2 0
0 1 1 2 1 0 1 2 1 0 0 2 2 0 0 0 1 0 0 0 2 1
0 1 2 2 0 0 2 2 2 0 1 1 1 0 0 0 2 0 0 0 2 0
0 2 1 2 0 0 2 1 2 0 2 2 0 1 1 0 2 0 0 0 2 0
0 2 1 2 1 0 1 0 2 0 1 2 2 0 0 0 2 0 1 0 1 0
1 2 2 2 0 0 2 1 2 0 2 2 2 0 1 0 1 0 1 0 2 0
0 2 1 2 0 0 2 0 2 0 0 2 1 1 1 0 2 0 1 0 2 1
1 2 2 1 0 0 2 1 2 1 1 1 2 0 1 0 2 0 1 0 2 0
0 2 2 1 0 1 2 2 2 0 0 2 1 0 0 0 2 0 1 1 2 0
2 2 0 2 0 0 2 0 2 0 1 2 1 0 0 0 2 0 1 0 2 1
0 2 2 1 0 0 2 1 2 0 1 2 2 0 0 0 1 0 0 1 1 0
1 2 1 2 0 0 2 1 1 0 1 1 0 0 0 0 2 0 1 0 2 0
0 2 2 2 0 0 1 1 2 1 0 2 0 0 0 0 2 0 0 0 2 0
0 2 1 2 0 0 2 2 2 0 2 0 2 0 0 0 1 0 0 0 2 0
2 1 1 1 1 0 2 0 2 0 2 1 1 0 0 0 2 0 0 0 1 0
0 2 2 2 0 0 2 0 2 0 0 1 1 0 0 0 1 0 2 0 2 0
1 2 1 2 0 1 1 1 2 1 1 2 0 1 1 0 1 0 1 0 2 0
1 2 1 2 0 1 2 1 2 0 2 2 0 0 0 0 2 0 1 0 2 1
0 1 1 1 0 0 2 2 2 0 1 2 1 0 1 0 2 0 0 0 2 0
0 0 1 2 0 0 2 1 2 0 0 2 2 0 1 1 1 0 0 0 2 0
1 2 0 2 1 0 2 0 2 0 2 2 1 1 0 0 1 0 1 0 2 1
1 1 1 2 0 0 1 1 2 0 1 2 0 0 1 0 2 0 0 0 1 0
0 2 2 2 0 0 2 2 2 0 0 1 2 0 0 0 2 0 0 0 2 0
1 2 1 2 0 1 1 1 1 0 1 2 1 0 1 0 1 0 1 0 2 0
0 1 1 1 1 0 1 0 1 0 1 2 0 0 2 0 2 0 1 0 2 0
0 2 2 1 0 0 2 1 2 0 2 2 2 0 1 0 1 0 1 0 2 0
0 2 2 2 0 0 1 2 2 0 2 2 0 0 0 0 2 1 0 0 2 0
0 2 2 1 0 0 2 1 2 0 1 2 1 0 1 0 0 0 0 0 2 2
0 2 1 2 0 0 2 1 2 1 0 2 0 0 0 0 2 0 0 0 1 0
0 2 2 2 0 0 1 0 2 0 1 0 2 0 1 0 2 0 0 0 2 0
0 1 2 2 0 1 2 1 2 0 2 1 1 0 1 0 2 0 2 0 2 0
0 2 1 2 0 0 2 0 2 0 1 1 0 0 0 0 2 0 2 0 2 1
0 2 1 2 1 0 2 2 2 2 1 2 1 0 0 0 2 0 1 0 2 0
0 1 1 2 0 0 0 2 2 0 2 2 1 0 1 0 2 1 1 0 2 1
0 2 1 2 0 0 1 1 2 0 2 2 0 1 0 0 1 0 0 0 2 0
0 1 2 2 1 0 1 1 2 0 0 2 2 1 0 0 2 1 1 0 1 0
2 2 1 1 1 0 2 1 2 0 0 1 1 0 0 0 2 1 0 0 2 0
1 2 2 2 0 0 1 2 2 0 0 2 0 1 1 0 2 0 1 0 2 0
0 2 1 2 0 0 1 2 1 0 0 2 1 0 1 0 1 0 2 0 2 0
0 2 1 2 0 0 2 2 2 0 0 1 1 0 1 0 1 0 1 0 1 0
2 2 1 2 0 0 2 2 2 0 1 2 1 0 0 0 1 1 0 0 2 0
0 1 1 2 0 1 2 1 2 0 2 1 1 0 0 0 2 0 0 0 2 1
0 2 2 1 0 0 2 1 2 0 1 1 0 0 0 0 2 0 1 0 2 0
0 2 0 2 0 0 2 1 1 0 1 2 2 0 0 0 2 0 0 0 2 0
0 1 1 2 0 0 2 0 2 0 2 2 0 0 0 0 2 0 1 0 2 0
1 2 0 2 0 0 2 0 2 0 0 2 1 0 0 0 0 0 2 0 2 0
1 2 1 1 0 1 2 1 2 0 0 1 1 0 2 0 1 0 1 0 2 0
1 2 0 0 0 0 2 2 1 0 2 2 1 0 1 0 2 0 0 1 2 0
1 1 0 2 0 0 2 2 2 1 2 2 1 0 1 0 1 0 0 0 2 0
0 2 2 1 0 0 2 1 2 0 2 2 1 0 1 0 2 2 0 0 2 0
1 2 2 2 0 0 1 2 2 0 1 2 1 0 0 0 2 0 0 1 2 1
1 2 2 1 0 1 2 1 2 0 2 2 2 0 0 0 2 0 1 0 2 0
1 2 2 1 0 0 1 1 2 0 1 2 1 0 1 0 2 0 0 0 2 0
0 2 1 2 0 0 2 1 2 0 2 2 0 0 1 0 1 0 0 0 2 1
0 2 0 1 1 0 2 1 1 0 1 2 0 0 1 0 2 0 0 1 2 0
0 1 1 2 0 0 2 2 1 0 1 2 0 0 0 0 1 0 0 0 2 0
0 0 1 2 0 0 2 1 2 0 1 2 2 1 0 0 2 0 0 0 2 0
0 2 2 2 0 0 2 1 2 0 1 1 0 1 0 0 0 0 0 0 2 0
0 2 1 2 1 1 1 1 2 0 0 2 1 0 1 0 2 0 1 0 2 0
0 2 2 2 0 0 2 1 1 0 1 2 1 1 0 0 1 0 0 0 2 1
0 2 1 2 0 0 1 2 2 0 2 2 0 1 1 0 0 0 0 0 2 0
0 2 2 2 0 0 2 0 2 0 1 2 2 0 0 0 1 0 0 0 2 1
2 2 1 1 0 2 1 2 1 0 1 1 2 0 1 0 2 0 1 0 2 0
0 2 2 1 0 0 0 2 2 0 0 1 1 0 1 0 1 1 0 0 2 0
0 1 0 2 0 0 2 0 2 0 1 2 0 1 1 0 2 0 0 0 2 0
0 2 0 2 0 0 2 1 2 0 0 1 1 0 1 0 2 0 1 0 2 0
1 2 2 2 0 1 2 0 2 0 1 2 1 0 0 0 1 0 0 0 2 0
0 2 1 2 0 0 2 2 1 0 0 1 1 0 0 0 1 0 0 0 2 0
0 1 2 1 0 2 2 2 2 0 1 2 2 0 0 0 1 1 2 0 2 0
1 2 1 2 0 0 2 2 2 0 0 2 0 0 0 0 2 0 1 0 2 0
0 1 1 2 0 0 2 2 2 0 1 2 1 0 0 0 2 1 0 0 2 0
0 0 2 2 0 0 2 1 2 1 2 2 2 1 1 0 1 1 0 0 2 0
0 2 0 2 0 0 2 1 2 0 1 2 0 1 1 0 2 0 0 0 2 0
1 2 1 2 0 1 2 1 2 0 2 2 0 0 0 0 1 1 0 0 2 0
0 2 0 1 0 1 1 2 2 0 2 2 1 0 0 0 2 0 0 0 2 0
1 2 0 2 0 0 2 2 2 0 1 1 1 0 0 0 0 0 0 0 1 0
0 2 2 2 0 1 2 1 1 0 2 2 1 0 0 0 2 0 1 1 2 1
0 1 1 2 1 0 2 0 2 0 2 2 2 0 0 0 2 0 0 0 2 1
0 2 0 2 0 0 2 1 2 0 2 2 0 1 0 0 1 0 1 0 2 0
0 2 1 2 0 0 2 1 1 1 1 2 1 0 0 0 1 0 1 0 2 0
0 1 2 1 0 0 1 0 1 0 2 1 0 0 0 0 2 0 1 0 1 0
0 2 2 2 0 0 2 2 2 0 1 2 1 0 0 0 2 0 1 0 1 0
1 1 0 1 0 0 2 2 2 1 0 1 1 0 0 0 2 0 1 0 1 0
0 0 2 2 0 0 1 1 2 0 1 2 0 0 1 0 2 1 1 0 2 1
0 2 2 2 0 0 1 2 2 0 2 2 1 1 0 0 2 0 1 0 2 0
0 2 2 2 0 0 2 1 2 0 2 2 0 1 0 0 2 0 1 0 2 0
1 2 0 2 0 1 1 1 2 0 0 2 1 0 0 0 1 0 1 0 2 0
0 2 2 1 0 0 1 1 2 0 1 2 1 0 0 0 1 0 0 0 2 0
0 2 1 1 0 0 2 1 2 1 2 1 2 1 0 0 1 0 1 0 2 0
1 1 1 2 0 0 2 2 2 0 1 2 1 0 0 0 1 0 0 0 2 0
0 2 2 2 0 1 2 2 2 0 0 2 2 1 1 0 1 0 0 0 2 0
0 2 1 2 0 0 1 2 2 0 2 2 0 1 1 0 1 0 2 0 2 0
0 1 1 2 0 0 2 1 2 0 1 2 0 0 0 0 2 0 0 0 2 0
0 1 1 2 0 0 2 2 2 0 0 1 0 0 0 0 2 0 0 1 2 0
0 2 1 2 0 0 2 0 1 0 1 2 2 0 0 0 1 0 2 0 2 0
0 2 1 2 0 0 2 0 2 0 0 2 1 0 0 0 2 0 0 0 2 0
1 2 1 2 0 0 2 1 1 1 1 2 1 0 0 0 2 0 0 0 2 0
0 2 1 2 0 1 2 1 2 0 2 1 0 0 0 0 2 0 0 0 2 0
1 1 2 2 0 1 2 2 2 0 2 2 2 1 0 0 2 0 0 0 1 0
0 2 1 2 0 0 2 1 2 0 0 2 2 0 0 0 1 0 1 0 2 0
0 2 1 2 0 0 1 1 2 0 1 1 2 0 0 0 2 0 0 0 2 1
0 1 1 2 0 0 2 1 1 0 1 1 1 0 0 0 1 0 0 0 2 0
0 1 2 1 0 0 2 1 2 0 1 1 2 0 0 0 2 0 0 0 1 0
0 2 1 2 0 0 1 1 2 0 1 1 1 0 1 0 0 0 1 0 2 0
0 2 2 2 0 0 2 2 2 0 1 2 1 0 1 0 2 0 0 0 2 0
0 2 1 2 0 1 2 2 2 0 1 1 1 1 0 0 2 0 0 0 2 0
0 2 1 1 0 0 2 2 2 0 1 1 1 0 0 0 2 0 1 0 2 0
0 2 1 2 0 1 2 1 2 0 2 1 2 0 0 0 1 0 0 0 2 0
0 2 0 2 0 0 2 1 1 0 2 2 1 0 0 0 1 0 0 0 1 0
1 2 2 2 0 0 1 2 2 0 2 2 1 0 1 0 2 0 1 1 2 0
0 2 2 2 0 0 2 0 1 1 2 2 1 0 0 0 0 0 2 1 2 1
0 1 2 1 0 0 2 0 2 0 1 2 1 0 0 0 2 0 2 0 2 0
1 2 1 1 0 1 2 1 1 1 1 2 1 0 0 0 2 0 0 0 2 1
0 2 2 2 0 0 2 2 2 0 2 2 1 0 0 0 1 0 0 0 2 0
0 1 2 2 0 0 2 2 2 0 2 2 1 0 0 0 2 0 1 0 2 0
1 2 1 2 0 0 2 2 2 0 2 2 1 0 2 0 1 0 1 0 2 0
0 2 2 2 0 0 2 1 2 0 2 2 1 0 0 0 2 0 1 0 2 0
1 1 1 2 0 0 2 2 1 1 1 2 2 0 0 0 2 0 1 0 2 0
0 2 2 2 0 0 1 1 2 0 0 2 0 0 0 0 1 1 1 0 2 0
0 1 2 1 1 1 2 2 2 0 1 2 0 0 2 1 2 0 0 0 2 0
1 1 1 2 0 1 2 1 2 0 1 1 2 0 1 0 1 0 1 0 2 0
0 2 0 2 0 1 2 2 2 1 1 2 1 0 1 0 1 0 0 0 1 0
0 2 1 2 0 0 2 2 1 0 1 2 2 0 0 0 2 0 1 0 2 0
0 2 1 2 0 1 2 0 2 0 0 2 1 1 0 0 2 0 1 0 2 0
0 2 2 1 0 0 2 1 2 0 1 1 1 0 1 0 2 0 0 0 2 0
0 2 1 2 0 1 1 2 2 0 2 2 2 1 0 0 2 0 1 0 2 0
1 2 1 2 0 0 2 2 2 0 1 1 2 1 0 0 1 1 1 0 2 0
0 2 2 2 0 0 2 2 2 0 0 2 1 0 0 0 1 0 0 0 2 0
0 2 2 2 1 0 2 2 1 0 1 2 2 1 1 0 2 0 0 0 1 0
1 2 0 2 0 0 2 1 2 0 1 2 1 0 0 0 2 0 1 0 2 0
0 1 2 1 0 0 1 2 2 2 1 2 0 0 1 0 2 0 1 0 2 0
0 1 1 2 0 0 2 2 1 0 1 2 0 0 0 0 2 0 0 0 2 0
1 1 1 0 0 0 2 2 2 1 0 2 0 0 1 0 1 0 0 0 2 0
0 1 1 1 0 0 2 2 2 0 0 1 1 0 0 0 1 0 1 1 2 0
1 0 0 2 0 0 2 1 2 0 0 1 0 0 0 0 2 0 1 1 2 0
0 2 2 2 0 0 2 2 2 0 1 2 2 0 0 0 2 0 0 0 2 0
0 1 2 2 1 1 2 2 1 0 1 2 1 0 0 0 2 0 0 0 2 0
0 2 1 2 0 0 2 2 2 0 1 2 1 1 0 0 2 0 0 0 1 1
1 1 2 2 0 0 2 1 2 1 1 2 0 0 0 0 2 1 0 0 2 0
1 2 0 2 0 0 2 1 2 0 1 2 1 0 2 0 1 0 0 0 2 0
0 2 1 2 0 0 2 1 2 0 1 1 0 0 0 0 2 0 0 0 2 0
0 2 0 2 0 1 1 0 2 0 1 2 1 0 1 0 2 0 0 0 2 0
1 2 1 1 0 0 2 1 2 1 0 2 0 0 1 0 1 0 0 0 2 0
0 1 2 2 0 0 2 0 2 0 1 2 2 1 1 0 2 0 1 1 2 0
1 2 1 2 0 1 2 1 2 0 1 2 0 0 0 0 1 0 1 0 2 0
1 2 0 2 1 0 2 1 2 0 1 2 1 0 0 0 0 0 1 0 2 1
0 0 1 2 0 0 2 1 2 0 1 1 1 0 0 0 1 1 1 0 2 0
0 1 0 2 0 0 2 1 2 0 1 2 1 0 1 0 1 0 1 0 2 0
0 0 0 2 0 0 2 2 1 0 1 0 1 0 1 0 1 0 0 1 2 1
0 2 2 2 1 0 2 2 2 1 0 2 1 0 1 0 1 0 0 0 1 0
0 2 1 2 0 0 2 2 2 0 1 2 0 0 0 0 2 0 1 0 2 2
0 1 2 2 0 0 2 2 2 0 0 1 2 0 1 0 2 0 0 0 2 0
0 1 1 2 0 0 2 2 2 0 1 2 0 0 0 0 1 0 2 0 2 0
1 2 1 2 1 0 1 2 2 0 1 2 2 0 0 0 1 0 0 0 2 0
0 2 1 2 0 0 2 2 1 0 0 2 1 1 1 0 2 0 0 0 1 0
0 2 2 2 0 1 2 2 2 0 2 2 1 0 0 0 2 0 1 0 2 0
0 2 1 2 0 0 2 2 2 0 1 2 2 0 1 0 2 0 0 0 2 0
0 2 1 2 0 0 2 1 2 0 0 2 1 0 0 0 2 0 0 0 1 0
0 2 1 1 0 0 1 0 2 0 2 2 2 1 1 0 2 0 0 0 2 0
0 2 2 2 0 1 2 1 2 0 1 2 1 0 0 0 1 0 0 0 2 0
0 2 2 2 0 1 1 2 2 0 2 2 0 0 0 0 1 1 0 0 2 0
0 1 0 2 0 0 1 1 2 0 1 2 1 0 0 0 2 0 0 0 2 0
1 2 1 2 0 0 2 0 2 1 0 2 1 0 0 1 1 0 0 0 2 1
1 1 1 2 0 0 2 1 2 0 1 2 1 0 0 0 2 0 1 0 2 0
1 2 1 2 0 0 1 1 2 0 2 2 1 0 0 0 2 0 1 0 2 0
0 2 2 2 0 0 2 0 2 0 1 2 0 0 1 0 2 0 0 0 2 0
0 2 2 2 0 0 2 1 2 0 0 2 1 0 0 0 2 0 2 0 2 0
0 2 0 1 0 0 2 1 2 0 0 2 2 1 0 0 1 1 0 0 2 0
0 2 1 2 0 0 0 0 2 0 0 1 1 0 0 0 2 0 0 1 2 0
1 2 2 2 0 1 2 2 2 1 1 2 1 0 0 0 2 0 0 0 2 0
1 2 2 2 0 0 2 0 2 0 1 1 2 0 0 1 0 0 2 0 2 0
0 2 2 2 0 0 2 1 2 0 1 2 1 0 0 0 2 0 1 0 2 0
0 2 1 2 0 0 2 2 2 0 1 2 1 0 0 0 0 0 1 0 2 0
1 1 1 2 0 0 2 1 2 1 1 2 1 0 0 0 2 0 0 0 2 0
0 1 1 2 0 1 2 2 2 0 2 2 2 0 0 0 1 0 1 0 2 0
0 2 2 2 0 0 2 2 2 0 1 1 0 0 0 0 2 0 0 0 2 1
1 1 1 2 0 1 1 2 2 0 0 2 0 0 0 0 2 1 1 1 2 1
0 2 0 2 0 0 2 1 2 0 0 2 0 0 0 0 2 0 0 0 2 0
0 2 1 2 0 0 2 2 1 0 0 2 2 0 0 0 1 0 1 0 2 1
0 2 2 2 0 0 2 1 1 0 1 2 0 0 0 0 1 0 1 0 1 1
0 1 2 2 0 0 2 1 2 0 0 1 0 0 0 0 2 0 0 0 2 0
1 1 0 1 1 1 1 2 2 0 1 1 2 1 1 0 1 0 0 0 1 0
1 1 1 2 0 1 2 0 2 0 1 2 1 0 0 0 0 0 1 0 2 0
0 1 1 2 0 0 0 0 2 0 2 2 0 0 1 0 2 0 1 0 2 0
1 2 2 2 0 1 1 1 2 0 0 1 1 0 1 0 2 0 0 0 2 0
0 1 1 2 0 0 2 1 2 0 2 2 1 0 1 0 2 0 0 0 2 0
1 2 2 2 0 0 2 1 2 0 0 1 1 0 1 0 2 0 0 0 2 1
0 2 1 2 0 1 2 1 2 1 0 1 1 0 0 0 0 0 1 0 2 0
0 1 0 2 0 0 1 2 2 0 1 2 2 0 0 0 1 0 1 0 2 0
0 2 1 1 0 0 2 1 2 0 1 2 0 0 0 0 2 1 0 0 2 0
0 2 2 2 0 0 1 2 2 0 1 1 0 0 1 0 1 0 1 0 2 0
0 2 1 2 0 0 2 2 2 1 0 1 2 0 1 0 1 1 1 1 2 1
0 1 1 2 1 0 2 2 2 0 0 1 1 0 1 0 1 0 1 0 1 0
0 1 0 1 0 1 2 0 2 0 2 1 2 0 2 0 1 0 0 0 2 0
1 2 2 2 0 0 2 1 2 0 1 2 1 0 0 0 1 0 0 1 2 1
0 2 1 2 0 0 2 2 2 0 2 2 1 0 0 0 2 0 1 0 2 0
0 2 1 1 0 0 2 0 2 0 1 1 2 0 1 0 2 0 0 0 2 1
0 2 1 2 0 0 2 0 2 0 0 2 1 0 0 0 1 0 0 0 2 0
0 1 1 2 0 0 2 0 2 0 1 2 1 0 0 0 0 0 0 1 2 0
0 2 2 2 0 0 1 1 2 0 2 2 0 1 0 0 1 0 2 0 2 0
1 2 2 2 0 0 2 1 2 0 0 1 1 0 0 0 2 0 0 0 2 0
0 1 1 1 1 0 2 1 2 0 1 2 1 0 0 0 1 1 0 0 2 0
0 2 2 2 0 0 2 1 2 0 0 2 1 1 1 0 1 0 0 0 2 0
0 2 2 2 0 0 2 1 2 0 0 2 1 0 0 0 2 0 1 0 2 0
1 1 2 1 1 0 2 0 2 0 2 2 0 0 0 0 2 0 1 0 2 0
0 2 1 2 0 0 2 1 2 0 1 2 1 0 0 0 0 0 1 0 2 0
0 2 0 2 0 0 2 2 2 0 1 2 1 0 0 0 2 0 0 0 2 0
0 2 2 2 0 1 2 2 2 0 0 2 0 0 0 0 2 0 1 0 2 0
1 2 2 2 0 1 2 0 2 0 2 1 2 0 0 0 1 0 0 0 1 1
0 2 2 0 1 0 2 1 2 0 1 2 1 1 0 0 2 1 1 0 2 0
0 1 2 2 0 0 2 1 2 0 0 2 1 0 0 0 2 1 0 0 2 0
0 2 0 2 0 1 2 2 1 0 1 2 1 0 0 0 1 0 0 0 1 0
0 2 2 2 0 0 2 2 2 2 1 2 1 0 0 0 1 0 1 0 2 0
1 2 0 2 0 1 1 1 2 1 1 2 2 0 1 0 1 0 0 0 2 0
0 2 2 2 0 0 2 0 1 0 1 1 2 0 0 0 1 0 1 0 2 0
0 2 0 2 0 0 2 2 1 0 2 2 1 0 0 0 1 1 1 0 2 0
0 0 2 2 0 0 2 1 1 0 0 2 1 0 2 0 2 0 0 0 1 0
0 2 2 1 0 0 2 0 1 0 0 1 1 0 1 0 2 0 0 0 2 0
1 1 2 2 0 0 1 0 2 0 2 2 0 0 0 0 1 1 0 0 2 0
0 2 1 2 1 0 1 1 1 0 1 1 1 0 0 0 1 1 1 0 2 0
1 2 1 2 0 0 2 1 2 0 0 1 2 0 1 0 1 0 1 0 2 0
0 2 2 2 0 0 0 2 0 0 1 2 0 0 0 0 2 0 0 0 2 0
0 1 2 2 1 1 2 2 2 0 1 2 0 1 1 0 0 0 0 0 2 0
0 2 2 1 0 0 2 1 1 1 0 1 1 0 0 0 2 0 1 0 2 1
0 1 2 2 0 1 2 2 1 0 1 2 1 0 1 0 2 1 0 0 2 0
0 1 2 2 0 0 2 2 2 0 1 1 1 0 0 0 0 0 2 0 2 0
0 0 2 1 0 0 2 2 2 0 1 2 1 0 0 0 2 0 1 0 2 0
0 1 1 2 0 0 2 2 2 0 1 2 1 0 0 0 0 0 1 0 2 0
0 2 1 1 0 0 2 1 1 0 1 2 2 1 0 0 2 0 0 0 2 0
0 2 2 2 0 0 2 2 1 0 2 2 0 0 1 0 2 0 0 0 2 0
0 2 1 2 0 0 1 0 2 0 2 2 1 1 1 0 2 0 0 0 2 0
2 1 1 1 0 1 1 1 2 0 1 2 2 0 1 0 2 0 2 0 2 0
0 1 2 2 0 0 2 1 2 0 2 2 1 0 1 0 0 0 0 0 2 0
0 2 2 1 0 0 2 2 2 0 1 2 1 0 1 0 1 0 1 0 2 0
0 2 1 2 0 0 2 0 2 0 2 2 1 0 0 0 1 0 0 0 2 0
0 2 0 2 0 0 2 1 2 0 2 2 0 0 1 0 1 0 0 0 1 0
0 1 2 1 0 0 2 1 2 0 1 2 2 0 0 0 2 0 0 0 2 0
0 2 1 2 0 0 2 0 2 1 1 2 0 0 1 0 1 1 0 0 2 0
1 2 2 1 0 1 1 1 2 0 1 2 2 0 0 0 0 1 1 0 2 0
1 2 1 2 0 0 2 1 2 0 0 2 2 0 0 0 2 0 0 0 2 1
0 2 2 2 0 0 2 1 2 0 1 2 1 0 0 0 2 0 2 0 2 0
1 1 1 0 0 0 2 1 2 0 1 2 2 0 0 0 2 0 0 0 1 0
0 2 2 2 0 1 2 1 2 1 0 2 1 0 0 0 2 0 0 0 2 0
0 1 1 2 0 0 2 1 2 0 1 1 1 0 0 0 2 0 0 0 2 0
0 1 1 1 1 0 1 2 2 0 1 2 1 0 0 0 2 0 1 0 2 0
1 1 0 2 0 0 2 0 2 0 1 2 1 0 0 0 2 0 1 0 2 0
0 1 1 2 0 0 1 1 2 0 2 2 2 1 0 0 2 1 0 0 2 0
0 2 1 2 0 0 2 0 2 0 1 1 1 0 0 0 2 0 2 0 2 0
0 1 2 2 0 0 2 0 1 0 2 2 2 0 1 0 1 0 1 0 2 0
0 2 1 2 0 0 2 0 2 0 2 2 1 0 0 0 2 0 0 0 0 0
0 2 2 2 0 1 2 1 2 0 1 1 1 0 0 0 1 1 0 0 2 0
2 1 2 1 0 0 2 1 2 1 1 2 1 0 1 0 2 0 1 0 2 0
0 2 2 2 0 0 2 1 1 0 1 2 0 0 0 0 2 0 1 0 2 0
1 0 1 2 0 0 1 2 2 0 2 2 2 0 0 0 1 0 0 0 2 0
0 0 1 2 0 0 2 2 2 1 1 2 0 0 0 0 0 0 0 0 2 0
1 2 1 2 0 0 2 1 2 0 2 2 2 0 0 0 2 1 0 0 2 0
0 1 0 2 0 0 1 0 2 0 1 2 1 1 0 0 2 0 1 0 2 0
0 2 2 2 0 0 2 1 2 1 1 2 1 0 1 0 2 0 0 0 2 0
0 1 1 0 1 0 2 2 1 0 0 2 2 1 0 0 1 0 0 0 2 0
0 2 1 2 0 0 2 1 2 0 1 2 0 0 1 0 1 0 0 0 2 0
1 2 1 1 0 0 2 1 1 1 1 2 2 0 1 1 2 0 0 0 2 0
0 2 1 2 1 0 1 1 2 0 0 1 1 0 1 0 0 0 2 0 2 0
0 2 2 2 0 0 2 0 2 1 1 0 1 0 1 0 1 0 1 0 2 0
1 2 1 2 0 0 2 0 1 0 1 2 1 0 1 0 2 0 0 0 2 0
0 2 1 2 0 0 2 1 2 0 1 2 2 0 1 0 2 0 0 0 2 0
0 1 1 2 0 0 2 1 2 0 2 2 0 0 2 0 1 0 1 0 2 1
0 1 1 1 1 1 2 2 2 1 2 2 2 0 1 0 2 0 1 0 2 1
1 2 2 2 0 0 1 1 2 0 1 2 0 0 0 0 1 0 0 0 2 0
1 2 2 2 0 0 2 1 2 0 1 2 1 1 2 0 2 0 0 0 2 0
0 2 1 2 1 0 2 2 2 0 0 2 1 0 1 0 2 0 1 0 2 0
0 1 2 2 0 1 1 1 2 0 2 2 0 0 1 0 1 0 0 0 0 0
0 2 2 2 0 0 2 1 2 0 2 1 2 0 0 0 2 0 0 0 1 1
1 2 1 2 1 0 2 1 2 0 1 1 1 0 0 0 2 0 1 0 2 0
1 2 1 2 0 1 2 0 2 0 1 2 2 0 1 0 2 0 0 0 1 1
0 2 2 2 1 0 2 2 2 1 2 1 1 1 0 0 1 1 2 0 2 0
0 2 2 2 0 0 2 0 2 0 1 2 2 0 0 0 2 1 0 0 2 0
0 2 0 2 0 0 2 1 2 0 2 2 0 0 0 0 2 0 0 0 1 0
1 1 2 2 0 0 2 0 2 0 1 2 1 0 1 0 2 0 0 0 2 0
0 2 2 2 0 0 2 1 2 0 0 2 1 0 1 0 0 0 1 0 2 0
0 2 2 2 0 0 2 2 2 0 0 1 0 0 1 0 2 0 1 0 2 0
0 2 1 2 0 0 2 0 2 0 1 2 2 0 1 0 1 0 0 0 2 0
0 1 1 2 0 1 2 1 2 0 2 2 2 0 0 0 0 0 0 0 2 0
0 2 1 2 0 0 1 2 2 1 1 2 1 0 1 0 1 0 0 0 2 0
0 1 2 1 1 1 2 0 2 0 1 1 1 0 1 0 2 0 0 0 2 0
0 2 2 2 0 0 2 2 1 0 1 2 0 0 1 0 0 1 0 0 1 0
0 1 1 2 0 0 1 1 2 0 2 0 1 0 2 0 2 0 1 0 2 0
0 2 2 2 1 0 2 2 2 0 0 2 1 0 0 0 2 1 1 0 2 0
1 2 2 2 0 0 2 1 2 0 1 2 0 0 0 0 2 0 0 0 2 0
0 1 0 2 1 0 2 2 2 0 2 2 1 0 1 0 2 0 0 0 1 0
0 2 1 2 0 0 2 2 2 0 2 2 1 1 0 0 2 0 1 0 2 0
0 2 2 2 0 0 2 1 2 0 2 2 0 1 0 0 1 0 1 0 2 0
0 2 2 2 0 0 1 2 2 0 1 2 0 0 2 0 1 1 0 0 2 0
0 1 2 2 0 0 2 2 2 0 0 2 2 0 1 0 1 0 0 0 2 1
0 2 1 2 0 0 1 0 2 0 1 2 1 0 1 0 1 0 2 0 2 0
0 1 1 1 0 1 1 0 2 0 1 1 1 0 0 0 1 0 0 0 2 0
0 2 2 2 0 0 1 1 2 0 2 2 0 0 1 0 2 0 0 0 1 0
0 1 0 2 0 0 1 1 2 0 2 1 1 0 0 0 2 0 0 0 2 0
0 1 1 2 0 0 2 1 2 0 1 1 1 0 0 0 1 0 2 0 2 0
0 2 1 1 0 0 1 2 2 0 1 2 2 1 0 0 2 0 0 0 1 0
1 2 1 2 0 0 2 2 2 1 1 2 1 0 1 0 2 0 0 0 2 0
1 0 1 2 0 0 2 2 2 0 0 2 1 0 1 0 2 0 1 0 2 2
1 2 2 2 0 0 0 1 1 0 1 2 0 0 0 0 2 0 0 0 1 0
1 1 1 2 0 0 1 0 2 0 1 2 1 0 0 0 2 0 1 0 2 0
0 1 1 1 1 0 2 0 2 0 2 2 1 0 1 0 1 0 0 0 2 1
0 0 2 1 0 0 2 0 2 0 1 2 1 0 0 0 1 0 1 0 2 0
1 2 1 2 0 0 2 0 2 0 0 2 2 0 0 0 2 0 0 0 1 0
0 2 2 2 0 0 1 2 2 0 1 2 0 0 0 1 0 0 1 0 1 0
1 2 0 2 1 0 1 1 2 0 2 2 1 1 1 0 1 0 0 0 2 0
0 1 0 2 0 0 2 1 2 0 0 2 0 0 1 0 2 0 1 0 2 0
0 1 2 2 0 0 2 2 2 0 1 2 1 0 0 0 1 0 1 0 1 0
0 2 2 2 0 1 2 2 2 0 1 2 0 0 1 0 2 0 2 0 2 0
0 2 1 2 0 0 2 1 2 0 0 2 1 0 1 0 2 0 0 0 2 0
0 2 2 2 0 0 2 2 2 0 1 1 0 1 1 0 2 1 0 0 2 0
0 2 2 2 0 0 2 1 1 0 1 2 0 0 0 0 1 0 0 0 2 1
0 1 1 2 0 0 2 2 2 1 1 2 0 0 0 0 2 0 0 0 2 0
0 2 2 1 0 1 1 1 2 0 2 2 2 0 1 0 2 1 0 0 2 0
0 2 2 1 0 2 2 1 0 0 2 2 0 0 1 0 1 2 1 0 1 0
0 2 1 2 0 0 2 2 2 1 0 2 1 0 0 0 2 0 0 0 2 0
0 1 2 2 0 0 2 1 2 1 0 2 2 0 0 0 2 0 0 0 2 1
0 2 1 2 0 0 2 1 2 0 1 2 2 0 0 0 1 0 1 0 2 0
0 1 1 2 0 0 2 1 2 0 0 2 0 0 0 0 0 0 1 0 2 0
0 2 2 2 0 0 2 2 2 0 0 1 2 0 0 1 1 0 0 0 2 0
0 0 1 2 0 0 2 0 1 0 0 0 0 0 0 0 0 1 1 0 2 0
0 1 2 2 0 0 2 2 2 0 1 2 1 0 0 0 2 0 1 0 2 0
0 1 2 2 0 0 1 2 2 0 2 2 1 0 1 0 1 1 0 0 2 0
0 2 2 2 0 0 2 1 2 1 1 2 1 0 0 0 2 0 0 0 2 0
0 2 1 2 0 0 2 1 2 0 1 2 0 0 1 0 2 0 0 0 2 0
0 1 2 2 1 1 2 2 2 0 1 0 1 0 0 0 2 0 0 0 2 0
2 2 1 1 0 1 2 2 2 0 2 2 1 1 0 0 1 1 1 0 2 0
0 2 2 2 0 0 2 1 2 0 1 2 1 0 0 0 1 0 1 0 1 0
0 2 2 1 0 0 2 1 2 0 2 2 0 0 0 0 1 0 0 0 2 0
1 2 2 2 0 1 2 1 2 0 1 2 0 0 0 0 0 0 0 1 2 0
1 2 2 2 0 0 2 1 1 1 2 2 1 2 2 0 2 1 1 0 2 0
0 2 2 2 0 1 2 1 2 0 0 2 1 0 0 0 2 0 0 1 1 0
0 1 2 1 0 0 2 1 2 0 2 2 1 0 0 0 2 0 0 0 2 0
0 2 2 2 1 0 1 1 2 1 1 2 1 0 1 0 2 0 0 0 2 0
0 2 0 2 0 0 2 2 2 0 2 2 0 0 0 0 2 0 0 0 2 1
0 1 2 2 1 0 2 2 2 0 0 2 2 0 0 0 2 0 1 0 2 0
1 1 0 2 0 0 2 1 2 0 2 1 1 0 0 0 2 0 0 0 2 0
0 2 2 2 0 1 2 2 2 0 2 2 1 1 0 0 2 0 0 0 2 0
0 2 1 2 1 0 1 2 2 0 1 2 2 0 0 0 1 0 0 0 1 0
0 1 1 2 0 0 2 1 2 0 0 1 0 0 1 0 2 0 0 0 1 0
1 1 2 2 0 0 2 1 2 0 1 0 1 0 0 0 2 0 1 1 2 0
2 1 1 2 0 0 1 1 2 0 1 2 1 0 0 0 1 1 1 0 2 0
1 1 0 2 0 0 1 2 2 0 1 2 2 0 0 0 1 0 0 0 2 0
0 1 1 2 0 0 1 0 2 0 1 2 1 0 0 0 2 0 1 0 2 0
2 1 2 2 0 0 2 1 2 0 2 1 2 1 0 0 2 1 0 0 2 0
0 2 0 0 0 0 2 1 2 1 1 1 1 0 0 0 1 0 0 0 2 0
1 2 2 1 0 0 2 1 2 0 1 2 0 0 1 0 2 0 1 0 2 0
1 2 0 2 0 0 2 1 2 0 1 2 1 0 0 0 1 0 0 1 2 0
0 2 0 2 0 1 1 2 2 0 1 0 0 0 0 0 2 0 0 0 2 0
1 2 2 1 0 0 2 1 2 0 2 1 1 0 0 0 2 0 0 0 2 0
0 1 1 1 0 0 2 0 2 0 0 1 1 0 0 0 1 1 0 0 2 0
0 1 1 1 0 1 2 1 2 0 2 2 2 0 1 0 1 1 0 0 2 1
0 2 1 2 0 0 2 1 2 0 1 2 2 0 0 0 2 0 1 0 2 0
0 2 2 2 0 0 0 1 2 0 2 2 0 0 0 0 1 0 0 0 2 0
0 2 2 2 0 1 2 2 2 0 1 1 1 0 0 1 2 0 1 0 2 0
0 2 2 1 0 0 1 1 1 0 0 2 1 0 0 0 2 0 0 0 2 0
0 2 1 1 0 0 2 2 1 0 1 2 2 0 0 0 0 1 0 0 1 0
0 1 2 2 0 0 2 0 2 0 0 2 0 0 1 0 1 0 0 0 2 0
1 2 1 2 0 0 1 2 1 0 0 2 0 0 0 0 1 2 0 0 2 0
0 2 2 1 0 0 2 1 2 0 1 2 1 0 0 0 1 0 1 0 2 0
0 2 1 2 0 0 2 1 2 0 0 1 0 0 1 0 2 0 0 0 2 0
0 1 1 2 0 0 2 1 2 0 2 2 1 0 0 0 1 0 0 0 2 0
0 2 2 2 1 0 2 0 2 1 0 1 1 0 1 0 2 0 0 0 2 0
0 2 1 2 0 0 2 1 2 0 1 2 0 1 1 0 1 0 1 0 1 0
1 1 1 2 0 0 2 1 2 0 0 2 0 0 0 0 1 0 0 0 1 0
1 2 2 2 0 0 2 0 1 0 0 1 1 0 1 0 0 1 1 0 2 0
0 2 0 2 0 0 2 2 2 0 0 2 1 0 0 0 1 0 1 0 2 0
0 2 2 2 1 1 0 0 2 0 2 2 2 0 0 0 1 1 0 1 2 1
1 1 1 1 0 0 1 1 2 0 1 1 0 1 1 0 2 0 0 0 2 0
1 2 1 2 0 0 2 2 2 0 1 2 1 0 1 0 2 0 1 0 2 0
0 2 2 2 0 1 2 2 2 0 1 1 1 0 1 0 1 0 0 0 2 0
1 2 1 2 0 0 1 2 1 0 1 2 1 0 0 0 2 0 0 0 2 1
0 2 2 2 0 1 2 2 2 0 2 2 0 1 0 0 1 0 1 0 2 1
0 2 1 2 0 0 2 2 2 0 1 1 0 1 0 0 2 0 1 0 2 0
1 0 2 1 1 1 1 1 1 0 1 2 1 0 0 0 2 0 0 0 2 0
1 2 1 2 0 0 1 2 2 0 0 1 1 0 1 0 2 1 1 1 2 0
0 2 1 2 0 0 1 1 2 1 1 2 1 1 0 0 2 0 0 0 1 1
0 1 2 2 0 2 2 1 2 0 1 2 1 0 0 0 2 0 0 0 2 1
0 1 2 2 1 0 2 2 2 0 0 2 1 0 0 0 2 0 0 0 2 0
0 2 2 1 0 0 2 1 0 0 2 1 0 1 0 0 1 0 0 0 2 0
1 2 1 2 0 0 2 1 2 0 2 1 1 0 1 0 2 0 0 0 2 0
0 1 2 2 0 1 2 2 2 0 1 2 1 0 0 0 2 0 1 1 2 0
1 1 1 2 0 0 2 2 2 0 2 1 1 0 0 0 0 1 0 0 2 0
0 1 1 2 0 0 2 2 2 1 2 2 2 0 1 0 2 1 0 0 2 1
0 1 0 2 0 0 2 2 2 0 1 1 0 0 0 0 2 0 1 0 1 0
0 2 2 2 0 0 2 2 2 1 2 2 1 0 0 0 2 0 0 0 2 0
1 1 1 0 0 0 1 2 1 0 1 1 1 0 1 0 2 0 0 0 1 0
0 2 0 2 0 0 2 1 2 0 1 2 1 1 1 0 2 1 0 0 2 1
0 2 1 2 0 1 2 2 2 1 0 2 0 0 0 0 1 1 0 0 2 0
0 1 1 2 0 2 1 1 2 0 1 2 0 1 0 0 1 0 1 0 2 0
0 2 1 2 1 0 2 1 2 0 1 1 1 0 0 0 2 1 0 0 2 0
0 2 1 2 0 0 2 1 2 0 1 2 0 0 2 0 2 0 1 0 2 0
0 2 1 2 0 1 2 1 2 0 2 2 1 0 1 0 2 0 1 0 2 0
0 1 2 2 0 0 2 2 1 0 0 2 2 0 2 0 2 0 0 0 2 0
0 2 1 2 0 0 2 2 2 0 1 2 1 0 0 0 1 0 0 0 2 1
1 1 1 2 0 0 2 2 2 0 1 2 1 0 0 0 2 0 0 0 2 0
1 2 2 1 0 0 2 2 2 1 1 2 1 0 0 0 2 1 0 0 2 0
0 2 1 2 0 0 2 0 1 1 0 1 1 0 0 0 1 0 0 0 2 0
0 2 2 2 0 0 2 2 2 0 0 2 0 0 1 0 2 0 0 0 2 0
0 2 0 2 0 1 2 0 2 0 2 2 1 0 0 0 2 0 0 1 2 0
0 2 2 2 0 0 2 1 2 0 0 2 0 0 1 1 2 0 1 0 2 1
0 2 2 2 0 0 1 1 2 0 1 2 0 0 0 0 2 0 1 0 2 0
0 2 1 2 1 0 2 1 1 0 2 1 0 1 0 0 2 0 2 0 2 1
0 2 0 2 0 0 1 1 2 0 0 2 1 0 1 0 2 0 2 0 1 0
2 2 1 2 0 0 2 2 2 1 1 1 1 1 0 0 1 0 0 0 2 0
0 1 1 2 0 0 2 0 2 0 0 2 1 1 1 0 2 1 0 0 2 0
0 2 2 2 0 1 2 1 2 0 1 2 0 0 1 0 1 0 2 0 2 0
0 2 2 2 0 0 1 1 2 0 1 2 0 0 0 0 2 0 0 0 2 0
0 2 1 2 0 0 2 2 2 0 2 2 1 0 0 0 2 0 0 0 1 0
1 1 1 2 0 0 2 2 2 1 1 2 2 0 0 0 2 1 1 0 2 0
0 2 1 2 0 0 2 0 1 0 1 2 2 0 0 1 1 0 0 0 2 0
0 1 1 1 0 0 2 0 2 1 1 2 0 0 0 0 2 0 0 0 1 0
1 0 2 2 0 1 2 2 2 0 0 2 2 0 0 0 2 0 1 0 2 0
0 1 2 2 0 0 1 2 2 0 2 2 1 0 1 1 2 0 1 0 1 0
1 2 2 2 0 0 2 1 2 0 0 1 0 0 0 1 2 1 1 0 2 0
1 2 2 2 1 0 2 1 2 0 0 2 1 0 1 0 2 0 0 0 2 0
0 2 1 2 1 0 2 2 2 0 0 1 0 0 1 0 1 1 1 0 1 0
0 2 1 1 0 0 2 1 2 0 1 2 1 0 1 0 1 0 0 0 2 0
0 1 2 2 1 0 2 1 2 0 0 2 0 0 0 0 2 0 0 0 2 0
0 2 2 2 1 0 1 1 2 1 1 2 2 0 0 0 2 0 1 0 2 0
1 1 0 2 1 0 2 0 2 0 1 2 0 0 0 0 2 0 0 0 2 0
0 2 1 2 0 0 2 1 2 0 0 2 2 0 1 0 0 0 1 0 2 0
0 2 2 2 0 1 2 2 2 0 1 2 0 0 1 0 1 0 0 0 1 0
2 1 1 1 0 0 0 1 2 0 1 2 1 0 2 0 1 0 0 0 1 0
0 2 1 1 0 0 2 1 2 0 0 2 0 0 1 0 1 0 0 0 2 0
0 2 2 1 0 0 2 1 2 0 2 2 1 0 1 0 1 0 1 0 2 0
0 2 2 2 0 0 2 2 1 0 0 2 0 0 2 0 2 0 0 0 1 0
0 2 2 1 0 0 2 2 2 0 1 2 2 0 1 0 1 0 0 0 2 0
0 1 2 2 0 0 2 1 2 0 2 2 1 0 0 0 2 0 0 0 2 0
2 2 1 1 0 1 2 2 2 0 1 0 1 0 0 0 1 1 0 0 2 1
0 1 2 1 0 0 2 2 2 0 1 2 0 0 1 0 2 0 0 0 2 0
1 0 2 2 0 0 2 1 2 1 2 2 1 1 0 0 1 0 0 0 2 0
0 1 2 1 0 1 2 2 2 0 1 1 1 0 1 0 1 0 0 0 0 0
0 2 0 1 0 0 2 1 2 1 1 2 0 0 1 0 1 1 1 0 2 0
1 2 0 2 0 0 2 1 1 0 2 2 1 0 1 0 2 0 0 0 2 0
0 2 2 1 0 1 2 1 2 0 0 2 2 0 0 0 2 0 0 0 2 0
1 1 2 1 0 1 2 2 2 0 2 2 1 2 1 0 2 0 0 0 2 0
1 1 1 1 1 0 2 1 2 0 2 1 1 0 0 0 1 1 1 0 2 0
0 1 0 1 0 0 2 2 2 0 2 2 1 1 1 0 2 0 0 0 2 1
0 2 2 2 0 0 2 0 2 0 2 2 0 1 1 0 2 1 1 0 2 0
0 2 0 2 0 0 2 0 2 0 1 2 1 0 0 0 2 0 0 0 2 0
0 2 2 2 0 0 1 1 2 0 1 2 0 1 1 0 1 0 1 0 2 0
0 2 2 2 0 0 2 2 2 1 1 1 1 0 1 0 1 0 1 0 2 0
1 2 2 2 0 0 1 0 2 1 1 2 1 1 0 0 1 0 1 0 0 0
0 1 1 2 1 0 2 2 2 0 1 1 2 0 0 0 2 0 0 0 2 0
0 1 2 2 0 1 2 1 2 0 2 2 1 0 1 0 2 0 1 0 2 0
1 1 1 2 0 0 2 1 2 0 1 2 1 0 1 0 2 0 0 0 2 0
0 1 0 2 0 0 2 0 2 0 1 1 1 0 0 0 2 0 0 0 2 0
0 2 2 2 0 1 2 1 2 0 0 2 2 0 0 0 2 0 0 0 2 1
0 0 2 2 0 0 2 1 2 0 0 2 0 0 1 0 2 0 1 1 2 0
0 2 2 2 0 0 2 1 2 0 0 2 0 0 0 0 0 0 0 0 0 0
0 2 0 1 0 0 2 1 2 0 2 1 2 0 0 0 2 0 0 0 1 0
1 2 1 2 0 1 2 0 2 0 1 2 1 1 2 0 1 0 0 0 2 0
0 2 1 2 0 0 2 2 1 0 1 2 1 2 1 1 2 0 1 0 2 0
1 1 2 1 0 0 2 1 2 0 2 2 1 1 1 0 1 0 1 0 2 0
1 1 2 2 0 1 2 1 2 0 2 2 2 0 0 0 1 0 0 0 2 0
1 2 2 2 0 1 2 1 2 0 0 2 1 1 1 0 1 0 1 0 2 0
0 2 1 2 0 1 2 1 0 0 0 2 1 0 0 0 0 0 0 0 1 0
1 1 1 1 0 0 2 1 2 0 2 1 0 0 2 0 2 0 0 0 2 0
0 1 1 2 0 0 2 1 2 0 2 2 1 0 1 0 2 0 0 0 2 0
1 2 1 2 0 0 1 2 2 0 1 2 1 0 0 0 1 1 0 1 2 0
0 2 1 2 0 1 1 2 2 0 1 2 1 1 1 0 1 0 1 0 2 0
2 2 2 2 0 0 2 1 1 0 2 1 1 1 1 0 0 0 0 0 2 0
2 1 2 2 1 0 2 2 2 0 1 2 2 0 0 0 1 1 0 0 2 0
0 2 2 0 0 0 2 2 2 0 1 2 0 0 0 0 2 0 0 0 1 0
0 2 1 2 0 0 2 0 2 0 1 1 0 0 1 0 1 0 0 0 2 0
1 2 1 2 0 1 2 2 1 0 0 2 2 0 1 0 2 0 0 0 2 0
1 2 2 2 0 1 2 2 2 0 1 2 0 0 0 0 2 0 1 0 2 0
1 1 1 2 0 1 2 1 2 0 2 1 1 1 0 0 2 0 0 0 2 0
0 2 2 0 0 0 2 2 1 0 0 1 1 0 1 0 1 1 0 0 2 0
0 1 1 2 0 0 2 1 2 0 1 2 1 0 1 0 1 1 0 0 2 1
0 2 1 2 0 0 2 1 2 0 1 2 2 0 0 0 2 1 0 0 1 1
1 2 1 2 0 0 2 0 0 0 1 2 0 0 1 0 1 0 1 0 2 0
1 2 2 2 0 0 2 2 2 0 0 2 0 0 0 0 1 0 1 0 2 0
1 2 2 2 0 0 1 1 2 0 2 2 0 1 0 0 1 1 0 0 2 0
0 2 2 1 0 0 2 1 2 0 2 2 0 0 1 0 2 0 1 0 2 0
0 2 1 2 0 1 2 2 2 0 1 2 1 1 0 1 2 0 2 0 2 0
0 0 2 1 1 0 2 0 1 1 0 2 0 0 1 0 2 0 2 0 2 0
0 2 1 1 0 0 2 0 1 0 0 2 0 0 0 0 2 0 0 0 2 0
0 2 2 2 0 0 1 1 2 0 1 1 1 0 0 0 2 0 1 0 0 0
0 2 2 1 0 0 2 2 1 1 0 2 1 1 1 0 1 0 0 0 2 0
0 1 2 1 0 1 2 2 2 0 2 2 1 0 0 0 1 1 0 0 2 0
0 1 2 1 0 0 2 2 1 0 2 1 0 1 0 0 2 0 1 0 2 0
0 2 2 1 0 0 2 0 2 0 1 2 1 0 1 1 2 0 1 0 2 0
0 2 2 2 0 0 1 1 2 0 1 2 0 0 0 0 2 0 0 0 2 0
0 1 2 1 0 1 2 1 1 0 2 2 0 0 1 0 2 0 0 0 2 0
1 2 1 1 1 0 2 1 2 0 1 2 2 1 0 0 2 0 0 0 2 1
1 2 2 2 0 0 2 2 2 0 1 1 0 0 1 0 1 0 0 0 2 0
0 1 2 2 0 0 2 1 2 0 1 2 2 0 0 0 2 0 0 0 2 0
1 1 1 2 1 0 2 1 2 0 1 2 0 0 1 0 1 0 0 0 2 0
1 2 1 2 0 0 2 1 2 0 0 2 1 0 1 0 1 0 0 0 2 1
0 2 2 2 0 0 2 1 2 0 1 1 1 0 1 0 1 0 0 1 2 0
0 2 1 2 0 0 2 1 2 0 1 2 1 1 0 0 1 0 0 0 2 0
1 1 2 2 0 0 2 0 2 0 0 1 0 0 1 0 2 2 0 0 2 0
1 1 0 1 0 0 1 1 1 0 0 2 1 2 2 0 2 0 0 0 2 0
0 1 2 1 0 1 2 2 2 0 1 2 0 0 1 0 0 0 1 0 2 0
0 2 2 2 0 0 2 1 1 0 0 1 2 0 1 0 2 1 0 0 2 0
0 2 1 2 0 0 1 1 2 0 0 2 1 0 0 0 2 0 1 0 2 0
0 1 1 2 0 1 2 0 2 0 2 2 0 0 0 0 2 0 1 0 2 0
2 2 2 1 0 0 2 1 2 1 1 2 0 0 1 0 2 0 0 0 2 0
1 2 2 2 0 0 1 2 1 0 0 1 2 0 1 0 2 0 1 0 2 0
0 1 1 2 0 0 2 2 2 0 2 2 1 1 0 0 2 0 0 0 2 0
0 2 2 2 0 0 2 2 2 0 2 1 0 0 0 0 2 0 0 0 2 0
0 2 2 2 0 0 1 0 2 0 2 1 1 0 1 0 1 0 0 0 2 0
0 1 0 2 0 0 1 2 2 1 1 2 1 0 0 0 2 1 0 0 2 0
0 2 2 2 1 2 2 0 2 0 2 2 2 0 0 0 1 0 0 0 1 0
0 2 2 2 0 1 2 1 2 0 2 1 1 0 1 0 2 0 2 0 2 0
1 1 2 2 0 0 2 1 2 1 0 1 0 0 0 0 2 0 1 0 2 0
0 2 0 2 0 1 2 1 2 0 1 1 1 0 1 0 2 1 1 0 2 0
0 2 2 2 0 0 2 2 2 1 0 2 1 0 1 0 2 0 0 0 2 0
0 2 2 2 0 0 1 1 2 0 1 2 0 0 0 0 2 0 0 0 2 0
0 1 2 2 0 0 2 2 2 0 1 2 1 1 1 0 1 0 0 0 2 0
2 2 0 1 0 0 1 2 2 0 1 1 2 0 0 2 1 0 0 0 2 1
2 0 2 2 0 0 2 2 2 0 0 1 1 0 0 0 1 0 0 0 2 0
0 2 2 2 0 0 2 1 2 0 1 1 1 0 0 0 1 0 1 0 2 0
0 2 2 2 0 0 2 0 2 0 0 2 1 0 1 0 1 0 0 0 2 0
2 2 1 2 0 0 2 0 2 0 1 2 0 0 2 0 1 0 0 0 2 0
2 1 1 2 0 0 2 1 2 0 1 2 0 0 0 0 1 0 1 0 2 0
1 0 1 2 0 0 2 1 1 0 1 2 1 0 1 0 1 0 1 0 0 0
0 2 2 2 0 1 2 1 2 0 2 1 0 0 0 0 2 1 2 0 2 0
0 1 2 2 0 1 2 1 2 0 1 2 0 0 0 0 2 0 0 0 2 0
1 1 0 2 0 1 2 1 1 0 2 2 0 0 0 0 2 0 0 0 1 0
0 2 2 2 0 1 2 1 2 0 1 2 1 0 0 0 1 1 0 0 2 0
0 2 1 2 0 0 2 0 2 0 0 1 2 0 0 0 2 0 0 0 2 0
0 2 1 2 0 0 2 2 2 0 0 2 1 0 0 0 1 0 0 1 2 0
0 2 1 2 0 0 2 0 1 0 2 2 0 0 1 0 1 0 2 0 2 0
0 1 1 1 0 0 2 2 2 0 2 1 1 0 0 0 2 0 0 0 2 0
0 2 1 1 0 0 2 1 2 0 1 2 0 0 1 0 2 0 0 1 2 0
1 2 2 2 0 0 2 2 1 0 1 2 1 0 0 0 1 0 0 0 2 0
0 1 1 2 0 0 2 1 2 0 2 1 0 0 0 0 2 0 0 0 2 0
0 2 2 2 0 0 2 1 2 0 0 1 0 0 0 0 1 0 0 0 2 0
0 2 2 2 0 0 2 2 1 0 2 2 0 0 1 0 2 0 0 0 2 0
1 2 1 2 1 0 1 2 2 0 0 1 0 0 0 0 2 0 0 0 2 0
0 2 1 2 0 0 1 1 2 0 0 2 1 0 0 0 1 0 0 0 2 0
0 1 2 2 0 1 2 1 2 0 0 2 1 0 0 0 1 0 0 0 2 0
0 2 2 2 0 0 2 2 2 0 0 2 2 0 0 0 2 0 1 0 2 0
0 2 2 2 0 0 1 2 2 0 2 2 1 0 0 0 2 0 0 0 2 0
0 2 2 2 0 0 2 1 2 0 1 1 1 0 0 0 2 0 0 0 2 0
2 1 1 2 0 0 2 2 2 0 0 2 1 0 1 0 1 0 1 0 2 0
0 1 1 2 0 0 2 1 2 0 1 2 0 0 0 0 0 1 0 0 1 1
0 2 1 2 0 0 2 0 2 0 0 2 0 0 1 0 1 1 0 0 2 0
0 2 1 2 1 0 2 0 2 0 2 2 1 0 0 0 2 0 1 0 2 0
0 1 2 2 0 0 2 2 1 0 1 2 1 0 0 0 0 0 0 0 2 0
0 2 1 2 0 0 2 1 2 0 1 1 2 0 0 0 1 0 0 0 2 0
2 2 2 2 0 0 2 1 2 0 2 2 1 0 0 0 2 0 0 0 2 0
0 1 2 2 0 0 2 2 2 0 0 1 2 0 1 0 1 0 2 1 2 0
1 1 0 2 0 0 2 1 2 0 0 2 1 0 1 0 0 0 1 0 2 0
1 2 2 2 0 0 2 1 2 0 0 2 1 0 1 0 2 0 0 0 2 0
2 2 1 2 0 0 2 0 2 0 1 2 0 0 0 0 1 0 0 0 2 0
0 2 1 2 0 1 2 1 2 0 1 2 1 0 0 0 2 0 1 0 2 1
0 1 2 2 0 0 2 1 2 0 2 2 2 0 0 0 1 0 1 0 2 0
0 2 2 2 1 1 2 2 2 0 0 2 0 0 0 0 2 0 1 0 2 0
0 2 1 1 0 1 2 1 2 0 2 2 1 0 0 0 2 0 0 0 2 0
1 2 2 2 0 0 2 1 2 0 2 2 1 0 0 0 2 1 0 0 2 0
0 1 1 2 0 0 2 2 2 0 1 2 2 0 1 0 1 1 0 0 2 0
0 1 1 2 0 0 2 0 2 1 1 2 1 0 1 0 1 0 1 0 1 0
0 2 1 2 0 0 2 1 2 0 2 2 1 0 0 0 2 1 0 0 2 0
0 1 1 1 0 0 2 1 2 0 1 1 0 0 0 0 0 0 1 0 2 0
1 1 1 1 0 0 1 2 0 0 0 2 0 0 0 0 0 1 0 0 2 0
0 1 2 1 1 0 2 2 2 1 0 1 1 0 1 0 2 0 0 0 2 0
0 2 2 2 0 0 2 1 2 0 0 1 2 0 0 0 2 0 0 0 2 0
0 1 2 2 0 0 1 2 2 0 1 2 1 1 0 1 2 0 0 0 2 0
0 1 1 2 0 0 2 1 1 1 1 2 1 0 0 0 2 0 0 0 2 0
2 2 1 1 0 1 2 1 2 0 2 2 2 0 1 0 1 0 1 0 1 0
0 2 2 2 0 1 1 1 2 0 1 2 2 0 0 0 2 0 1 0 2 1
0 0 2 2 0 0 2 1 2 0 1 2 1 0 0 0 1 0 0 1 2 0
1 2 2 2 0 0 2 2 2 0 2 2 1 1 1 0 2 0 0 0 2 0
0 1 2 2 0 0 2 0 2 0 2 1 2 0 1 0 0 0 0 0 2 0
0 2 1 2 0 1 2 1 1 0 0 2 2 0 0 0 2 0 0 1 2 0
0 1 1 2 0 0 2 1 2 0 0 2 0 0 0 0 2 0 1 0 0 0
0 2 2 2 0 0 1 2 2 0 0 2 0 0 0 0 1 1 1 0 2 0
0 2 1 2 0 0 1 2 2 0 0 2 1 0 0 0 1 0 1 0 2 0
1 1 2 2 0 0 2 1 1 0 1 2 2 0 1 0 2 0 0 0 2 0
1 1 2 2 0 0 2 1 2 0 1 2 0 0 1 0 2 0 0 0 2 0
1 1 1 2 1 0 1 1 2 0 2 2 2 0 0 0 2 0 0 1 2 0
0 1 2 2 0 0 2 1 2 0 0 2 1 0 0 0 2 0 0 0 2 0
0 2 2 1 0 0 2 2 2 0 2 1 1 0 0 1 1 1 0 0 2 0
0 2 2 2 0 0 2 1 1 0 0 2 1 0 0 0 2 0 0 0 2 0
0 2 2 2 1 0 2 1 2 0 1 2 2 1 0 0 2 0 0 0 2 0
0 1 0 2 0 1 1 1 1 0 1 2 2 0 0 0 2 0 0 0 2 0
1 1 1 2 0 1 2 2 2 0 1 2 0 0 0 0 1 1 0 0 2 0
1 1 1 2 0 0 2 2 2 0 2 2 0 0 1 0 1 0 0 0 1 0
1 2 1 2 0 0 2 0 1 0 2 2 0 0 0 0 0 0 1 0 2 0
1 2 1 2 0 0 2 1 1 1 1 1 0 0 1 1 2 0 1 0 2 0
0 2 1 2 0 1 2 2 2 0 2 2 1 0 1 0 2 0 0 0 2 1
1 2 1 1 0 0 2 0 2 0 1 2 1 0 2 0 2 0 1 0 2 0
0 2 1 0 0 0 2 2 2 0 1 2 1 0 0 0 0 0 1 0 2 0
0 2 2 2 0 0 2 0 2 0 1 2 0 0 1 0 2 0 2 0 2 0
0 2 2 2 0 0 2 1 2 0 2 2 0 0 0 1 1 1 0 0 2 0
0 2 2 1 0 0 1 1 2 0 2 2 0 0 0 0 2 0 0 0 2 0
0 1 0 2 1 0 1 2 2 0 1 2 1 0 0 0 2 0 1 0 2 0
1 2 1 2 0 0 2 2 2 1 1 2 2 0 1 0 1 0 1 0 2 0
1 1 1 2 0 1 2 1 2 0 0 2 0 0 0 0 1 1 0 0 2 0
1 2 1 2 0 0 2 0 2 0 1 1 1 0 0 0 1 0 1 0 2 0
0 2 2 2 1 0 2 1 2 0 2 2 1 0 0 0 0 0 0 0 2 0
1 1 2 2 0 0 2 1 2 1 1 2 2 0 1 0 1 0 1 0 2 0
1 2 1 2 0 0 1 2 2 0 2 2 1 0 0 0 2 1 1 0 2 0
1 2 1 2 0 1 2 1 2 0 0 2 1 0 1 0 2 0 0 0 2 0
0 1 1 2 0 0 1 1 2 0 0 0 0 0 1 0 1 1 0 0 2 0
0 2 1 2 0 1 2 2 1 0 1 2 1 0 0 0 2 0 1 0 2 1
1 2 1 2 0 1 0 1 2 0 2 1 1 0 0 0 2 0 0 0 2 0
0 2 0 2 0 0 2 1 2 0 2 1 2 1 1 0 1 0 0 0 2 0
0 1 1 2 0 1 2 1 2 0 1 2 0 0 0 0 2 0 0 0 2 0
1 1 2 1 0 1 2 1 2 0 2 2 2 0 1 0 2 0 0 0 1 0
0 1 2 2 0 0 2 0 2 0 1 2 1 0 1 0 2 0 2 0 2 0
1 2 1 2 1 0 2 1 2 0 1 2 0 0 0 0 0 0 1 0 2 0
1 1 2 2 0 0 2 2 1 0 2 2 2 0 1 0 2 2 0 0 1 0
1 2 2 1 0 0 2 2 2 0 1 1 0 1 0 0 2 0 0 0 1 0
0 1 2 2 0 0 1 1 2 1 1 2 1 0 1 0 2 0 0 1 2 0
0 2 2 1 0 1 1 2 2 0 0 2 2 0 0 0 2 0 0 0 1 0
1 0 1 2 0 1 2 1 2 0 1 2 1 0 0 0 2 1 0 0 2 0
0 2 1 2 0 0 2 2 1 0 2 2 2 1 0 0 2 0 0 0 2 0
0 2 1 1 0 0 2 2 2 0 1 2 2 0 1 0 2 0 1 0 1 0
0 0 0 2 0 0 2 0 2 1 1 2 0 0 1 0 1 0 0 0 2 0
0 2 1 2 0 0 2 1 2 0 1 2 1 1 0 0 1 1 0 0 1 0
0 2 0 2 0 0 2 1 1 0 1 2 1 0 1 0 2 0 0 0 2 0
0 0 1 1 0 0 1 2 2 0 1 1 1 0 0 0 1 0 0 0 1 0
0 1 2 1 0 1 2 1 2 0 1 2 0 0 1 0 1 0 1 0 1 0
0 2 2 2 0 0 1 1 2 0 0 2 2 0 0 0 2 1 1 0 2 0
0 2 1 2 1 0 2 0 1 0 1 0 0 0 0 0 1 0 0 0 2 0
0 2 2 2 0 1 2 1 2 0 1 1 2 0 1 0 2 0 0 0 2 0
0 1 2 1 1 0 2 2 2 1 2 2 0 0 0 0 2 0 0 0 2 0
0 2 1 2 0 0 2 1 2 1 1 2 0 0 0 0 2 0 0 0 2 0
1 1 1 2 0 0 2 0 2 1 2 2 2 0 0 0 2 0 1 0 2 0
0 2 1 2 1 0 2 2 2 0 2 2 1 0 0 0 2 0 0 0 2 0
1 2 2 2 0 0 2 1 2 0 1 2 1 0 0 0 2 0 0 0 2 0
2 2 1 2 0 1 2 1 2 0 1 2 1 0 0 0 1 0 1 0 1 0
1 0 1 2 0 1 1 2 2 0 1 2 1 0 1 0 2 1 1 0 1 0
0 2 0 1 0 0 1 1 2 0 1 2 2 0 0 0 2 0 0 0 2 1
0 2 1 2 0 0 2 0 2 0 0 1 0 0 1 0 1 0 2 0 2 0
0 2 2 2 0 0 2 2 2 0 1 2 1 0 0 0 2 0 1 0 2 1
1 2 2 2 0 0 2 1 2 0 0 2 1 0 0 0 2 0 0 0 2 0
0 2 2 2 1 1 2 2 1 0 0 1 2 0 0 0 1 0 1 0 2 0
0 2 2 2 0 0 2 1 2 0 0 2 0 0 1 0 2 0 0 0 1 0
0 1 2 2 0 0 2 1 1 0 2 2 1 0 1 0 0 0 1 0 2 0
0 1 2 2 0 0 2 1 2 0 2 2 0 1 0 0 2 0 1 0 2 0
0 2 2 2 0 0 2 1 2 0 0 1 0 1 0 0 1 0 0 0 1 0
1 1 1 2 0 0 2 1 2 0 1 1 1 0 1 0 2 0 2 0 2 0
0 2 2 2 0 0 2 1 2 1 2 2 0 0 0 0 2 0 1 0 2 0
0 2 0 2 0 0 2 1 2 0 2 2 1 0 2 0 2 0 0 0 1 0
0 2 0 2 1 0 2 1 2 0 1 2 1 0 1 0 2 0 0 0 2 0
0 2 2 2 0 0 2 1 2 0 1 2 1 0 0 0 2 1 1 0 2 0
0 1 1 2 0 0 2 0 1 0 0 2 0 0 1 0 2 0 0 0 2 0
0 1 1 2 0 0 2 1 1 0 2 2 0 1 2 0 2 0 0 0 2 0
0 2 1 2 0 0 2 1 2 1 1 2 1 0 1 0 1 0 2 0 2 2
1 1 2 2 0 0 2 2 2 0 1 2 0 0 0 0 1 0 0 0 2 0
0 1 1 2 0 0 2 2 1 0 1 2 1 0 0 0 2 1 0 0 1 0
0 2 0 2 0 0 2 2 2 0 2 2 1 0 1 0 2 0 1 0 2 1
1 2 1 2 0 0 2 0 2 1 0 2 1 0 0 0 2 0 0 0 2 0
1 0 1 2 1 0 2 1 2 0 0 2 1 0 1 0 2 0 1 0 2 0
0 2 2 2 0 0 2 1 2 0 2 2 0 1 1 0 2 0 1 0 2 0
0 2 2 1 0 2 2 0 2 0 0 2 0 0 1 0 2 0 0 1 2 0
0 2 1 2 0 2 2 2 1 0 2 2 2 0 0 0 2 0 1 0 2 0
0 1 1 2 0 1 2 2 2 1 1 2 0 0 0 0 2 0 0 0 2 0
0 1 2 2 0 0 2 1 2 1 1 2 1 0 0 0 2 0 1 0 2 0
0 2 2 2 0 0 2 2 2 0 1 2 2 0 0 0 2 0 1 0 1 0
0 2 1 2 0 1 2 2 2 0 2 2 1 0 1 1 2 0 0 0 2 0
0 1 1 2 1 0 2 0 2 0 0 1 0 1 0 0 2 0 1 0 2 1
0 1 2 2 1 0 2 2 2 0 0 1 0 0 1 0 2 1 0 0 2 0
0 2 1 2 0 0 2 1 2 0 1 2 1 1 2 0 2 0 0 0 2 0
0 1 0 1 0 1 1 2 1 0 1 2 2 1 1 0 2 0 0 0 2 0
0 2 1 2 2 0 1 2 2 0 2 2 1 1 0 0 2 0 1 0 2 0
0 2 2 2 0 0 2 2 2 0 1 2 1 0 0 0 2 0 0 0 2 0
1 2 2 1 1 0 2 1 2 0 1 2 2 0 0 0 2 0 1 0 2 0
0 1 2 2 0 1 2 1 2 0 0 2 0 0 1 1 0 0 1 0 2 0
0 2 0 2 0 0 2 1 2 0 0 2 2 0 1 0 1 0 1 0 1 0
0 1 1 2 0 1 2 1 1 0 2 2 1 0 0 1 2 0 0 0 2 0
0 2 2 1 0 1 2 1 2 0 2 2 0 0 0 0 2 0 0 0 2 0
0 1 2 2 0 1 2 2 2 0 0 2 2 0 1 0 2 0 1 0 2 0
1 2 2 2 0 0 2 0 1 0 0 2 0 1 0 0 2 0 0 0 2 0
0 2 0 2 0 0 1 2 2 0 1 2 0 0 1 0 1 0 0 0 1 0
1 2 2 2 1 0 2 2 2 0 1 2 0 0 1 0 1 1 0 0 1 0
0 1 1 2 0 0 2 2 2 0 1 1 2 0 1 1 2 0 2 0 2 0
1 1 1 2 1 0 2 0 1 1 1 0 0 0 1 0 0 0 0 0 1 0
0 2 2 2 1 0 2 1 2 0 0 2 1 0 0 0 1 0 2 0 2 0
1 1 1 2 0 1 2 0 2 0 1 1 2 0 0 0 2 0 1 0 2 0
1 2 2 2 0 0 2 1 2 0 1 2 1 0 0 0 1 0 0 0 2 0
0 1 2 1 0 1 2 0 2 1 0 2 1 0 0 0 2 0 0 0 2 0
0 1 1 2 0 0 2 2 2 0 1 2 0 1 0 0 1 0 0 0 2 0
0 1 2 1 0 0 2 1 1 0 0 2 0 0 1 0 1 0 0 0 2 0
0 1 2 1 1 0 2 1 2 0 1 2 1 0 1 0 1 1 1 0 2 0
1 2 2 2 0 0 1 1 2 1 0 2 1 0 1 0 2 0 0 0 2 0
0 2 2 1 1 0 2 0 2 1 0 2 2 0 0 0 2 0 0 0 2 0
1 2 1 2 0 0 1 1 2 0 2 2 0 0 1 0 2 0 1 0 2 0
2 2 2 1 0 0 1 1 2 0 0 2 1 1 1 0 2 0 1 0 2 0
0 1 1 2 0 0 2 2 2 1 0 2 2 1 0 0 2 0 0 0 2 0
1 2 2 2 0 0 2 1 2 0 1 1 1 0 1 0 1 0 0 1 2 0
0 2 2 2 0 0 1 1 2 0 1 2 0 1 0 0 2 0 1 0 2 0
0 1 1 2 0 0 2 1 2 0 1 1 0 0 0 0 2 0 0 0 1 0
0 2 2 2 0 1 2 1 2 0 2 2 0 0 2 0 2 0 1 0 1 0
1 2 1 2 0 0 2 2 2 0 1 2 1 0 0 0 2 0 0 0 2 0
0 2 1 2 0 1 2 2 2 0 2 2 1 0 0 1 2 0 1 0 2 0
0 2 1 2 0 0 2 1 2 0 1 2 1 0 0 0 2 0 1 0 1 0
1 2 2 2 0 0 1 0 2 0 0 2 0 0 0 0 2 0 0 0 2 0
0 1 2 1 0 0 1 1 2 0 2 1 2 1 0 0 2 1 0 0 2 0
1 2 0 2 0 1 2 1 2 0 1 2 1 0 1 0 2 0 0 0 2 1
1 2 1 2 0 0 2 1 2 0 1 2 1 0 1 0 2 0 0 0 2 0
0 1 1 2 0 0 1 2 2 0 2 0 1 1 1 0 2 1 0 0 2 0
0 0 1 2 0 0 2 1 2 0 1 2 0 1 0 0 2 0 0 0 2 0
0 2 0 2 0 1 2 0 2 0 0 1 2 0 0 0 2 0 0 0 2 0
1 2 2 2 0 0 1 2 2 0 2 1 2 0 0 0 2 0 0 0 2 0
1 2 2 2 0 0 1 1 2 0 2 1 2 0 0 0 2 0 0 0 2 0
0 2 2 2 0 1 2 2 2 0 2 1 1 0 0 0 1 0 0 0 2 0
1 2 1 1 0 1 2 1 2 0 2 2 1 0 0 0 1 1 0 0 2 1
1 0 2 2 0 1 2 1 1 0 1 2 1 1 1 0 2 0 1 1 2 0
1 1 1 2 0 0 2 0 1 0 1 2 0 0 0 0 1 0 1 0 2 0
0 1 2 2 0 0 1 1 2 0 1 2 1 0 0 1 2 0 0 0 2 0
1 2 2 2 0 0 2 0 1 0 1 2 2 1 0 0 1 0 0 0 2 0
0 2 2 2 1 0 2 1 2 0 0 1 0 0 0 0 1 0 1 0 2 0
1 1 1 2 0 0 2 1 2 0 1 2 2 0 0 0 2 0 0 0 2 0
0 1 0 2 0 0 2 0 2 0 1 2 1 0 0 0 2 0 1 0 2 0
1 1 1 2 1 0 2 2 2 0 1 2 2 0 0 0 2 0 0 0 2 0
0 2 0 1 0 0 1 1 2 0 2 2 1 1 1 0 2 0 0 0 2 0
1 1 2 2 0 0 1 0 2 0 2 2 1 1 1 0 2 1 1 0 2 1
0 1 1 2 1 0 2 0 2 0 0 2 0 0 0 0 2 0 1 0 1 1
0 2 2 2 0 0 2 0 2 1 2 2 2 0 0 0 2 0 0 0 2 0
0 1 1 2 0 0 2 0 2 0 2 1 1 0 1 0 2 0 1 0 2 1
0 2 1 1 0 0 2 1 2 1 2 2 1 1 1 0 2 0 1 0 2 0
0 2 1 2 0 0 2 2 2 0 2 1 1 0 0 0 1 0 0 0 1 0
0 2 1 2 0 0 2 2 2 0 1 2 1 0 0 0 2 0 0 0 2 0
0 2 1 0 0 1 2 1 1 0 0 2 1 0 0 0 2 0 0 0 2 0
0 2 1 2 0 0 2 2 1 0 2 2 1 0 1 0 1 1 1 0 2 0
0 1 1 1 0 0 1 1 1 0 1 1 1 0 1 0 1 0 1 0 1 0
1 2 2 2 0 0 2 1 2 0 1 2 0 0 1 1 1 0 1 0 2 0
1 2 1 1 0 0 1 0 2 1 0 2 0 1 0 0 2 0 0 0 1 0
0 1 2 2 0 0 2 1 1 0 2 2 2 0 0 0 2 0 0 0 1 0
0 1 2 2 0 1 2 2 2 0 0 2 0 0 0 0 2 0 1 0 2 0
0 1 2 1 0 0 2 1 2 0 1 2 1 0 0 0 1 0 0 0 0 0
0 1 2 2 0 1 2 0 1 0 2 2 1 0 0 0 1 0 0 0 2 0
0 2 0 2 0 1 2 0 1 0 0 2 2 1 1 0 2 0 0 0 2 0
1 2 1 2 0 2 2 1 1 0 2 2 2 0 1 0 2 0 0 0 2 0
0 2 0 2 0 0 1 1 2 0 0 1 0 0 0 0 1 0 0 0 2 1
1 1 2 2 0 0 1 1 2 0 1 2 1 0 1 0 1 0 0 0 2 0
1 2 2 2 0 0 2 1 2 0 1 2 1 0 0 0 1 0 0 0 2 0
0 2 2 1 0 1 1 2 1 0 0 2 2 0 1 0 2 0 1 0 2 0
0 2 2 2 0 1 1 1 2 0 1 2 1 1 0 0 2 0 0 1 2 0
0 1 1 2 0 0 1 1 2 0 2 2 1 0 1 0 2 0 0 0 2 0
0 1 1 2 0 2 2 2 2 0 1 2 2 0 0 0 2 0 0 0 2 0
0 2 2 2 1 0 2 1 2 0 1 2 0 0 1 0 2 0 1 0 2 0
0 1 2 2 0 0 2 2 1 0 1 2 1 0 0 0 1 0 0 0 2 0
1 1 2 2 0 0 2 1 2 1 1 2 1 0 0 0 2 0 0 0 2 0
1 2 1 2 0 1 2 2 2 0 1 2 1 0 0 0 1 1 0 0 2 0
0 1 2 2 0 0 2 1 2 0 0 2 1 0 1 0 2 0 0 1 2 0
0 2 1 2 0 0 1 1 2 0 1 2 2 0 0 0 1 0 1 0 2 0
0 2 2 2 0 0 2 0 1 0 2 2 1 0 0 0 2 0 1 0 2 0
0 2 1 1 0 0 2 1 2 0 1 1 0 0 1 0 2 0 1 0 1 0
0 2 1 1 0 0 1 0 0 0 0 2 1 1 0 0 2 0 0 1 1 0
0 2 1 2 0 0 1 2 2 1 0 2 1 0 1 0 2 0 0 0 1 0
1 2 1 1 0 0 2 1 2 0 0 1 0 1 0 0 1 0 1 0 2 0
0 1 2 2 0 0 2 1 2 0 2 2 1 0 1 0 2 0 0 0 2 0
0 1 0 2 0 1 2 0 2 0 1 2 1 0 1 0 2 0 0 0 2 0
0 2 1 1 1 0 2 2 2 0 2 2 1 0 1 0 2 0 0 0 1 0
0 2 2 2 0 0 1 2 2 0 1 2 1 1 1 0 2 1 1 0 2 0
1 1 1 2 0 0 2 2 2 0 1 1 0 0 2 0 2 0 2 0 2 0
0 2 2 0 0 1 1 2 2 1 1 2 1 0 0 0 2 0 0 0 2 0
0 1 2 2 0 0 1 2 2 0 1 2 1 0 2 0 2 0 0 0 2 0
0 1 1 1 0 0 2 1 2 0 1 2 1 0 0 0 1 0 1 0 2 0
0 1 2 2 0 0 1 1 2 0 0 2 1 0 1 0 1 0 1 0 2 0
2 2 1 1 0 0 2 1 2 1 0 2 1 0 0 1 2 1 0 0 2 0
0 2 1 2 0 0 2 0 2 0 0 2 0 1 1 0 2 0 0 1 2 0
0 2 1 2 0 0 2 0 2 0 1 2 2 0 0 0 2 0 0 0 2 1
0 2 2 2 0 1 2 2 2 0 1 2 0 0 1 0 2 1 0 0 1 0
0 2 2 2 0 0 2 0 2 0 2 2 0 0 0 0 0 0 0 0 2 0
1 1 2 1 0 0 2 0 1 0 1 2 1 0 1 0 2 0 1 0 2 0
1 2 0 1 0 0 2 1 2 0 1 2 0 1 0 0 1 0 0 0 2 0
0 1 1 1 0 0 2 2 2 0 2 2 0 0 0 0 1 0 0 0 2 0
1 2 2 2 1 0 2 1 2 0 2 2 1 0 1 0 2 0 0 0 2 0
1 2 0 2 0 0 1 0 2 0 1 2 1 0 0 0 2 0 0 0 2 0
1 2 1 2 0 0 2 0 2 0 1 2 0 1 1 0 2 0 0 1 2 0
0 1 1 2 0 0 2 0 2 0 2 2 0 1 1 0 2 0 0 1 2 1
0 2 1 2 0 0 2 1 2 0 0 2 2 1 0 0 1 1 0 0 2 0
2 2 1 1 0 0 2 2 1 0 2 2 0 0 0 0 2 1 0 0 2 0
0 2 1 2 0 1 1 2 2 0 1 2 1 0 1 0 1 0 0 1 2 0
0 2 1 2 0 0 2 1 2 1 2 2 1 1 0 0 1 0 0 0 2 0
1 1 1 2 0 0 2 1 2 0 2 1 0 0 0 0 1 0 0 0 2 0
0 2 0 2 0 0 2 1 2 0 2 2 1 0 0 0 2 0 2 0 2 0
0 1 2 2 0 1 2 2 1 1 1 2 2 0 0 0 2 0 1 0 2 0
0 1 2 2 0 0 2 2 2 0 2 2 1 1 1 0 2 0 0 0 2 1
0 2 1 2 0 0 2 1 2 0 1 1 0 0 0 0 2 0 0 0 2 0
1 2 1 1 0 1 2 0 1 0 2 2 0 0 1 0 1 0 1 0 2 0
0 2 2 2 0 1 2 0 2 0 1 2 1 0 1 0 1 0 0 0 2 1
0 1 1 2 0 0 2 0 2 0 1 1 1 0 0 1 1 0 2 0 2 1
1 2 2 2 0 0 2 1 1 1 0 1 1 0 0 0 2 0 1 0 2 0
0 2 1 2 1 0 2 2 2 0 1 2 0 0 0 0 2 0 0 0 2 1
0 2 0 2 0 0 2 1 1 0 1 2 1 0 0 0 2 0 0 0 2 0
0 2 2 2 0 0 2 2 2 0 0 2 0 0 1 0 1 0 0 0 1 0
0 1 2 2 0 0 2 2 2 0 1 2 2 1 0 0 2 0 0 1 2 0
0 1 1 2 0 0 2 2 2 0 1 1 2 0 1 0 2 0 1 0 1 0
0 1 2 2 0 1 2 1 1 0 1 2 0 0 0 0 1 0 0 0 2 0
0 2 2 2 0 0 2 2 2 0 2 2 0 0 0 0 2 0 1 1 2 0
0 2 2 2 0 0 1 2 1 1 1 1 1 0 0 0 1 0 0 0 2 0
0 2 2 0 0 0 2 1 1 0 1 1 2 0 0 0 2 0 2 0 2 0
1 2 1 2 0 0 2 2 2 0 2 1 0 0 1 0 2 0 1 0 2 0
1 2 2 2 0 0 2 1 2 0 1 2 0 0 0 0 2 0 1 0 2 0
0 1 1 2 0 0 2 2 1 0 1 2 1 1 0 0 1 0 1 0 1 0
0 1 2 2 0 0 1 2 2 0 1 1 1 0 2 0 1 1 0 0 1 0
0 2 1 1 0 0 1 2 2 0 2 2 1 0 0 0 2 0 0 0 2 1
0 1 1 2 0 1 1 2 1 0 2 2 0 0 0 0 2 0 0 0 2 0
0 1 2 2 0 1 2 1 2 0 2 2 0 0 1 0 2 0 0 0 2 0
0 2 1 2 0 1 2 0 1 0 1 2 1 1 2 0 2 0 2 0 2 0
1 2 2 1 0 0 2 2 2 0 1 1 1 0 1 0 2 0 0 0 2 0
1 2 1 2 0 0 2 2 2 0 1 2 0 1 1 0 2 0 0 0 2 0
0 2 2 1 0 0 2 1 2 0 2 2 1 0 0 0 1 0 0 0 2 0
0 1 2 2 0 0 1 0 1 0 1 1 0 0 0 0 1 0 0 0 1 0
0 1 1 2 1 2 1 1 2 0 2 2 1 0 1 0 2 0 1 0 2 0
0 1 1 1 0 1 2 1 2 0 2 2 0 1 1 0 1 0 0 0 2 0
0 2 0 2 0 0 1 0 2 0 0 1 1 1 0 0 2 0 0 0 2 0
0 2 0 2 0 0 2 2 2 0 2 1 1 0 0 0 1 0 0 0 2 0
1 2 2 1 1 0 1 0 2 0 1 2 1 0 0 0 1 0 0 0 2 0
0 1 2 2 0 0 1 0 2 0 2 2 2 0 0 0 1 1 1 0 2 0
0 2 1 2 0 0 2 0 2 0 0 1 0 0 0 0 2 0 0 0 2 0
1 1 2 2 0 0 2 1 2 0 0 2 1 0 1 0 1 0 0 0 2 0
0 0 2 1 0 0 1 2 2 2 2 2 1 0 0 0 1 0 0 0 2 1
0 2 2 2 0 0 2 0 2 0 2 2 1 1 0 0 1 0 1 0 2 1
0 2 0 2 0 0 2 2 1 1 1 2 1 0 1 0 1 1 0 1 1 0
0 2 0 1 0 0 2 1 2 0 1 2 2 0 0 0 2 0 0 0 2 0
0 2 2 1 0 0 2 2 2 1 1 2 0 0 0 0 2 0 0 0 2 0
1 1 2 2 0 1 1 2 2 0 1 2 0 0 1 0 2 0 0 0 2 0
0 1 1 2 0 0 2 0 2 0 2 2 1 0 1 0 2 0 1 0 2 0
0 2 2 2 0 1 1 1 1 0 2 2 1 0 1 0 2 0 0 0 2 0
0 1 2 1 0 0 2 1 2 0 2 1 1 0 1 0 1 0 0 0 2 0
1 1 1 2 0 0 1 2 2 0 1 2 2 1 0 0 2 0 1 0 2 0
0 2 1 2 0 2 1 0 2 0 1 2 0 0 1 0 1 0 0 0 2 0
0 2 1 1 0 0 2 1 1 0 2 2 2 0 1 0 1 0 0 0 2 0
0 2 2 1 0 0 2 0 2 0 1 1 1 0 0 0 2 0 1 0 2 0
0 0 1 2 1 0 2 1 2 0 0 2 0 0 2 1 2 0 0 0 2 0
0 2 2 2 0 1 2 2 2 0 1 1 1 0 0 0 2 0 1 0 2 0
1 1 2 1 0 0 2 2 2 1 1 1 1 0 0 0 2 0 0 0 1 0
1 0 2 1 0 0 2 2 2 0 1 2 0 0 0 1 1 0 0 0 2 0
0 0 2 2 0 1 2 1 2 0 0 1 0 0 1 0 1 0 0 0 2 0
0 2 2 2 0 1 2 1 1 0 2 2 1 0 1 0 2 0 0 0 2 0
0 2 0 2 0 0 2 0 2 0 1 2 0 0 1 0 1 0 1 0 2 0
0 1 1 2 0 0 2 2 1 0 2 2 0 0 0 0 2 0 1 0 2 0
0 2 1 2 0 0 1 2 2 0 1 1 1 1 1 0 2 1 0 0 2 0
0 2 0 2 0 0 2 1 2 0 0 2 0 0 1 0 2 0 0 0 2 0
0 2 0 2 0 0 2 0 2 0 2 1 0 0 1 0 1 0 0 0 0 0
0 1 1 2 1 0 2 1 2 0 2 2 0 0 1 0 2 0 1 1 2 0
0 2 2 1 0 2 2 2 2 0 2 1 1 0 0 0 2 1 1 0 2 0
0 2 2 2 0 0 2 1 2 0 1 2 1 0 0 0 1 0 1 0 1 0
0 1 1 2 0 0 1 1 2 0 0 1 1 0 1 0 1 0 2 0 2 1
0 2 2 1 0 0 2 2 2 0 1 0 1 0 1 0 1 0 0 0 2 0
1 1 1 2 0 0 2 2 2 0 2 1 0 0 0 0 2 0 1 0 2 0
0 1 2 2 0 0 2 1 2 0 0 0 2 0 0 0 1 0 1 0 2 0
0 2 2 2 0 0 2 2 2 0 1 2 0 1 0 0 1 1 0 0 2 0
1 1 2 2 0 0 2 2 1 0 1 1 1 1 0 0 2 0 0 0 1 0
0 0 2 2 0 0 2 2 2 0 0 2 1 0 1 0 1 0 0 0 2 0
0 1 1 1 0 1 2 1 2 0 1 2 1 0 1 0 2 0 1 0 2 0
0 2 2 1 0 0 2 0 0 0 0 0 1 0 0 0 1 0 1 0 1 0
0 2 1 2 0 0 2 2 2 0 1 2 2 0 1 0 2 0 0 0 2 0
1 2 1 2 0 0 1 1 2 0 0 2 1 0 0 0 1 0 0 1 2 0
1 0 2 2 0 0 2 2 2 0 1 2 1 0 1 0 2 0 0 0 2 0
0 2 2 1 0 0 2 0 2 0 1 1 0 0 0 0 2 0 0 0 2 0
1 2 1 2 0 0 2 1 2 1 2 2 1 0 0 0 2 0 1 0 1 0
1 2 1 2 0 1 2 2 2 0 2 1 2 0 0 0 1 0 0 0 2 0
0 1 2 2 1 0 2 2 2 0 1 1 0 1 0 0 1 0 0 0 2 0
1 1 1 1 0 0 2 1 2 0 1 1 1 0 1 0 1 0 2 0 2 0
0 2 2 2 0 1 1 1 2 1 1 2 1 0 0 0 0 0 0 0 2 0
1 2 2 1 0 0 2 0 2 1 1 2 2 0 0 0 2 0 0 0 2 0
0 1 0 2 0 1 1 2 1 1 1 1 1 0 1 0 2 0 1 0 2 1
0 1 2 2 0 0 2 2 2 0 1 2 2 0 1 0 1 0 0 0 2 0
2 1 1 2 0 0 1 0 2 1 1 2 2 0 0 0 0 0 1 0 2 0
0 2 0 2 0 0 2 1 2 0 0 1 1 0 0 0 0 1 1 0 2 0
0 1 1 2 0 0 2 1 2 0 2 2 2 0 0 0 2 0 1 1 2 0
2 2 0 1 0 0 2 1 1 0 1 2 1 0 0 0 2 0 0 0 2 1
0 1 2 2 0 2 2 2 2 0 0 2 1 0 1 0 2 0 0 0 2 0
0 2 0 1 2 0 1 2 2 1 1 2 0 0 0 0 1 0 0 0 2 0
1 1 0 2 0 0 1 2 2 0 1 2 0 0 0 0 2 0 1 0 2 0
1 1 1 2 0 0 1 1 2 0 0 1 1 0 0 0 1 0 1 0 1 0
0 2 1 2 0 0 2 1 2 1 0 2 0 0 0 0 2 1 0 0 1 0
1 1 2 2 0 0 2 1 2 0 0 2 1 0 0 0 1 0 0 0 2 0
1 1 2 2 0 0 2 1 2 0 2 2 0 0 0 0 1 0 2 0 2 0
0 2 1 1 0 1 2 0 2 0 2 2 0 0 0 0 2 0 0 0 2 0
0 2 1 1 0 0 2 0 2 0 0 2 1 0 0 0 2 0 1 0 2 0
0 1 1 2 0 0 1 1 2 1 1 2 0 0 0 0 2 0 0 0 2 0
1 2 1 2 0 0 2 2 2 0 0 2 1 0 1 0 0 0 0 0 2 0
0 2 0 1 0 0 2 0 2 1 1 1 2 0 0 0 1 0 0 0 2 0
1 2 1 2 0 0 2 1 2 0 1 1 0 0 0 0 2 0 1 1 2 0
0 2 1 2 0 0 2 1 2 1 2 1 1 0 1 0 0 1 1 0 2 0
1 2 2 2 0 0 1 1 2 0 2 2 1 0 0 0 2 0 0 0 2 0
1 1 2 2 0 0 2 1 2 1 1 0 1 0 0 1 1 1 0 0 1 0
0 2 0 2 0 0 2 0 2 0 0 2 0 0 0 0 1 0 1 0 2 0
0 1 0 2 0 0 2 1 2 0 1 1 1 0 0 0 1 1 0 0 2 0
0 2 2 1 1 0 2 1 2 0 2 2 2 0 0 0 2 0 1 0 2 0
2 2 1 2 0 0 1 0 2 0 1 2 1 0 0 0 1 0 1 0 2 0
1 1 1 2 0 0 2 1 0 0 1 2 0 0 0 0 1 0 0 0 1 0
1 2 0 2 0 1 2 1 2 0 1 2 1 0 0 0 2 0 1 0 2 0
0 2 2 2 0 0 2 0 2 0 0 2 1 0 1 0 0 0 1 0 2 0
0 2 1 2 0 0 1 1 2 0 0 1 1 0 1 0 2 0 1 0 2 0
0 2 0 2 0 0 1 1 2 0 1 2 1 0 1 0 2 0 0 0 2 0
0 1 0 2 0 1 2 2 2 0 1 2 0 0 0 0 1 0 0 0 2 0
1 2 2 2 0 0 2 1 2 0 0 2 2 0 0 1 2 0 1 0 2 0
2 1 1 2 0 1 1 0 2 0 1 1 0 0 0 0 2 0 0 0 2 0
1 2 1 2 0 2 2 1 1 0 0 2 0 0 0 0 2 0 1 0 2 0
1 2 1 2 0 0 2 1 2 1 1 1 1 0 0 0 1 0 0 0 2 0
0 2 1 1 0 0 2 1 2 0 2 0 1 0 0 0 2 1 2 1 1 0
1 2 2 2 0 0 2 1 2 0 1 2 0 0 0 0 0 0 0 0 2 0
1 2 2 2 0 0 2 0 2 0 0 2 0 0 0 0 1 0 0 0 1 0
0 1 2 2 1 0 2 1 1 0 0 2 2 0 0 0 2 0 1 1 2 0
1 2 2 2 0 0 1 0 2 0 1 1 1 0 0 0 0 0 0 0 2 0
0 0 1 2 0 1 2 1 1 0 1 0 2 0 1 0 2 0 1 0 2 0
0 2 1 2 0 0 2 0 2 0 2 1 1 0 0 0 2 0 0 0 2 0
1 1 0 2 0 0 2 0 2 0 1 1 0 0 0 0 0 0 0 0 2 0
0 1 1 2 0 0 1 1 2 0 0 2 0 0 0 0 0 0 0 0 2 1
1 2 1 2 0 0 1 1 2 1 2 1 1 0 0 0 2 1 1 0 2 0
1 2 2 2 0 0 2 2 2 0 2 0 1 0 0 0 2 0 1 0 2 0
1 0 2 2 0 0 2 1 2 0 1 2 1 0 1 0 2 0 0 0 2 0
0 2 2 1 0 1 2 1 2 0 2 0 1 1 0 0 2 1 0 0 2 0
1 2 1 2 0 0 2 2 1 1 1 2 0 0 0 0 2 1 0 0 2 0
1 1 2 2 0 0 0 1 2 0 0 1 0 0 1 1 1 0 0 0 2 1
1 2 2 2 0 0 2 2 1 0 0 2 1 0 0 0 2 1 1 0 2 0
2 2 2 2 0 0 1 2 2 0 1 2 2 0 0 0 1 0 2 0 2 0
1 2 1 2 0 0 2 1 2 1 1 2 0 0 1 0 1 0 1 0 2 0
0 0 1 2 1 0 2 1 1 0 1 0 0 0 0 0 2 1 0 0 2 0
1 2 1 1 0 0 2 1 2 0 1 2 2 0 0 0 1 0 2 0 1 0
0 2 2 2 0 1 2 2 2 0 1 2 0 0 1 0 1 0 0 0 2 0
1 2 2 2 0 0 2 2 2 0 1 1 1 0 0 0 1 1 1 0 2 0
1 2 2 2 0 0 2 1 2 0 0 2 0 0 1 0 1 1 0 0 2 1
0 2 1 2 0 1 2 2 1 0 1 2 1 1 1 0 1 0 0 0 2 0
2 2 1 2 0 0 2 2 2 0 2 2 2 0 1 0 2 1 0 0 1 0
0 1 2 2 0 0 2 1 2 0 1 1 1 0 0 0 2 0 1 0 1 0
2 2 2 2 0 0 2 1 1 0 0 1 1 0 0 0 1 0 0 0 1 0
1 2 0 2 0 0 2 1 1 1 2 1 0 0 1 0 0 0 1 0 2 0
0 1 2 2 0 0 1 1 2 0 1 2 0 0 0 0 1 0 0 1 2 0
0 0 1 2 0 0 1 1 2 0 2 2 1 0 0 0 1 0 1 0 1 0
1 2 2 2 0 0 2 0 2 0 1 1 1 0 0 0 2 0 1 0 1 0
1 2 1 1 0 0 2 1 2 1 1 2 1 1 1 0 1 0 1 0 2 0
0 2 1 1 0 0 1 1 1 0 0 1 1 0 1 0 1 0 0 0 2 0
1 1 1 1 0 0 2 0 2 0 1 2 1 0 2 0 1 0 1 0 1 0
2 2 1 2 0 0 2 0 2 0 0 2 1 0 0 0 2 0 0 0 2 0
0 2 0 2 0 0 2 1 2 1 1 2 0 0 0 0 0 0 1 0 2 0
1 1 1 2 0 2 2 2 2 0 2 0 1 0 0 0 2 0 0 0 2 0
1 2 2 2 0 0 2 0 2 0 1 2 2 0 0 0 2 0 0 1 2 0
0 2 2 1 0 0 2 1 2 0 0 2 0 0 1 0 2 0 2 0 1 0
1 1 0 1 0 0 2 1 0 0 2 2 0 0 0 0 1 0 1 0 2 0
1 2 1 2 0 0 2 2 1 0 1 2 2 1 1 0 0 0 0 0 2 0
0 2 2 2 0 1 2 1 2 0 2 2 1 0 0 0 2 0 1 0 2 0
0 2 2 2 0 1 2 1 2 0 0 1 1 0 0 0 2 0 1 0 2 0
1 1 0 2 0 0 2 1 2 0 2 1 1 0 0 0 1 0 1 0 2 0
1 2 2 2 0 0 1 2 2 1 2 2 1 1 0 0 2 0 1 0 2 0
0 2 2 1 1 0 2 2 1 0 0 2 1 0 1 0 2 0 0 1 2 0
0 1 1 2 0 0 2 1 2 0 0 1 1 0 0 0 2 0 1 0 2 0
1 2 1 2 0 0 2 1 2 0 1 2 2 1 1 0 1 0 1 0 2 0
0 2 1 1 0 0 2 0 2 0 1 1 1 1 0 0 1 0 1 0 2 0
0 2 2 2 0 1 2 0 2 0 2 1 1 0 0 0 2 0 1 0 2 0
0 0 1 2 0 1 2 1 1 0 1 2 1 0 1 0 1 0 0 0 2 0
1 1 0 2 0 1 1 0 2 0 1 1 1 1 0 0 1 0 0 0 2 0
0 2 2 2 0 0 1 2 2 0 0 2 0 0 0 0 1 0 0 0 2 0
1 1 2 2 0 1 2 2 2 0 1 2 1 0 0 0 1 0 0 0 1 0
1 1 2 2 0 0 2 2 2 0 2 1 2 1 0 0 1 0 0 0 2 0
0 2 2 2 0 0 2 1 1 0 0 2 1 0 0 0 2 0 0 0 2 0
1 2 0 2 0 0 2 0 2 1 1 1 2 0 0 0 2 1 1 0 2 0
0 0 1 2 0 0 2 0 2 0 1 2 0 0 0 1 0 0 1 0 2 0
1 2 0 1 0 0 2 1 1 0 2 1 1 0 0 0 2 0 0 0 2 0
0 2 2 1 0 0 2 1 2 1 0 2 1 0 0 0 1 0 0 0 2 0
0 2 0 2 0 0 2 1 2 0 0 2 2 1 0 0 2 0 1 0 1 0
0 1 1 2 0 0 2 1 1 0 1 2 0 0 0 0 2 0 0 1 2 0
0 2 0 2 0 0 1 1 2 0 2 1 0 0 0 0 1 0 0 1 2 0
0 1 1 1 0 0 2 2 2 0 0 2 0 0 0 0 1 1 0 0 2 0
0 1 0 2 0 0 2 2 2 0 2 2 0 0 0 0 2 0 2 0 1 0
0 1 1 2 0 1 2 0 2 0 1 2 1 0 2 0 1 0 1 0 1 0
0 0 1 2 0 0 2 1 1 0 2 1 1 0 0 0 2 0 0 0 2 0
2 2 2 2 0 1 2 0 2 1 2 2 2 0 0 0 0 0 1 0 1 0
1 2 2 2 0 1 1 1 2 0 0 2 1 1 0 0 2 0 0 0 2 0
0 2 1 2 0 1 1 2 1 0 1 2 0 0 0 0 1 0 1 0 2 1
0 1 1 2 0 0 1 0 2 0 1 2 1 0 1 0 1 0 0 0 1 0
2 2 0 1 0 0 2 0 2 0 0 1 2 1 0 0 1 0 0 0 2 0
0 1 0 2 0 0 2 0 2 0 2 2 1 0 0 0 1 1 0 0 2 0
2 2 2 2 0 0 2 0 2 0 1 2 0 0 0 0 2 0 1 0 2 0
1 2 2 1 0 1 2 1 2 0 1 2 2 0 0 0 1 1 0 0 2 0
1 2 1 2 0 0 2 1 2 0 1 2 1 0 0 1 2 0 0 0 2 1
0 1 1 2 1 1 2 0 2 0 1 1 0 0 0 0 2 1 0 0 2 0
0 2 1 2 1 1 1 0 1 0 1 2 0 0 0 0 2 1 1 0 2 0
1 2 2 2 0 0 2 0 2 0 2 2 1 0 1 1 2 0 1 1 2 0
0 1 2 2 0 0 1 1 2 2 1 2 0 0 0 0 2 0 1 0 2 0
1 1 2 2 0 0 2 2 2 0 1 1 0 0 1 0 2 1 2 0 2 0
0 1 0 2 0 0 1 1 2 0 2 2 1 0 0 0 1 0 0 0 2 0
0 0 2 1 0 0 2 1 2 1 2 2 0 0 0 0 0 0 0 0 2 1
0 1 0 2 0 0 1 1 2 0 1 1 0 1 1 0 0 0 0 0 2 0
1 2 1 2 0 0 1 1 2 0 2 1 1 0 0 0 1 0 0 0 1 0
0 2 1 2 0 1 2 2 2 1 2 2 0 0 0 0 2 0 1 0 2 0
2 2 1 0 0 0 2 2 2 0 1 1 1 0 0 0 2 0 0 0 2 1
0 2 0 2 0 0 2 0 2 0 1 0 1 0 0 0 1 1 0 0 0 0
1 2 1 2 0 0 1 0 2 1 0 2 2 0 0 0 2 0 0 0 2 0
0 1 2 1 0 0 2 1 2 0 1 2 0 0 0 0 2 0 0 0 1 0
2 1 1 2 1 0 2 1 2 0 1 2 0 0 0 0 1 1 1 0 1 0
1 2 0 2 0 0 2 2 2 0 1 1 1 0 1 0 2 1 0 0 1 0
1 1 2 2 0 0 2 2 1 0 0 2 0 0 0 0 2 0 1 0 2 0
0 2 2 1 1 0 2 1 2 0 2 1 1 0 0 0 1 0 0 0 2 0
0 1 1 2 1 0 1 2 2 0 1 2 1 0 0 0 2 0 0 0 2 0
0 1 1 2 0 0 2 2 2 0 0 0 0 0 0 0 2 1 0 0 1 0
2 2 2 2 0 0 2 1 2 0 1 1 2 0 0 0 2 0 0 0 0 0
2 1 2 1 0 1 1 1 0 0 2 2 2 0 0 0 2 0 1 1 2 0
0 1 2 1 0 0 2 2 2 1 1 2 1 0 0 0 1 0 0 0 2 0
0 1 1 2 0 0 2 1 2 0 0 2 1 0 0 0 1 0 2 0 2 0
1 1 2 2 0 0 2 1 2 0 0 2 1 0 0 0 0 0 1 0 2 0
1 1 1 2 0 0 2 1 2 0 1 2 1 0 0 0 2 0 2 0 2 0
1 2 1 2 0 1 2 2 1 0 0 2 0 0 0 0 2 0 0 0 2 0
0 2 2 1 0 0 1 2 2 0 2 2 0 0 0 1 1 0 1 0 2 0
1 1 2 2 0 0 2 2 2 0 1 2 1 0 1 0 1 0 0 0 1 0
1 1 1 2 0 0 2 2 1 0 1 1 1 0 1 1 0 1 1 0 2 0
1 2 2 1 0 0 2 1 2 1 1 2 1 0 0 0 2 0 0 0 2 0
1 1 1 2 1 0 2 2 2 0 0 2 1 0 0 0 2 0 0 0 2 0
2 1 2 1 0 0 2 2 2 0 2 2 1 0 0 0 2 0 0 0 2 0
0 1 2 1 0 0 2 1 2 0 1 1 0 0 0 0 2 1 0 0 2 0
1 1 2 2 0 0 2 1 1 0 2 2 1 0 0 0 1 0 1 0 2 0
1 2 1 2 0 0 2 1 1 0 0 1 2 0 0 0 0 0 1 0 2 0
1 2 2 2 0 0 2 1 1 0 1 2 0 0 2 0 1 0 0 0 2 0
0 1 2 2 0 0 2 1 2 0 0 2 2 0 0 0 2 0 1 0 2 0
0 2 1 2 0 0 1 1 2 0 1 2 1 0 0 0 0 0 0 0 2 0
0 2 1 2 0 0 2 0 2 0 0 1 1 0 0 0 2 0 0 0 1 0
0 2 2 1 1 0 1 2 1 0 2 1 1 1 0 0 1 0 1 0 2 0
0 2 1 1 1 0 2 1 1 0 1 1 2 0 0 0 1 0 1 0 2 0
0 2 2 2 1 0 2 2 2 1 1 2 2 0 0 0 1 0 1 0 2 0
1 2 1 0 0 0 2 1 2 0 2 1 1 0 0 0 1 1 1 0 1 0
0 0 1 2 1 0 2 1 1 0 1 0 0 1 1 0 2 0 0 0 2 0
0 2 2 2 0 0 1 1 2 0 0 2 1 1 0 0 0 0 0 0 2 1
0 1 2 2 0 0 2 1 2 0 1 1 0 0 1 0 2 0 0 0 1 0
0 0 1 2 0 0 2 2 2 0 1 1 1 0 0 1 2 0 0 0 2 0
0 1 1 2 0 1 2 1 2 0 2 2 0 0 0 0 2 1 0 1 1 0
0 1 2 2 0 0 2 0 1 1 2 2 1 0 0 0 1 0 0 0 2 0
1 0 2 2 0 1 1 1 2 0 1 2 0 0 0 0 1 0 1 0 1 0
2 0 2 1 0 0 1 1 2 0 1 2 1 0 0 0 2 0 0 0 1 0
0 1 2 2 0 0 2 0 2 0 0 1 1 0 0 0 1 1 1 0 2 0
0 2 1 2 0 0 2 2 2 0 1 2 2 0 1 0 2 1 1 0 2 0
0 2 1 1 0 0 1 0 2 0 2 2 1 0 0 0 2 1 1 0 2 0
0 2 2 2 0 1 2 0 2 0 0 2 0 0 1 0 2 0 1 0 2 0
1 1 1 1 0 0 2 2 2 0 1 1 2 0 0 0 1 0 1 0 2 0
0 2 1 2 0 0 2 2 2 0 1 2 1 0 1 0 1 0 0 0 2 0
0 2 2 2 0 0 1 1 1 0 1 2 0 0 0 0 2 1 1 0 2 0
0 2 2 2 0 0 2 0 1 0 1 2 1 0 0 0 2 0 0 0 2 0
1 2 2 1 0 0 2 0 2 0 1 1 0 0 0 0 1 0 0 0 2 0
1 2 2 2 0 0 2 2 2 0 1 2 1 0 0 1 2 0 0 0 2 0
0 2 0 2 0 0 2 0 2 0 2 2 1 0 0 0 1 1 0 1 2 0
0 1 2 1 0 0 1 1 0 0 0 1 0 0 1 0 1 0 1 0 2 0
0 2 2 1 0 0 2 0 1 0 2 1 2 0 0 1 1 1 1 0 2 1
1 1 2 1 0 0 2 1 2 0 1 1 1 0 0 0 1 0 0 0 2 0
0 1 2 2 0 0 2 0 2 0 0 1 1 0 1 0 0 1 1 0 2 0
0 2 2 1 0 0 0 1 2 0 2 1 1 0 0 0 0 0 1 0 2 0
0 2 1 2 0 1 1 1 2 0 1 2 2 1 0 0 2 0 0 1 2 0
1 2 2 2 0 0 2 1 2 0 2 2 0 0 0 0 2 0 1 0 2 0
1 2 2 2 0 0 2 1 2 1 1 2 2 0 0 0 1 0 0 0 2 0
1 2 2 2 1 0 2 1 2 0 0 1 1 0 1 0 1 0 1 0 1 0
0 2 1 2 0 0 2 0 2 0 1 2 1 0 0 0 2 0 0 0 2 0
0 2 2 2 0 0 2 0 2 0 2 1 1 0 0 0 1 1 0 0 2 0
1 0 1 2 0 0 2 1 2 0 2 2 1 0 2 0 2 0 0 0 2 0
1 2 1 2 0 0 2 1 2 0 2 2 1 0 0 0 1 0 0 0 2 0
1 2 1 2 0 0 2 2 2 0 0 2 0 0 0 0 1 0 1 0 2 0
0 2 2 2 0 0 2 1 2 0 1 2 1 0 0 0 1 1 0 0 2 0
1 2 0 2 0 0 1 1 2 0 2 2 1 0 0 0 1 0 2 0 2 0
1 1 1 1 0 0 1 0 2 0 1 1 1 0 1 0 2 0 0 0 2 0
1 1 2 1 0 1 2 2 2 1 1 2 0 0 0 0 1 1 1 0 2 0
0 1 0 2 0 0 1 1 2 0 1 2 1 0 0 0 2 0 1 0 2 0
0 1 1 2 0 0 2 1 2 0 1 2 1 0 0 0 0 0 1 0 2 0
0 2 2 2 1 0 2 0 2 0 0 1 2 1 1 0 1 0 1 0 2 0
0 1 2 2 0 0 1 1 2 1 1 1 0 0 0 0 1 0 0 0 1 0
0 2 1 1 1 0 2 1 2 0 1 2 2 0 1 0 1 0 0 0 2 0
2 2 1 1 0 0 2 1 2 1 1 2 2 0 0 0 1 1 1 0 1 0
1 2 0 2 0 0 2 0 1 0 0 2 1 0 1 0 1 0 0 0 2 0
1 1 2 2 0 0 1 1 2 0 2 2 0 0 1 0 2 0 1 0 1 0
0 2 1 1 0 1 1 1 2 0 1 2 1 0 0 0 1 0 0 0 1 0
1 2 2 2 0 0 2 0 2 0 2 2 0 0 1 1 2 0 0 0 2 0
0 2 1 1 0 0 2 1 1 0 1 2 0 0 0 0 2 0 0 0 2 0
2 2 1 2 0 0 2 1 2 0 1 2 1 0 0 0 1 0 1 0 2 0
0 2 1 2 0 0 2 1 0 0 1 2 1 0 0 0 2 0 0 0 2 1
1 1 1 1 0 0 2 1 2 0 1 2 1 0 0 0 2 0 1 0 2 0
0 2 2 1 0 0 0 1 2 1 0 1 1 0 0 0 1 0 2 0 2 0
1 2 2 2 0 1 2 2 2 0 2 2 1 0 1 0 2 0 1 0 2 0
0 2 0 2 0 1 2 1 2 0 0 2 2 0 0 1 1 0 0 1 2 0
1 2 1 1 0 0 1 1 2 1 0 2 1 0 0 0 1 0 1 0 2 0
1 2 2 2 0 0 2 2 1 0 2 2 0 0 1 0 1 1 1 0 2 0
0 2 0 2 0 0 2 1 1 0 2 2 1 0 0 0 2 2 1 0 2 0
1 1 1 2 0 0 2 1 2 0 1 1 1 0 0 0 1 0 0 1 2 1
0 2 1 0 0 0 1 0 2 0 0 1 0 1 0 0 1 0 1 1 2 0
2 1 1 1 1 0 1 0 2 1 0 2 1 0 0 0 1 0 0 0 1 0
0 2 1 2 1 0 2 2 2 0 1 0 0 0 0 0 1 1 1 0 2 0
0 2 2 1 0 0 1 0 2 0 1 0 0 0 1 0 0 0 0 0 2 0
1 1 1 1 0 0 2 1 1 1 1 1 1 0 2 0 1 0 2 0 2 0
0 1 1 2 0 0 2 1 2 0 2 2 1 0 1 0 2 0 0 0 2 0
0 2 1 2 0 0 2 1 2 0 0 2 2 1 0 0 1 1 1 0 2 0
0 1 2 1 0 1 2 1 2 0 1 2 0 0 0 0 2 0 0 1 2 0
0 2 1 2 0 0 2 1 2 0 2 1 0 0 0 0 2 0 1 0 1 0
0 2 2 2 0 1 2 0 2 0 1 1 0 0 0 0 0 0 0 0 2 0
1 1 2 1 0 0 2 1 1 0 1 2 0 0 0 0 1 0 1 0 2 0
1 2 2 2 0 0 2 0 0 0 1 2 1 0 1 0 1 0 1 0 2 0
1 1 1 2 0 0 2 1 2 0 1 1 0 0 1 1 2 0 2 0 2 0
1 1 2 1 0 0 2 1 2 0 1 1 2 0 0 0 1 1 1 0 2 1
1 1 2 2 0 1 2 2 2 0 0 2 0 0 0 0 2 0 1 0 2 0
2 1 0 2 0 0 2 0 2 0 1 1 1 0 1 0 2 0 0 0 2 0
1 1 2 2 0 0 2 0 2 0 0 1 1 0 1 0 1 0 0 0 1 0
1 2 2 1 0 1 2 1 2 1 2 1 0 0 1 0 1 0 0 0 2 0
0 2 1 2 0 0 2 1 2 0 2 2 0 1 0 1 1 0 0 0 2 0
1 2 2 2 0 0 2 1 1 0 0 2 1 1 0 0 2 0 1 0 2 0
0 0 1 2 0 1 2 0 1 0 2 1 0 0 0 0 1 0 2 0 2 0
1 2 2 0 0 0 1 1 2 0 1 1 1 0 0 0 1 1 0 0 1 0
0 1 1 2 1 0 2 2 2 0 1 2 1 0 1 0 1 0 1 0 2 0
1 2 2 2 0 1 2 1 2 0 0 2 0 0 0 0 0 0 1 0 1 0
0 2 1 2 0 0 1 2 1 1 1 1 1 0 1 0 2 0 0 0 2 0
0 2 0 0 0 0 2 1 2 0 2 1 0 0 0 0 2 0 0 0 2 0
0 2 2 2 0 1 2 1 1 0 2 2 1 0 0 0 2 1 0 0 1 0
1 2 1 1 0 0 2 1 2 0 1 1 0 1 0 0 2 0 1 1 2 0
0 2 1 2 0 0 1 2 2 0 2 1 0 0 1 0 1 0 1 0 2 0
0 1 1 2 0 0 2 1 2 0 2 1 0 0 0 0 1 0 1 0 2 0
2 2 2 2 0 0 2 1 1 1 1 2 0 1 0 0 2 0 1 0 2 0
0 1 1 2 0 0 2 0 2 0 2 1 1 0 0 0 1 0 1 0 2 0
0 1 1 2 0 0 2 0 2 0 0 2 0 0 1 0 2 0 0 0 2 0
2 2 0 1 0 0 1 1 2 0 0 2 2 0 0 0 2 1 0 0 2 0
0 2 1 2 0 0 2 1 2 0 1 1 1 0 0 0 2 0 0 0 1 1
1 1 0 2 0 0 2 1 2 0 1 2 0 0 1 0 2 0 0 0 2 0
1 1 2 1 0 0 2 0 2 0 2 2 0 1 1 0 1 0 0 0 2 0
0 2 1 2 0 0 2 1 1 0 2 2 0 0 0 0 1 0 0 0 2 0
1 2 2 2 0 1 2 2 2 0 1 1 1 0 0 0 1 0 0 0 2 0
0 1 1 1 0 0 1 0 2 0 1 2 1 0 0 0 2 0 1 1 2 0
0 2 2 1 0 0 2 1 2 0 1 2 2 0 1 1 0 0 2 0 2 0
0 2 2 2 0 0 2 1 1 0 1 2 1 0 0 0 2 1 1 0 2 0
0 2 2 2 0 0 2 1 0 0 0 1 0 0 0 0 0 0 0 0 2 0
0 1 1 2 0 0 2 1 2 0 1 2 1 0 1 0 2 0 0 0 2 0
1 2 1 2 0 0 1 2 2 0 2 2 1 0 0 0 2 0 1 0 2 0
2 2 2 2 0 0 2 1 2 0 2 2 1 0 0 0 2 0 1 0 2 0
1 2 2 2 0 1 2 0 2 0 2 2 2 0 0 0 1 0 2 0 2 0
0 2 2 2 0 0 2 2 2 0 0 1 0 0 0 0 0 0 0 0 2 0
0 1 1 2 0 0 2 2 2 0 2 2 1 0 1 0 2 0 1 0 2 0
1 2 1 2 0 0 2 1 2 0 2 1 1 0 1 0 1 1 0 0 1 0
0 2 2 1 0 0 1 1 2 0 1 2 1 1 0 0 1 2 0 0 1 0
1 1 2 2 0 0 2 0 2 0 1 2 1 0 0 0 1 0 1 0 2 0
0 2 2 2 1 0 2 2 2 0 0 2 0 0 1 0 1 0 1 0 2 0
1 2 1 2 0 0 2 2 2 2 1 1 1 0 0 0 1 0 0 0 2 0
0 2 2 2 0 0 2 1 2 0 1 1 0 0 0 0 1 1 1 0 2 0
0 2 0 1 0 1 2 2 2 0 2 2 1 0 0 0 2 1 0 0 2 0
0 1 2 1 0 1 2 0 0 0 1 2 1 0 0 0 2 0 0 0 2 0
1 2 2 2 0 0 2 2 1 0 2 2 0 0 0 0 1 0 0 0 2 0
0 1 2 2 0 0 2 2 1 0 2 1 0 0 0 0 1 1 0 0 2 1
0 1 2 2 0 0 2 2 2 0 2 2 1 0 0 0 2 0 0 0 2 0
0 1 1 0 0 0 2 1 2 1 1 1 1 1 1 0 2 0 0 0 2 0
0 1 0 2 0 1 2 2 2 0 2 2 1 0 0 0 0 0 0 0 1 0
1 2 2 1 0 1 1 0 1 0 1 2 2 0 0 0 2 0 1 0 2 0
2 2 1 2 0 1 2 1 2 0 1 0 1 0 2 0 1 1 1 0 2 0
0 2 2 1 0 0 2 2 2 0 0 2 1 0 0 0 1 0 1 0 1 0
1 2 1 2 0 2 2 1 1 0 2 2 1 0 0 1 2 1 0 0 2 0
1 1 1 2 0 0 1 1 1 0 0 2 1 0 0 0 2 0 1 0 2 0
1 2 2 2 0 0 2 0 2 0 1 2 1 0 1 0 2 0 1 0 2 0
1 2 1 2 0 1 2 1 2 0 1 2 0 0 0 0 2 1 1 0 2 0
1 2 2 2 0 1 2 1 2 0 2 0 1 0 0 0 2 0 0 0 2 0
0 1 2 2 0 0 2 1 2 0 0 2 2 0 1 0 2 0 1 0 2 0
2 2 1 1 0 0 2 0 2 0 2 0 2 0 0 0 2 1 1 0 2 0
0 1 2 2 0 1 2 1 2 0 1 1 2 0 1 0 0 0 1 0 2 0
0 1 2 2 0 0 1 2 2 0 0 2 1 0 0 0 2 0 1 0 2 1
0 2 1 2 0 0 2 1 2 0 0 2 0 0 0 0 2 0 0 0 2 0
0 0 1 1 0 0 2 2 1 0 2 1 0 0 0 0 2 2 1 0 2 0
0 2 1 2 0 0 1 1 2 0 2 2 1 0 0 0 2 0 0 0 2 0
0 2 2 0 0 0 1 1 2 0 2 2 1 0 0 0 1 1 1 0 1 0
1 2 1 1 0 0 2 2 1 1 1 2 2 0 0 0 1 1 0 1 2 0
0 1 1 2 0 0 2 1 2 0 1 1 1 0 0 0 1 0 0 0 2 0
1 1 2 2 0 1 2 0 2 1 2 2 1 0 0 0 0 0 0 0 2 0
0 2 2 2 0 0 2 0 2 0 1 0 1 0 1 0 0 1 1 0 2 0
1 2 0 2 0 0 2 1 2 0 0 1 1 0 1 0 2 0 0 0 2 0
1 1 2 2 0 0 2 0 2 1 1 2 0 0 0 0 1 0 0 0 2 0
0 2 1 2 1 0 1 1 2 0 1 2 1 0 1 0 2 0 1 0 2 0
1 2 2 2 2 0 2 0 2 0 2 2 0 0 0 0 2 0 0 0 1 0
0 2 1 2 0 0 2 0 1 0 0 1 0 0 1 0 2 1 1 0 2 0
1 2 1 1 0 0 2 1 2 1 1 2 0 0 1 0 1 0 0 0 1 0
0 2 1 1 0 0 2 0 2 0 1 2 2 0 0 1 1 0 1 0 2 0
1 2 1 2 0 0 2 2 1 0 1 2 1 0 0 0 2 0 1 0 2 0
0 1 1 2 0 1 2 2 2 0 1 2 0 0 1 0 2 1 0 0 1 0
0 2 1 2 0 0 2 0 1 1 0 2 1 0 1 0 2 1 0 0 2 0
1 2 2 1 0 1 2 2 1 0 1 2 2 0 0 0 2 0 1 0 2 1
0 2 1 1 0 0 1 1 2 0 0 2 1 0 0 0 2 0 1 0 2 1
1 2 0 2 0 0 2 2 2 1 0 2 1 0 0 0 1 0 0 0 2 0
0 2 1 2 0 1 2 1 2 0 0 2 1 0 0 1 1 0 1 0 1 0
0 2 1 1 0 1 1 0 2 0 1 2 0 0 0 0 0 0 0 0 2 0
0 2 1 2 0 1 2 1 2 0 2 1 1 0 0 0 0 0 1 0 2 0
0 2 2 2 0 0 0 2 1 0 1 2 0 0 0 0 1 0 1 0 2 0
1 2 1 2 0 0 2 1 2 0 0 1 1 0 0 0 1 1 1 0 1 0
1 2 2 2 0 0 2 0 2 0 0 1 2 0 1 0 0 0 1 0 2 0
0 0 1 1 0 0 2 2 1 0 1 2 0 0 0 0 2 1 1 0 2 0
0 2 2 2 0 1 1 1 2 0 2 2 0 0 1 1 1 0 0 0 2 0
0 2 2 1 0 0 1 1 1 0 2 2 1 0 0 0 0 0 0 0 2 0
1 1 1 2 0 0 2 1 2 1 2 2 1 0 1 0 1 0 1 0 2 0
1 2 1 1 0 0 2 2 2 1 2 2 0 0 0 0 2 0 0 0 2 0
0 2 0 2 0 1 1 0 2 0 2 1 1 0 0 0 2 0 1 0 2 0
1 2 2 2 0 1 2 2 2 0 0 1 0 0 0 1 1 0 0 0 2 0
1 1 2 2 0 0 2 2 2 0 1 2 2 0 0 0 2 1 1 0 2 0
0 1 1 2 0 0 2 1 2 0 1 2 0 0 0 0 1 0 1 0 2 0
0 2 2 2 0 0 2 1 2 0 1 2 1 0 1 0 1 1 0 0 2 0
1 1 0 2 0 0 1 0 1 0 2 2 1 0 1 0 2 1 1 0 1 0
0 2 2 1 0 0 1 0 2 0 0 1 1 0 0 0 2 0 0 0 2 0
0 2 1 1 1 0 2 1 2 0 1 2 0 0 1 0 0 0 1 0 2 0
0 2 1 2 0 0 2 1 2 0 1 2 2 1 0 0 2 0 0 0 2 0
0 2 1 2 0 1 2 0 2 1 2 1 0 0 0 0 1 0 0 0 2 0
2 1 2 2 0 1 1 1 2 0 1 2 0 1 0 0 2 0 0 0 2 0
0 2 2 1 0 1 2 2 2 0 1 1 1 0 0 0 2 0 0 0 0 0
0 0 2 2 0 0 2 1 1 1 0 2 1 0 0 0 1 0 0 0 2 0
0 1 2 2 0 0 2 0 2 0 2 2 0 1 0 0 1 0 1 0 2 0
1 1 2 2 0 0 2 1 2 0 0 2 1 1 0 0 1 1 0 0 2 0
0 2 2 1 1 0 2 2 2 0 1 2 0 0 0 0 1 1 0 0 2 0
0 2 2 2 0 0 2 1 1 1 1 2 1 0 0 0 2 0 2 0 2 1
0 1 2 2 0 0 2 2 2 0 2 2 0 0 0 0 2 0 0 0 2 0
1 1 1 2 0 1 2 1 2 0 0 0 1 0 0 0 2 0 1 0 2 0
0 2 2 1 0 0 2 2 2 0 1 2 0 1 0 0 2 0 0 0 2 0
0 1 1 2 0 0 2 0 2 0 0 1 0 0 0 0 2 0 0 0 2 0
0 2 2 2 0 0 2 1 2 0 1 2 0 0 0 0 1 0 0 0 1 0
1 2 1 2 0 0 2 1 2 0 1 2 1 0 0 0 2 0 0 0 2 0
1 1 2 2 0 0 2 2 2 0 1 2 2 0 1 0 1 0 0 0 2 0
1 1 2 2 0 0 1 1 2 0 1 2 0 1 0 0 1 0 0 0 1 0
0 2 2 2 1 1 2 2 2 0 1 2 1 0 0 0 1 0 0 0 2 0
1 0 1 2 1 0 2 1 2 0 1 2 2 1 0 0 1 0 0 0 2 0
1 1 2 2 1 0 2 2 1 0 0 2 2 0 1 0 2 0 1 0 2 0
1 2 1 2 0 0 2 1 2 0 1 2 1 0 1 0 2 0 1 0 2 0
0 2 2 2 0 0 1 0 2 0 2 2 2 0 1 0 2 0 1 0 2 0
2 2 2 2 0 0 2 1 2 0 2 2 0 0 0 0 2 0 1 0 2 0
2 1 2 2 0 0 2 1 0 0 2 2 1 1 0 0 2 0 0 0 2 0
0 1 2 2 0 0 2 1 1 0 0 1 2 0 1 0 2 0 0 0 2 0
0 2 2 1 0 0 1 1 2 0 1 2 1 0 0 1 1 0 0 0 2 1
0 1 2 2 0 0 1 2 2 0 1 1 0 0 1 0 2 0 1 0 2 0
0 2 2 2 0 1 2 2 2 0 2 1 1 0 0 0 1 0 1 0 2 0
1 2 1 2 0 0 1 2 2 0 2 2 0 0 0 0 1 0 2 0 2 0
0 2 1 2 0 0 0 1 2 0 1 2 0 0 0 0 1 0 0 0 2 0
0 2 2 2 0 0 2 2 2 0 0 2 1 0 0 0 1 0 0 0 2 0
1 2 1 2 0 0 2 1 2 0 1 2 2 0 0 0 2 1 1 0 2 0
1 2 2 2 0 0 2 1 1 0 2 2 0 0 0 0 2 0 0 0 1 0
0 2 1 2 0 0 1 2 2 0 2 1 0 0 0 0 2 0 1 0 1 0
1 1 1 2 0 0 1 2 2 1 1 2 1 0 0 0 2 0 0 0 2 0
0 2 2 2 0 0 2 1 2 0 1 1 1 2 0 0 2 0 0 0 2 0
1 2 2 2 0 0 2 2 2 1 0 2 0 0 0 0 2 0 0 0 2 0
0 2 2 2 0 0 2 0 2 0 2 2 2 1 1 1 2 1 1 0 2 0
1 1 2 2 0 0 2 1 2 0 2 2 2 0 0 0 2 0 1 0 2 0
1 1 1 2 0 0 2 0 2 0 0 2 0 0 0 0 1 0 0 0 1 0
2 2 1 1 0 0 2 1 2 0 1 1 1 0 0 0 1 0 0 0 2 0
0 2 1 1 0 0 2 1 2 0 0 1 1 0 0 0 2 1 0 0 2 0
1 1 1 2 0 1 2 0 2 0 1 2 0 0 0 0 1 0 0 0 2 0
0 2 0 1 0 0 2 1 2 0 0 2 1 0 0 0 1 0 0 0 2 0
0 1 1 1 0 0 2 1 2 0 0 2 2 0 0 0 2 0 0 0 2 0
1 2 0 2 0 0 2 1 2 0 2 2 1 0 0 0 2 0 0 0 2 0
1 1 1 2 0 0 2 1 2 0 2 2 0 0 1 1 2 0 0 0 2 0
0 2 1 2 0 0 2 1 2 0 1 1 0 0 0 0 1 0 1 0 2 0
1 2 1 2 0 0 2 1 2 0 0 2 0 0 0 0 2 0 0 0 2 0
0 2 1 2 0 0 2 1 2 0 2 1 0 1 0 0 2 0 1 0 2 0
0 2 2 0 0 0 2 1 2 0 1 2 2 0 0 0 1 0 0 0 2 0
1 2 2 2 0 1 2 1 2 0 1 1 1 0 1 0 1 2 0 0 2 0
0 2 1 1 0 0 2 1 2 0 1 2 1 0 1 0 1 1 0 0 2 1
0 2 2 2 1 0 2 2 0 0 2 1 2 0 0 0 1 0 1 0 2 0
1 1 2 2 0 0 2 1 1 0 2 2 0 1 0 0 1 0 0 0 2 0
1 1 2 2 0 1 0 2 1 0 0 1 2 1 1 0 2 1 1 0 2 0
0 1 1 2 0 0 2 1 2 1 1 2 1 0 0 0 2 0 1 0 2 0
0 2 1 2 0 0 2 1 1 1 0 2 1 0 0 0 1 0 0 1 2 0
0 2 1 2 0 1 1 1 2 1 2 1 2 0 1 0 1 0 1 0 2 0
1 1 0 2 0 0 2 1 2 0 2 1 1 0 0 0 2 0 0 0 2 0
2 2 1 2 1 0 2 2 1 0 1 2 0 0 1 0 1 0 1 0 2 0
1 2 2 2 0 0 2 1 2 0 0 1 0 0 0 0 2 0 1 0 1 0
1 1 1 2 0 0 2 1 2 0 2 1 1 0 0 0 2 1 0 0 2 0
0 2 2 2 0 0 2 1 2 0 1 2 0 0 0 0 1 0 2 0 2 1
0 1 1 2 0 0 1 1 1 0 2 1 0 0 1 0 1 1 0 0 2 0
0 2 1 2 0 0 2 2 2 0 1 1 2 0 1 0 2 0 0 0 2 0
0 1 1 1 0 0 1 1 2 0 1 2 1 0 1 1 2 0 1 0 2 0
0 2 1 2 0 2 2 1 2 0 0 0 0 0 0 0 1 0 0 0 1 0
0 1 2 2 0 0 2 1 1 0 1 2 2 1 1 0 2 1 0 0 2 0
0 2 1 2 0 0 2 1 2 0 1 2 1 0 0 0 0 0 0 0 2 0
1 2 2 1 0 1 2 2 2 0 1 2 1 0 1 0 2 0 0 0 1 0
0 2 0 2 1 0 2 0 2 0 1 2 1 1 1 0 1 0 0 0 1 0
1 2 1 2 0 0 1 1 2 1 1 2 1 1 0 1 2 0 1 0 2 0
0 1 2 1 0 0 0 0 2 0 2 2 2 0 2 0 2 0 0 0 0 0
0 1 2 2 0 1 2 0 1 1 1 2 0 0 0 0 1 0 1 0 2 0
0 1 2 2 0 0 2 1 2 0 2 2 1 0 0 0 2 0 1 0 2 0
0 2 1 2 0 1 2 0 2 0 1 2 2 0 1 0 2 0 0 0 2 0
0 2 2 2 0 0 2 1 2 1 1 1 0 0 0 0 2 0 0 0 2 0
1 2 1 2 0 0 2 2 1 0 1 2 0 0 2 0 2 0 0 0 2 0
1 2 1 2 0 1 1 1 2 0 1 1 0 0 0 0 2 0 1 0 2 0
1 2 1 1 0 0 2 1 2 1 1 1 1 1 1 0 2 0 1 0 2 0
1 0 2 1 0 0 0 1 2 0 0 2 1 1 0 0 1 0 0 0 2 0
1 1 2 2 1 0 2 1 2 0 1 1 1 0 0 1 2 0 0 0 2 0
0 2 1 1 0 1 2 1 1 0 2 2 0 0 1 0 1 0 1 0 2 0
0 1 2 2 0 0 2 2 2 0 1 0 0 0 0 0 2 0 0 0 2 0
1 2 2 2 0 0 1 0 2 0 1 1 1 2 1 0 1 0 0 0 2 0
1 1 0 2 0 1 2 2 2 0 0 1 0 0 1 0 2 1 1 1 2 0
0 2 2 2 0 0 1 0 2 0 1 2 0 0 0 0 2 1 0 0 1 0
0 2 1 1 0 0 2 1 2 0 2 1 1 0 0 0 1 0 1 0 2 0
0 2 1 2 0 0 2 2 2 0 0 2 0 0 1 0 2 1 0 0 1 0
0 1 2 2 0 0 2 1 1 0 1 1 1 0 1 0 1 0 1 0 2 0
1 2 1 2 1 1 1 2 2 0 0 2 2 0 0 0 1 0 0 0 2 1
0 2 2 2 0 0 2 1 2 0 2 2 1 0 1 0 1 0 0 0 2 0
1 1 1 1 0 0 2 1 2 0 1 2 2 0 1 0 2 0 1 0 2 0
1 1 1 1 0 0 1 1 2 0 0 2 1 0 2 1 1 0 0 0 2 0
0 2 2 1 0 0 2 0 1 0 2 2 1 1 0 0 2 0 0 0 1 0
1 0 2 2 0 0 2 1 1 1 2 2 1 0 1 0 2 0 0 0 2 1
1 2 2 0 0 0 2 1 2 0 2 2 2 0 0 0 1 0 1 0 2 0
0 2 2 2 0 0 2 2 1 0 1 2 1 0 1 0 2 0 0 0 2 0
0 1 1 2 0 0 2 1 2 0 0 2 0 0 0 0 1 1 1 0 2 0
1 1 2 2 0 1 2 0 1 0 1 2 1 0 0 0 1 0 0 0 2 0
0 2 0 1 0 0 2 1 2 0 2 2 1 0 0 0 2 0 1 0 2 0
0 2 1 2 0 1 2 1 2 1 1 1 1 0 0 0 0 0 0 0 1 0
1 2 1 2 0 0 2 0 2 0 2 2 1 0 0 0 2 0 0 0 2 0
0 2 2 2 1 0 2 1 2 0 2 1 0 0 0 0 0 0 0 0 2 0
0 2 1 2 0 1 2 1 1 1 2 2 2 0 0 0 2 0 0 1 2 0
0 2 1 1 0 0 2 0 2 0 0 2 1 0 0 0 1 1 0 0 1 0
0 2 2 0 0 0 2 1 2 0 2 1 0 0 1 0 2 0 0 0 2 0
1 2 2 2 0 1 2 1 1 0 1 1 0 0 0 0 2 1 1 0 2 0
1 2 0 2 0 0 2 1 2 0 2 2 0 0 1 0 2 0 0 0 1 0
1 2 1 2 0 0 2 2 1 1 0 2 1 0 0 0 2 0 1 0 2 0
0 1 2 2 0 1 2 1 2 1 1 2 0 0 1 0 0 0 0 1 2 0
1 2 1 2 0 0 2 1 2 0 0 2 0 0 0 0 2 0 0 0 2 0
0 2 1 2 0 0 2 2 2 0 2 2 1 0 1 1 1 1 0 0 2 0
1 2 0 1 0 1 2 1 2 0 2 1 0 0 1 0 2 1 0 0 2 0
1 2 2 2 0 0 2 2 2 0 2 2 1 0 1 0 2 0 1 2 2 0
0 0 1 1 0 2 2 1 2 0 1 2 0 1 0 0 2 0 0 0 1 0
1 0 0 1 1 1 2 0 2 0 0 2 2 0 0 0 1 2 0 0 2 0
0 1 1 1 0 0 1 1 1 0 0 2 1 0 0 0 2 0 0 0 2 0
0 2 1 2 0 0 1 2 2 0 1 2 1 0 0 0 2 1 0 0 2 0
1 2 1 2 0 0 2 2 2 0 2 2 1 0 0 0 2 1 0 0 1 0
0 2 1 2 0 0 2 1 2 1 1 1 0 0 0 0 2 1 1 0 2 0
0 1 1 1 1 0 2 2 1 0 1 2 1 0 0 0 1 0 1 0 2 0
1 2 2 2 1 0 2 1 2 0 2 2 1 0 2 0 2 0 1 0 2 0
0 2 1 2 0 0 2 1 1 0 1 2 0 0 1 0 1 0 0 0 2 0
0 1 1 1 0 0 2 2 2 0 1 1 1 0 0 0 1 0 0 0 1 0
1 1 0 2 0 0 1 1 2 0 2 2 1 1 0 0 1 0 1 0 2 0
1 2 2 2 0 0 2 2 2 0 1 2 1 0 0 0 1 1 0 0 1 0
0 2 1 2 0 1 1 0 1 0 2 2 1 1 0 0 1 0 0 0 2 0
1 2 1 2 0 1 2 1 2 1 2 2 1 0 0 1 2 0 0 0 2 0
0 0 2 2 0 0 1 0 1 0 1 0 0 0 0 0 1 0 1 0 2 0
1 2 1 1 0 1 2 1 2 0 2 2 1 0 0 0 1 0 0 0 1 0
0 1 2 1 0 0 2 2 2 1 2 2 0 0 1 0 2 0 1 0 2 0
0 0 1 2 0 1 2 0 2 0 1 2 1 0 0 0 1 0 0 0 2 0
1 2 2 2 0 0 2 2 2 0 2 2 1 0 2 0 1 0 0 0 2 0
0 2 0 2 0 1 2 1 2 0 2 0 0 0 0 0 1 0 0 0 1 1
0 2 2 2 0 1 2 1 2 0 1 1 1 0 0 0 0 0 0 0 2 0
1 2 1 1 0 0 2 2 2 0 2 2 1 0 0 0 0 0 0 0 2 0
0 1 2 2 0 1 1 1 2 0 2 2 1 1 0 0 1 0 0 0 2 1
1 2 2 1 1 0 2 2 2 1 1 2 1 0 0 0 2 0 0 0 2 0
2 2 1 2 0 0 1 2 2 0 2 1 1 0 0 0 2 1 0 0 1 0
0 2 1 2 0 1 1 1 1 0 1 2 2 0 0 0 2 0 1 0 2 0
0 2 2 2 0 0 2 2 2 1 0 1 2 0 1 0 1 0 1 0 1 0
1 2 1 1 0 0 2 2 1 1 2 1 1 0 1 0 1 0 1 0 2 0
1 1 1 2 0 0 2 0 2 0 1 1 1 0 1 0 1 0 0 1 2 0
0 2 2 2 0 0 2 1 1 0 2 2 1 1 0 0 2 1 0 1 2 0
0 2 2 1 0 0 1 0 2 0 0 2 0 0 0 0 2 0 0 0 1 0
0 2 1 2 0 0 2 0 2 0 1 1 2 0 0 0 2 0 1 0 2 0
0 1 2 2 1 0 1 0 2 1 1 1 0 0 0 0 2 0 0 0 2 0
0 2 1 2 0 0 2 1 2 0 2 2 2 0 1 0 1 0 0 0 2 0
1 1 1 2 0 1 2 1 2 0 1 1 1 0 1 0 1 0 1 0 2 0
1 2 1 2 0 0 2 1 1 0 0 2 1 0 0 0 2 0 0 0 2 0
0 2 1 2 0 0 2 2 2 0 1 2 1 0 0 0 2 0 0 0 2 0
2 2 2 2 1 0 2 2 1 0 0 2 1 0 0 0 1 0 1 0 2 0
1 1 2 2 0 0 2 1 2 0 0 2 0 0 0 0 0 0 1 0 2 0
0 1 2 2 0 0 2 1 1 0 1 2 1 0 0 0 2 0 0 0 2 0
0 1 1 2 0 0 1 1 2 0 1 2 1 0 0 0 2 0 1 1 2 0
0 2 0 2 0 0 2 2 2 0 2 1 0 2 0 0 1 0 0 0 2 0
0 2 1 2 0 0 1 2 2 1 2 1 1 0 1 0 2 0 1 1 2 0
1 1 2 2 0 0 2 1 2 0 2 1 0 0 0 0 1 0 0 0 2 0
0 1 0 1 0 1 1 1 1 0 1 2 1 0 0 1 1 0 0 0 2 0
0 2 1 2 0 0 2 1 2 0 1 2 1 1 0 0 2 1 0 0 1 0
0 2 0 2 1 0 2 2 1 0 0 2 0 0 0 0 2 1 0 0 2 1
0 2 2 2 0 1 1 1 2 0 2 2 0 0 0 0 2 0 2 0 2 1
2 2 1 2 0 0 2 2 2 0 2 1 2 0 1 0 1 0 1 0 2 0
1 2 1 2 0 0 2 1 2 0 2 2 2 0 0 0 1 0 1 0 2 0
1 1 1 2 1 0 1 0 2 0 2 2 0 0 0 0 0 2 1 0 2 0
0 1 1 1 0 0 1 1 1 1 1 2 1 0 0 0 1 0 0 0 1 0
0 2 1 1 0 0 2 1 2 0 0 1 1 0 1 0 0 0 0 0 2 0
1 1 2 2 0 1 2 0 2 0 1 2 2 0 1 0 1 0 0 0 2 0
0 2 2 2 0 0 2 1 2 0 0 2 1 0 0 0 2 0 1 0 2 0
1 1 1 2 0 0 2 1 2 1 1 2 1 1 0 0 1 0 1 0 2 0
1 2 2 2 0 0 2 1 2 0 1 2 1 0 0 0 2 0 0 1 2 0
0 2 1 2 1 0 2 2 2 0 1 1 0 0 0 0 2 1 1 0 2 0
0 1 1 2 0 0 2 1 2 0 2 2 0 0 1 0 2 0 0 0 2 1
1 1 2 1 0 1 2 0 2 0 2 2 1 0 0 0 2 0 0 0 2 0
0 1 0 2 1 0 1 1 0 0 1 2 0 0 0 0 1 0 0 0 2 0
0 1 0 2 0 1 2 2 2 0 0 1 1 0 0 1 2 1 1 0 2 0
0 2 1 2 0 1 2 0 2 0 1 2 1 0 0 0 1 0 1 0 2 0
1 1 1 2 0 0 2 2 2 0 2 2 1 0 1 0 2 0 0 0 2 1
1 1 2 0 0 0 2 1 2 0 1 2 0 0 0 0 2 1 0 0 2 0
0 1 1 2 0 0 2 2 2 0 1 2 0 0 0 0 2 0 0 0 2 0
1 2 1 2 0 0 2 1 2 0 1 2 0 0 0 0 2 1 1 0 2 0
0 1 1 2 0 0 2 0 2 1 2 1 2 0 0 0 1 0 0 0 2 0
0 2 2 2 0 0 2 2 1 0 1 2 1 0 1 0 2 0 2 0 2 0
1 1 1 2 0 0 2 1 2 0 0 2 1 0 0 0 1 0 0 0 2 0
0 2 1 2 1 0 2 0 2 0 1 1 1 0 0 0 2 0 1 0 2 1
0 2 1 1 0 1 2 1 2 0 1 2 0 0 1 0 1 0 0 0 2 0
0 2 1 2 0 1 2 1 2 1 1 2 1 0 1 0 2 0 0 0 2 0
0 2 1 2 0 0 2 0 1 1 2 2 2 0 0 0 2 0 1 0 1 0
1 2 2 2 0 1 2 2 2 0 0 2 1 0 1 0 2 0 0 0 2 0
0 1 0 2 0 0 2 1 2 0 1 2 1 0 0 0 2 1 0 0 2 0
1 2 1 2 0 1 1 0 2 0 0 2 0 0 0 0 1 1 0 0 2 0
2 2 1 2 0 0 1 1 2 0 2 0 2 0 1 0 2 0 0 0 2 0
1 2 0 2 0 0 2 2 2 0 2 2 2 0 0 0 2 1 0 0 2 0
0 2 1 2 0 1 2 0 2 0 2 2 0 0 0 0 2 0 0 0 2 0
1 1 2 0 0 1 1 2 2 0 2 2 0 0 0 0 2 0 0 0 2 0
0 2 1 1 1 0 2 1 2 0 1 2 0 0 1 0 1 0 0 0 2 0
0 1 0 2 0 0 2 2 2 0 2 2 1 0 1 0 1 0 1 1 2 0
0 2 2 2 0 0 2 1 2 1 1 2 0 0 1 0 2 0 0 0 2 1
0 2 2 2 0 0 2 0 1 0 2 2 1 0 1 0 1 0 0 1 2 0
0 2 2 2 0 0 1 0 1 0 0 2 1 0 0 0 1 1 1 0 2 0
1 1 1 2 0 0 2 1 2 0 1 1 0 1 0 0 2 0 1 0 2 0
0 1 1 0 0 0 2 2 2 0 2 2 1 0 0 0 2 0 1 0 2 0
0 2 2 1 0 0 2 1 0 0 2 2 1 0 2 0 1 1 0 0 2 0
1 2 1 2 0 0 2 0 2 0 1 2 0 0 0 0 2 0 0 1 2 0
0 1 1 1 0 1 1 2 2 0 0 1 2 0 0 0 2 0 2 0 2 0
1 2 2 2 0 0 2 1 2 0 0 1 0 1 0 0 1 0 0 0 2 0
0 1 0 1 1 0 2 0 2 0 0 2 0 0 0 1 1 0 0 0 2 0
0 1 1 2 0 2 2 2 1 0 2 2 2 1 0 0 0 1 1 0 2 0
1 2 2 2 0 0 2 2 2 0 2 2 0 0 0 0 2 0 0 0 2 0
1 0 2 1 0 0 1 2 2 0 2 1 0 0 0 0 1 1 0 0 2 0
0 1 2 1 0 0 2 2 2 0 0 2 0 0 0 0 1 0 1 0 2 0
1 1 0 2 0 1 2 0 2 0 1 2 1 0 1 0 2 0 0 0 2 0
1 2 2 2 0 0 2 0 2 0 1 2 1 1 0 0 1 0 1 0 1 0
1 1 1 1 0 2 2 0 2 0 2 2 2 0 0 0 2 1 0 0 2 0
0 2 1 1 0 0 1 2 1 0 2 2 0 0 2 0 2 0 0 0 2 0
0 2 1 2 0 1 1 2 2 0 2 2 1 1 0 0 2 0 1 0 2 0
0 2 2 1 0 0 2 1 1 0 1 2 1 0 0 0 2 0 1 0 2 0
0 2 1 2 0 0 2 1 2 0 1 1 0 0 0 0 2 0 1 0 2 0
2 1 1 1 0 1 1 1 1 0 1 2 0 0 0 0 0 0 1 0 2 0
1 2 2 1 0 1 2 0 2 0 0 1 2 0 1 0 1 1 0 0 2 0
0 2 1 2 0 0 2 1 2 0 2 2 1 0 0 0 1 1 0 0 2 0
1 2 1 2 0 1 2 2 2 0 0 2 0 0 1 0 1 0 0 0 2 0
1 2 1 2 1 0 2 0 2 0 1 1 1 0 0 0 1 0 0 0 2 0
1 2 2 2 0 0 2 2 2 0 1 2 0 0 1 0 1 0 0 0 2 0
0 2 2 2 1 0 2 1 2 0 1 2 1 0 0 0 1 0 0 0 2 0
1 2 1 2 0 0 2 1 1 0 1 2 1 0 0 0 2 1 1 0 2 0
1 2 1 2 0 0 1 2 2 0 0 1 0 0 0 0 1 0 0 0 2 0
0 1 1 2 0 0 2 2 2 1 0 2 1 0 0 0 1 0 0 0 2 0
1 2 2 2 0 1 2 2 2 0 2 1 1 0 0 1 2 0 1 0 2 0
0 2 1 2 0 0 2 1 1 0 1 2 0 0 0 0 1 0 2 0 2 0
1 2 1 2 0 1 1 2 2 0 1 2 0 0 1 0 2 1 1 0 2 0
1 1 2 2 0 0 2 2 2 0 2 2 1 0 0 0 2 1 1 0 2 0
1 1 0 2 0 0 2 1 2 0 1 1 1 0 0 0 2 0 1 1 2 0
0 1 2 2 0 0 2 0 2 0 2 1 1 0 0 0 2 0 2 0 2 0
0 1 0 2 0 0 2 0 2 0 2 1 1 0 0 0 2 0 1 0 2 0
0 1 2 2 0 0 2 1 2 1 1 1 1 0 1 0 2 0 2 0 2 0
0 2 2 2 0 0 2 0 1 0 2 2 1 0 0 0 2 0 0 0 2 0
0 2 2 1 0 0 2 1 2 1 0 2 0 1 0 0 2 1 0 1 2 0
1 2 2 2 0 0 2 1 2 0 0 2 1 0 1 0 1 0 0 0 2 0
0 1 1 2 0 0 1 1 2 0 1 1 1 0 0 0 2 0 0 1 2 0
0 2 1 2 0 0 2 1 2 1 1 2 0 0 0 0 1 0 1 0 2 0
1 2 2 2 0 0 2 0 2 0 2 2 0 0 0 0 1 0 0 0 2 0
0 0 2 2 0 1 2 2 2 0 1 2 0 0 0 0 2 0 0 0 2 0
0 2 2 2 0 0 2 1 2 0 1 2 1 0 0 0 2 0 1 2 2 0
0 2 2 2 0 0 2 0 2 1 1 1 0 0 1 0 1 0 1 0 2 0
0 2 2 2 0 0 2 1 2 0 1 2 1 0 0 0 1 0 0 0 0 0
0 2 2 2 0 0 2 1 2 0 2 2 1 1 1 1 2 0 0 0 2 0
1 2 1 2 0 0 2 1 2 0 1 0 1 1 0 0 1 0 1 0 2 0
1 2 1 2 0 0 2 2 2 1 2 1 1 0 0 0 2 0 1 0 2 0
1 2 2 2 1 0 2 1 1 0 1 2 1 0 0 0 1 1 1 0 2 0
1 2 2 1 2 0 1 0 2 0 2 2 1 0 0 0 2 0 1 0 2 0
0 2 2 2 0 0 2 2 1 0 1 1 1 0 0 0 2 0 0 0 2 0
0 2 2 2 0 0 2 0 2 0 1 2 0 0 1 0 2 1 0 0 2 0
0 2 2 2 0 1 2 0 2 0 1 2 1 1 0 0 1 0 0 0 1 0
0 2 2 2 0 0 2 0 1 0 0 2 1 1 0 0 1 0 2 0 2 0
1 2 2 1 0 0 2 1 2 0 0 2 0 0 1 0 2 0 1 0 2 0
1 2 2 2 0 1 2 1 2 0 1 2 0 0 1 0 1 0 0 0 1 0
0 2 1 1 0 0 1 2 2 0 0 2 2 0 0 0 2 0 0 0 1 0
2 1 2 2 1 0 2 0 2 0 1 2 1 0 0 0 2 1 0 0 2 0
0 2 1 1 0 1 2 1 1 1 2 1 1 0 0 0 1 0 0 0 2 0
0 2 1 2 0 0 2 1 2 0 2 2 0 0 1 0 1 0 0 0 2 0
1 2 2 1 0 0 2 1 2 0 2 2 0 0 0 0 2 0 1 0 2 0
0 1 2 2 0 0 2 2 2 0 1 2 0 0 0 0 2 0 1 0 1 0
0 2 1 1 0 0 2 0 2 0 0 2 1 1 0 0 1 0 0 0 2 0
0 2 1 2 0 0 2 1 2 0 0 2 1 0 0 0 2 0 0 0 2 0
0 1 2 2 0 0 1 1 2 0 1 1 0 0 0 0 2 0 0 0 2 0
0 1 1 1 0 0 2 2 2 0 1 2 1 0 0 0 0 1 1 0 2 0
1 2 2 2 0 0 2 1 2 0 2 2 1 0 0 0 1 0 0 0 2 0
1 1 1 1 0 0 1 2 2 0 1 2 0 1 0 0 1 0 0 0 2 0
0 2 1 2 0 0 2 1 2 1 2 2 1 0 0 0 1 0 0 0 2 0
1 1 2 2 0 0 2 1 2 0 1 1 1 0 0 0 2 1 0 0 2 0
0 2 1 2 0 1 2 1 1 0 0 1 0 0 1 0 2 0 0 0 2 0
2 1 2 1 0 0 1 1 2 0 1 1 0 0 0 0 0 0 0 0 2 0
0 2 1 2 0 0 2 1 1 0 2 2 1 0 0 0 2 0 0 0 2 0
0 1 1 2 0 1 2 1 2 0 1 2 2 0 1 0 2 0 1 0 2 0
1 2 1 1 0 1 2 1 2 0 1 2 0 1 0 0 2 1 0 0 2 0
1 1 1 2 0 0 1 1 2 0 1 2 0 1 0 0 2 0 0 0 2 0
0 2 1 2 0 0 2 2 2 0 2 2 1 0 0 0 2 0 1 0 2 0
1 2 1 2 1 1 2 0 1 0 2 2 0 0 1 0 2 0 1 0 2 0
0 2 2 2 0 0 2 1 2 0 0 2 1 0 2 0 1 0 1 0 2 0
0 1 2 2 0 0 2 1 2 0 2 2 1 0 1 0 1 2 0 0 2 0
